100 100
4921703431981988421859355683268494898806776220931410352328058530531096214192878593907515083928841242
7036021472802703373233080586678007740800535867760788914101581958699574888852478699231585537180401945
4110170437002477310930647286873865138733561007221116311112275468098048428260218399377946335612421978
6322877144104492790628750537773352236763960517372151778611400807232059217177321695173723684907220999
8265324312222801767123733031931315135761237780507818695866883289312456269155307337065352107150679656
3310099616305294812525475294418377026391994094619549800205839645133428226025931811140293245798942953
7533901444588972574421673064219990035865901069330401994484386826603203629325020349870615904393985780
6851004893746835624278944893110798051354679344142566091569836651004722322933351180386344607284770877
4831858362916154474791636139457324562250333514029793237014477254444259873016218539514466675182446257
0777654102889113143622173203342906557846135557640873540063257559133434829560678421400614748471892521
9616993450844715896817422185158855849828783752701034789749946084348035069101257812940592478094267461
3822073547627248969450869514918115927368033686950053508154889904379374653306690372384839911416158948
9631794255962871520400249476272866674357092919742432898948294246870754396997304586962521891235239652
5582391003763717387861303939244918662684080875285780772548258700509930282702916271893760414416480043
3777204695150410052664799969029730489164610740295735007555440170367477271541932392589681501488409696
0263567839476627219991340229119680213683442842123190130194258336934277037612225274868558758912460496
4947399742229267123810177572563870570760268820753532079872327999241664765195503741440344413039820783
3096390129100286384166201039811013566916910945545756394981725919039834386832679177619047450796823978
6756483571172596845036550778658211187274760331047605515715435742483277610333513904257362933888024115
3508343862229357328215011416606717917094965390527391945745208937743568410311240486417953655271935330
3001259671428238930176724759964930269571600472606530618721681617373358415259972060863843574925632878
3411923333929802785940679925479530884410458245242237030779162295801335054537670449523226438117373574
8481312251005275136745739747972700689795649733384565356043177804174842270217103799599497731231195639
6557824897136011561923745798850268450770860141158538669242858496899105129251513507893478753829115782
3840811618987978612791885718346942356169202608109471719070179632591749788534030065614087546687000910
3417135883651544382369897706369682519942337281220972168853679199822056154845501169494971017537977605
4779646060731439070905416727835393456309178433103906897543634833631917800305687093902595421494729033
3577435575252952914247661977943769914001524310213684740795701413139720763197710424117235347734174788
8062511930584972199723771146308322486163011804195126997937916958442483677985379087615849818707615653
5933682725481826991880729483206146002482898966032021404239791648944106838580718078962591840920349901
4004608975129025817871849337025089617114409657632895308500116131658540597806258564467267506932539682
0573768064543906419952563096333624435850175449970258275412301156081206456334111594482029592424821018
9667303032533462143397991084826095127510311197851650326839319278972443974788610562432269336964409520
0587824275475109200220440405731710914761895466316665599363940479155077321524241098133664335264774532
8115671607472243204157435359822166579701466414855129001098725722456058196258130619143166252578135349
8644486760631973680411154311141961758019759713454830223522722396317680727963845962509529255283250891
0409466056330039039083154527583053164100316107503747810670075353702714989097244538901345452958761041
6505949586843433733050148211157508955235375434493827988153869385706247431566179936394017358550440300
0044414534408841194077705282640082851242700498943770889044168720279464759478318647962818505703753341
5290682816028631890211766499417367948791436107040368228813631419493990977869929903334490099717143635
8054820682325924841207795228132072289880423215507620502449157478655847452440947102075839293802764104
0819220574065291852181779275239338315648813389230501531487470455059685272085921027485688102507497057
9736346565784833155983435934999102251639556244663357035665048221059381242361975364888903596647653129
6010687055655738791078625386649372091502952116483027094641573396033845160421586827683540534928900495
6641941518863077770272201539584206902480787479338905270460653293676005667553324457857363399696403254
5619405672350091200697949146690893825414723771947472534500768378369640728652341114167509233464296608
3001782134686224780230837981107011842019653532527297213920155819430205137870845073132704940536696193
7145806260762139978117365689747149693973703823983176542621624776577275680575497670390664662714004474
1488926908576941194796633019162270033981060627235257053466164209048647399441192906363091108118673745
8911081709263852668206815395211385551833945097916059947497779752210954539150436990683697624356529744
1261749477469147735743594062717711331649027876211256074048357585223662287953599830998150845023603888
1759773660929299501169568933234326656490278557280014567996192917463173658928188440220193333471315397
2260338448271687649082608428272245106315554001633815197542350213187835198416380268085547883523753845
7105173071523270818484373966145648527886722412845210629625229013221122247801648465726007511311540384
0943044031668963504624758325715098791471242353682803757353196428559987485985264688010385488298382376
5285509571794000483416506036607306631500225107257433870807919638048179823949609152943812624234795698
1659868058632875330453980236378940781444926748103091271419072600151070034525009287177988730220744003
4032694268817708572430093445645816021079350307181015781006555648454967094284115616818493572721251057
2417339981633591534563379130686014422269159029105678254840599660765775448125867505226229514585455835
8643486834139117228503700644443044520412741690398204557395787652089647755990015662263787995477688786
4848719206840778081591854057657753641940633126129053513815802676536737333946446232385595827662498684
2034955399858147928422035329456840456177859230014587427761557250480837210949587821653458312656201676
7152845183330687560500453327057303570932712333889014523945516548779294883649810532842223936564493579
7165518868557826119996545344379963311880310404602732047636372227136917676619370511350610505071908215
4549757033811046014063491874006966763844036137145797756630105706292941333192238337383828548641186264
9843537249350414721324568222253697149681419648516010373877120269627866855142909807146724331782551890
9599180472078805507205724884249167428600956805057775610295954827789863090524230485278638098030178276
2198648571207363101324238454401921714580069152543410273734527588506761253059944012379847245251608187
3475419880599242421396058894308390831319854412409273278582762067495965323202580409759130985814150053
0442545224532388508027305441154008697243521297360328408944289137229969111186493756764760585411719387
7985446005724925745889438400842765835179764230518612007397227045502184875903704381516517379307522160
7958672736921861842673168351241272878711977823083260669187662980013550441587899146186435502063305480
8560385833655534066770781506213511041240489497352265703870263479305248984934731208682659541335556237
5530643757397728663958176684822803343227643413690065389323396882573893228164900423229950509845304387
2345345050463406739967652065797620503229725142123824154996410334713201113778507735305345299615160369
2891981971715599977330488238253180651637439729345715431433963782927501596185211712370594192526386298
7146387794279166201996976941921961000248421613551751835177763633675442411823745920006586455954962349
7654717140287560665381548145250081468673270268502581937381329016700822704626744213083341119866709373
3945886343561446964267722973901979373795504079985805180006528737520577836200614583099521492727092518
6229944687601245128144738931923557560147563232914589157144765625350588462723769602543663434701177481
0712815435608882479452691166495760791072282465091253268992454828341841352085894917043263486032486200
1195082685323562230922991321790159070401704535974611012384902646197751647564411731956734142995815910
3738926020298663033924971944145037480110309610140378676513589781370470764111436671757964866994098421
9304225161483059914119612962096108255143962476356343286544682467830791208073089081590651686902047316
4832123842507438726250499046804388026026110371682699598666588088968718638680990448394178345405480490
3592926378297457697357791358210207944566084237790312990462751504386890944244520159350820109053551446
4347585073601499048764915884857315427681609183194650167533062737993449399774149170937372171604676519
8915257988623204887337895083916564944691225425228072387139629972163909254971988228740518857314920482
2126078974847150600090935461504708766165671387917592524250749703820327933079534567589102497933733203
8385163682022203044341851017950087117914746341978507294675636402995278086265372300808699839153190399
4868595063056731425315152848852819658892048778776259451567524884146821621230329254675665413904601306
2493787184455900533710067343507554609446885014673629715767439922216921595158471274507665194969863212
7686138331096322040646574842549588423692525438977770532242431378876496562589892631154056037027933547
4791210863146355951127128429408012905976958439640972859274985320106083790458044787291371700007508565
7193946345723057658983366558491334488992711128015077148212076587559429674779619049522958405980555705
8588760551872251162905395265413855894697831418558691544491596278371011781655945343506148124308153586
3705445097807207645725897445131149990066161546991939051870102560416310681992174731338781463815131820
4309048918727803255425953322885260916660219506953706324020081356700778275463460300990093632949430396
3183069658453440207547960832664299712215952026404981951835225494443629967445016730586917502935913629
7737591495437489789549889049675341262140565073726724361033438666833546255439703617886227445983905861
