100 100
6363777513729724198601916071008454317052429201781431763959435847182685638928724122248466592700310567
5280901285989006749833483745351057630883194829787133022720255477821213019244769029460054458256885465
0962790355590649191724630678509158417205084971362861196662308102866804988475397112224204298248891528
0969761115636264669564926188543290644562436394051489210546683225442881098970887363874747377143627917
0783962723259260848416155432497116920357426633052678414814755322757425663049002024222672029417501225
5531015372211449805066390318474751448472413590655717350327823382743448440802380610511476920144146165
8700396936607731415859838953995197017733023101275942072310110131111832593448959261605481313584835426
5978369126131309990521904122720656221661655177896570301409979566503172487587699320182315744529179089
7757830850036694543389793179428069548843560925213218597581002065778565330677030315839807870232931280
5196682856534095424232905536644673388593969909330136254878133617975891126403470074132744292752722764
9381479094839189976593821303487014775305061638570492819316201024094537408745809959864102144572411765
8074606089270519527747294180076055869334137380878952738591969378472870331950412613278401797351312405
8159567251083167054617871400736392103143658151994830240471321498659954817886932944042193419574285664
4046930763957647524734402828979766683178113056216652603613302164068914484189072125485087092986307780
6917900313262671811148121631643499328748163642434603245484251724354987909677730380445265191239448993
7550891164611289795105827147210680440725076550397026334011084831027793736380738399485928455919798367
8805915393413181440279799863098898074413882233591742178969276306624042334860544755305914542293588433
3016838774731710331297420932682855534005915635976740723412232975396046710412878261714329191521473838
1648368481339077194390194248387843465616704583128535801531507535503399574917237712290707150294929285
4743508593573869499866321115784192996020337682684963792037201198600862097188837220302108759218864560
4712355372913203839003797744096562035257689061854138900692144903465798672304281395473250857188159176
3106869969708958732552658149224347260598824534500890387060721626088077301744431584374041300834468085
0278239358259312098305929117265122307555170695529506625546968271329877723652901172695963848906498888
3925185284449642483629507769151380410871433421789413399865362369065614269276037159062395845549259694
0691200872017251161347226067398185013906571754171792659407969267648901538086717805299830005853710178
9001680056587244439135642415452057121548923902675523164945816543050127578355036489327228408073271527
1320693307304211431459034624678953501755539857473876026069261567645137253382346963955336473084893626
7418122203995000993491136315894759479644175261987560384161649854692403679225572639100733900231521997
6533593607264143963348710615686092653136754688729377120718547833422495430761756387041707001492702660
9547896410578767120739286599190655449276754163458031232961628244213399394965082887243187614625601203
2738101167488409082070696395078093863387339638718887437842852127034192844800436944835873732724788621
6916426375350000685881149018933975324774605364306000383777154466271938687878184041835213702904929016
8979275835363018447879936687659394912415926856058585124977297124172657246152230921175750650898417623
3322360511854890331359792079355419588378708541864653731272545413568104467584146231077305263791986282
5207361824844313929114009487297934137985356534666948163493990109791268804070875037478064662652445968
3802392496275965622307124675654738629032045413750744137812093478862208503559489030388286942323962636
5616529492993113558143465496575566005564003111535388422900715662247907028373696742832668595146677723
2228583724514185967023534872936675525603785543916688755652898200694429192117219784850072373664593147
0323384287332395660197784291785872439007502800642994244167874356042674527097799633912208557391569941
9834193345137664046393131917219242570140623479048918864584925696841106415739777594726127807577493988
3668213924514263894173746248191562361309507394838913152393419238395353090952899397232634124261195648
8280965759211716111851771571525464230849111305058122239460677474546216105272274190579563067374070249
3038392814157336725306936926966490752916547708685351325509679039547528307113028926885552974983186027
2718422171172356079337763613060643371886407833386652080386564669766605141449231516331438786698341035
8031969308676767170144475665317502192888287095913021510764287526540945402181377985248090168563472239
3527235936933112653261582581937971854658934019320054230747870601136646671183023200586083269430053704
4233677401659580772233862739017311068457283686459388377641210853645268677812831291427713022451711472
8666000974935470628557260708334372557977847922627986377799894794351313085787600205275604353469069792
4101467406928263975192617148589228467530358111273040267949624675360248037207759124929116393551725856
5835031940891836732516624062608080883230387942700454213255471493311078356865201706068956133081445566
7764833270574619765531421424715011281780711853453435982595032900859911994576806362833346158632984324
6829179216485737318832894972394555117972930085390486006316169267060712120070635361592942704290084709
4759052447743427249569305157294571948309887020435240236124098735719503970824456958281826192266919424
8580519994962398235567156436624178527036762571095239086978573486991204677472640050628456312771682347
1621077924568440923008263454117325218361928325518221315146905423484575332677640978891461314555766804
6030525653710043193439720805640145293855972256230430331195317060458422752628348840227018017492358409
9338917880184131457699424541456515135975098394194793280333359116651713099497821993382310358895903450
7340352498610081931886340327371474117046981502555567451921705650225932759020651360643678715978817472
6323212492959629634645721956616601520001334085552649426677759498390835872510353430884317184069686934
4324772224288291430309463950251747669097812785244388135510372389399454659950365373947836161235424626
5254866909971857893472980671122524761392535808343218887934304879860692686713548812842227747257009929
8772606796807050776281007177004439050105053763540487476098208374930757442364645789815749645955054635
4826042149422830712653387313555506596248490794960913540060224051317699058109437119326220725969110502
0614899835644421460839733517880542259455311685914050078620487803957901984134057865786875826115115481
9238358426432595832242991094227346507945129813706020658271088909915355110254605257434493047710243464
3607324538980333065525218691112219344503600802107143237466605865990153614288706271173391853477640453
4112522669749494232091866488117073549548156384858247846850058116889392301719500841087101897357342603
6551020744972962353934696912163697090642503628355213035515472481241790813205580983473457226524527466
7956116594620002025362027442354938105054066652721668531210776262959048113584514012084670829094409323
8030622200105247202889688331856325636211218098180835154818222303693491810604679630760780999533108425
5632268743559648871100766268787894975832210285606679089856585402387178724589195349467047497563161174
5584347144664845029481753461658627578502054887515201163288421851802543570265228756475408900025186748
9396716641063790443910498341452796879650657416656049707390073140182863613246794356603850956235184000
5879579455388055044165406902737350677831089652412796370063907360500919978781997270385192467319360029
8638972410895496260996795749719527460690152767947445441504287427791267334403235379033213627909061851
6789884361645010916451138071657661342251632564324201470302546822463353164702754440882730708245841410
1254036328372939751451852930178020198908102755753384001404124773625262747775940690897846798327586661
4638202389750967820257345090615344831292721682167220839414301277389523555755539475505024218403218636
3640986465067906048393247553785638112570030464794556719051228857692599353968070567011398895820715457
0642680896059617107874573899762723225200064605215576564428450249691523966118146302219702472265639531
5254596941033704963374079995799100352135604734006656269095629271874974327046991476220044626580248858
9087724952924326934754094597416425622689027391099796074413480588118162463862854487483705787872555489
8298143239085738314809945946539714354502626472390728783605155247623649637509836889217662586505792116
7078405850389407024435603896672076670443160875725402916935785111223765203111477303674892098182520878
2930724200931329993051619167543721538280961865508925324760063961358880501718412866238048126888306673
2389064400632834051277364782828241594014034719048778121962288609328904590867187239113984173988352299
5335416128346667077671123180378075882552495562208010899819649085293250216929446043638361631956976275
8760185110506639804566616233757147621493683892886985933232254289615041082706689676627400114783609036
1479095697963677556582231747936769336586552911984146460341458837209158131474688013259548637744120752
5494880993680231401683268187772960225822757729757136721655474061181904971897676071319665208587101065
9938882152894541713511638777779577506883114647086649896571777750905939170586315280713185963451169498
8159104982372360207036290731320774848828061665096052482866036413677942770004299170802363318029179662
2502080094831092043958931900584634150435296138713916172016824596616622914167095999806533742687636738
4640834653209707641658735023666359224437033284928526373684775233816881867622952012762729800052658273
4144523956070720393437080926955151220224387175928250072394027486160091536433770668034655245594613594
0041751124480229980093009228330644071733966026403288389042331165830657727302187706310046996146518189
5546797213223439194106696533378234459407315121635500451214134194667149612321473640018402135239420242
4159036890087347215165988100303348979904237668058587347897693774985097817838049987754002780406504204
4191089613547247221034267131807300003117472354040322115887876058559610580309221508802063201360480843
7861184384213091820986248716588162039294238459743426853926438079511902001012623809587311378417048629
