111 999999
9007 9006
9005 9004
9026 9025
9009 9009
9024 9025
9003 9004
9000 9001
9016 9016
9000 9000
9001 9001
9011 9010
9017 9016
9025 9024
9025 9025
9001 9002
9021 9022
9005 9005
9011 9011
8993 8992
8992 8992
9011 9012
9022 9023
9012 9012
8990 8991
8998 8997
9010 9009
9012 9011
9014 9013
8997 8996
9002 9002
8995 8995
9017 9017
9024 9024
9013 9014
9004 9005
8996 8995
9008 9008
9021 9020
9027 9027
9015 9016
9028 9027
9008 9009
9002 9003
8994 8994
8998 8998
9023 9023
9015 9015
9022 9021
9001 9000
8994 8993
9007 9007
8996 8996
9023 9022
8996 8997
9015 9014
9018 9019
8999 8998
9018 9018
9006 9005
9022 9022
9023 9024
9004 9004
9020 9019
9004 9003
9014 9015
8993 8993
9013 9013
9010 9011
8995 8996
9003 9003
9019 9019
9006 9006
9013 9012
9017 9018
8995 8994
9010 9010
8991 8991
9000 8999
9005 9006
9024 9023
8992 8993
9019 9018
8997 8998
9026 9027
9012 9013
8999 9000
9007 9008
8994 8995
9020 9021
9020 9020
9014 9014
8991 8992
9006 9007
8999 8999
9025 9026
9026 9026
9016 9017
8993 8994
9019 9020
9002 9001
8998 8999
9021 9021
9009 9010
9009 9008
9027 9026
8992 8991
9018 9017
8997 8997
9016 9015
9008 9007
9003 9002
