100 100
9909999099009999990090099900990090990009990099900009099099909900990909009900099990999900909990090999
9000009990009909099099900909900990990999999090999909090009009900009999090909090090009990009090099990
9000099000909090900000999009990000900999999099099900990909000000000090909990990099000909090000090990
0090090090090000990900099909099990900099990999000999990990990000099090909909099900999009999990009909
9099090009099009009900999009990009909009999000009090009900990000009009900099999000099000099099090909
9909090099099009090099900000099009990009000099099900009990099990090099099999999999990909990000099099
0900099909909909990090990099099090090900999099909990900000909009099900990900909990999000000900909990
9990099090000099009090090900909000009990000999990900099909009009000909009009999990009099009990000099
0999990099000900900909009090909999999999090000009909990000099009900099000090090900990090090009009099
0090990099900999999099099009009990000009999990009009900990000000909009000999000999090999099090000909
9099990000900900090999909900909099099900090909090990009090099090990090090990990090099000900990909909
9999900000090000099090090000990990999909009009099990000009900999990990009909990909099999099090909009
9090999900900999000090009009990000000990000090909900000009099000009090090990090009009099009090090900
9909009000909009009990999000909990999090090009900009090990999999000000909990099999000099090000990990
0909909909009900099900000099909990009099000990900090009900900099999999909009990099999099999090009009
9099990900009009990009009909090909909900909999900900990000009999099090009999090999909999000000900900
9000990909909000099909999909990900000009099909009090099900009990099999900099990009999909009099909009
0909999000090000990000909090999900990099009990900900990900099999000909000909900990999000009090909090
9909090999099909000009999909999999999999000090999000099900099990009090900009099999909000990000999009
9990099009009990990999000090099099000009090090009009009000099900990099099090000900909099000009900990
0009000099000099000909009090999999900000909900099090900009000990099999900000990090999099090900990090
0909900909900909009909999009990909090999000900909999009900999909999909900900909999009999090900090999
9900099999999900000900090009009900000990090000900000099990900000099009999999000099009990909099090099
9909009099099099000099900900009000990999900999009990900900009909000990900909090000009090990090009999
9000900090999099900000000000990999909909099000990909099000090909009909099999009009909909099099099999
0090009909900999999900900090999990999009900090909099999009009090090900000990999999090999990900990909
0990000099909990000090990999999900099999999909990009900909000090990000009990099900900999099090999009
9000090090009990009099099099090009909090909990990900099990999000009090000999909000009999900009090090
9099909090009090900909909999990000000990099099009990909090090990909009900009099900099999099990909999
0909009909090999099099990900999999090909000909990900000999000990909999999000000999099900009900090099
9000999000009009090909009009090990909999090009909090090000090099909900909999099099999009900090990990
0009009909990099090900909000909999999000909999900900999000090990909009099090090990900909900909909999
9000000990900909099090990009000090000090000909000990090009009090099000090909999090999990990990909090
0009009009099099009009999999009900900009000990000090009990099090900000099900990090990909999909090090
0900009009909990990990099000999090090999000990000999009099090099990090999999909099909009090990090090
9090999090099009999009990099900099009009909009090009909900099099099990909090990099990909999990909099
9999000090090999090099099090099909900090090099000000990900000009900990990099000009900000000009900000
0909999900000009909099909900999000099999090090000000000999900900000009000009900909999999009000009000
9000090999990099099000090999990909999999000999090990000009009990909009999099999090090090900999009099
0900999999099009090099009000009990009000000900909999000999990999900009009900009009900990900099909000
0099000999999900999009099990009999000909009900099099009009090099900090909099999900999909000099090909
9090090900009009900900990090090909900909099099000009909909909990990900090990999099999000090900000090
0909999900000900900900099999990900099009990999000900990099090099999000090999990090090099909900099000
9900990009900000990090000990900099009900009909990000900000009909900099009909009000990900999900990000
9009909090909009990999909999990909009009099909999099999009900090090009090000909999909090090000099000
9000090999000090990099000000900990090099999090009990000009999999900090990909999099990990900909090099
0900990999099990909099999009900900999090909999990909000900900909900090099099900099909990099099000000
0909999009009990990099999909900990000090909900000909090990009099000099090000900909900909900900099909
9000990000999990090000990909900000009000900099009900009909090900099999999090000909000990099090900999
9099000900999990000999009900000000909099909909990000999000990099900999900099990009909009090909099000
9909999999099900000099009990000900900900990000909090009090000000090000009000009000999999900000999009
9990000090000090990009900009900099909909900009990099000000999900099999909009090990000999099099900090
9009090999900999000009999000000090999999909909000900999909909000900990090090900999900000900099099909
0990090099000090909990090099099099000099900990900099000000900099009999090999099099009000009990009900
0099900099909000999009990909009990000990099000099909009909990999009000909090900999009909000000990900
9000909999099990990900090900909009909900099999909999090990999990990099909990999990009990900999999099
0000909099000909900909099990990009999099900999000999009009990990000909090909009909090990009009999909
0099990900000999000900000099090909090900900000000909009090909909000999999099009900009900000000990009
0009999090009090009000990000009099900990090009000990099090999000990009900099999900999999999909090090
0000900909990909909999909009909090090090000099900990000999009900099009999909999000909999099900099900
0000009009090009099900099990090990900990909900999990009990000099099009900990999000009009900000090009
0099999099990000000009900900999999900990090099000909009909099990900900000099099909990090090909000000
0000009090909099999990909009999900900009909090000000009090090900009909099900000999000000900900990009
9999099999909990900909000900009900000000009009000000000099999000000909000090090999900009999000009999
0990000090009909999990900090009099090009909090999999909909900099099990909990000000009999999999099990
9990999990909090090090999090000990000009090090090999090009099090009990009990990999900009999990900000
0999999909099909009909990000900090009909099000090090090090099099900900090099009099999999990990009999
9090909990090090990990999009009009000009009900009099009099900999900909909090090990999099099999909090
0990900990909009000990000099099090990909009909909909900999909090990999009090009999000099000099000099
0000999099009000090990090909990900900000090999090099999009909999909000009090000009090900099090099099
0099000909009900099990009009000990000990009099009099999009900909909900909099090099000009009009009999
9990999000090990090090099909900099009999900990000909099090000099009900900000900099990099900009990009
9009900090990090900990009990909999990999909999909099990999900090090009900099909990009900990090000990
0090990990009909999900099900990009009990990090900990990000099090000000000090900900990090990909909999
9009099990990990099990999090900000000099900900909009000900000009099900999990000999909999990090009900
0099900099090009090900099009000999990090099099090900090000000000990009999009990999999990000990909909
9099000009900999900099909000090990990009990909090900900000990099900009900990009900909909999090099090
9090099099999999990900999909000999099099909900909999990990990099090990009999099999909900099099009909
9099090090090090999099009099000000990999900900990099000909990999990999990009909999009990990099900909
0990090000000099999990990009090009900990990000900099009099000900909090090099009990909900990090090900
0009090099000999900000999000090090909099099999000900000999099090009099000000099009090090000090990990
0009090099090900009099099009000099000909000990990009099900990090000909900990000909900009000090999099
9999900999099009009900009090909009900900990009000090000900909999000009099900900099909900009000099909
9900900000099900900990099909909009099099090900099999909099909009909990099000909900000999099000099009
9900099909999090000099999099999900090090909999000909009999999009090000099099009999990909990990090009
9009009999999900990090909090999009090990099900090990009009099009900099090000009990900090900090090090
9000900900999099009900000099090999090009999000099099009990090900900990900909999999009990099900990090
9009099000009099009990999009009099900090000009900999900990090009099000999099090000090909990990999999
9000999000000009999999009999009900909909999900099999909909990009909009909090909909090999990909990090
0099999099009009090000909099009099099000090090090099090990909009909990909900090909090090909909909900
0900999009099900090000099990099090009099999099999009990009090999000909999090099009099999090000909090
0990009999099000990000099099009999990900090009000900909000090000009909000000099900000900999090999909
9009099099900999990999099000990090990000000099900000000009999999099099990909990000099009909909099000
9000909990900099009900099900900909090900999999990990999900999000900909090000009990909000099999900990
9909099009000099000900999990990090900990990000009009099999990090000990909990000090090090900990990000
0900099999000900999099990999000000000090990909000900990099090009000009990999009900909099999909990009
9099990000990009099009009009990999090990090099999000909000009009009900000009090999000900909090990099
9909999909099909000090009009009009000900999909000999909990999990099000099009000090099999909990900909
0009900009900909900900090000999090009090000999000900000900909990909009000090999000009990000009909000
0990990000990090000900000000909000999999009909999099909900099999990900900990999999090009909000009999
