250
999
999
998
997
997
997
996
994
994
993
993
988
984
981
981
981
979
977
975
972
971
970
968
965
965
961
960
957
955
955
950
949
946
945
942
941
938
937
937
932
931
930
930
928
926
925
924
920
917
917
917
912
912
911
907
906
904
901
900
898
898
897
895
892
890
889
888
886
886
883
882
881
881
873
873
860
859
856
854
854
849
849
848
847
845
840
838
835
833
833
832
830
826
818
817
813
806
805
802
802
795
794
793
788
788
787
786
785
777
775
773
773
769
767
765
764
763
762
760
760
755
752
751
749
746
745
742
732
727
725
725
722
719
717
714
714
710
707
706
705
701
700
699
692
692
691
689
682
679
676
675
672
669
669
665
660
660
657
652
651
650
648
647
646
641
634
633
632
630
630
629
623
621
620
620
618
614
607
606
602
601
600
600
597
596
595
593
592
591
589
588
587
585
584
583
578
576
574
574
566
565
562
560
559
553
546
545
544
542
538
536
532
531
531
530
530
529
528
523
521
520
520
520
519
518
517
517
517
516
516
515
506
505
501
499
497
496
495
494
489
487
487
484
484
482
478
477
476
474
473
472
471
469
465
463
462
459
458
458
454
453
453
451
451
446
443
443
442
442
441
439
439
434
434
434
432
430
429
423
423
423
423
420
420
419
418
405
405
396
396
393
391
390
386
384
381
377
373
369
368
368
367
367
363
356
353
350
348
348
346
345
345
342
331
329
328
328
327
327
326
323
322
320
318
318
317
317
314
313
310
308
306
303
303
301
300
296
296
295
289
286
285
280
277
270
269
266
266
266
264
263
262
261
257
255
254
253
252
248
247
246
245
243
242
238
236
236
234
233
232
232
231
230
229
228
225
225
224
224
217
217
216
215
215
214
213
212
211
211
209
204
203
202
202
201
200
195
192
189
187
185
184
182
178
174
171
170
168
166
166
163
162
160
156
152
151
151
147
145
142
139
138
137
135
135
134
132
128
126
121
120
120
118
117
117
116
114
113
104
103
101
100
99
94
93
89
88
87
86
84
84
84
78
78
75
74
73
73
71
66
62
60
57
53
51
51
51
49
46
45
43
43
41
40
40
40
39
37
34
32
32
27
26
21
21
21
20
18
14
13
13
12
12
10
10
10
7
4
3
2
