46 46
0102003000400005000006000000700000008000000009
1020030004000050000060000007000000080000000090
0200300040000500000600000070000000800000000900
2003000400005000006000000700000008000000009000
0030004000050000060000007000000080000000090000
0300040000500000600000070000000800000000900000
3000400005000006000000700000008000000009000000
0004000050000060000007000000080000000090000000
0040000500000600000070000000800000000900000000
0400005000006000000700000008000000009000000008
4000050000060000007000000080000000090000000080
0000500000600000070000000800000000900000000800
0005000006000000700000008000000009000000008000
0050000060000007000000080000000090000000080000
0500000600000070000000800000000900000000800000
5000006000000700000008000000009000000008000000
0000060000007000000080000000090000000080000000
0000600000070000000800000000900000000800000007
0006000000700000008000000009000000008000000070
0060000007000000080000000090000000080000000700
0600000070000000800000000900000000800000007000
6000000700000008000000009000000008000000070000
0000007000000080000000090000000080000000700000
0000070000000800000000900000000800000007000000
0000700000008000000009000000008000000070000006
0007000000080000000090000000080000000700000060
0070000000800000000900000000800000007000000600
0700000008000000009000000008000000070000006000
7000000080000000090000000080000000700000060000
0000000800000000900000000800000007000000600000
0000008000000009000000008000000070000006000005
0000080000000090000000080000000700000060000050
0000800000000900000000800000007000000600000500
0008000000009000000008000000070000006000005000
0080000000090000000080000000700000060000050000
0800000000900000000800000007000000600000500004
8000000009000000008000000070000006000005000040
0000000090000000080000000700000060000050000400
0000000900000000800000007000000600000500004000
0000009000000008000000070000006000005000040003
0000090000000080000000700000060000050000400030
0000900000000800000007000000600000500004000300
0009000000008000000070000006000005000040003002
0090000000080000000700000060000050000400030020
0900000000800000007000000600000500004000300201
9000000008000000070000006000005000040003002010
