134138639 830098159 1476
710310800 712834461
710310799 712834461
710310799 712834462
710310799 712834463
710310798 712834463
710310798 712834464
710310798 712834465
710310797 712834465
710310797 712834466
710310797 712834467
710310796 712834467
710310795 712834467
710310794 712834467
710310794 712834468
710310794 712834469
710310793 712834469
710310793 712834470
710310792 712834470
710310792 712834471
710310792 712834472
710310791 712834472
710310791 712834473
710310790 712834473
710310790 712834474
710310790 712834475
710310790 712834476
710310789 712834476
710310789 712834477
710310788 712834477
710310788 712834478
710310787 712834478
710310786 712834478
710310785 712834478
710310784 712834478
710310783 712834478
710310783 712834479
710310782 712834479
710310782 712834480
710310781 712834480
710310780 712834480
710310780 712834481
710310779 712834481
710310779 712834482
710310778 712834482
710310778 712834483
710310778 712834484
710310777 712834484
710310777 712834485
710310777 712834486
710310776 712834486
710310776 712834487
710310775 712834487
710310775 712834488
710310775 712834489
710310774 712834489
710310774 712834490
710310773 712834490
710310772 712834490
710310772 712834491
710310772 712834492
710310771 712834492
710310770 712834492
710310770 712834493
710310769 712834493
710310769 712834494
710310769 712834495
710310768 712834495
710310767 712834495
710310767 712834496
710310767 712834497
710310766 712834497
710310766 712834498
710310765 712834498
710310764 712834498
710310764 712834499
710310764 712834500
710310764 712834501
710310764 712834502
710310763 712834502
710310762 712834502
710310761 712834502
710310760 712834502
710310759 712834502
710310758 712834502
710310758 712834503
710310757 712834503
710310756 712834503
710310756 712834504
710310756 712834505
710310756 712834506
710310756 712834507
710310755 712834507
710310754 712834507
710310754 712834508
710310753 712834508
710310753 712834509
710310752 712834509
710310752 712834510
710310752 712834511
710310751 712834511
710310751 712834512
710310751 712834513
710310751 712834514
710310751 712834515
710310751 712834516
710310751 712834517
710310751 712834518
710310751 712834519
710310750 712834519
710310749 712834519
710310748 712834519
710310748 712834520
710310748 712834521
710310747 712834521
710310746 712834521
710310745 712834521
710310744 712834521
710310744 712834522
710310744 712834523
710310744 712834524
710310744 712834525
710310744 712834526
710310743 712834526
710310742 712834526
710310742 712834527
710310741 712834527
710310741 712834528
710310740 712834528
710310740 712834529
710310740 712834530
710310740 712834531
710310739 712834531
710310739 712834532
710310738 712834532
710310738 712834533
710310737 712834533
710310737 712834534
710310736 712834534
710310736 712834535
710310736 712834536
710310735 712834536
710310735 712834537
710310734 712834537
710310733 712834537
710310733 712834538
710310732 712834538
710310731 712834538
710310731 712834539
710310731 712834540
710310731 712834541
710310730 712834541
710310729 712834541
710310729 712834542
710310729 712834543
710310728 712834543
710310727 712834543
710310727 712834544
710310726 712834544
710310725 712834544
710310724 712834544
710310723 712834544
710310723 712834545
710310723 712834546
710310723 712834547
710310722 712834547
710310721 712834547
710310720 712834547
710310719 712834547
710310719 712834548
710310718 712834548
710310718 712834549
710310718 712834550
710310717 712834550
710310717 712834551
710310716 712834551
710310716 712834552
710310715 712834552
710310714 712834552
710310714 712834553
710310714 712834554
710310713 712834554
710310712 712834554
710310711 712834554
710310710 712834554
710310710 712834555
710310710 712834556
710310709 712834556
710310708 712834556
710310708 712834557
710310707 712834557
710310706 712834557
710310705 712834557
710310704 712834557
710310703 712834557
710310703 712834558
710310703 712834559
710310702 712834559
710310702 712834560
710310701 712834560
710310700 712834560
710310700 712834561
710310700 712834562
710310699 712834562
710310698 712834562
710310697 712834562
710310696 712834562
710310695 712834562
710310694 712834562
710310693 712834562
710310693 712834563
710310693 712834564
710310693 712834565
710310693 712834566
710310693 712834567
710310692 712834567
710310692 712834568
710310691 712834568
710310691 712834569
710310690 712834569
710310689 712834569
710310688 712834569
710310688 712834570
710310688 712834571
710310688 712834572
710310688 712834573
710310688 712834574
710310688 712834575
710310688 712834576
710310687 712834576
710310687 712834577
710310687 712834578
710310687 712834579
710310687 712834580
710310686 712834580
710310686 712834581
710310685 712834581
710310684 712834581
710310683 712834581
710310682 712834581
710310682 712834582
710310681 712834582
710310681 712834583
710310680 712834583
710310679 712834583
710310678 712834583
710310678 712834584
710310678 712834585
710310678 712834586
710310677 712834586
710310676 712834586
710310675 712834586
710310674 712834586
710310673 712834586
710310672 712834586
710310671 712834586
710310671 712834587
710310671 712834588
710310670 712834588
710310670 712834589
710310670 712834590
710310670 712834591
710310669 712834591
710310669 712834592
710310669 712834593
710310669 712834594
710310668 712834594
710310668 712834595
710310668 712834596
710310668 712834597
710310667 712834597
710310667 712834598
710310667 712834599
710310666 712834599
710310666 712834600
710310666 712834601
710310665 712834601
710310664 712834601
710310664 712834602
710310664 712834603
710310664 712834604
710310663 712834604
710310663 712834605
710310663 712834606
710310663 712834607
710310662 712834607
710310661 712834607
710310660 712834607
710310659 712834607
710310658 712834607
710310658 712834608
710310657 712834608
710310657 712834609
710310657 712834610
710310656 712834610
710310656 712834611
710310656 712834612
710310655 712834612
710310654 712834612
710310654 712834613
710310654 712834614
710310654 712834615
710310654 712834616
710310653 712834616
710310652 712834616
710310652 712834617
710310651 712834617
710310651 712834618
710310650 712834618
710310650 712834619
710310650 712834620
710310649 712834620
710310648 712834620
710310647 712834620
710310646 712834620
710310645 712834620
710310645 712834621
710310645 712834622
710310645 712834623
710310644 712834623
710310643 712834623
710310642 712834623
710310642 712834624
710310642 712834625
710310641 712834625
710310641 712834626
710310640 712834626
710310639 712834626
710310639 712834627
710310638 712834627
710310638 712834628
710310638 712834629
710310637 712834629
710310636 712834629
710310635 712834629
710310635 712834630
710310635 712834631
710310635 712834632
710310635 712834633
710310635 712834634
710310635 712834635
710310635 712834636
710310635 712834637
710310635 712834638
710310634 712834638
710310634 712834639
710310633 712834639
710310632 712834639
710310631 712834639
710310630 712834639
710310630 712834640
710310629 712834640
710310629 712834641
710310629 712834642
710310629 712834643
710310629 712834644
710310629 712834645
710310629 712834646
710310628 712834646
710310628 712834647
710310628 712834648
710310627 712834648
710310626 712834648
710310626 712834649
710310625 712834649
710310624 712834649
710310623 712834649
710310622 712834649
710310621 712834649
710310621 712834650
710310621 712834651
710310621 712834652
710310621 712834653
710310620 712834653
710310620 712834654
710310619 712834654
710310618 712834654
710310617 712834654
710310616 712834654
710310616 712834655
710310615 712834655
710310614 712834655
710310613 712834655
710310612 712834655
710310611 712834655
710310610 712834655
710310609 712834655
710310609 712834656
710310609 712834657
710310608 712834657
710310608 712834658
710310608 712834659
710310608 712834660
710310608 712834661
710310608 712834662
710310608 712834663
710310607 712834663
710310607 712834664
710310607 712834665
710310606 712834665
710310606 712834666
710310606 712834667
710310606 712834668
710310606 712834669
710310605 712834669
710310605 712834670
710310604 712834670
710310603 712834670
710310603 712834671
710310602 712834671
710310602 712834672
710310601 712834672
710310600 712834672
710310599 712834672
710310599 712834673
710310598 712834673
710310598 712834674
710310597 712834674
710310596 712834674
710310595 712834674
710310594 712834674
710310594 712834675
710310594 712834676
710310593 712834676
710310592 712834676
710310592 712834677
710310591 712834677
710310590 712834677
710310590 712834678
710310590 712834679
710310590 712834680
710310589 712834680
710310589 712834681
710310588 712834681
710310588 712834682
710310587 712834682
710310587 712834683
710310586 712834683
710310586 712834684
710310585 712834684
710310584 712834684
710310583 712834684
710310582 712834684
710310581 712834684
710310581 712834685
710310580 712834685
710310579 712834685
710310579 712834686
710310578 712834686
710310578 712834687
710310577 712834687
710310577 712834688
710310577 712834689
710310577 712834690
710310577 712834691
710310576 712834691
710310576 712834692
710310575 712834692
710310574 712834692
710310573 712834692
710310573 712834693
710310572 712834693
710310572 712834694
710310571 712834694
710310570 712834694
710310570 712834695
710310570 712834696
710310569 712834696
710310568 712834696
710310567 712834696
710310567 712834697
710310567 712834698
710310566 712834698
710310566 712834699
710310566 712834700
710310566 712834701
710310566 712834702
710310566 712834703
710310565 712834703
710310564 712834703
710310563 712834703
710310563 712834704
710310562 712834704
710310562 712834705
710310562 712834706
710310561 712834706
710310561 712834707
710310561 712834708
710310560 712834708
710310559 712834708
710310559 712834709
710310558 712834709
710310558 712834710
710310558 712834711
710310558 712834712
710310557 712834712
710310557 712834713
710310556 712834713
710310555 712834713
710310554 712834713
710310553 712834713
710310552 712834713
710310552 712834714
710310552 712834715
710310551 712834715
710310550 712834715
710310550 712834716
710310550 712834717
710310549 712834717
710310549 712834718
710310549 712834719
710310549 712834720
710310548 712834720
710310547 712834720
710310547 712834721
710310546 712834721
710310545 712834721
710310545 712834722
710310544 712834722
710310543 712834722
710310542 712834722
710310542 712834723
710310542 712834724
710310541 712834724
710310541 712834725
710310540 712834725
710310540 712834726
710310540 712834727
710310540 712834728
710310539 712834728
710310538 712834728
710310537 712834728
710310536 712834728
710310536 712834729
710310535 712834729
710310535 712834730
710310534 712834730
710310533 712834730
710310532 712834730
710310532 712834731
710310532 712834732
710310531 712834732
710310531 712834733
710310530 712834733
710310529 712834733
710310528 712834733
710310528 712834734
710310527 712834734
710310527 712834735
710310526 712834735
710310526 712834736
710310526 712834737
710310525 712834737
710310524 712834737
710310523 712834737
710310522 712834737
710310521 712834737
710310521 712834738
710310520 712834738
710310520 712834739
710310520 712834740
710310519 712834740
710310518 712834740
710310518 712834741
710310518 712834742
710310518 712834743
710310517 712834743
710310517 712834744
710310517 712834745
710310516 712834745
710310515 712834745
710310515 712834746
710310515 712834747
710310514 712834747
710310513 712834747
710310512 712834747
710310511 712834747
710310510 712834747
710310510 712834748
710310509 712834748
710310508 712834748
710310508 712834749
710310508 712834750
710310508 712834751
710310507 712834751
710310506 712834751
710310505 712834751
710310504 712834751
710310504 712834752
710310503 712834752
710310503 712834753
710310502 712834753
710310502 712834754
710310502 712834755
710310502 712834756
710310502 712834757
710310501 712834757
710310501 712834758
710310501 712834759
710310501 712834760
710310500 712834760
710310499 712834760
710310499 712834761
710310499 712834762
710310498 712834762
710310498 712834763
710310498 712834764
710310498 712834765
710310497 712834765
710310497 712834766
710310497 712834767
710310496 712834767
710310495 712834767
710310494 712834767
710310493 712834767
710310492 712834767
710310492 712834768
710310491 712834768
710310491 712834769
710310490 712834769
710310489 712834769
710310489 712834770
710310489 712834771
710310488 712834771
710310488 712834772
710310487 712834772
710310486 712834772
710310485 712834772
710310484 712834772
710310484 712834773
710310484 712834774
710310484 712834775
710310483 712834775
710310483 712834776
710310482 712834776
710310482 712834777
710310481 712834777
710310481 712834778
710310480 712834778
710310479 712834778
710310478 712834778
710310478 712834779
710310477 712834779
710310476 712834779
710310476 712834780
710310475 712834780
710310474 712834780
710310473 712834780
710310473 712834781
710310473 712834782
710310473 712834783
710310473 712834784
710310473 712834785
710310472 712834785
710310471 712834785
710310471 712834786
710310470 712834786
710310470 712834787
710310470 712834788
710310469 712834788
710310468 712834788
710310468 712834789
710310468 712834790
710310468 712834791
710310468 712834792
710310468 712834793
710310468 712834794
710310467 712834794
710310467 712834795
710310467 712834796
710310467 712834797
710310467 712834798
710310466 712834798
710310466 712834799
710310465 712834799
710310464 712834799
710310464 712834800
710310463 712834800
710310462 712834800
710310462 712834801
710310462 712834802
710310462 712834803
710310461 712834803
710310461 712834804
710310461 712834805
710310460 712834805
710310460 712834806
710310459 712834806
710310458 712834806
710310457 712834806
710310457 712834807
710310456 712834807
710310455 712834807
710310455 712834808
710310454 712834808
710310454 712834809
710310454 712834810
710310454 712834811
710310453 712834811
710310452 712834811
710310451 712834811
710310451 712834812
710310450 712834812
710310450 712834813
710310450 712834814
710310450 712834815
710310450 712834816
710310449 712834816
710310448 712834816
710310448 712834817
710310448 712834818
710310448 712834819
710310447 712834819
710310446 712834819
710310446 712834820
710310445 712834820
710310444 712834820
710310443 712834820
710310442 712834820
710310441 712834820
710310441 712834821
710310441 712834822
710310441 712834823
710310440 712834823
710310440 712834824
710310440 712834825
710310439 712834825
710310438 712834825
710310437 712834825
710310437 712834826
710310437 712834827
710310437 712834828
710310437 712834829
710310437 712834830
710310437 712834831
710310437 712834832
710310436 712834832
710310435 712834832
710310434 712834832
710310434 712834833
710310435 712834833
710310436 712834833
710310437 712834833
710310438 712834833
710310439 712834833
710310440 712834833
710310441 712834833
710310442 712834833
710310443 712834833
710310444 712834833
710310445 712834833
710310446 712834833
710310447 712834833
710310448 712834833
710310449 712834833
710310450 712834833
710310451 712834833
710310452 712834833
710310453 712834833
710310454 712834833
710310455 712834833
710310456 712834833
710310457 712834833
710310458 712834833
710310459 712834833
710310460 712834833
710310461 712834833
710310462 712834833
710310463 712834833
710310464 712834833
710310465 712834833
710310466 712834833
710310467 712834833
710310468 712834833
710310469 712834833
710310470 712834833
710310471 712834833
710310472 712834833
710310473 712834833
710310474 712834833
710310475 712834833
710310476 712834833
710310477 712834833
710310478 712834833
710310479 712834833
710310480 712834833
710310481 712834833
710310482 712834833
710310483 712834833
710310484 712834833
710310485 712834833
710310486 712834833
710310487 712834833
710310488 712834833
710310489 712834833
710310490 712834833
710310491 712834833
710310492 712834833
710310493 712834833
710310494 712834833
710310495 712834833
710310496 712834833
710310497 712834833
710310498 712834833
710310499 712834833
710310500 712834833
710310501 712834833
710310502 712834833
710310503 712834833
710310504 712834833
710310505 712834833
710310506 712834833
710310507 712834833
710310508 712834833
710310509 712834833
710310510 712834833
710310511 712834833
710310512 712834833
710310513 712834833
710310514 712834833
710310515 712834833
710310516 712834833
710310517 712834833
710310518 712834833
710310519 712834833
710310520 712834833
710310521 712834833
710310522 712834833
710310523 712834833
710310524 712834833
710310525 712834833
710310526 712834833
710310527 712834833
710310528 712834833
710310529 712834833
710310530 712834833
710310531 712834833
710310532 712834833
710310533 712834833
710310534 712834833
710310535 712834833
710310536 712834833
710310537 712834833
710310538 712834833
710310539 712834833
710310540 712834833
710310541 712834833
710310542 712834833
710310543 712834833
710310544 712834833
710310545 712834833
710310546 712834833
710310547 712834833
710310548 712834833
710310549 712834833
710310550 712834833
710310551 712834833
710310552 712834833
710310553 712834833
710310554 712834833
710310555 712834833
710310556 712834833
710310557 712834833
710310558 712834833
710310559 712834833
710310560 712834833
710310561 712834833
710310562 712834833
710310563 712834833
710310564 712834833
710310565 712834833
710310566 712834833
710310567 712834833
710310568 712834833
710310569 712834833
710310570 712834833
710310571 712834833
710310572 712834833
710310573 712834833
710310574 712834833
710310575 712834833
710310576 712834833
710310577 712834833
710310578 712834833
710310579 712834833
710310580 712834833
710310581 712834833
710310582 712834833
710310583 712834833
710310584 712834833
710310585 712834833
710310586 712834833
710310587 712834833
710310588 712834833
710310589 712834833
710310590 712834833
710310591 712834833
710310592 712834833
710310593 712834833
710310594 712834833
710310595 712834833
710310596 712834833
710310597 712834833
710310598 712834833
710310599 712834833
710310600 712834833
710310601 712834833
710310602 712834833
710310603 712834833
710310604 712834833
710310605 712834833
710310606 712834833
710310607 712834833
710310608 712834833
710310609 712834833
710310610 712834833
710310611 712834833
710310612 712834833
710310613 712834833
710310614 712834833
710310615 712834833
710310616 712834833
710310617 712834833
710310618 712834833
710310619 712834833
710310620 712834833
710310621 712834833
710310622 712834833
710310623 712834833
710310624 712834833
710310625 712834833
710310626 712834833
710310627 712834833
710310628 712834833
710310629 712834833
710310630 712834833
710310631 712834833
710310632 712834833
710310633 712834833
710310634 712834833
710310635 712834833
710310636 712834833
710310637 712834833
710310638 712834833
710310639 712834833
710310640 712834833
710310641 712834833
710310642 712834833
710310643 712834833
710310644 712834833
710310645 712834833
710310646 712834833
710310647 712834833
710310648 712834833
710310649 712834833
710310650 712834833
710310651 712834833
710310652 712834833
710310653 712834833
710310654 712834833
710310655 712834833
710310656 712834833
710310657 712834833
710310658 712834833
710310659 712834833
710310660 712834833
710310661 712834833
710310662 712834833
710310663 712834833
710310664 712834833
710310665 712834833
710310666 712834833
710310667 712834833
710310668 712834833
710310669 712834833
710310670 712834833
710310671 712834833
710310672 712834833
710310673 712834833
710310674 712834833
710310675 712834833
710310676 712834833
710310677 712834833
710310678 712834833
710310679 712834833
710310680 712834833
710310681 712834833
710310682 712834833
710310683 712834833
710310684 712834833
710310685 712834833
710310686 712834833
710310687 712834833
710310688 712834833
710310689 712834833
710310690 712834833
710310691 712834833
710310692 712834833
710310693 712834833
710310694 712834833
710310695 712834833
710310696 712834833
710310697 712834833
710310698 712834833
710310699 712834833
710310700 712834833
710310701 712834833
710310702 712834833
710310703 712834833
710310704 712834833
710310705 712834833
710310706 712834833
710310707 712834833
710310708 712834833
710310709 712834833
710310710 712834833
710310711 712834833
710310712 712834833
710310713 712834833
710310714 712834833
710310715 712834833
710310716 712834833
710310717 712834833
710310718 712834833
710310719 712834833
710310720 712834833
710310721 712834833
710310722 712834833
710310723 712834833
710310724 712834833
710310725 712834833
710310726 712834833
710310727 712834833
710310728 712834833
710310729 712834833
710310730 712834833
710310731 712834833
710310732 712834833
710310733 712834833
710310734 712834833
710310735 712834833
710310736 712834833
710310737 712834833
710310738 712834833
710310739 712834833
710310740 712834833
710310741 712834833
710310742 712834833
710310743 712834833
710310744 712834833
710310745 712834833
710310746 712834833
710310747 712834833
710310748 712834833
710310749 712834833
710310750 712834833
710310751 712834833
710310752 712834833
710310753 712834833
710310754 712834833
710310755 712834833
710310756 712834833
710310757 712834833
710310758 712834833
710310759 712834833
710310760 712834833
710310761 712834833
710310762 712834833
710310763 712834833
710310764 712834833
710310765 712834833
710310766 712834833
710310767 712834833
710310768 712834833
710310769 712834833
710310770 712834833
710310771 712834833
710310772 712834833
710310773 712834833
710310774 712834833
710310775 712834833
710310776 712834833
710310777 712834833
710310778 712834833
710310779 712834833
710310780 712834833
710310781 712834833
710310782 712834833
710310783 712834833
710310784 712834833
710310785 712834833
710310786 712834833
710310787 712834833
710310788 712834833
710310789 712834833
710310790 712834833
710310791 712834833
710310792 712834833
710310793 712834833
710310794 712834833
710310795 712834833
710310796 712834833
710310797 712834833
710310798 712834833
710310799 712834833
710310800 712834833
710310800 712834832
710310800 712834831
710310800 712834830
710310800 712834829
710310800 712834828
710310800 712834827
710310800 712834826
710310800 712834825
710310800 712834824
710310800 712834823
710310800 712834822
710310800 712834821
710310800 712834820
710310800 712834819
710310800 712834818
710310800 712834817
710310800 712834816
710310800 712834815
710310800 712834814
710310800 712834813
710310800 712834812
710310800 712834811
710310800 712834810
710310800 712834809
710310800 712834808
710310800 712834807
710310800 712834806
710310800 712834805
710310800 712834804
710310800 712834803
710310800 712834802
710310800 712834801
710310800 712834800
710310800 712834799
710310800 712834798
710310800 712834797
710310800 712834796
710310800 712834795
710310800 712834794
710310800 712834793
710310800 712834792
710310800 712834791
710310800 712834790
710310800 712834789
710310800 712834788
710310800 712834787
710310800 712834786
710310800 712834785
710310800 712834784
710310800 712834783
710310800 712834782
710310800 712834781
710310800 712834780
710310800 712834779
710310800 712834778
710310800 712834777
710310800 712834776
710310800 712834775
710310800 712834774
710310800 712834773
710310800 712834772
710310800 712834771
710310800 712834770
710310800 712834769
710310800 712834768
710310800 712834767
710310800 712834766
710310800 712834765
710310800 712834764
710310800 712834763
710310800 712834762
710310800 712834761
710310800 712834760
710310800 712834759
710310800 712834758
710310800 712834757
710310800 712834756
710310800 712834755
710310800 712834754
710310800 712834753
710310800 712834752
710310800 712834751
710310800 712834750
710310800 712834749
710310800 712834748
710310800 712834747
710310800 712834746
710310800 712834745
710310800 712834744
710310800 712834743
710310800 712834742
710310800 712834741
710310800 712834740
710310800 712834739
710310800 712834738
710310800 712834737
710310800 712834736
710310800 712834735
710310800 712834734
710310800 712834733
710310800 712834732
710310800 712834731
710310800 712834730
710310800 712834729
710310800 712834728
710310800 712834727
710310800 712834726
710310800 712834725
710310800 712834724
710310800 712834723
710310800 712834722
710310800 712834721
710310800 712834720
710310800 712834719
710310800 712834718
710310800 712834717
710310800 712834716
710310800 712834715
710310800 712834714
710310800 712834713
710310800 712834712
710310800 712834711
710310800 712834710
710310800 712834709
710310800 712834708
710310800 712834707
710310800 712834706
710310800 712834705
710310800 712834704
710310800 712834703
710310800 712834702
710310800 712834701
710310800 712834700
710310800 712834699
710310800 712834698
710310800 712834697
710310800 712834696
710310800 712834695
710310800 712834694
710310800 712834693
710310800 712834692
710310800 712834691
710310800 712834690
710310800 712834689
710310800 712834688
710310800 712834687
710310800 712834686
710310800 712834685
710310800 712834684
710310800 712834683
710310800 712834682
710310800 712834681
710310800 712834680
710310800 712834679
710310800 712834678
710310800 712834677
710310800 712834676
710310800 712834675
710310800 712834674
710310800 712834673
710310800 712834672
710310800 712834671
710310800 712834670
710310800 712834669
710310800 712834668
710310800 712834667
710310800 712834666
710310800 712834665
710310800 712834664
710310800 712834663
710310800 712834662
710310800 712834661
710310800 712834660
710310800 712834659
710310800 712834658
710310800 712834657
710310800 712834656
710310800 712834655
710310800 712834654
710310800 712834653
710310800 712834652
710310800 712834651
710310800 712834650
710310800 712834649
710310800 712834648
710310800 712834647
710310800 712834646
710310800 712834645
710310800 712834644
710310800 712834643
710310800 712834642
710310800 712834641
710310800 712834640
710310800 712834639
710310800 712834638
710310800 712834637
710310800 712834636
710310800 712834635
710310800 712834634
710310800 712834633
710310800 712834632
710310800 712834631
710310800 712834630
710310800 712834629
710310800 712834628
710310800 712834627
710310800 712834626
710310800 712834625
710310800 712834624
710310800 712834623
710310800 712834622
710310800 712834621
710310800 712834620
710310800 712834619
710310800 712834618
710310800 712834617
710310800 712834616
710310800 712834615
710310800 712834614
710310800 712834613
710310800 712834612
710310800 712834611
710310800 712834610
710310800 712834609
710310800 712834608
710310800 712834607
710310800 712834606
710310800 712834605
710310800 712834604
710310800 712834603
710310800 712834602
710310800 712834601
710310800 712834600
710310800 712834599
710310800 712834598
710310800 712834597
710310800 712834596
710310800 712834595
710310800 712834594
710310800 712834593
710310800 712834592
710310800 712834591
710310800 712834590
710310800 712834589
710310800 712834588
710310800 712834587
710310800 712834586
710310800 712834585
710310800 712834584
710310800 712834583
710310800 712834582
710310800 712834581
710310800 712834580
710310800 712834579
710310800 712834578
710310800 712834577
710310800 712834576
710310800 712834575
710310800 712834574
710310800 712834573
710310800 712834572
710310800 712834571
710310800 712834570
710310800 712834569
710310800 712834568
710310800 712834567
710310800 712834566
710310800 712834565
710310800 712834564
710310800 712834563
710310800 712834562
710310800 712834561
710310800 712834560
710310800 712834559
710310800 712834558
710310800 712834557
710310800 712834556
710310800 712834555
710310800 712834554
710310800 712834553
710310800 712834552
710310800 712834551
710310800 712834550
710310800 712834549
710310800 712834548
710310800 712834547
710310800 712834546
710310800 712834545
710310800 712834544
710310800 712834543
710310800 712834542
710310800 712834541
710310800 712834540
710310800 712834539
710310800 712834538
710310800 712834537
710310800 712834536
710310800 712834535
710310800 712834534
710310800 712834533
710310800 712834532
710310800 712834531
710310800 712834530
710310800 712834529
710310800 712834528
710310800 712834527
710310800 712834526
710310800 712834525
710310800 712834524
710310800 712834523
710310800 712834522
710310800 712834521
710310800 712834520
710310800 712834519
710310800 712834518
710310800 712834517
710310800 712834516
710310800 712834515
710310800 712834514
710310800 712834513
710310800 712834512
710310800 712834511
710310800 712834510
710310800 712834509
710310800 712834508
710310800 712834507
710310800 712834506
710310800 712834505
710310800 712834504
710310800 712834503
710310800 712834502
710310800 712834501
710310800 712834500
710310800 712834499
710310800 712834498
710310800 712834497
710310800 712834496
710310800 712834495
710310800 712834494
710310800 712834493
710310800 712834492
710310800 712834491
710310800 712834490
710310800 712834489
710310800 712834488
710310800 712834487
710310800 712834486
710310800 712834485
710310800 712834484
710310800 712834483
710310800 712834482
710310800 712834481
710310800 712834480
710310800 712834479
710310800 712834478
710310800 712834477
710310800 712834476
710310800 712834475
710310800 712834474
710310800 712834473
710310800 712834472
710310800 712834471
710310800 712834470
710310800 712834469
710310800 712834468
710310800 712834467
710310800 712834466
710310800 712834465
710310800 712834464
710310800 712834463
710310800 712834462
