418321070
814160390
881038054
218125247
213478996
281732785
136027550
658705006
528944518
168406819
129445993
756612490
819604582
243277131
906584170
478727045
223134781
896627504
354276694
210174882
158824109
901890549
507736883
178636780
496223791
283821555
470283903
807083546
864811772
83952484
912965330
992877475
146225819
994338757
798311343
380577081
219394842
318935557
426554039
750811518
825371528
705542127
911537105
971373548
746233973
931835194
272433215
936730806
276248655
945897269
678227412
51471292
936603203
554948907
675756792
632194006
963385178
529049871
833343864
409789228
33484191
656539867
470674527
964392977
119256030
127699496
730354323
121474502
545039132
294875718
390266564
741664282
539876534
442806728
440206083
736597618
176385220
880844225
219937356
535410737
6824984
905431577
772845059
972704995
444815716
653361194
77048959
918943922
442106722
104757593
111764028
38533171
195330337
158600483
512448353
202033562
875267929
913340954
438971623
901954604
764103443
231193973
110714918
397331487
647138366
178669655
426745038
645344388
222844494
328370374
70367585
220567467
843841617
389767789
568489699
415198399
870035356
65169993
851257675
443195800
298375168
484353885
172363787
25551501
665204830
461943067
360518985
339209802
622239554
852609435
111849353
796242372
147378519
988908978
388705701
727931238
889468513
805312599
522440347
842382843
416058837
611903380
694097721
547319992
834665054
555395819
119452525
750897236
198336614
31331417
765072751
284797900
155222824
317045779
937812995
186688631
147386106
933889466
511852078
280073236
803581135
993622822
938255378
769905183
44740543
817585361
130314042
593514993
777315518
412638899
641442295
96832888
530141019
9338246
663404294
6882508
875507970
768214573
160989401
125055378
363534665
475655578
881549946
893517398
493200942
803966403
270326256
623339292
64897091
353983397
144532543
641848742
827906259
79042753
743499368
250354945
206111089
413810645
582931857
64372182
563871003
123116385
235800057
170072242
258124015
619869903
916157130
105342834
491757034
955923589
419600599
696500658
642939494
704444883
461375197
518421322
396981356
583194374
941967911
310608723
69123334
690574285
123075295
966336968
192367168
361869226
547492728
995862641
974432328
348394853
98650127
490887275
455026372
197971388
109590958
269597008
581395223
876835279
214084249
627952545
302611155
201773528
974372865
530040370
328807646
144222000
127953790
922645974
572089019
859686657
717788934
423880021
191399016
469723956
609714851
704352380
903100807
810357666
951248570
597287756
716113422
199521956
430532717
63501842
311454183
573850663
983478303
817297522
816584447
413983547
205670954
726268114
113810203
138888507
776582393
916463127
81023147
606290090
7014840
130934921
396840871
554494679
675578520
311635564
805757221
942404514
300895737
969678587
158171500
68004492
575915796
124179520
381346832
607777457
721061072
13019429
532080708
5241582
102804296
165361359
493933270
287408883
253040667
92933613
258496725
269230458
286110602
278418995
878456280
709918630
22553697
47263104
997667436
478287137
452487620
168205517
704712775
779839550
333453469
650186425
715762815
566122185
605539445
147796983
44499267
396204074
755197930
65197545
681025838
29850997
737629727
341920455
386298378
111251359
782957632
138317837
142818364
947204579
284833002
894949191
512676776
996670886
899986588
360137143
278374557
219702861
160877164
950510873
568908980
398888212
74758095
807944741
639673680
888522906
808790084
341402092
221530082
550576965
291023753
689480401
6289755
546289175
983867000
299667217
48833661
271978672
136582043
688921442
205499198
479060166
298239437
526483301
139468401
925638494
383550062
142747575
314602687
114171784
118969728
361346732
892884796
984725242
369231493
280965111
893184587
882800864
205499198
272444651
298399559
109840403
255336131
319339293
780900994
717511498
453179916
776265392
681439843
999562700
319690476
380880566
732705081
668249371
479992870
821281080
600426193
614003883
703385483
414782786
280761518
329138625
166004616
153162171
328732663
586022839
621660738
384511955
801161664
727228337
482365973
117635070
734216534
209602657
355864601
953639054
551011802
421167909
200443249
995831187
73994948
572477857
579985304
712203766
293296389
933572745
632330868
666812995
705487955
429866751
101642063
98585428
852688081
746270826
636636595
985960130
472065793
813954568
893122167
488122734
859068677
411043273
148520131
46057684
125656336
100157674
990984244
718472652
957344474
509336844
379437624
255792703
943174769
553879295
112310516
628647697
520651492
533994568
313997724
845820883
872892071
527434530
492111180
409806488
351318117
627613935
693360665
358695667
780906438
607266534
950679448
777648437
444961446
39026121
259633464
42162931
724421809
773980892
597962555
319686355
290396788
391537150
731616232
939706557
165238309
864525429
297476145
81869793
48135
792316648
917060878
202335516
46579907
697363951
887128820
795744206
610761913
980987954
656437306
712136014
364127208
791417026
830422149
868830152
230898582
353077767
880286947
486737827
572128063
105242375
280975183
561734319
315336041
130586128
43442703
945256448
630179807
771937483
463167081
310258744
252620072
993411599
596754829
458687104
461361580
360148505
416291226
135404247
202735974
938914896
379804618
441603560
132155573
559007583
308482834
579546581
705163818
270121596
750787278
169607152
587998204
30879109
85977426
668060280
143198872
85222746
328503379
176306138
469961653
25736241
250910341
72064429
432483978
854698906
409693304
424878485
894217995
455995051
622134776
849095204
859068677
378298956
397394292
154447702
512063028
725363574
398283057
423341042
247743270
422666241
675247777
860334235
862728750
668535296
260868011
78611354
69707485
333486963
561973382
67190658
422303645
235353022
640895120
956357800
246715699
54638810
293468954
946500242
425926500
431592286
11106766
206599216
678753327
157877806
638934520
281128227
138498559
240502537
693713186
90849525
409810438
903973307
137786117
763603154
465215225
933081186
123588855
739178648
921910268
699026004
933374769
718692418
802605318
722703535
993181179
644735812
242013096
196561303
60105400
458426912
439367428
411898884
475094490
378910190
764588594
429980265
834577963
92715906
47501986
284755144
135644121
410193901
553694011
59391874
413031383
4482474
27223581
178744965
304578562
788731824
9638892
820675192
702548779
548902306
304160776
631125658
7228762
379262320
397931758
754875625
692126803
256068658
92649236
590236196
790152244
830021073
866410325
305668548
380989334
639199489
514889765
298458721
561900774
687579770
103704185
779635997
510466156
711702424
456989820
381762687
535307994
410148741
248171394
742507128
251189339
428965825
17617426
570147559
934528426
875174664
185312718
286694979
841456914
57591821
923310077
462771327
87499205
260705107
504678355
590780920
775511527
365217053
601971057
291124655
932527030
857303993
602199256
464498176
362865797
439672843
30974865
550974033
346639935
517515085
424145434
428132025
692797579
755961525
888605556
421290944
787873466
880949538
151852090
193167130
617814800
593742890
41903676
853658992
497621347
957304429
400781253
671494585
489397533
468037748
835758832
486316373
348398913
290811735
149429477
751571373
969750734
645560322
642379059
881638350
214014922
613048445
655581786
708748573
312099547
568777463
215245271
65250511
81582186
49107931
960414842
771986786
345716018
53206092
364048671
780056661
955822936
527755980
319028056
746292749
407280543
457963542
994656367
751384923
883230885
919529269
564523727
635711215
828011973
970063805
409147381
314702325
449039682
174079727
976406082
624678959
110098406
274580158
730439421
415327021
112582496
819550931
396108272
837526120
109248848
117222425
449466367
946066529
468274269
966251703
564698206
432355884
575882461
16931226
498340652
736568419
619710033
929686269
108588286
162395472
395397000
684103372
926650561
248214010
264673279
600094742
107282519
897596149
786408573
529497766
411590871
483746609
976521861
743998404
50083300
824781180
478767526
119781785
343251345
538840547
9474081
615727702
471406701
432683430
967321562
965133777
690823212
237288151
848224484
669293043
502747016
615399860
805438144
526415585
938213387
435165840
397437781
265249331
967886920
924113027
802055213
624592023
64050089
467865177
642228847
674036558
18562073
108026219
315538948
40401065
807955343
649994394
51262262
621518632
812504700
124032190
69049908
589717751
434025505
958634466
543874518
994810015
729878886
984878228
753563787
185500941
310190948
418938783
241698708
134929126
525885578
155964843
169595548
409888872
657867682
37465651
984994581
182977038
686901435
31168585
713293933
164766170
624765972
850520519
970967224
204597717
456666732
170727292
824263977
244250478
795246574
718514922
286015586
246454267
840909896
213484752
714775139
467987367
956189919
26251331
411404400
979011413
798384979
788523262
743336399
258850743
231963983
519304590
749337148
93845
771161297
309887494
843814053
902568036
277969310
3170587
247485528
11517767
348395095
278099926
108194666
475778985
411017370
636945964
667388389
473133458
561213608
675618137
977833798
952086826
666733201
939927763
743669526
326802450
360855681
526679514
987780751
281046870
903251443
14823841
222390293
98821788
551845091
795368035
133295507
763996307
510164748
843707497
504401704
715474289
669170415
555040579
890228945
796228504
207688355
318955242
801747106
52391569
393295620
736170028
514977254
254467977
885427512
167767748
166634616
45594655
910949315
858798458
136347160
995324232
849835615
356840782
747587055
129187664
55022977
297933502
110882964
388430448
54875610
428204555
983314397
558602855
912369827
823428245
846164692
858448368
170558907
603334271
894457785
619571422
672693416
732186168
750813273
132039801
933059511
426452383
90095585
465709360
13187887
489802080
523584406
954427202
372923259
891422857
680077168
270385751
381337843
34085615
35978127
897557822
872601559
65511876
499807509
832478014
180902612
789497270
301330790
563811491
125007838
341071815
660683869
406681214
619276908
605990833
1352584
1116773
537111228
672205037
641319201
206153696
259257205
892777345
944010403
989252045
983627223
352448044
287518761
332476859
257591750
290539771
200604674
33279117
830080406
250402878
771526361
804002717
181384535
796020394
110275285
351350365
56903588
738676011
633677063
473347528
497136958
307771734
71941327
881854084
858904903
867207661
865262907
825596212
244223280
973796235
964926611
964948426
752791908
798368881
189383737
347354593
949640107
305034857
631829036
232238999
662523194
73801213
546208527
533777824
727083366
904962255
814000030
421583185
638232691
459502715
30
347258008
341960432
290313708
850252561
822322926
748781273
606574755
14931906
814792236
342605893
2381144
86089089
104307334
930728914
300758546
620498092
448734307
399955714
711792225
354992707
442771259
352769309
18970706
68642915
478530372
959921643
624629920
704526878
515383685
900465949
78082007
464291224
870279005
222119530
157366079
929098444
674582586
184042837
946946572
4908374
733186480
297135112
654179005
402748210
576432086
22961453
162110508
903164255
523966658
994216550
682472230
30827634
656505766
583813350
230486384
508164667
925219259
727373193
677265310
482306410
478028004
854261144
633970965
932966516
225424102
833344631
683617061
825459094
749829582
432759459
534683209
491616488
846724624
494240889
397927942
121618242
689815130
566515894
133015109
112958888
838507887
428885695
972377957
501624437
208105650
407798442
53744522
720304857
940254541
309380980
202447227
4881898
137711684
454022601
775308196
3379632
297318734
536385982
517266836
228660472
487350758
595314327
418089335
351783912
393983672
330593779
539933481
683209111
820965046
173291081
630236833
832268038
440295908
307815303
414390758
126752993
313893002
318934387
389480884
476130448
923026673
861430302
844519770
510603977
694170460
338252049
952629701
659656385
878318380
656251273
609814058
356539020
314506000
794416599
866360885
532043295
667379820
754875625
247034584
946434928
624962713
975669821
103209567
300363936
632998144
113095719
789306299
373120386
184325394
386517974
419653989
248012739
944127180
74492616
323286050
962507085
57265223
170533650
996080733
731468968
313316025
588655922
552529383
721310216
775866490
124622563
427001706
210709347
849639073
47131375
974512870
897124569
276631190
595435770
907086878
167009798
257348231
11993680
296675714
720741687
450950239
784559972
209898265
127335512
928047126
377945818
577700640
770633396
43823863
109333212
705317865
264601165
723907364
686901180
373608594
72064429
74660580
87511384
807509944
291928637
338357629
723727933
653271773
768404448
277941560
621602382
404240957
159686403
547713134
787719783
745688258
417226922
927355643
566534785
107952058
607376170
353699932
10332391
324668297
805259881
835771613
655022015
591109620
645668046
160178652
503785340
888262089
746610179
858070848
633022712
801685047
755884903
10569724
405652317
967504780
373364135
866868806
61690307
811276638
684317181
467335966
560770922
809417470
93291063
83648594
844524652
138112013
544168797
79486895
983758884
486335806
813041983
726032775
549463948
72776685
625775050
796897707
900464623
658557857
164861704
587618193
390948994
506316858
860237420
621325855
617440555
71439497
582376779
689502411
381167712
185050043
442785245
723727933
867336340
927868172
209102187
445039554
608071403
687134847
222243740
3874877
137761903
4651477
406974116
187135858
671668902
223329634
431438200
190063950
157855584
952911231
436313430
443141693
196023957
635689577
294985426
88069716
80868097
680866265
247941659
477918648
914580747
120619664
318385587
809434575
153112627
364329030
175909251
645944503
211168357
984704886
762244914
368902677
80195093
594044621
231019564
565583547
923858356
347112719
610179468
84850493
218096971
445239162
277469474
936802716
406027565
59529307
509357366
603621467
810119529
862067327
68706796
745179996
550984343
878339967
985562335
301686109
442055106
266101957
253943495
482824231
500050688
731724967
764036827
670300140
367576927
413764295
81693815
332884675
585422901
896228746
880565574
402291275
9248992
266166851
352625
24127085
770135815
206449159
458575813
72607826
877521282
816401444
894520668
401521543
951123167
259850091
793161242
695313024
260667784
494567003
252970242
537428020
101219962
134890893
170379068
627805431
433710543
43312618
969986646
177147407
334803631
468658249
175473975
603137802
632264442
253246477
705703821
511485003
529946431
798305070
116404224
465217590
692696480
128862220
978420969
955763246
390954084
725538730
877818509
586794551
46245167
771295783
923095239
326367830
445483786
988351996
475695853
610415060
268115536
163321514
671226551
360262946
594414287
777376000
712286025
939352531
654730458
339540723
693663002
602133249
196526845
887714230
757589847
801320425
521379718
576375057
78513778
234354085
50660824
5122185
120728324
257321356
956357800
22424438
882529624
232128461
245780546
240277963
962280408
689715622
814792236
424504869
195831620
48249153
109802792
869816251
40547676
56872858
532628770
465145944
832801829
713359401
978718583
583371636
36902589
62309984
944965922
405786122
683348788
410165219
665891004
77666500
817797792
602204629
350147124
830176503
185290273
469871555
638325986
139806380
956189508
470032813
204149675
390213325
53009294
817585361
672535477
621528523
127699572
537965695
453522506
919849214
387504531
263810351
976520855
550208290
246808711
252470059
700154033
172073345
112115560
705668142
41225
577801276
734070007
128296292
270036716
383502501
687881052
94026932
610405745
786946656
572817083
570510239
999701611
617014941
388001121
223222345
156057314
555374000
418136284
812437043
92950776
219679894
681146944
346804653
18006000
786774375
27933186
984445521
884051016
932918262
843995273
390282477
715997604
548166515
588217622
332988294
472637903
679359228
946906572
610599717
942453833
334149844
541656144
20904535
154867509
243158818
196897308
959912132
979968279
308985135
561508063
167439644
230242817
229796157
789157681
486284725
893490922
558784734
968343586
323535770
30699407
127107190
462471731
315768379
384461954
961669412
958949008
625497886
672912936
529221236
174468872
529205383
882179191
693917237
77149063
675411485
913106737
559923527
669713634
696738643
706067070
939636467
670664906
195890973
966225170
443304723
590967533
545639800
498728006
274566088
354731577
201888322
812894106
200609150
517600077
86353603
907723457
906546204
219131225
352172205
685105982
154601940
928972204
338380811
396897403
815723777
793158634
488531566
827061139
865986392
555287629
924392189
266492820
868716508
380959054
100596658
763117006
692656469
55650347
114044898
626806857
46456197
551317949
420150913
5713674
582273202
635564276
383809343
322283618
443998462
308485611
993946022
849307270
862613128
597492302
548276497
306519117
967389777
269131467
661342619
157606893
800147684
404993687
248835998
7880165
939594782
70512263
178614507
740543944
459700609
931944678
249357693
278413228
985663944
448520746
473976806
908609844
931357679
304756501
736254663
444597960
921744724
735930805
248927214
747181743
755532892
148677778
725079438
539261280
588196077
384566740
775584134
728060873
225326005
506754947
584730191
56799041
843004423
737923623
950817184
971704821
383550062
399676122
160100737
742212290
84250775
564594644
481211022
732404673
301507525
503144668
6899539
909315398
435927454
613245038
616100759
198804454
388206511
228573635
564535280
929918370
581502165
399609305
705884698
738350119
808275532
61587036
460091992
122043107
528552043
308253115
267814775
852481605
835055147
132198433
473782084
524645025
400540794
811644236
42088303
352810628
55450158
491221792
635976132
18308948
750879508
648747245
570925597
233824382
626805786
221114450
373921165
102311059
292828700
439601499
185875783
349293717
300113874
557749371
720367141
195832671
835425959
857555411
204416363
548094326
205392193
62234907
25601151
66390995
555356718
255417032
461295788
761455600
430458587
721119260
722961179
838124688
230093623
57325524
70129328
218755226
406328141
741493678
855924398
170611286
677695090
289699315
691656037
183529381
192636307
274285863
375930469
695922991
464692558
903610861
155991273
594339154
189814476
531569006
438282208
480944009
244618914
807021933
148600529
667685810
619336943
376766854
912024447
854184251
924170160
250236496
984770479
204288510
106763516
575030706
650633766
256841394
301292185
356540845
988916221
51601208
540264178
11463759
52605355
627805431
152861176
843028832
772733265
946635129
604000844
308290669
586576814
886170220
323945032
172585845
295100436
65815223
389209016
791549084
534158988
536485097
302665071
924181280
450002337
528424992
94105289
573617245
174051398
552801604
146186424
715653419
206311651
123932910
594311043
921092024
786870007
835657125
680612137
894519748
718391143
379668083
75495034
736022662
313506887
420980411
493275
660926299
733147184
845611733
718417153
300323729
589503646
837217993
72004598
568706928
56856844
471329377
99508027
169967054
513199946
450912292
148680685
473589894
406515754
524754816
85222746
407071318
561541971
944792699
258192599
778379417
2211025
834714127
513501188
860042148
714385708
871147794
767759331
161221580
837500608
748745300
718834702
900399794
843804008
19133910
901572635
100720795
39506245
503444618
150303880
582963373
380506470
68633567
776101457
339465438
453044882
861873633
966659701
533554482
967378429
542354305
196254813
924735866
57751960
644782286
827310957
980088518
24073738
206236456
389852617
266789300
636930075
354599369
204055584
857437751
333974949
553570085
769767609
464690814
898454013
148913709
620272988
735470623
313531860
223278687
569830093
126766453
92989552
950225808
797568307
946442786
951251573
457355128
877708070
240620719
300525565
644148471
284790370
520327843
67087951
902973754
849270830
676186751
505018665
29343766
482995031
527682770
855936299
362580421
78313204
590670914
554674716
337502194
25941950
124631353
56611564
628792927
758737043
141775975
557510099
855449359
487515379
119937646
914986709
539781037
149437838
647970960
966090975
810207194
258220470
228652989
190739390
637315852
733744773
296984073
786946656
156825011
43222970
9480244
346212962
952924483
62831736
566259831
714307541
472953057
148591909
724183800
72739042
695650311
422980066
573945201
703737885
338950432
50268792
67153023
982020745
919988332
815777500
195976334
247178837
401177487
811991327
663693996
203372474
320563488
950333894
253018474
441702898
105337723
845002200
975238820
864358786
202050370
878564476
859492786
655320255
654720391
634900431
176256112
851796142
22882207
451012928
693729642
606614948
230392288
705067914
30339728
568317530
162812353
100132870
252186886
399777137
86115342
381198763
334717950
130625087
176709608
111706191
280414454
440359566
326689004
577323301
956834001
447977701
861290146
511184709
169596276
60552802
581349035
295044827
374056295
283869094
311025910
717383805
337327567
871935386
561675690
578442681
427866251
463802967
498337716
223526670
186432216
931978510
88832164
683375848
122279595
577585171
140455715
205007520
743333292
172978852
570989408
953849905
133521067
669089265
948245657
320813367
88088341
506967881
194146904
442987573
259795062
216255645
355764378
586083611
764813353
692851410
752801996
669824950
660454307
872242062
907171251
592165971
223005902
621277300
925210595
769909570
396434244
419147894
811547828
200356219
240828255
159814763
705896429
620633461
744612134
796405500
611006011
881062522
681382305
248765370
583320524
190254777
798012017
650860604
686793028
703004742
202674992
383721677
462106621
786451621
904406706
672308624
891363366
930728914
755654770
155926625
673929626
282796228
181388003
613516696
421015974
33879100
255994850
371329693
217002289
878209442
800604825
489432930
155505661
775308196
476116565
715567012
803201983
947480042
681624153
87394087
308699373
173746386
19133910
104514300
191558610
57879208
155568859
948452817
254747569
589730914
666804198
311101008
976315549
647706709
40322089
187322056
96126403
338717052
618543823
831756065
429969284
889514847
670517577
870088434
29438245
366317699
897253371
771784964
743469518
585987429
685658773
515718552
805527292
702767591
539557870
107506478
286470071
599015997
578105075
944089929
48016674
474071209
390012683
520123298
390251760
759326875
857714274
91792736
721462174
893429332
392377578
436456992
706615500
442214952
284968165
78281280
863428090
375744254
336245186
698102412
533515555
885777351
318149577
177239659
417124556
781255364
833820038
836606707
391146049
11635915
819155157
293840645
370448913
179012832
879404816
477179493
45375149
875591075
8505742
9730817
863473256
428226315
998856116
575040293
265217148
429562712
638286195
532630901
724159939
823701393
372352070
53910861
604488780
483821896
233465284
199328857
141496475
94556684
175519165
305812475
76649912
91285260
158958672
761652611
447383240
493958370
993124884
963944469
335364522
758333699
35651070
599948492
89144704
327526550
827497066
196526845
668989299
845805245
929345321
210492951
366193790
860169619
106023052
819641895
573207636
20247424
154400283
989746101
372165767
895695312
312886569
143651825
539351086
532144200
756849293
542195127
897860466
420296064
419765532
518112316
713850372
98758848
304341926
369772936
555528965
581270926
952126274
124318246
276915750
816644876
19193425
665157906
326119331
224435267
816059373
748316491
664074724
952243902
284754000
928842245
944747359
390832177
821418581
202214805
755429257
564631997
142828703
804754338
147229631
441899355
227944979
869487905
302918420
520850186
780670447
182463526
663819921
272800099
158625223
832381801
544807418
554149875
377390440
657867682
155575823
468114560
470032813
696128508
919968752
284161841
198489427
476138182
335880
32529197
988473540
765566366
527705422
678486794
245920204
982168674
746214580
152612884
554566515
111664951
387363078
272176299
393508045
684278667
605269067
653596756
559899895
760509462
482249970
491240846
181708106
334659854
211090632
622731151
293228342
318750668
900697986
338134415
8634523
303248890
867341851
585545432
138726378
9929243
879874413
59545007
129155381
948853574
590487216
18796379
18040915
679213268
100285999
749290296
725304882
925915487
381891772
737725365
916242472
440599606
980236020
188011181
426591600
10975161
952328830
98221637
369363452
624460418
954630857
780877796
895074309
233587878
215139159
971775610
981513007
348271853
563384068
383509839
610255597
732367290
237579364
635123609
618331285
692373125
774035987
369463752
120981020
169321989
381337843
970133919
990774117
446232123
120235301
616201117
803922431
539028409
790241268
986908558
584787403
42368491
320831184
448073653
622436655
194391175
385851776
209134032
44649252
235183090
315688637
310762906
321736171
535275854
207451529
42695489
473626902
977069820
215906546
652809276
485559287
744269105
335993920
143090426
402748210
753503693
630753899
34745317
998572386
695129550
257470433
200436860
108821769
184244959
319443427
525480779
309906378
859080234
427378961
768665347
384015352
70718896
398658876
635026578
758210481
600642951
736073494
20253637
18098345
637811295
787997398
139434578
776062387
680805177
276810176
379478939
476649203
192686384
888621677
471072083
986978891
823636134
893225702
836780498
597593557
79492643
589968691
62988228
672766980
106121526
630090559
493576664
64377869
302756146
420756437
504189641
481778248
932251450
433223953
679440393
625473486
798263791
300579595
822839217
610727624
494889932
924599747
578488338
363188524
205122917
233824382
714971310
167033404
936106292
757913436
379665421
935523675
375450532
631756603
257519671
762676101
311016499
611281619
734855228
184699003
931340720
98826153
608104583
953547189
597425946
123648380
410165219
313357411
505520097
424549046
374786557
788383042
712177715
139459057
964754622
785885486
534790565
143476558
657247878
458219303
231480928
984531675
143780493
943202875
455457942
315594916
770553399
662450780
349989172
787228311
70547023
237147708
893916628
513093558
593283623
879109162
34043463
660075614
185662994
835402606
838601192
734750231
638666865
769280915
193452394
72245705
799436780
901581603
263099185
627563971
823107012
151879179
34199956
431763008
129631315
239825640
961911056
696500658
959379891
18599172
383968752
903916007
695636606
745078028
746832982
200177173
648211622
881149645
786088384
66837422
235309187
976236241
231567979
362315868
565462334
262962291
736862149
407017847
13121510
240286665
158928027
293847105
385306745
979248804
396715642
655573170
690329984
103275619
123820351
262308097
172719645
5790613
356407603
812700016
530750926
177759485
765140654
187542912
655184614
495329221
955218869
267056079
897620154
296369766
430333296
382289452
371894184
576867187
967003780
293402556
339998247
48907346
533184918
788608461
474685486
440730260
879105769
986967763
552570236
51156515
777654958
884593780
705063189
484719268
773404199
661408579
208514999
702029158
736798521
196827281
487144518
764624090
818896071
540908051
839341262
300698187
542873647
680148186
836603138
547412593
390685971
765931404
197840955
815144873
37763182
951186908
252981847
888496989
685779974
433413048
525331554
358379809
297708647
866866589
38998295
435022722
979709335
551312650
214210436
63980687
345020391
855552247
378319114
982976783
614269084
125670609
617475393
755975682
50718516
733773493
992363668
672651894
954318236
560331466
391223616
460684447
867100833
856879673
773092795
748067786
467996488
565168253
552080802
998523117
713365025
101762702
411790657
44503175
527977970
742217149
175320022
761125328
537536765
155207273
603227413
440668004
206309166
978256532
750459929
882766678
82837324
363346799
218698951
269387607
931733683
858245863
179659568
767553722
883806204
502056812
378403865
998534532
77905362
621428549
996145848
69338282
784263766
824398003
988176943
382029021
812983751
336823873
585610950
426419052
653634687
502811501
25808208
705243744
114043687
677264146
923662653
308879989
245181374
132014746
283371255
87834263
723271541
637435155
978143997
293811058
387807096
823673546
783417331
862662566
111364845
845333491
454784635
761971375
968924491
489122917
209016002
839357205
765088365
368723260
861743741
334793320
611625409
282022299
41812616
188536911
859940096
157727869
781530293
889291103
857303993
344640262
185066267
738584178
427955492
256318747
966896192
391288841
775424475
48898623
452558028
22986198
136125763
527347389
195720157
410963329
127625336
566692666
669018551
112753964
344301895
854728236
969955551
554801741
606058207
193583199
31473705
692522766
674822557
236298910
252836553
945556613
64584252
913202733
837007642
793576478
785660787
783537964
939261545
517768181
988597240
200264491
310574676
776138926
537535801
523122677
2440353
234455270
33769734
800737525
234890277
281732785
926580429
78314095
159298024
162112312
233319207
656773532
275494012
900587101
846640943
55981420
538862238
772576009
816623265
797785290
29862120
932527030
168038745
719059405
540596170
313427729
632565162
9294618
699912196
612643979
88156036
864006416
970467334
268309360
217318355
485973479
813043975
662116490
883332189
970740342
170778079
374891025
186974745
798615988
301498310
701601845
738244099
120643649
25860741
750936381
792316648
435086465
70551803
981756097
730861128
430051576
50083300
713730205
928157755
375578511
346595644
717944042
843276649
595638363
383969044
345900273
988492025
655652963
268959502
124622563
201529108
418431885
850957785
843265054
592146214
999776889
254663032
641352095
141939689
438097789
945576001
790907990
810273385
6255
300698187
984529278
845599614
112214269
365787980
979270001
338139779
133912327
717511498
761303482
790397037
183529381
662068203
63971594
309469038
146655865
343343376
606739411
461486581
680637247
669727710
123822950
953948429
194603986
26556580
355330734
894141587
678022675
18517486
227085182
383196634
114526845
399454959
313009747
702188762
182944619
613202599
30898454
713301926
352077365
566128710
665891004
940203085
94759101
353697397
214576108
470348921
936100235
671021386
298996090
830975726
781545702
806694671
868996548
761687998
336228607
324633799
568578117
64096677
827111591
150129853
843011655
313403604
847166669
46546187
219334396
409966379
868500111
849092467
491045643
398031
54702542
179314155
372729175
754325843
560236483
136087439
113126757
984515376
615751594
39266206
182212224
324936142
721323882
546303118
72939201
422191440
531521686
687996143
335178451
165160003
672604136
367695542
606696805
103079833
491650514
903164255
780808692
996362885
108545685
250745947
339706283
211603855
189471856
276456218
797815715
332269597
906839329
863425926
153642198
635969760
329357866
497600673
33152458
318727361
667332265
968478545
267413257
107953203
753274421
911429903
891979640
887919838
57304775
433686279
132302187
491148489
163796350
15704660
97328580
768949361
480112587
542825574
305575981
951981822
415320899
365
507818602
147044473
531871518
112374945
578491202
874690208
789125552
446884162
107529649
337715304
367540583
725130465
710356081
205045507
577892541
844150584
997672616
995351255
881791338
88849530
853658992
927710088
181881391
334162916
894871081
719018720
341483951
745764617
118307639
229074574
837847028
33810032
671832924
878690118
923579960
843030181
980350143
860554979
291101119
186688631
628147220
89480740
122924942
176601670
943543667
58763382
731462124
714769156
411919057
791375911
875348654
829513514
5205724
909582548
100366240
378175938
868423697
40218626
255371407
167918802
591645642
677164933
99823719
54134690
736451559
77289242
644517184
742545804
702629227
114060074
889857450
507408893
652013782
405557519
976729360
845232360
600538703
540887333
291094463
68982539
630927247
330610218
49311272
315389590
292663177
612458452
294901001
875930289
358321675
40879062
274778030
522685211
782339361
734585567
619232550
836653110
433527254
93585101
232715266
361270358
973257791
750108455
47293936
947500462
354243414
472179337
889251062
537378850
351982495
346172341
858966191
661940399
158541060
667292946
720372238
758413465
60244563
133215587
785098393
385301746
154848664
65665992
797598004
111925023
600194400
396480999
527915541
137268032
488073249
404451571
82388916
291948431
547804495
39376650
961958811
190271741
726532799
274948832
713060161
840858675
254776801
253733023
602939333
288251605
534597509
401247303
694791973
972998830
259274911
897620154
857050811
477514370
925750323
998640550
98628719
216187565
649777984
274444782
318044528
446883484
434480433
838642037
841900538
781950227
404328867
847620259
791679155
194041912
527041188
222417848
951537240
800412247
965181385
950633219
620417645
477776279
107944503
580076577
343247858
86728746
428474329
660380955
169835633
730468216
991008349
951397702
290740762
693733626
215426460
451594001
670429073
638768560
218121288
203308416
279931075
214368390
794553319
506638181
632793354
526487384
969793032
979731654
567507012
676713828
379783897
201192179
38164148
842107090
276598694
406235137
789468002
266541410
627939474
950333894
124687885
810822803
533793024
381700083
179170764
995600648
585780576
765974945
488754303
326376298
254657371
463155064
531976443
836979425
845599614
351451220
599334988
292698982
45601287
791259741
923837697
524771975
455706819
436701475
148632581
559243599
582029259
913516861
521946108
629899004
820762369
581420482
786408573
374050133
975257101
866294801
691907985
577077594
779089895
761158178
330057014
48611290
396078519
394980370
76745080
124081030
565029155
446226526
434029335
391014051
162454304
385467873
298555616
916298446
581515601
893575258
799447775
901394220
392832309
114273638
12474096
213238682
721190684
449369610
613125124
48629983
56735940
300371569
991247653
842297053
790122554
934425263
729693081
89279817
685143940
106988613
159696167
506593571
58120850
324112365
907558943
451165473
441739853
692637111
284332883
686209289
75151581
667461222
390102514
632929195
429442336
82228734
353778865
202253416
338248247
517753424
226983793
761311553
11699666
585605592
214475401
228785635
4895988
892694520
660974078
930791309
531365186
375821373
486737827
892733942
186683017
508161897
975721995
686493906
241275025
116131797
761158178
859694747
711841916
251809456
419330425
843800428
55646144
803858119
828665090
689502411
54835504
51986625
44148626
39038262
949056211
57224200
503976701
218256171
794391065
686398087
396078519
896018784
201851726
763152163
516356186
354182489
939421864
588626424
588914416
574405046
36303454
64638593
283716852
323682910
629554570
825598866
681109279
51551950
124489987
394463906
754771537
280055455
893679647
196048116
83309580
439764706
406681214
456747069
144269193
330095774
139176712
603561264
853107177
446682385
626598272
246475090
838193411
45631818
812943333
579911383
41701265
562099505
653869821
81411980
280279110
101526214
166766009
5703919
23550960
742739392
266290433
288228924
803624384
989104273
549227486
901805340
126614839
228467066
577538099
433087002
875224730
124311520
83632595
717232797
322115828
0
401564032
639112815
735093441
910929496
368160110
525726771
561750399
97958851
349862594
632199223
834480021
20904691
269478622
137268032
41742652
871817306
52927069
686891652
996396054
320942839
583331658
373395752
485173266
446574745
557310890
806012167
107065923
379286617
806827954
695153056
40639021
423987198
409806488
510323808
109191533
773612791
911702717
240456927
123957632
916629750
822554814
127016974
452925097
623941200
618778273
913294359
811701545
546553693
859319640
252746926
444300470
347766345
47501962
81300321
124386584
127823797
89872530
459021089
183159371
547227261
414718341
2192956
778705455
569558343
577355333
688766538
89807823
941051156
847955831
582347002
798470597
436725187
501132411
135181398
557212818
950573109
978088115
418346982
575956951
96303943
949579998
692094863
68203423
170787910
185857764
64094277
782600179
425298370
37753971
852602624
388055947
634041604
493286858
156324253
429519735
944680923
580151880
203879503
464124576
828500732
401538820
893105016
775985830
238775739
836711826
637513280
504340498
620881698
156209306
712075553
889105533
984360746
321186042
605984807
96361927
554019793
367426009
390656971
167732953
762745696
431090187
699541292
389472320
786580172
308431787
235687385
722860178
668032463
93514065
90001092
125323499
752385656
603007423
669119986
823535951
41625630
753629999
428046604
12573028
69931863
894179516
186642560
472683659
650521237
976007156
998961348
17487284
887085853
433444719
628204745
453253261
447088458
79677418
699178184
716920590
849956352
343961957
873671894
933263539
33672221
117321871
956196700
79931491
135115450
109533339
227848954
759405979
669453387
625647798
901685250
489176364
994711416
447599238
854930801
444616135
329058491
657673935
669143175
460204746
227476857
275887122
612505201
29941292
616036061
869509789
736788246
788972401
613266451
436424992
450401461
662724974
786621464
517466407
936182865
308864077
21220213
422939830
891821089
599345981
698262749
487702961
38540964
92131453
990473685
187339833
132293735
194292535
510494096
640791296
908101765
671203838
454353876
32097448
148383294
607989486
71947775
929847304
578332809
193190771
450564729
344959029
844900703
176383538
42983007
171972369
973126201
169447303
32316255
512827999
339197792
690935457
886647909
907094372
396213755
996538731
420906521
969809161
862285824
417634159
342235543
715280865
834933651
188421654
293143293
862522697
791031951
809232847
98240094
36148881
469531972
178334628
177036261
685342123
632029753
66770386
885093141
19241606
380103025
903937639
251502814
432653696
476371974
536156457
10835
925350379
778562685
388160864
295595964
289219208
291282108
464984005
367574302
610487965
46588116
607979601
145672459
674842211
373616960
216105651
994738101
860512489
267865973
249249098
881986910
747940937
644702523
300323729
268522441
258301472
885380332
71071677
865064055
395155967
953610343
968017557
991107550
956305189
103234843
234430224
730289324
187759099
242401108
649975652
627672042
141238277
721845095
805588110
916918694
354375528
572183719
749292114
157208154
346981103
812327639
364126653
942918211
682586122
549981611
498771918
552429369
391241046
604507495
199125912
264071185
767759331
243270472
717113562
595243551
454428800
953459767
251462091
996489427
986943822
882391106
153631988
56564410
629796456
566246148
740336236
329743257
991126196
677653291
321335528
952541206
764254100
505342179
504413083
180419856
722175684
841996092
430908181
194996893
856061909
76702404
573619025
544967515
450724958
422117379
566142016
510574397
203118704
325834699
193388445
409490520
248227842
918101993
908765461
193947658
517547364
258207303
177414644
441718421
970532189
61786549
731373896
515574052
538120954
348478389
979127798
692377358
125387123
715842212
70295927
494520014
48302900
365180331
855840571
389687437
17034767
313258870
129080986
87073534
216284435
163765856
75938178
495695309
818169190
843276649
653361194
728339345
669439548
582652533
500740820
32257539
671723164
767696784
617837828
113179145
168195110
304538012
935736291
665813558
298428344
396575746
869252531
946703691
589113691
83431941
724445503
3358955
481198154
859686657
317543835
741114706
649500397
501790489
739193952
613180178
55506714
981838806
287099578
334976537
416551792
65835808
951227940
782818129
413678104
882662657
490129868
630056739
157595293
898019721
473653581
39666426
716919182
919288664
213962049
796462193
712025668
518519196
147164415
192525904
976215254
451823559
288079668
219660348
681367721
196897308
703750167
662169813
450771132
435552553
486514586
13247920
634715267
583529961
765840509
341581850
101879426
580305528
189267530
628891110
671993042
49425435
227260557
864119243
930677548
625764089
875852009
187782278
348848515
471952751
421998932
254159953
443551735
77067232
146490571
43554444
166698603
32260709
937785358
993013830
617609388
661408579
326495185
812918866
521640207
714301839
403059726
46556463
621512790
880198583
387524084
90524827
289954912
540629844
627310091
532247116
394539577
551011485
455714137
430226376
907495394
965292241
621425379
398338840
36681305
979243556
319030568
125242995
224274293
