300181 4083
1 300181
1 4083
4083 300181
10496 153180
174046 287170
39014 55695
62581 89112
209357 210345
118259 245168
164995 232169
209166 256264
292936 293045
50912 55798
91354 171481
170225 279468
150950 288905
65451 75990
190940 208332
42802 288530
217498 276892
35727 270975
228758 243007
121369 193602
12791 55341
34545 246132
248821 269850
254248 263878
274598 277289
250826 289788
24053 119612
252966 294597
125612 285601
207343 281681
132107 184908
197816 253535
184801 230748
204452 277721
157647 164424
94431 135641
251182 289143
278672 285997
4024 205589
144131 163019
278154 295864
144373 161417
71112 179741
234954 245855
169586 269035
286237 299315
77832 190163
179095 290157
89596 289902
177008 259410
275638 281202
23414 157633
28025 185951
219247 287216
17753 109602
261774 293297
145174 219366
114457 189743
76500 179268
97884 102696
89789 216000
40056 175117
202512 298988
80482 257243
90387 294494
260956 277250
183995 296712
255225 279817
20367 38015
121220 251810
230058 279996
188533 283453
92869 289840
148954 243775
189165 217381
45878 286180
25363 257099
252995 272385
67647 207399
173118 242385
169566 206655
123185 209319
166710 203366
157533 183889
205486 260906
106587 160886
287491 295427
98856 235592
247306 289254
141473 277685
144813 206695
286104 286254
196841 208283
242187 279904
240210 258600
228381 266572
38725 148363
209507 288989
159927 177294
40593 216955
102098 198284
133298 277620
52947 98267
9367 226898
151341 158943
197230 238471
187249 299575
178234 248243
274440 274898
262762 296426
117673 201913
203445 219054
141837 161748
133490 207039
51467 289102
46188 69240
160209 178161
177212 242027
82315 187792
154317 278450
129847 165148
93673 169082
179981 256371
32945 183025
115738 256037
217183 253737
35218 219620
154002 222950
157869 260448
240865 254092
255200 290650
23253 126616
188955 269678
2762 80155
130665 135827
193064 274799
91080 284463
229380 242074
154787 298294
249683 257120
142346 223126
89450 213242
78716 257459
70802 151162
239793 285482
50829 65943
166218 259519
178876 263939
139881 215607
51242 226211
233232 278504
236301 285185
54892 192192
13914 34063
29092 173078
208838 224316
61700 241695
237508 283303
180244 216894
76210 154070
53837 224011
110161 191350
294307 295061
288590 294932
42744 118883
288163 293191
200536 287709
142223 199680
159733 260251
27471 294269
273247 295225
64240 213977
281506 294745
109709 275947
283533 295402
84694 286614
210008 253802
63672 253004
120959 219535
249869 264510
179567 250582
247984 250893
209039 265829
82951 116154
185902 291329
36851 176630
130113 150806
135792 216044
147810 293799
133797 134382
290819 291620
175753 296939
209017 280892
163864 221343
51062 67516
100766 299131
220284 256285
176512 249565
125004 256716
110516 280655
175996 248980
28862 164894
110100 180938
211213 239530
9433 120000
253248 266403
185449 211157
102140 187475
86772 200799
121590 168493
265792 279483
89398 266161
164293 239087
115874 172628
193038 220381
132089 267130
104861 243301
110227 195233
204785 282477
49804 159957
166709 175335
142221 279300
191675 217724
243788 253232
260476 294965
196626 236052
146854 202541
298531 299940
84592 255856
53200 209323
19674 173197
237985 262716
56281 75471
116715 235578
131326 160766
229816 255210
286365 299608
22658 154303
147558 148913
160664 288984
18396 104915
163607 220285
5172 229044
277938 295489
254743 283004
85534 243439
290769 291409
156591 231936
276059 285607
188297 223913
210467 270567
149599 194971
227023 251288
119170 272921
154630 189959
220001 267412
144348 248612
117656 218980
64289 162547
185671 274316
8633 126056
177193 192455
70319 247442
85053 162233
265188 267109
59094 239083
1103 293685
117287 215964
81115 275966
80030 174716
278116 278418
168184 242497
130396 282686
160115 185035
22270 218725
10055 122215
107907 237648
276056 297705
16188 212584
197113 206036
272405 279934
15212 128860
248098 290393
269101 272865
127354 220367
138205 193606
64748 282608
135361 295050
223135 294215
219734 237893
42020 127651
261032 262550
153746 157089
33230 37327
90446 205795
39491 163879
139271 245234
20270 116960
102872 107990
123614 143735
212056 248306
191261 274647
212697 268746
176011 294029
38072 115185
252710 274129
80238 231192
87766 219024
105059 174348
172078 276308
4847 259421
37332 101522
216546 246480
280212 280752
66318 210760
25938 130692
226975 246582
96020 194494
55402 81718
186274 229140
251497 268728
156700 247413
106042 270681
296274 297057
21829 298922
40523 78202
23578 31917
250596 270134
278057 286681
102210 225472
56825 256087
281369 296557
181325 204305
296930 298680
276384 293358
289904 290015
233429 283573
155553 255533
171526 182840
273584 289664
130556 160628
268744 296458
24663 223836
73647 227044
213661 238066
534 4960
52799 60968
15911 254216
199271 248776
236364 252411
64313 193464
232879 238208
216253 223141
168222 169428
163951 235677
164290 282911
92962 256512
6656 125009
128303 278425
286869 287308
41830 95202
264248 282501
90654 278039
185353 284973
1069 49246
100317 134506
56303 76258
17552 217500
34760 55718
114374 179225
127878 266501
214942 240386
101745 223379
174195 177795
123083 211153
84532 283795
177620 222111
60113 231808
190378 270985
25915 110970
228879 287760
145702 147776
149955 219988
195121 229310
119265 182510
148130 218778
236175 290065
259423 289218
117934 188076
144624 236480
88716 162352
21985 280719
206409 215077
201284 289812
294549 299722
4689 18280
124476 161158
122621 178261
64119 228646
12612 73532
50111 51571
186307 280010
299033 299686
248170 296963
73389 267402
14736 78065
258827 295448
64091 221868
267526 289061
137304 291868
235562 237546
36208 209309
284842 297741
129464 132304
215345 235507
108438 115026
29596 211937
102125 231789
117214 146412
170211 290639
122490 122709
4174 174049
200063 211879
27143 65397
257315 292165
80742 158779
15782 122373
14770 148981
297315 299444
284020 296774
246601 280776
282357 289860
215485 250502
198894 241880
210966 235081
48492 291640
179888 236766
298896 299202
252835 286371
203486 271186
259299 293045
35372 86213
196743 242585
195003 244096
23010 235366
152579 224541
293016 295767
45645 162558
298702 299603
135659 294724
73397 162131
269394 284151
39583 229512
227786 277628
149831 260254
117646 155456
220129 279061
88431 152425
264681 266578
75358 165914
43611 95433
144798 257680
270186 297394
218985 286271
112258 177952
60167 238034
125819 208454
29692 92246
153581 153917
291218 296292
185374 200294
193921 229270
143820 248675
193531 205701
257408 288993
263286 272164
33905 272171
214892 279170
76322 139661
127490 237220
72721 199783
55358 181328
229900 256755
79426 92449
184655 257097
275090 286920
53397 63076
97405 145589
270496 285663
94739 125480
101125 239762
149866 257056
80518 94754
157237 246933
296724 297392
295417 295622
1331 246150
250148 251859
141874 204529
114512 221206
203121 287614
279971 285913
98453 105928
262829 291764
55244 226460
57692 123532
294353 298912
131868 225584
127427 143430
68288 252067
85611 241795
182949 271842
41632 147318
29415 31255
2960 177521
3328 167087
10503 214269
152993 245666
293510 295961
97821 225726
76071 243564
78117 154065
234530 238914
225479 255886
142085 180832
267906 284015
51932 123447
150696 278877
118539 138138
114830 230810
111026 208764
183639 238818
262146 283047
48282 296349
144551 271835
238509 250049
87135 137426
207723 246347
181412 231600
173145 265093
57894 230021
210792 267849
192961 267942
59979 295865
31933 121025
228745 234212
120878 277895
6245 236809
253447 260783
246668 258434
76889 88989
74831 114065
129901 278187
266532 273337
223633 265759
13231 45589
261477 297161
144247 271817
151741 213717
196367 204527
292221 296684
175920 297958
169527 188870
27658 77100
276893 295356
187166 259128
100509 173166
83462 291496
10265 249175
33614 42883
260270 297735
208555 213863
152642 279844
266059 292567
13132 274505
262241 292815
297090 298468
218789 249976
125413 234549
197686 235952
158349 292258
271259 271978
268939 276113
254841 283728
42451 235250
275006 299836
180900 261864
126226 188371
139814 199010
128133 264638
91375 266938
74154 210575
281760 287801
122405 274099
162093 292924
68643 101653
184816 239979
44997 221415
261308 272867
260368 297855
134343 295170
283340 289442
75761 230472
163165 265929
165268 296987
273645 278890
147824 194420
177968 193854
45032 103921
200739 226143
126070 209703
34292 232841
196383 211679
43039 217781
59283 281529
140545 296499
73312 257301
296900 298799
155538 185553
174970 177871
296816 297415
24680 284737
131138 180012
39547 210787
219147 227965
289245 293374
15844 103903
53372 117418
49416 249955
242191 252667
104521 240130
88346 265581
125263 244355
171529 180750
39960 117920
63377 268818
72700 167740
251932 287064
266189 288990
14898 187004
112718 157929
79415 171306
140436 217906
86786 243799
240096 264475
267322 281228
208595 270456
243562 292521
165084 266878
54167 97733
67140 199560
154974 280385
176065 219003
55654 129998
15916 28851
278637 299278
191405 223788
129584 269119
182608 294566
255948 276781
251565 287170
290400 298394
266548 292698
253240 259506
221678 272802
260862 267023
113498 168040
146801 292765
15329 34182
125241 284072
203028 246856
297368 298495
127676 277784
101459 103216
295663 299780
286676 294290
88922 152302
96338 299094
294403 299167
254534 257907
165356 183406
20672 102658
37061 81052
220276 230503
282367 289364
292526 296973
261515 281493
231563 278914
229599 289550
209892 297189
127614 217515
146743 251002
2900 178392
47403 237765
53650 190441
133291 187791
109637 188106
189971 288565
235503 281637
246828 247446
297388 299306
132907 264933
205419 240065
255507 272930
89365 170880
41742 171844
22892 33267
230395 289125
183697 200097
5692 197944
161604 205206
9738 116602
84458 223763
245083 281400
155585 276898
247755 294726
109001 209204
4892 71911
159688 230373
177209 220207
224829 281556
210464 270343
202752 249757
258134 298650
278442 283165
17519 24339
218198 249012
207488 247510
96052 112975
67146 154758
65996 288897
129737 271599
18515 116440
231501 234983
222707 231617
114704 125183
142899 237910
44564 268601
202614 292078
31723 181658
146168 154579
151356 231635
163030 182244
228593 255070
134894 180447
32517 179943
211316 284857
41813 290524
207015 282225
262227 280118
89610 129659
242383 291459
3158 182437
78700 237370
151453 267805
229573 261577
254094 255246
291334 292963
213209 246523
252869 267763
154040 213097
5283 171313
202172 273771
160259 224830
126127 138009
195059 208353
58293 157915
161444 266408
111560 282588
180529 260798
299098 299966
89795 189670
29479 47809
72449 88039
166688 197159
46022 270566
27667 101409
230185 263036
174593 237502
198611 283334
171849 177999
51362 168931
230284 266064
147848 159844
126095 271839
252601 255473
143547 233336
68625 149947
137308 241535
199312 234324
272852 288131
6306 110826
9572 224448
119865 213343
222119 253149
99799 226419
235268 283126
208641 226479
134412 202824
192549 299040
245006 269555
163682 180176
6477 112102
152833 202140
169509 287517
83579 235197
226464 298766
274439 290457
208322 284485
203361 213817
45321 68492
244812 259928
40191 94360
101859 135200
205704 207267
169094 255385
152352 245035
165876 172889
288807 298855
38293 208871
92429 178354
277373 299189
159519 258610
237775 258095
265817 292178
91974 191796
34660 294846
246451 248665
59720 80940
227953 244443
188617 240910
27708 165116
152454 255574
228836 243584
197218 227352
132910 207574
84208 94410
62654 237697
103639 103827
129523 197712
101823 284511
239497 245979
71116 158548
18745 204430
267491 273448
233513 250926
286803 290318
263663 264835
57973 144676
68529 207624
135243 228424
233748 294412
271172 285749
277916 297954
93982 271487
4375 125322
46480 165657
245733 266451
148655 272785
62183 148153
270444 293576
252581 280428
37656 189546
163255 256915
174252 214684
237187 292096
75932 269720
25682 271081
117449 221697
273704 287688
88620 186357
199689 253076
95900 269561
51404 172080
33550 93481
77068 116631
295611 297905
63514 169852
84295 195763
152039 248647
128468 211683
239052 263139
203777 214987
209597 229020
11451 19220
219298 241931
94988 163448
94529 297757
149260 271798
258507 300152
139071 201280
5840 128713
239031 265992
268347 292573
90716 182128
269526 291957
190622 236768
236434 239180
264837 266209
242941 271110
129042 169770
225239 226553
94258 173338
115644 232836
193706 262077
116811 168175
123199 268998
181990 224140
300152 300171
96483 252832
15151 226225
107655 188846
96128 249818
202491 211307
198614 271547
175579 277484
51646 64101
83095 120540
257196 269136
259995 294881
286234 291649
208270 249793
79217 222064
202434 229770
187392 219950
248689 254995
200845 278225
164172 237625
162893 190669
32655 218450
283733 296759
176823 223097
155615 224305
48855 89550
278352 287131
66487 144526
152853 165112
9200 160005
209482 243062
142066 299256
50575 150916
83437 254059
180461 229450
230602 270653
2685 250087
261162 297660
215508 231034
177129 178773
30090 210639
233014 270662
143231 215913
107014 245343
269205 291282
228716 298977
88562 218147
237788 286166
258465 262403
194470 279086
257023 278658
201738 233180
123719 269447
278451 296168
134981 186722
213636 290443
239267 269731
18264 153783
133424 138321
97936 136646
45607 59949
14289 52112
217367 235596
29862 185070
201045 216679
125949 221398
214161 216173
25695 152528
102431 108979
265849 290131
196146 197324
199636 229094
48956 210807
260670 287443
285074 292634
13043 42090
55883 220511
166682 283192
188284 216061
122726 255660
172271 243457
67222 82742
199687 269937
239349 244834
250172 258570
112476 225539
145573 287455
230971 241020
245119 294095
218374 286806
222982 291251
134782 264425
291794 297636
198726 290151
211319 263746
116521 194967
37065 297737
244382 253115
14496 151901
48787 219761
252367 292711
223222 274344
25878 271524
276443 289759
178138 219260
84617 242541
170929 261410
2954 90001
88389 284431
213853 244925
135553 235343
17162 290054
58872 86334
72971 283991
209256 247523
102838 176139
180784 194307
67510 163765
176305 196856
170457 207822
231542 272770
251371 273459
58252 142255
13523 286253
82468 127931
192005 209688
295504 298785
51578 198297
85792 204474
115005 143545
130957 283834
286551 297905
88917 151538
236380 280022
163933 187066
7164 195656
105871 272772
21406 200092
126236 152526
132789 142110
233035 247838
56964 78338
234043 268493
81558 93668
203510 203583
235861 284005
28517 142945
293026 297939
287839 294661
38345 230764
84564 205919
200820 276110
144360 245496
174473 299499
239413 284979
30680 65374
132266 257955
23961 72987
92969 148467
204877 232974
35141 67475
258598 271091
209122 236260
706 228834
31870 280210
297465 298088
212244 273208
94169 230974
209139 256326
146340 246513
224095 228734
60200 181324
292416 299181
191302 258535
52228 232051
299696 299701
151173 258994
91637 270404
180363 232542
22534 51987
153876 161636
154489 231265
214769 278652
245998 246180
243343 287964
95900 124983
127017 292003
21980 93870
80945 185330
56536 57017
10803 51475
4581 18308
194014 198623
43964 263797
283204 298669
192664 246768
125292 135890
227368 274638
37405 253488
260024 268534
48342 74107
91687 244185
100267 234362
104529 263462
222496 232110
93615 135847
14726 116292
98619 286093
268072 273063
251004 254085
74070 289033
163929 172360
91665 122549
47151 68956
17360 141834
295419 297550
219767 256129
51179 268973
221 134303
83020 261090
199867 281296
12134 20090
93115 119727
96467 138146
197852 200513
75954 108487
123001 125074
3725 231972
268751 286475
296141 296804
95286 282347
210527 222330
128231 181907
52218 103490
19688 132380
33725 79970
237255 270420
138437 260298
47401 82423
227224 252397
123232 140219
221547 265348
242640 291273
268523 272390
34346 83978
174027 291799
85650 287770
83489 179939
269780 274515
234839 276350
239155 262009
147017 176938
25884 185123
74590 263574
217658 275822
223693 246626
254778 297721
154666 216536
210093 290795
130800 294447
232449 297589
251836 268221
225321 282734
88399 183590
151243 233799
179078 288216
94526 179273
123146 279836
191601 211463
293583 294673
215246 285069
174662 235046
167331 198802
14975 83163
134222 226554
6755 16778
272476 296502
243434 291341
36540 45250
65590 194212
41763 89833
72532 232859
108447 129238
271684 283045
285915 295301
253849 260138
105787 114865
223147 236277
83398 283005
105299 204176
176535 203805
26633 70216
82554 238921
238540 248463
101287 235321
226033 239203
181553 279342
16557 199905
265961 279035
105919 206637
108661 123547
22087 274490
194023 217623
256919 278375
293628 297344
149831 281492
149500 274864
129853 292533
216595 264801
11659 26935
98135 186603
191541 220454
9834 148442
285876 298811
163775 215431
62028 293502
268055 270427
200465 292844
111600 184198
100447 239715
248555 287016
233491 256688
219014 242019
60915 291857
296225 297877
192275 264397
231602 292025
163213 216424
120319 151912
267968 294993
293751 299185
221579 244798
123081 185407
201438 242924
262596 277726
2853 276214
249032 271214
45535 163555
245101 249542
82509 88702
7610 174562
51111 148811
218196 249094
133447 209905
25653 288248
265449 288368
243295 261447
264366 281864
94195 226325
266044 298635
199045 281851
95319 150341
276298 294899
87538 286971
172884 209297
140559 141775
190460 211352
38170 204391
139554 281182
299484 300150
289037 297464
179022 290679
210349 216419
136619 194363
257050 266120
272192 289815
37541 132730
132062 139439
161688 270624
110332 159390
121147 251759
9577 45261
84393 228133
229990 234113
13467 133304
74851 195860
159876 272000
151629 253401
51764 185091
151220 233136
129405 290786
137874 247879
299345 299858
194349 233078
80079 176530
201873 262853
10197 111799
47547 212425
110168 253820
218762 269532
1935 79285
222446 263697
11725 92847
125268 250926
51693 239383
26760 112826
18068 62240
194715 287164
154955 236778
226710 238295
294517 297080
265479 271926
88653 299858
175960 275276
86461 206236
243138 251464
79536 193198
295475 298519
5526 270534
119620 137921
186363 222340
156816 205258
262850 291712
283481 290609
55213 244259
297780 299146
126849 244561
186211 218773
71704 140382
49072 106844
102962 298308
246002 258358
15494 236584
9941 278760
213025 274732
236399 276480
2918 178824
197023 244235
192377 247871
183464 247311
201077 277273
22140 164491
37223 141790
199532 292920
123057 247211
299631 299988
140156 290054
84029 176314
47877 209368
34685 93551
92271 282693
104565 272070
57793 247608
159538 170627
218774 230071
94494 169173
54824 161459
169391 247419
65301 167073
199212 269978
142193 272424
269240 296357
115930 233517
193638 282050
227823 280268
170800 194636
175681 261338
11016 160396
180250 224979
102659 152976
229676 245677
179526 183490
197036 239481
129920 140832
105590 284981
290282 294778
8244 265918
200947 270675
120504 186961
155760 187005
189544 205800
180934 283914
144789 224899
145947 202964
289922 290731
69981 92662
267614 286713
104236 268868
42485 153024
277997 280105
169746 221006
79224 202744
274625 290544
183488 274448
76664 234631
74322 169516
2606 276507
278606 297718
283358 297207
120150 226460
220543 244794
262368 291389
205475 223435
101623 178329
125563 232275
71804 156396
125564 127428
27163 44084
165046 240460
206904 242144
244204 260837
7289 96959
248102 275596
263337 294337
181302 220239
272509 299155
209953 260776
57620 127949
64637 159041
122215 294961
93236 268610
111659 129699
20406 90311
278271 279410
170127 284408
254357 296846
258460 297541
270289 272879
3863 145358
240187 292699
81474 174708
172323 259707
31546 169922
3012 272877
25334 268279
722 107621
263103 279281
216030 285102
223609 265117
204556 241770
278615 286568
8570 97675
115458 266595
160939 296231
221944 262231
162849 200445
283827 299115
171399 263429
378 237487
233317 274044
44692 95494
289715 292067
54127 133115
216709 228205
180418 263955
105831 281534
152486 227889
33976 48574
70984 162641
4974 236472
219016 249901
180163 228716
179190 208143
74836 84004
200532 266446
159118 222392
40333 241540
2448 167275
79794 272047
245395 268355
273807 295117
112728 221469
111745 225142
185807 260161
151048 186911
261517 264584
257781 285182
9653 110539
256953 293089
85769 189564
237570 280943
101310 286768
268031 299683
77996 288429
14558 120450
217649 257602
184001 276512
297833 298829
264316 293713
109628 196093
2593 179640
205620 220959
136186 224828
278471 294271
215307 287568
262874 276095
11220 34801
175359 229218
117483 192451
132583 240770
33917 106418
216122 298712
196728 257869
224057 252745
79313 88906
235901 247006
4403 292902
265658 284184
129104 290500
143295 172327
241647 265607
109322 289347
89027 121214
106478 282712
155455 224399
21564 56990
81739 188335
52190 248651
110792 148310
163072 222268
223853 224482
189704 195177
127638 183079
195867 228034
146172 151995
195184 239886
17879 283038
226300 270921
222886 229743
153924 240490
99056 219853
147541 244430
56624 218261
137410 169005
70059 126360
78061 210220
299221 299362
190790 275756
86695 232305
297958 298133
18437 291684
219966 253190
132288 295995
106659 186966
93095 191396
90110 157625
165643 209822
130756 162778
108721 244939
164210 253477
95470 224754
48036 60696
141260 275270
190896 258938
1534 294757
221009 247493
19023 210809
212551 233521
68139 98448
192761 288022
118664 173869
23438 215683
192475 193229
235794 244055
147273 260340
299349 300125
120692 213224
161344 190931
242017 251831
144197 262352
16697 237775
59628 174283
33445 292923
82543 120954
136343 260986
187162 220369
198557 275037
106696 195427
83835 195451
196263 228155
181531 183319
133220 205466
11306 278750
100403 174344
240307 260784
176647 266261
269203 271516
249787 269077
22026 287783
33232 167931
6975 220045
209062 240917
195251 204704
127684 224705
205973 223352
46882 237869
3035 101745
81518 104872
87758 238794
167643 253756
40393 153173
48432 251973
12467 84393
231349 279938
9338 100376
101949 199605
18208 227260
289426 294034
152088 208670
55406 71491
42970 177691
13381 215655
70193 286421
169046 193838
204686 290841
297014 297396
268017 270582
11043 91918
74063 192117
114356 176845
251736 261393
129407 132228
49030 291083
280430 299135
176968 193084
288009 291358
208480 211613
272689 297994
52288 62646
265474 276019
141670 167681
120406 208933
196248 259742
56525 145509
285096 290905
142965 205743
197143 212267
42722 98590
236374 265573
4503 286440
257587 268031
267191 274084
245628 246569
150579 236913
194267 294320
273440 279204
99377 157946
232946 281785
157753 189807
263788 272605
87121 106475
87629 133405
13775 169294
218356 280986
134596 292698
263791 287910
204534 264896
288561 299708
43290 55934
201317 221870
151193 258887
70425 279610
102868 287328
55614 220669
149888 187354
180547 252565
263255 298055
115516 273827
150101 228506
38763 189786
238776 241768
207463 257096
113986 272089
229243 289694
182975 249094
95480 227229
55990 179495
31460 228565
163702 265386
256108 292531
106372 162748
187852 196633
95735 207618
92318 156725
16147 32143
121078 263934
207347 228843
267909 272212
195584 287750
66328 296439
189405 213899
112610 260652
285762 300129
253266 296058
184403 211098
232610 291957
261766 287243
44460 237881
153285 202729
227492 238395
41792 186329
174824 249355
237068 274132
236596 295622
106723 296183
17199 55415
185949 204533
179015 270070
170509 214923
24276 50798
83335 284001
13025 143950
263921 297965
207996 212639
235199 263089
51596 84027
182351 288257
256625 265048
191067 295137
237481 254807
61502 157732
44709 130802
92276 95650
1577 239070
63825 154929
13550 16315
206340 214479
93262 139027
136844 212700
231741 297169
177766 270085
4530 90778
200432 237640
87567 178453
37558 225897
62675 187220
90931 144099
59935 123532
196232 232843
1190 185707
152057 182085
219720 288639
249364 289819
119499 226605
44244 128348
192794 240012
189224 279742
16216 155982
85572 166272
90917 140454
20438 30326
216929 217831
135068 167776
58378 249235
140534 149907
295749 298335
144957 237288
160261 221849
250846 285223
38975 43870
180387 205831
280703 287767
288791 293019
184885 225917
258210 273112
100515 258434
94360 188426
27596 132771
57501 272190
218497 227999
173040 252413
290848 298298
88103 193313
281989 283108
23437 252971
75481 150464
188747 220799
278048 288051
141376 209083
54016 161809
132774 191210
38352 299935
249759 271630
241230 292597
106142 229440
152633 265323
274622 279343
288907 295978
67872 267018
168033 216856
149814 235671
149570 288141
143396 210325
104234 218208
277781 286989
172988 220991
84878 246815
291885 299456
113872 257992
40134 110071
57869 187523
218135 240958
80356 299098
270871 292385
251247 265175
98641 204160
120537 194000
226228 275935
233951 277771
184895 288214
9921 132112
63341 221457
18254 178518
59663 89143
18082 43135
237826 275073
13887 222537
75600 159496
231069 285742
24721 94111
65525 147759
58703 230161
157335 263458
231325 292589
86882 186987
242290 299717
168763 258357
264599 299099
93991 182133
219428 264295
242686 282692
2724 148396
236827 249059
146862 192732
250099 291728
262161 290570
14964 28747
128134 171081
85021 172481
215322 257680
15500 175491
217365 298470
83241 89461
153113 203886
130574 219066
200170 294589
235988 273400
243805 268589
35913 282917
63718 81641
175923 227515
292580 292665
176340 186409
286283 292180
141484 166012
199536 201628
246441 253577
136255 160273
244071 246981
261713 283303
170436 219967
162826 256911
219238 269174
102425 263993
215574 270323
67989 214197
296144 298045
175899 284041
106260 111683
32628 136061
115415 272919
10260 89043
196826 274661
121308 250466
237290 261620
28901 198845
58424 187239
109890 262023
152997 273843
247685 250666
247851 284171
44714 59871
221322 247255
65293 94246
262925 296244
271597 298583
117946 295002
8207 248255
2281 50709
137108 197580
28268 109615
129881 132723
46142 122455
176675 217344
161542 268847
3209 218850
30678 258269
222934 253313
155702 297238
272339 288973
8625 297080
205065 214856
120683 217342
61398 123445
214844 293217
246597 262925
28223 66453
12126 283727
170506 207827
99162 228768
186178 200796
52742 141371
257226 258438
12067 120529
12933 103904
127317 204306
184465 228011
272636 279533
215226 291737
80294 86764
169560 285776
154732 155309
51532 229679
140335 148076
229580 298091
221119 250042
133813 216048
74053 163733
248750 253106
102171 123996
201355 203740
74020 218434
131521 261195
191447 253172
21165 66152
145160 277302
168723 266215
58482 265419
162957 209747
49072 126739
48114 160965
184126 209677
255357 271725
137760 172978
266616 278716
113239 287920
105092 266949
127464 272120
258321 285100
262679 298533
243992 244017
84263 186609
268457 290354
24047 164743
216751 266260
244254 264338
275907 297031
27681 111261
243523 243951
78572 138957
90821 181269
238857 273653
90664 224405
298434 299364
140197 193950
141185 149076
124516 266325
21714 68917
243234 270367
148382 237320
177366 181726
265552 275426
153137 167100
107317 185257
155773 165118
110414 211523
183897 252731
149210 248596
205180 261471
230592 267893
94587 128449
15569 117310
10298 249792
295854 297367
244451 291043
98535 225948
42487 267446
81793 229935
180355 211301
62806 281457
125629 188066
211727 242381
76584 279226
201092 217417
22010 223946
152594 158439
295941 298182
112593 282242
34228 171669
243851 265699
17703 43661
219652 235050
277648 279605
160847 227331
143345 268125
207257 263723
119215 255930
266606 267403
155065 207309
3302 265218
125026 234263
71636 212706
296195 299471
256041 259348
128678 248260
1559 35990
163712 261455
23892 169269
253709 257089
99020 149901
45418 110490
169385 287090
209871 261203
114618 180987
108138 199650
7161 55788
133956 226977
138328 238331
100007 193112
28299 108713
81691 152081
298888 300079
207493 297787
62573 94066
206099 299447
59896 244771
110795 229956
139467 194032
104061 138289
133030 136686
39011 246875
255193 265296
67169 261245
155626 231312
285669 292919
6713 145737
164648 271291
215671 282049
220646 289232
225430 248724
67104 140840
45888 69213
239208 285570
240857 288890
32040 297797
60572 265829
41257 191630
196314 223207
271020 292993
64478 190915
154050 197433
133034 151006
137693 155594
120554 273436
8861 13837
88599 131234
143413 252247
149476 151146
134597 293347
52173 130486
83712 114038
133584 291418
51704 163467
150446 243237
199428 218659
274990 298798
260070 287641
134981 255693
241076 246277
67716 118607
11288 274108
166022 209764
285427 292299
52638 163088
24121 58777
280982 292574
178244 249333
259674 264774
279350 283871
73107 202697
34750 102955
287050 298142
199511 278301
272591 296878
197096 300100
140056 292868
188436 244914
67361 263972
123660 252374
141111 292635
238920 258893
181415 206539
164496 271783
76195 248112
265406 284862
109847 156436
270261 272309
263386 277481
198931 227733
148505 149992
143867 288713
48695 173389
179071 263766
3611 191170
118462 124554
68212 202217
46582 228237
209821 296652
130511 290702
132675 184454
614 277054
45760 290655
82264 157892
289010 296311
214669 239084
150399 184732
91291 150386
89298 273614
224778 284603
270180 283297
269731 284006
49483 241109
232332 254103
146143 201687
147696 164985
216371 273969
274909 286564
168678 199190
117142 237066
134436 177095
129412 298553
293842 298738
135728 239284
105550 208801
57201 284424
4084 162909
18334 33567
259705 291942
66193 221506
176093 257409
84802 140374
24674 38541
112565 272733
255448 293660
33824 126894
84647 271107
114164 290468
186533 226105
106416 173052
237885 277681
198836 245190
149796 288723
113855 237277
12393 233822
175234 273141
271097 276767
259000 265476
170848 227180
15726 26662
38742 44717
8448 110594
110695 283944
135076 220934
176921 200163
81282 246824
247224 279564
35323 150728
1851 46602
31562 276327
258865 275967
195906 223934
222611 260095
213605 290444
27082 195193
12335 58474
214192 271159
276056 276208
115808 225949
14635 67398
171810 238466
145888 281472
274628 294203
108834 164516
245974 259001
120957 200851
140287 289104
27277 192764
86106 178711
164135 253230
153148 156410
39406 162733
162621 216012
218628 258015
119208 216770
297173 297654
24324 279131
158266 286517
240128 252927
131775 147563
146217 225215
81676 232567
101434 163142
51924 70401
19712 130782
242109 295567
273355 277188
42042 55974
82858 255180
64637 246443
197466 288780
19205 89028
61067 251531
281720 286251
42994 134336
239536 299256
148061 171818
230139 271282
84519 147584
122683 263234
156813 157743
184224 231870
141673 221943
205882 274241
252072 297098
141321 188879
52906 290686
245818 256821
284290 298991
41601 144838
52405 85116
136196 161283
74484 260623
248438 278606
191596 278884
181304 212700
3227 77055
98064 277056
108026 274690
18361 31511
31138 187370
234508 293099
279097 282057
200354 285649
16685 214691
70409 187763
46024 64899
8412 244032
267600 274817
181604 228432
66176 232287
94514 290867
165501 186876
284699 284845
255994 289423
21800 35575
57619 231990
14489 45544
101854 124948
129118 153032
112251 187462
27922 221981
220476 254523
212666 291555
82090 246033
121690 207173
19801 189266
157818 211011
85957 142735
98082 127519
119649 152030
38699 132613
231381 236282
206740 227062
83550 124856
256858 285044
103716 252325
164459 170534
106654 121327
94096 265989
221583 295690
122782 157255
67117 95100
296057 299178
204550 261500
16322 184440
282152 287836
62973 233678
241411 274746
292718 293407
276822 300046
84596 89517
197868 214693
225740 279910
201560 263015
64323 241291
44629 275733
105103 269842
72728 129252
265400 279797
275281 283910
201637 214063
104546 270060
283588 292448
261149 284847
12696 149890
288137 296640
148175 191782
237452 244067
82115 221083
103520 207880
144550 200115
282784 283615
2234 181347
51474 59229
175893 293827
153506 173363
30291 202796
178147 191294
234735 247928
108873 141980
9575 247483
261244 267087
138473 234405
234798 247097
94708 134942
72188 239109
138050 291500
101299 160314
241020 260369
131872 205856
248182 261948
126573 239881
111449 129975
9103 198839
158596 270823
276919 284358
12182 32905
100091 111929
149741 174187
184070 293085
186186 282356
101249 186658
221477 225562
200939 216567
166766 209347
251734 259483
106603 121402
126465 210809
281671 294956
276640 280143
160520 259409
58458 67593
85912 133546
294104 296194
55379 55455
205153 281229
156737 184841
141453 151021
134444 152311
157418 264279
167823 204758
184626 195450
66406 165082
89883 215896
289415 291915
143358 247843
119750 120192
57176 291918
18748 275046
148748 169304
21433 89379
299038 299437
98888 164170
98033 168603
246610 258428
152406 214903
146238 287333
244692 260972
69466 203040
117002 288675
86579 104182
113503 241608
117446 175980
162599 265399
14361 240413
18422 153036
135683 164564
90655 123260
241941 253856
112405 160909
3423 279399
293378 298233
242975 255655
264706 282197
172578 198410
165656 172542
227611 299824
245516 249991
151541 204593
179951 242734
71311 191987
20656 69887
157404 164053
262234 292543
193702 236133
50509 188429
224611 282145
96703 177963
254891 297339
212076 257187
158007 186729
49664 59818
202679 211282
236098 287977
142618 267584
226022 260708
175566 206506
213956 262044
249901 298804
205950 283144
148770 189346
284136 297223
1137 253539
237835 254531
210139 242881
133327 242722
261800 272229
123680 281295
30307 78714
122983 144579
266187 279946
67600 257518
145093 232380
78322 97480
266656 268868
5529 102675
63660 245180
94545 271125
281873 293358
191686 270293
23218 269671
152470 279349
22570 27004
242221 258256
58566 257293
115643 296984
182825 274252
39256 142311
61534 251881
87355 210234
241728 246525
80254 122395
61593 95590
62863 84651
63962 140912
111273 240149
171902 185335
206215 237030
172890 227631
276912 295758
122245 222626
160294 186864
34498 52246
172536 278193
236998 271857
43176 104613
157080 276635
72552 269299
199435 295740
216318 238756
65741 82167
65596 173220
110984 195529
23077 105511
225784 257284
239979 247244
268741 295378
66878 84205
163040 194335
65191 299490
237895 239046
115129 136605
218394 232265
108536 118748
252586 287977
63400 184114
10130 102398
274774 280150
148100 291037
222224 230957
249460 293020
133544 289236
210539 282066
60465 128113
135159 202143
357 50076
142875 199501
6503 290271
208078 256249
230064 234273
32802 97005
56342 139507
99700 269055
283283 283837
104795 259207
248724 269521
196110 211042
67143 116366
296232 299685
185460 247196
73461 87650
101241 134969
178356 292054
136977 213238
107157 285216
59593 62081
73952 240090
143574 248693
71613 87040
68527 248488
40405 271549
48584 290413
282344 297240
45992 224062
31184 97831
809 54689
72348 135145
130885 278291
23356 148560
211256 225154
65228 181700
57274 115813
171277 200522
124429 126645
106631 236755
5547 53447
92237 257450
135240 177113
147704 264638
215646 281972
9785 75815
1259 144075
30643 157270
222797 261668
10214 185395
138815 147222
66775 221856
274384 279326
102901 121112
74535 195059
63474 145811
36832 252359
218781 266441
156801 188593
129133 253978
50278 73244
53367 151160
65609 113482
234986 261821
132006 184954
25326 105948
29043 208075
51808 158487
126587 159521
204198 234246
20988 199396
272918 278235
163547 288607
46068 99338
261451 278133
118531 186499
227001 256245
244482 252656
16272 166954
259129 266591
282970 297310
147735 194475
108369 243707
259247 266640
242587 253268
211055 230112
285848 289177
145345 226349
123180 225209
267299 290783
240465 288661
167222 187469
254303 273095
2902 106108
111111 160818
210210 245593
106991 298066
54483 140684
87612 264679
238385 255605
42495 271811
37575 182831
138611 224093
154485 163845
48506 290472
79977 166595
180876 254553
90914 198701
202843 254792
213398 259698
81171 283650
193026 253816
146630 271812
61604 83369
19009 80512
170507 214686
156930 179308
269377 272873
218072 296014
293502 299822
214239 290057
71485 239267
286872 292052
134776 205177
211736 259745
81180 114487
48904 192005
212201 293723
250835 290990
24914 97736
41475 247684
92813 174278
157098 209665
246033 298270
282649 287200
93238 214621
23815 269444
284348 291429
111022 168287
227814 245942
105557 225306
27454 295314
53213 252309
110486 231625
240596 249940
36838 80724
217625 233513
80692 155945
139491 266157
289660 294292
163449 230722
26542 143145
239108 288688
109380 131691
78599 82833
55253 151682
181808 251438
221499 227994
112498 117468
187927 242609
275906 287541
130457 237675
55404 195033
222333 253484
266034 278565
17062 118341
42095 156122
106730 287118
176089 270348
29050 268595
136172 244080
248816 277529
35950 287260
129200 145180
134610 173242
195365 203860
149938 267468
206652 252314
69640 261359
564 106528
254603 266341
34624 181274
205034 226699
191518 276216
219794 234709
143589 152827
181422 258206
119228 263955
220105 282844
154322 283692
122628 252349
251213 290803
63018 152737
262949 279633
40389 163531
165472 264375
271577 291866
170929 210549
143289 146952
142195 269674
256424 292684
92371 103638
288575 299910
61543 64855
135474 218923
264027 288195
219625 251147
90174 264891
245627 248020
112150 255019
115798 213601
89348 148925
80808 276609
276457 291459
84884 159540
120797 170708
162297 245799
253697 280727
164710 209396
100336 103521
287141 296721
296976 297988
102914 137226
17819 224134
141903 147558
271350 297615
280158 287704
51276 272574
101631 124270
112533 113613
133134 158560
249374 276480
109161 175512
241845 271222
30342 116190
64118 92668
53604 91984
171686 196925
84346 154959
155899 182118
135468 164446
66223 98881
283036 296828
205431 223011
271806 298142
193509 260183
32608 262149
71520 193768
105651 114240
267266 297293
48258 246625
10077 282916
221454 264942
185609 267439
170378 245504
117109 121836
15342 103800
170692 228205
61673 202414
228155 289856
182017 268021
203105 241009
120072 176598
76636 195521
154652 272345
283438 284243
173847 236346
226912 295152
262599 282290
234955 247651
177868 178979
16461 164753
213822 272168
2527 180309
110847 159273
294035 299811
172296 174757
107480 226349
107100 283816
259463 272105
253829 300079
141273 173733
17449 31066
160854 203351
66060 123447
171959 228847
207519 294489
218941 280539
182538 205637
21814 138360
50987 88956
248455 278807
48598 106927
254763 282302
81101 118286
260762 294940
273108 284535
111076 279744
169933 234782
157789 287233
255567 269172
66417 209380
104427 147648
219062 253753
68360 263127
76095 134465
225386 247608
242607 280584
235462 239760
192911 284214
228280 265217
275685 289365
118933 177611
156107 294194
76959 259939
269347 294172
119104 268193
236566 266030
182757 236015
165907 169894
32155 234604
198481 237397
65556 135776
229670 242904
181593 195224
292469 297256
282533 292537
125985 223056
111429 188456
89031 133113
114007 287683
205726 231705
277784 291772
231804 280001
279929 290365
282642 284718
125285 273045
108618 210782
79810 243925
113728 122236
217450 273970
292182 294984
160784 176424
58341 75744
178585 199563
275825 283383
142302 153648
269346 297561
94703 227561
9904 199198
122473 246390
139018 180850
167058 226866
30256 69609
144366 298149
186233 195535
229911 243908
65219 278997
68280 124289
28602 268521
169919 283824
44086 171558
23523 186401
106981 217787
147604 274444
56753 218840
62281 183789
68192 206628
194089 260471
93265 212884
104909 110011
193545 234331
262065 296066
295251 297169
24226 293765
253809 271974
108831 237421
47114 228305
143096 188920
91650 106408
154077 199469
253301 280960
37344 206117
62686 113673
293106 293855
92198 219719
159298 190145
37521 197504
106283 287856
61839 97909
181624 280486
287264 290678
233321 273767
14076 42837
291998 300030
248343 265808
29654 118209
218016 225659
92800 292433
195607 212956
179136 292238
95386 256264
141269 209642
198778 255859
267919 288631
267808 268630
236951 266731
25050 234527
238486 242574
179049 195199
108964 234409
158959 229921
210180 272063
61260 174161
160319 234595
23949 154763
286561 297492
127444 165689
136175 231382
151378 270010
95443 222003
145920 296601
157139 284503
247237 263013
264283 280964
91270 173946
266819 284085
217400 288387
124236 212564
168952 222453
102683 151847
164810 271569
299857 299896
225394 256740
179729 196657
9173 272364
282613 298683
295959 298043
169338 195316
204512 264451
233245 233863
144740 224750
74396 288060
11428 189527
87327 179740
147372 204923
203306 222084
70185 293231
118347 173405
254762 299184
102524 148605
161736 236404
50358 129585
228834 264980
228742 296798
147115 193042
145123 190452
183119 193028
187629 206687
298597 299259
10353 233183
52519 218249
181316 205915
226487 293711
21831 267875
200045 247364
274787 295432
144499 284116
12500 252388
298412 299080
101353 269177
241892 259702
69363 285561
16689 292597
165071 216350
86684 120025
203989 295370
22921 271430
27321 256320
210157 234360
85013 104097
285983 297385
276773 286981
200097 229373
240028 267116
141058 231454
192953 236352
139750 283355
9772 107472
142726 266377
119895 293447
92244 223668
122024 292001
16848 91818
190028 215170
207513 298798
224191 287347
295541 297495
184013 264948
280226 297708
288739 296782
164451 182650
275628 275642
239676 266012
217338 222004
265470 289260
20645 63651
44449 65511
46696 59055
223800 252893
145540 251457
219117 292753
2721 54847
95982 182283
258605 283389
207889 257225
252870 288836
16421 81233
89644 168777
45230 179579
266785 293045
249939 274712
254847 259194
99073 199442
221406 267493
282168 297897
254424 278166
258910 280589
218884 236148
211218 238366
48181 222125
200255 219279
81276 188356
199288 218686
244384 263153
36933 298810
52195 62504
89221 158377
130309 260480
191654 201541
113634 152955
56829 164716
104423 277848
253524 292807
196040 228062
219571 236692
194012 291189
172264 285277
263738 280069
65423 94075
246563 261313
5019 260622
154392 237423
167231 198784
123583 149539
33957 228254
274643 283488
284446 292879
55335 262248
251690 289242
268328 287972
30971 205987
170669 214811
31857 72362
61752 245369
14694 79113
82096 227285
263193 285188
228907 264253
208636 233711
26542 287836
12483 47994
2341 47197
254793 282717
216166 221333
44608 225751
24077 33912
46748 239067
274757 280688
215165 245521
265438 294522
201481 222535
185939 217471
5088 85959
74684 289224
202906 266426
153856 270682
1365 214758
263245 282874
286112 294358
552 11696
208976 258350
22487 27996
110947 235796
77371 105398
269395 298458
298319 299700
77377 142269
229934 261696
179261 220940
160586 180180
94327 264306
68106 272698
91997 160312
281858 294543
156099 245896
111725 168226
116177 188843
222634 278093
247907 294834
122988 283832
102611 145519
78913 282362
277873 296568
129586 246352
218914 245715
208910 258650
239059 244458
196456 278089
49166 93919
212343 249553
265251 271648
34614 190800
88455 182947
18135 217444
259965 288127
296205 298868
23878 151710
218610 228003
223302 296389
40831 80457
65589 232614
279532 287183
277259 286190
263844 286300
292874 295321
135883 242267
245360 274942
167066 297180
299844 299853
193474 260297
278979 281771
45168 299311
227814 261593
288133 295678
44381 249568
103905 117195
182627 235865
43157 156108
69236 80470
175142 200759
287773 296518
148067 200132
81144 131909
7727 164835
82573 129999
160956 251070
160564 194801
168384 295000
278826 284262
249151 296156
65991 267522
299588 299744
216168 267395
97690 271703
287410 293960
153286 237703
185266 258802
145066 230757
152290 280434
299268 299694
28361 192451
50467 195632
57876 120330
80426 188290
264249 297013
55336 255535
100254 148834
167866 250442
87407 224707
98190 211003
229145 283638
32088 262541
29434 210385
233286 277223
70865 136379
285909 295025
139523 219449
21625 103687
102086 223867
49836 136910
157695 295657
149438 254888
64373 246072
79166 253952
87556 237023
187212 292347
294620 296711
195792 275089
241682 294693
187138 298375
159126 162739
35989 287097
213000 251029
164641 300081
187119 279916
21757 139247
289129 293594
106980 206173
29390 188650
70822 176850
31538 269119
34912 130626
177733 240373
217590 254870
178850 232367
6324 184620
279920 284291
157256 237419
2997 228552
28602 28793
149020 197188
195321 216761
167778 227107
80541 204126
174484 214097
68995 299088
147082 155115
78297 167882
289040 295990
65278 216023
93647 266459
265843 279707
279929 286012
269119 272050
161532 226801
62362 268104
118452 208913
92 206023
253691 299894
248070 296992
299256 299493
237736 242465
2259 270226
177197 209371
46866 168018
221869 235541
205358 237071
79702 133443
242666 281470
160770 267649
254040 254389
278272 279128
181623 209132
85193 241556
9397 197404
284431 294644
154456 259475
120423 197896
137554 207487
165868 268708
45900 283969
177254 216372
27359 127605
214814 249586
131416 191787
106282 225609
72488 109081
14858 69898
231104 239550
236916 272471
79763 214311
7120 42058
84185 129342
181867 299730
270426 289103
39069 185878
39155 89530
63940 172259
199430 256693
99799 147505
25425 219043
128242 297483
96104 147561
36613 199351
26076 138248
234370 244147
55910 63433
263949 267990
180543 240120
166706 282385
159414 280863
134837 251097
74842 276732
142120 229890
41524 187000
32453 180219
25280 248496
88596 273759
232814 277439
203620 230977
46791 65264
71608 197161
91901 232151
125101 164659
125885 182249
202879 254419
126011 218571
282817 287006
67887 182856
17735 91945
69800 214949
151421 286026
126096 191893
285732 288162
9662 158995
280759 298149
43254 283724
167396 298129
99450 170383
93558 126756
38340 239752
69190 190868
94145 231239
205302 289647
172472 194978
61225 255370
239151 281706
12895 61532
182701 214059
120338 193429
232330 299107
64971 151338
280846 288325
235248 294190
178188 280589
136234 232269
40170 183432
293170 294652
210019 268200
136444 272098
52901 280451
51293 263363
256697 278649
50629 276003
149778 166503
91373 293267
8485 15986
30221 176645
191903 212876
288936 295644
174603 242429
266906 296460
145894 180550
223860 223913
129398 207718
88840 173473
26564 39204
154224 256454
234138 268245
243579 257291
178875 215262
89484 163783
100736 232937
6379 166338
215220 269675
223998 240626
60536 242972
233694 257484
176937 270946
64293 246306
156073 186487
122292 173260
296732 299652
219958 274606
161178 238357
67708 203089
123311 198170
171629 282131
261117 287124
294236 298260
99371 128803
282054 292638
168185 271670
199063 267159
261201 288971
283552 299570
252560 286977
156188 266639
10474 125736
7799 113748
54056 247057
233546 296385
37478 105014
156074 181428
30236 213663
298647 299096
211690 263198
267411 276262
10408 270569
189773 218373
263964 287851
1944 264794
253205 289113
194802 221200
33950 289169
46608 59570
153679 239480
255004 292183
244332 287034
20702 275238
67971 96321
23019 56586
53545 69941
147143 283615
257167 286340
188599 274449
246742 285709
60605 267472
69503 294963
94773 107043
237050 266715
60113 183713
173188 284044
147508 204465
256247 299236
245512 284777
163407 247514
73133 139716
172820 279546
131024 199493
248611 284194
283189 285247
283985 288643
47968 178417
289772 292799
250175 265298
23811 149782
53694 99397
1550 4434
278833 287021
131429 155375
269601 272750
151052 162085
28418 226665
185256 214606
251162 260012
72832 76844
44938 281547
138890 257568
38909 133054
55137 221651
21720 295250
282637 285738
98928 286826
220728 287247
78598 143679
115497 251518
173401 272571
210674 287809
128122 135407
168980 209258
123093 228779
193887 219460
198177 290516
39292 258575
9409 39865
272670 289541
112901 125598
230689 280874
114799 182335
45748 168037
46390 169218
19655 108759
274852 294563
200498 259359
152659 236917
221341 224542
233055 251743
287704 299001
192332 215005
148773 247952
264594 295150
105863 180428
142361 275952
271015 281559
39299 98088
148571 261814
175409 188071
283685 296805
298466 298915
12778 259619
114568 243000
229550 267647
100853 241313
106036 273308
190087 280888
95356 134779
40054 200349
212074 245039
268369 299868
173688 217616
5701 125080
37449 128712
159331 186503
298016 299734
133609 271230
195539 273987
297951 300056
209095 230356
246210 251941
55983 95323
163573 289071
140325 288326
277568 292961
263088 289736
235070 262532
131475 192841
182193 260493
203483 298986
167917 261690
272690 291838
42503 290283
56951 194264
34950 257184
189426 232832
169842 266380
80778 195370
172891 189497
277946 292853
192301 281610
51364 151810
20833 162743
229946 260414
201069 219962
27814 195478
189432 256535
153620 164343
11945 285304
36053 99375
149310 259538
94675 157707
181078 293648
45311 189099
190686 266937
138502 286963
192178 278870
78375 181934
231158 261522
10622 65813
298742 299996
207409 270272
288415 297906
273275 284450
10598 90325
300179 300179
201309 296623
105241 247973
63992 124210
82247 135187
72786 146424
46862 61842
84946 250756
137503 182631
272931 274106
252220 253791
282757 295812
172666 178632
32641 88512
223044 259637
163772 243173
284889 297200
183042 276107
105984 149255
31901 111380
171008 174150
58608 229930
214647 299498
286106 289036
103873 295765
291785 296331
139574 196585
219443 294128
238363 254069
90040 287590
224207 259101
183698 296608
148057 202477
288470 288806
85004 133927
79455 256904
295707 299872
286335 286534
3502 42171
102822 239849
30572 285342
244438 286792
37392 296917
12717 191447
239264 254131
239427 298494
193939 205192
40661 184048
18704 82314
154364 277062
135383 251882
207175 222403
30486 126044
235110 268985
113114 252420
285389 295495
10917 146865
50776 135529
221594 222563
158618 198950
286000 290268
192089 203261
172357 290196
296435 299652
245198 293486
244542 272217
66230 249852
76643 296774
117427 121094
288157 297865
84149 191245
289098 293986
223555 280491
120901 150499
133724 265377
264955 279247
264502 287393
32581 228118
265527 291761
165668 278114
64654 117900
182819 214914
183428 236493
268345 283213
167969 244601
61239 111133
124427 239884
108298 184967
197920 209714
258979 268092
276717 296196
199628 210833
204769 285783
96387 178387
55918 279370
8730 94086
238692 298360
27546 206559
19829 109876
54397 81893
144186 231898
237738 245893
29182 145408
27672 76118
26243 92277
201813 223692
194686 225045
295067 298671
202532 284654
174496 176227
93603 116584
225060 290842
270336 284542
52557 273000
220839 279538
83542 152726
75248 104429
210 253956
179895 193355
63144 261920
65114 290430
101016 172998
117034 225597
14128 29250
109171 139361
113428 204411
242228 279684
186840 269043
229503 299701
148864 279449
181899 191212
168853 183213
195301 272628
195582 235570
263747 270449
180393 186428
152185 293531
294719 297508
148489 151567
242620 268368
162918 164770
177177 220347
80802 214967
36532 262666
72623 291524
282733 284611
296315 298727
274734 287644
213804 243146
274567 286780
108960 222421
238366 254025
125703 224343
111415 215071
275136 287905
41559 220095
75207 218780
181971 230313
194600 229902
244536 275352
19829 264991
282895 285045
25906 137306
221919 280560
73747 276825
27215 128627
142573 153045
172085 253026
240957 245866
27619 163569
194070 218927
259288 279012
184095 244804
19509 93865
169167 265104
271564 296321
296459 297756
179974 211647
275617 278562
269774 276400
191300 226987
18760 21192
7383 247822
247711 293022
34230 134217
145509 254707
254151 267056
12853 104009
13408 30217
241399 259579
50377 163254
14551 293395
240189 260760
209605 265749
226165 255571
243481 277140
293510 295402
221423 275257
247469 264553
172410 198930
83520 216311
49775 288850
276588 279926
63703 212269
66759 201646
89474 238185
108046 196803
180622 241920
42362 147454
163899 262870
165343 181469
229578 268101
216004 273534
200059 256227
83528 127978
289336 292391
281842 296792
52935 129281
40583 54549
122324 180018
168353 274803
122527 207293
136930 258961
25460 33964
60611 257058
281670 284461
108192 137186
230064 234510
224915 236347
26528 257652
197458 248820
107618 271594
32976 125100
196713 225376
214420 224782
281110 288244
224483 243042
219975 263781
268357 299568
58055 97385
93474 224084
222436 259288
68478 78793
206082 266904
199192 211075
187473 267008
19241 147362
281009 293103
145543 167798
69270 260478
95881 165075
252552 292081
210557 227429
274910 294697
192074 275474
186112 277194
193729 256140
121478 140184
225719 285391
32696 263044
181028 258955
5709 283119
175011 272058
6896 106530
129424 129439
86185 207539
43997 138786
199825 295506
212265 232393
107171 215236
153872 202649
16603 35874
207584 229251
24665 72229
230241 275684
1607 126476
28182 224306
217864 245765
65547 132700
148597 250816
279817 293166
238460 254060
105144 264248
203293 272912
33688 60005
25146 42579
106154 229053
276375 298200
7460 221053
166807 283461
105573 108544
238929 241668
259636 292319
212059 258088
257576 279742
207906 298543
177043 184111
6760 190529
157358 268762
169188 268802
294950 296979
286924 298682
134005 287981
87036 241786
141628 241616
160729 204694
166728 263030
69787 129904
181361 213214
190175 216608
88768 229834
238144 281766
78406 113507
263410 293640
195812 206411
67996 182068
221198 285036
220896 237909
55808 215942
181772 254463
86567 291021
140139 248263
207590 257525
122593 267379
290857 298720
107832 128956
228525 239298
116232 174437
195266 278154
291967 293905
138060 166405
16153 108177
207401 281918
252540 280243
149545 192595
202044 271685
220327 295040
26127 63905
76336 205796
244733 271665
64172 190169
152990 291213
299081 299582
283812 296787
270450 277635
30962 293906
264406 281792
99578 273270
293352 296076
173346 196805
294614 296653
93889 269430
54008 285302
247850 294463
191464 226117
79783 101524
168666 248794
244304 249737
35106 188492
78687 94557
36589 38759
92583 142538
215541 244644
236019 244782
222693 225054
284545 291383
44450 244151
215490 232644
1398 192265
85882 295476
12531 19758
98126 99100
116270 277996
147358 230335
134025 278105
135971 279726
268745 269450
9446 27995
151052 155882
192472 236588
170603 245194
159690 167912
208489 247347
282183 289697
86867 109621
75898 153156
83323 194386
19290 180877
274005 283012
189329 240369
187032 194335
119198 255378
14012 234209
68291 239500
253071 298458
74501 95832
80206 275871
6264 66105
286671 298073
166998 203654
70573 77996
156134 157174
2867 171091
97431 174785
145706 296518
169656 252108
68808 135443
43542 274204
91953 145818
120938 154199
202568 277732
114173 210779
113856 245573
127206 235031
178285 231941
53730 244129
112438 156037
132393 194455
12537 138472
268506 278318
232688 294182
174016 224961
299291 299931
51218 168073
111268 170987
215896 280508
232522 271150
237228 262269
216938 294171
203871 243725
229920 257182
178242 226562
287710 291727
73475 228116
187841 241293
128860 136070
141528 269274
240330 295308
192123 216313
273911 286881
18678 68023
162756 255607
91424 252164
95047 257512
159084 215138
27732 240380
170354 266660
47749 270251
230766 283430
174944 294052
109009 258008
2368 38713
114960 188581
28138 288940
174958 185449
238037 255970
114770 180857
254441 270878
59357 62706
217890 229048
20149 96854
206581 229459
201638 224351
264195 266275
121149 275618
243100 293649
157306 264031
67767 202095
54440 114987
4388 285561
100382 214950
85580 287366
257095 274385
257190 265396
153673 286564
105451 216593
134162 169428
90358 252849
274569 280888
183560 187911
255392 293597
267477 276034
241706 263213
131958 186182
285480 287773
1386 115255
96392 177147
159321 245842
220785 223969
185821 277395
141273 241370
25483 73488
154802 272262
90656 184666
73690 159538
233061 279350
3787 101465
201642 238422
103648 205732
296624 298291
49407 290621
13143 74272
139539 208986
142704 177557
154059 241145
233140 289873
182961 267898
98849 146484
217880 227482
203516 283837
219066 232314
169984 294406
72166 165813
238050 246317
29332 215353
290379 290691
175911 283248
17698 33166
180237 228591
168178 193203
203555 223765
51432 264403
