884826434
902479600
316676843
116211484
628978200
775975931
842920870
178321375
350589557
58574947
956069362
868901595
464597203
122720063
679670781
255167652
758960712
217073251
57140415
577450196
842207482
134680455
228457907
718091558
706690353
535004349
277380757
56615604
582567182
682202751
40523893
135474024
912121200
407531978
909518909
656920844
229350581
18481788
945780236
945458354
714587340
58738239
726685066
184317437
765773237
284683157
129092288
370816138
566808452
386838785
821446206
255313511
747028806
345258653
126944178
475689419
676579756
206143785
281713601
45263942
944870367
705779161
310760296
780092619
869118448
74907876
576549783
96923630
859483977
663159154
806649165
576895951
265394077
781896164
493086780
203626054
898089650
732921218
24895398
946029472
970811865
759935165
502234857
367153893
708944450
609585989
571240150
694447848
782855479
497337320
56642217
474229579
338910152
97909691
179330184
787822616
43475604
591110038
92207925
769466256
169874835
439489496
350219888
418590369
316839492
36886633
470643348
877891187
52494914
875930289
891479134
454658214
190544786
782263647
677697131
447070560
266006920
362168400
341278593
259656548
990379831
29599192
20783359
371067554
810767969
598300118
836085055
955654938
285692577
563176136
734751159
275721184
991299473
900593665
327848324
896627504
363710833
582957467
613249625
2418414
30576414
260411777
396454535
535215785
442771259
600303657
996045999
388830441
234525317
329955554
334927041
547307783
433977886
665640732
23537588
929451610
394483515
477220782
519836163
276437551
24019975
121248230
602638311
319174846
553130957
44661368
765016603
868770765
919514131
199081836
943509875
687670519
128285385
814797082
429725903
965507681
313316025
275710487
318739162
552214927
352911823
7313414
572028550
655085375
648055393
165286979
685596062
97698551
776217975
647099310
708318113
447648426
354645624
859827658
317108581
834232826
910705746
389261561
129051009
319627531
904303553
500606835
529474053
159608527
799444927
1085096
775569311
287845701
741714507
231388048
560329409
435204810
595330363
632469872
692409822
146273804
257430694
911930983
617239742
322512231
499506964
508636246
592407234
113564366
84236256
216413126
519432560
964806116
513969855
639733707
302748128
166535062
771346125
939835839
691328262
316927871
264028580
189150698
973492791
705581646
812398203
844591558
560012981
235924890
783175617
518502269
127908175
439977598
411990362
435319866
470897178
491547611
668869353
627573898
766406158
991004006
866279349
496369485
512277692
292461868
199841063
461578083
163754772
435466161
36465651
235310969
576747845
564523727
472371223
633417990
606899684
920005130
956277019
944567286
891402222
470154515
414340530
21536276
828340987
249093973
153282082
9272730
534430917
243463671
120660873
65394892
91777698
756040568
902215785
186140223
956516703
887651554
928035551
332270941
855668177
518569057
890274056
800008320
864440968
366381441
454872488
696972328
445342035
353448702
449868236
418867615
428677815
336144219
603171995
416220951
621897953
168854629
667030001
1779800
587389413
777459315
990263267
401235000
921778337
387648131
12964798
978565146
553665032
642324785
437188035
387184868
762153247
936487087
101313787
889291103
47546008
381092755
523533683
138710042
457460882
31499397
204343612
929117231
435394596
89392229
491261083
402950850
908771964
9042250
124312556
398985476
911169086
182788200
558048027
786541389
288029318
944489820
542439192
122585485
300074767
697033034
912248525
757646506
568741715
331552338
976856147
443545678
989748580
972912869
522421606
599885942
901290747
926583159
84724405
523628569
739320868
46173387
425737914
957562187
204261740
684914923
285648762
515177299
242608141
896277523
816483937
53298338
701074457
375499259
749559310
357922216
234541565
627624087
583226280
201556647
23161633
200958177
300116908
902878635
511308674
262089110
136493084
275163337
613758533
583418348
385787171
373804457
488542721
749250676
180489286
418973839
819181536
605269900
327634338
308985135
528270586
455955762
879529399
194495201
536962076
200070617
147418159
879037717
378017040
453475553
234788184
989372163
940854271
961774043
189194040
827879230
809332960
909462249
131254230
715567834
842836995
210832617
990355655
478731671
672190827
549601091
990372394
249865693
423178981
476541819
691280796
836408920
965924673
820153871
257939034
230478647
713067880
447460311
798652115
503633752
383284826
59920701
289675830
609210495
319140149
516335180
451042896
342478409
477576014
556648825
840556893
330781460
859110384
767581849
81994236
401110490
984321055
20642057
687014848
34877946
805392272
567656994
493623421
828826369
854647432
542483176
166600769
914396542
167291141
967860937
796789658
448867218
838714636
368380741
939953653
409635005
112430336
208139492
62475274
637032892
801747876
596911207
669975499
366268876
368323288
856397142
101853862
485112869
627430875
173145746
593450719
133015203
583172416
431487574
742156855
692887100
775550799
71532105
716698948
207863467
185020417
176493376
531170070
916154328
506358653
246043285
855519187
935868046
566520969
346140218
169688571
279842509
742533783
554337701
228302381
248275591
667690950
892635559
436284063
853411125
742899204
549199159
744524638
946763715
331100427
726025437
653105434
196177423
52364700
480861745
284314403
720115946
202135931
956954047
437117508
844147021
428822828
541099166
749376623
200819302
646723000
665457673
651963792
743793060
700140256
385126174
924797574
623638145
295991968
793523423
850161767
239822640
417316392
762525440
148707749
285001145
937612818
17786590
343082304
345722550
182637190
729904256
517721155
510671413
182609329
251153127
169178658
243729314
931367294
487436461
773698476
821277190
438412473
361764989
389813897
111744907
5708837
890751745
478092313
808485864
705730453
236890886
391414507
634025470
338015105
691958747
413099556
12856861
490752719
61690307
501489058
682428616
545381272
605562729
939387768
152621046
622969539
512571630
321447822
501097090
429527843
387922616
804527316
297938505
747410029
516406448
435228994
651184364
284695599
458850094
920845409
690471301
183760746
344006891
328740519
708082824
718402263
202452600
460216188
958580742
235287729
879223786
152854019
244367077
94363702
253891783
253973781
680640729
833598047
591312398
369261926
607396559
706104690
324701478
522260657
350092717
209742650
772911358
951386314
10355023
973469562
735763411
366517220
402044481
186291707
473920252
216230556
104801332
535859888
813700702
988486822
11420654
813047780
713899812
708496974
645230541
483659640
287275422
766074427
295093624
109275153
80543492
530457240
222480546
392348644
841385755
260333553
728228461
50693402
564518318
107515815
