1000000 681
1 1000000
1 681
681 1000000
108054 934820
512811 697299
734581 917991
206128 235720
942128 946297
472679 857079
196497 674698
303542 769549
757699 965622
387535 498722
248267 866413
288500 738046
912088 982003
822910 988156
922319 965436
657451 884565
480039 829866
555021 922002
590847 893594
284549 853151
219941 515990
967468 986532
765210 933365
911768 954195
554896 850824
67251 524859
916643 943948
69877 71441
857684 950280
371270 945541
198563 243729
65567 368629
340299 744330
142051 185447
531220 958300
915596 921749
273619 394945
319100 883906
675638 830532
59042 226662
170987 895963
824501 913123
117958 436179
49631 745479
180619 485210
678589 935115
930459 950067
753413 867009
492826 818631
797685 803740
292986 832306
325783 353236
33445 616293
734323 738898
981931 992017
894544 913067
402313 877042
802094 818190
871033 879629
103766 968858
626282 989456
829901 975768
534161 707856
207820 287716
100617 663280
903528 918056
315387 951413
802144 958514
121376 630417
719784 988772
933171 990545
378862 974230
612790 844095
806346 886756
544425 982941
730678 842528
355936 472292
667437 950871
181700 556062
259820 359821
555833 760006
459156 998162
212884 519509
208268 837969
695011 802410
583293 722206
835964 897080
327113 492769
501899 974378
665229 915715
253619 777509
125315 633808
997008 998424
652757 838295
59299 213756
910338 934907
419494 583610
717101 895943
687958 770072
541227 902164
481862 658360
24546 211141
997135 997302
65800 547407
256795 310096
783687 868776
986984 995017
892435 917082
448316 710857
415996 705245
530899 985276
291316 563489
198474 976374
197265 595420
124683 915652
694175 783067
535548 773335
457394 496487
483564 606100
659304 843319
377457 812729
405138 547553
924601 959729
785368 994610
117243 687806
845691 849210
981009 987169
193150 330339
271668 627320
549944 649914
57966 690507
236282 996154
391275 408667
982594 996990
678446 958720
163360 453519
869038 878219
842881 979078
575881 978667
952306 983363
556753 851262
893183 903781
95331 877487
670577 868427
846035 888753
747020 873701
791354 946700
64575 244539
40091 162526
273071 410227
142992 785637
132196 589609
471101 837153
45539 693960
548596 790947
47825 310174
382163 580545
41144 777191
158064 407620
730910 926578
520543 718116
946591 988266
6675 124917
45400 203560
616195 729032
708247 862369
141505 203964
797545 822080
964932 968287
587784 903425
651153 831412
251919 848224
960664 970484
785132 807314
174246 324640
402547 751046
878063 916283
943455 976722
976003 992089
563763 902970
808253 966796
792880 846872
631252 987394
242852 905960
239201 411512
837009 905756
217441 854029
768056 795244
155213 479751
146396 443008
58555 60336
130053 323157
247544 350566
845184 907290
171704 571055
140436 423448
713467 751642
410401 544526
248793 775910
407583 962771
837941 886239
517108 696569
987974 999520
758142 972906
421023 861435
936017 988546
191803 775934
154377 518682
189362 462472
369847 430042
175040 524333
471285 624805
561450 970088
397400 860544
69602 792356
359386 639351
832213 966472
486194 783744
430185 545326
427616 737361
516188 853896
941535 988020
658180 874727
600511 752088
414582 898434
438505 463883
439661 977990
998816 999492
857557 948329
800984 857306
232673 603891
63979 351077
880289 909285
447145 597252
563808 903820
395437 499871
300026 425232
629959 852028
112352 512981
774780 878365
74768 810901
280109 308869
828124 998603
566679 595862
29793 715507
217782 525592
354040 440111
172210 689008
931122 971867
338877 996445
836541 858689
483754 704473
314887 742312
362408 488002
219842 236744
743133 925701
126478 346538
756705 785043
843296 894586
506208 640493
518920 890345
401467 932210
637824 935515
420165 993249
900815 914109
256352 940204
258225 356558
637771 680109
621153 907690
282687 298620
15215 888418
537105 548334
226755 585024
672094 792661
665852 704589
578119 736886
692041 855111
189319 755037
644765 675988
377208 766166
850455 963158
665505 892297
946677 969384
361343 862733
489086 643334
526205 708051
477066 862624
804172 944884
425002 737371
221952 385797
104448 741111
790546 883698
807303 990468
999130 999505
306884 832668
496607 804470
275371 737367
930109 947397
777263 934122
616469 911611
214615 884853
273410 921659
813295 814474
569112 914652
101058 400388
200565 359516
795625 950922
37635 925326
922941 963339
190772 722665
598274 874521
502992 983004
153165 235723
448044 603629
584268 796139
84585 236458
846136 937231
27861 258312
723689 962757
882115 922953
541256 637317
732102 938700
469906 856275
909371 980325
752306 941957
730935 733831
855345 889346
405782 415635
314465 614190
573629 978470
365304 918327
564369 998246
68773 810864
488482 902312
346954 951130
397440 802373
88034 193832
746703 777284
865994 909776
157357 387436
804212 947661
617703 697130
903549 906975
992310 996623
162772 437465
790024 845570
27644 614571
829575 979490
303458 368375
915289 922093
824714 938493
784249 874003
90159 860822
968370 970387
839370 845856
760385 905279
690786 866394
960411 967588
601616 801636
443691 871652
451241 530272
93534 823030
491618 991278
414850 989317
590422 857379
857169 959185
738825 818104
884569 979863
739074 753868
740861 874804
767207 807570
196554 592543
648313 831673
927939 977921
12119 742918
500348 641688
638130 701397
711204 877752
911404 992552
483236 837998
13500 981624
283995 623533
371518 695948
995165 998675
636110 930559
526329 743403
769697 858351
406798 732188
325748 383408
413297 678927
466308 844758
383641 528693
965513 993278
976274 998107
728991 743769
408023 919789
271157 763548
146157 840046
836794 866500
437067 903347
345694 590474
976077 995558
684558 813923
732297 840488
350370 580474
296022 789807
989600 999958
982734 985882
527934 673475
574914 747343
685290 763574
373146 433267
569371 712593
289043 377488
887876 938353
478349 786429
927249 938973
919626 963511
337726 401359
935889 990990
415371 871400
568419 874318
106992 960247
584721 925139
952173 957690
713014 832429
923446 958732
359494 412041
976906 979992
748228 754150
455063 997785
373148 652296
682061 764528
41945 338625
129761 258593
385650 601822
628939 869616
629533 922512
765763 863752
5742 510604
677975 906981
944351 953040
825565 977147
944056 972358
252498 289598
534746 975981
986862 992879
565850 938568
630658 882659
629779 832594
331041 627483
702717 818713
655787 681712
589076 638298
499803 647906
370525 497829
686659 997544
465470 667207
142429 261110
337763 826644
576624 617068
395576 451292
279291 288294
477497 746493
944850 965731
473179 828496
129266 427321
210344 656406
742953 812875
770211 942201
303265 520578
137747 963018
749789 862860
883548 894882
135092 201131
168675 425700
635025 777797
634433 926773
677027 886310
354714 478031
793918 976625
742145 895724
377159 941775
349215 759880
953210 984488
771668 913285
649581 994454
214744 234226
992978 996364
481281 820030
207236 792963
729695 868880
919543 928070
196104 615446
738708 923851
324688 382170
139123 971328
585530 615547
947977 970999
185202 222948
410137 555605
785108 836267
954184 964993
648988 659645
338107 528665
417518 492241
214821 946777
457306 552784
552393 635459
952571 995299
358263 927597
483988 765278
940218 963241
84777 635790
936703 998682
863783 941744
69074 728496
964220 981834
833616 858997
52416 985301
114335 340444
364760 830702
427682 718957
448313 601668
817764 965687
218646 608509
412330 625251
681681 711825
369399 652437
12524 607648
323932 687906
792446 944471
440224 583321
941163 948926
325985 842108
375143 604292
106385 832770
665328 847413
234672 479580
26284 645285
768085 955431
774989 959481
596020 800717
903775 911068
443663 861579
666262 868523
134062 378447
262427 865471
525546 777541
511625 814902
579795 635595
521212 921566
93690 957806
132871 298307
106054 481793
569292 609357
642440 863522
59748 166859
93505 284493
541640 957485
325128 756626
596128 972696
340791 636638
203811 429202
118423 950229
813825 904051
892203 967561
860756 987055
868380 911157
944425 959688
950627 993316
211842 468784
432266 953132
909219 986929
567457 720141
833222 929556
877367 998543
962347 970333
416938 950904
40721 871128
368090 731223
597367 917408
279782 388524
244083 946918
117030 403204
327794 736084
513063 537039
185059 767709
129044 912360
129507 405319
303751 719810
249980 419091
88405 308051
742862 922979
35457 209555
305524 768373
572174 579302
391693 973448
86023 789468
289691 387756
386293 776511
106913 272860
100921 300571
914449 956711
941670 942387
708182 909762
674990 996157
750221 820852
533023 986139
337863 654961
593365 854448
941817 999429
609881 996924
344147 997142
846366 986703
539103 935944
626536 764129
19525 642335
973104 986373
695411 825530
776670 783548
526917 568702
105967 194128
880446 932030
525495 852450
989816 996913
202533 671953
165231 971976
186217 647272
395137 576773
211881 674271
336871 643255
434367 732250
767219 847535
369790 543823
891104 975846
388490 597899
571480 756566
913186 985172
266718 926570
227819 408825
153892 560651
886862 972451
815955 944886
772792 802486
678766 970517
58250 189789
985411 992218
217266 304008
430884 579636
944587 997592
799747 920643
74957 210577
87383 826276
877653 979032
476701 480103
774257 895075
218451 224966
197130 975693
856450 912292
99932 348055
613909 849052
986339 989563
22229 810052
421730 771619
646631 909537
823040 827478
761652 947592
525619 697178
18604 616016
39081 658840
963831 969459
618989 974305
445839 789754
480935 499260
52081 237707
479079 663895
267512 918838
