440791161 576908127 1000
346051771 562980286
346051771 562980285
346051770 562980285
346051770 562980284
346051770 562980283
346051770 562980282
346051770 562980281
346051769 562980281
346051768 562980281
346051767 562980281
346051766 562980281
346051766 562980280
346051766 562980279
346051766 562980278
346051765 562980278
346051765 562980277
346051764 562980277
346051763 562980277
346051762 562980277
346051761 562980277
346051761 562980276
346051761 562980275
346051761 562980274
346051761 562980273
346051761 562980272
346051761 562980271
346051761 562980270
346051760 562980270
346051760 562980269
346051760 562980268
346051760 562980267
346051759 562980267
346051759 562980266
346051758 562980266
346051757 562980266
346051756 562980266
346051756 562980265
346051755 562980265
346051755 562980264
346051754 562980264
346051754 562980263
346051754 562980262
346051754 562980261
346051754 562980260
346051754 562980259
346051754 562980258
346051754 562980257
346051754 562980256
346051753 562980256
346051753 562980255
346051752 562980255
346051752 562980254
346051752 562980253
346051752 562980252
346051752 562980251
346051752 562980250
346051752 562980249
346051752 562980248
346051752 562980247
346051752 562980246
346051751 562980246
346051751 562980245
346051751 562980244
346051750 562980244
346051749 562980244
346051749 562980243
346051749 562980242
346051748 562980242
346051748 562980241
346051747 562980241
346051746 562980241
346051745 562980241
346051745 562980240
346051744 562980240
346051744 562980239
346051743 562980239
346051742 562980239
346051742 562980238
346051742 562980237
346051742 562980236
346051742 562980235
346051742 562980234
346051741 562980234
346051741 562980233
346051740 562980233
346051740 562980232
346051740 562980231
346051739 562980231
346051738 562980231
346051738 562980230
346051738 562980229
346051738 562980228
346051738 562980227
346051738 562980226
346051737 562980226
346051737 562980225
346051736 562980225
346051735 562980225
346051734 562980225
346051734 562980224
346051733 562980224
346051733 562980223
346051733 562980222
346051732 562980222
346051731 562980222
346051730 562980222
346051729 562980222
346051729 562980221
346051728 562980221
346051728 562980220
346051728 562980219
346051728 562980218
346051728 562980217
346051727 562980217
346051727 562980216
346051726 562980216
346051726 562980215
346051725 562980215
346051725 562980214
346051724 562980214
346051724 562980213
346051724 562980212
346051724 562980211
346051723 562980211
346051723 562980210
346051722 562980210
346051721 562980210
346051720 562980210
346051720 562980209
346051720 562980208
346051719 562980208
346051719 562980207
346051718 562980207
346051717 562980207
346051717 562980206
346051716 562980206
346051716 562980205
346051716 562980204
346051716 562980203
346051715 562980203
346051715 562980202
346051714 562980202
346051714 562980201
346051713 562980201
346051713 562980200
346051713 562980199
346051713 562980198
346051712 562980198
346051711 562980198
346051711 562980197
346051710 562980197
346051709 562980197
346051708 562980197
346051708 562980196
346051707 562980196
346051707 562980195
346051706 562980195
346051705 562980195
346051705 562980194
346051704 562980194
346051704 562980193
346051703 562980193
346051702 562980193
346051702 562980192
346051701 562980192
346051700 562980192
346051699 562980192
346051698 562980192
346051697 562980192
346051697 562980191
346051696 562980191
346051696 562980190
346051695 562980190
346051695 562980189
346051694 562980189
346051693 562980189
346051693 562980188
346051692 562980188
346051691 562980188
346051691 562980187
346051690 562980187
346051689 562980187
346051689 562980186
346051689 562980185
346051688 562980185
346051688 562980184
346051687 562980184
346051687 562980183
346051687 562980182
346051686 562980182
346051686 562980181
346051686 562980180
346051686 562980179
346051686 562980178
346051685 562980178
346051685 562980177
346051684 562980177
346051684 562980176
346051684 562980175
346051683 562980175
346051683 562980174
346051683 562980173
346051682 562980173
346051681 562980173
346051680 562980173
346051680 562980172
346051679 562980172
346051678 562980172
346051678 562980171
346051678 562980170
346051678 562980169
346051677 562980169
346051677 562980168
346051677 562980167
346051676 562980167
346051676 562980166
346051675 562980166
346051675 562980165
346051674 562980165
346051674 562980164
346051674 562980163
346051674 562980162
346051673 562980162
346051673 562980161
346051672 562980161
346051672 562980160
346051672 562980159
346051671 562980159
346051670 562980159
346051670 562980158
346051669 562980158
346051669 562980157
346051669 562980156
346051669 562980155
346051669 562980154
346051668 562980154
346051668 562980153
346051667 562980153
346051667 562980152
346051667 562980151
346051666 562980151
346051665 562980151
346051665 562980150
346051665 562980149
346051664 562980149
346051664 562980148
346051663 562980148
346051663 562980147
346051662 562980147
346051662 562980146
346051661 562980146
346051661 562980145
346051660 562980145
346051659 562980145
346051658 562980145
346051658 562980144
346051657 562980144
346051656 562980144
346051655 562980144
346051655 562980143
346051655 562980142
346051654 562980142
346051654 562980141
346051653 562980141
346051653 562980140
346051653 562980139
346051652 562980139
346051652 562980138
346051652 562980137
346051652 562980136
346051652 562980135
346051651 562980135
346051650 562980135
346051649 562980135
346051648 562980135
346051647 562980135
346051647 562980134
346051647 562980133
346051646 562980133
346051645 562980133
346051644 562980133
346051644 562980132
346051644 562980131
346051644 562980130
346051644 562980129
346051643 562980129
346051642 562980129
346051642 562980128
346051641 562980128
346051640 562980128
346051640 562980127
346051639 562980127
346051638 562980127
346051637 562980127
346051636 562980127
346051635 562980127
346051634 562980127
346051634 562980126
346051633 562980126
346051632 562980126
346051631 562980126
346051630 562980126
346051630 562980125
346051629 562980125
346051628 562980125
346051627 562980125
346051626 562980125
346051626 562980124
346051625 562980124
346051624 562980124
346051624 562980123
346051623 562980123
346051622 562980123
346051622 562980122
346051621 562980122
346051621 562980121
346051620 562980121
346051620 562980120
346051620 562980119
346051620 562980118
346051620 562980117
346051619 562980117
346051619 562980116
346051618 562980116
346051617 562980116
346051616 562980116
346051615 562980116
346051615 562980115
346051615 562980114
346051614 562980114
346051614 562980113
346051613 562980113
346051612 562980113
346051611 562980113
346051611 562980112
346051610 562980112
346051609 562980112
346051609 562980111
346051609 562980110
346051608 562980110
346051608 562980109
346051608 562980108
346051607 562980108
346051607 562980107
346051607 562980106
346051607 562980105
346051607 562980104
346051607 562980103
346051607 562980102
346051606 562980102
346051605 562980102
346051605 562980101
346051604 562980101
346051603 562980101
346051603 562980100
346051603 562980099
346051602 562980099
346051602 562980098
346051601 562980098
346051600 562980098
346051599 562980098
346051598 562980098
346051598 562980097
346051597 562980097
346051596 562980097
346051595 562980097
346051594 562980097
346051593 562980097
346051592 562980097
346051592 562980096
346051592 562980095
346051592 562980094
346051591 562980094
346051591 562980093
346051591 562980092
346051590 562980092
346051589 562980092
346051589 562980091
346051589 562980090
346051589 562980089
346051588 562980089
346051587 562980089
346051586 562980089
346051586 562980088
346051585 562980088
346051585 562980087
346051585 562980086
346051584 562980086
346051583 562980086
346051582 562980086
346051582 562980085
346051581 562980085
346051581 562980084
346051581 562980083
346051580 562980083
346051580 562980082
346051579 562980082
346051579 562980081
346051579 562980080
346051578 562980080
346051577 562980080
346051577 562980079
346051576 562980079
346051576 562980078
346051575 562980078
346051574 562980078
346051573 562980078
346051572 562980078
346051572 562980077
346051571 562980077
346051571 562980076
346051570 562980076
346051570 562980075
346051569 562980075
346051568 562980075
346051568 562980074
346051568 562980073
346051567 562980073
346051566 562980073
346051566 562980072
346051565 562980072
346051565 562980071
346051565 562980070
346051565 562980069
346051565 562980068
346051565 562980067
346051564 562980067
346051563 562980067
346051562 562980067
346051561 562980067
346051560 562980067
346051559 562980067
346051558 562980067
346051558 562980066
346051557 562980066
346051556 562980066
346051555 562980066
346051554 562980066
346051553 562980066
346051552 562980066
346051552 562980065
346051552 562980064
346051552 562980063
346051552 562980062
346051551 562980062
346051550 562980062
346051550 562980061
346051549 562980061
346051549 562980060
346051549 562980059
346051548 562980059
346051547 562980059
346051546 562980059
346051546 562980058
346051545 562980058
346051545 562980057
346051544 562980057
346051544 562980056
346051544 562980055
346051543 562980055
346051543 562980054
346051543 562980053
346051542 562980053
346051542 562980052
346051542 562980051
346051541 562980051
346051540 562980051
346051540 562980050
346051539 562980050
346051538 562980050
346051537 562980050
346051537 562980049
346051536 562980049
346051535 562980049
346051535 562980048
346051535 562980047
346051535 562980046
346051535 562980045
346051535 562980044
346051534 562980044
346051534 562980043
346051533 562980043
346051533 562980042
346051532 562980042
346051532 562980041
346051531 562980041
346051530 562980041
346051530 562980040
346051530 562980039
346051529 562980039
346051528 562980039
346051528 562980038
346051527 562980038
346051527 562980037
346051527 562980036
346051526 562980036
346051525 562980036
346051525 562980035
346051524 562980035
346051524 562980034
346051523 562980034
346051523 562980035
346051523 562980036
346051523 562980037
346051523 562980038
346051523 562980039
346051523 562980040
346051523 562980041
346051523 562980042
346051523 562980043
346051523 562980044
346051523 562980045
346051523 562980046
346051523 562980047
346051523 562980048
346051523 562980049
346051523 562980050
346051523 562980051
346051523 562980052
346051523 562980053
346051523 562980054
346051523 562980055
346051523 562980056
346051523 562980057
346051523 562980058
346051523 562980059
346051523 562980060
346051523 562980061
346051523 562980062
346051523 562980063
346051523 562980064
346051523 562980065
346051523 562980066
346051523 562980067
346051523 562980068
346051523 562980069
346051523 562980070
346051523 562980071
346051523 562980072
346051523 562980073
346051523 562980074
346051523 562980075
346051523 562980076
346051523 562980077
346051523 562980078
346051523 562980079
346051523 562980080
346051523 562980081
346051523 562980082
346051523 562980083
346051523 562980084
346051523 562980085
346051523 562980086
346051523 562980087
346051523 562980088
346051523 562980089
346051523 562980090
346051523 562980091
346051523 562980092
346051523 562980093
346051523 562980094
346051523 562980095
346051523 562980096
346051523 562980097
346051523 562980098
346051523 562980099
346051523 562980100
346051523 562980101
346051523 562980102
346051523 562980103
346051523 562980104
346051523 562980105
346051523 562980106
346051523 562980107
346051523 562980108
346051523 562980109
346051523 562980110
346051523 562980111
346051523 562980112
346051523 562980113
346051523 562980114
346051523 562980115
346051523 562980116
346051523 562980117
346051523 562980118
346051523 562980119
346051523 562980120
346051523 562980121
346051523 562980122
346051523 562980123
346051523 562980124
346051523 562980125
346051523 562980126
346051523 562980127
346051523 562980128
346051523 562980129
346051523 562980130
346051523 562980131
346051523 562980132
346051523 562980133
346051523 562980134
346051523 562980135
346051523 562980136
346051523 562980137
346051523 562980138
346051523 562980139
346051523 562980140
346051523 562980141
346051523 562980142
346051523 562980143
346051523 562980144
346051523 562980145
346051523 562980146
346051523 562980147
346051523 562980148
346051523 562980149
346051523 562980150
346051523 562980151
346051523 562980152
346051523 562980153
346051523 562980154
346051523 562980155
346051523 562980156
346051523 562980157
346051523 562980158
346051523 562980159
346051523 562980160
346051523 562980161
346051523 562980162
346051523 562980163
346051523 562980164
346051523 562980165
346051523 562980166
346051523 562980167
346051523 562980168
346051523 562980169
346051523 562980170
346051523 562980171
346051523 562980172
346051523 562980173
346051523 562980174
346051523 562980175
346051523 562980176
346051523 562980177
346051523 562980178
346051523 562980179
346051523 562980180
346051523 562980181
346051523 562980182
346051523 562980183
346051523 562980184
346051523 562980185
346051523 562980186
346051523 562980187
346051523 562980188
346051523 562980189
346051523 562980190
346051523 562980191
346051523 562980192
346051523 562980193
346051523 562980194
346051523 562980195
346051523 562980196
346051523 562980197
346051523 562980198
346051523 562980199
346051523 562980200
346051523 562980201
346051523 562980202
346051523 562980203
346051523 562980204
346051523 562980205
346051523 562980206
346051523 562980207
346051523 562980208
346051523 562980209
346051523 562980210
346051523 562980211
346051523 562980212
346051523 562980213
346051523 562980214
346051523 562980215
346051523 562980216
346051523 562980217
346051523 562980218
346051523 562980219
346051523 562980220
346051523 562980221
346051523 562980222
346051523 562980223
346051523 562980224
346051523 562980225
346051523 562980226
346051523 562980227
346051523 562980228
346051523 562980229
346051523 562980230
346051523 562980231
346051523 562980232
346051523 562980233
346051523 562980234
346051523 562980235
346051523 562980236
346051523 562980237
346051523 562980238
346051523 562980239
346051523 562980240
346051523 562980241
346051523 562980242
346051523 562980243
346051523 562980244
346051523 562980245
346051523 562980246
346051523 562980247
346051523 562980248
346051523 562980249
346051523 562980250
346051523 562980251
346051523 562980252
346051523 562980253
346051523 562980254
346051523 562980255
346051523 562980256
346051523 562980257
346051523 562980258
346051523 562980259
346051523 562980260
346051523 562980261
346051523 562980262
346051523 562980263
346051523 562980264
346051523 562980265
346051523 562980266
346051523 562980267
346051523 562980268
346051523 562980269
346051523 562980270
346051523 562980271
346051523 562980272
346051523 562980273
346051523 562980274
346051523 562980275
346051523 562980276
346051523 562980277
346051523 562980278
346051523 562980279
346051523 562980280
346051523 562980281
346051523 562980282
346051523 562980283
346051523 562980284
346051523 562980285
346051523 562980286
346051524 562980286
346051525 562980286
346051526 562980286
346051527 562980286
346051528 562980286
346051529 562980286
346051530 562980286
346051531 562980286
346051532 562980286
346051533 562980286
346051534 562980286
346051535 562980286
346051536 562980286
346051537 562980286
346051538 562980286
346051539 562980286
346051540 562980286
346051541 562980286
346051542 562980286
346051543 562980286
346051544 562980286
346051545 562980286
346051546 562980286
346051547 562980286
346051548 562980286
346051549 562980286
346051550 562980286
346051551 562980286
346051552 562980286
346051553 562980286
346051554 562980286
346051555 562980286
346051556 562980286
346051557 562980286
346051558 562980286
346051559 562980286
346051560 562980286
346051561 562980286
346051562 562980286
346051563 562980286
346051564 562980286
346051565 562980286
346051566 562980286
346051567 562980286
346051568 562980286
346051569 562980286
346051570 562980286
346051571 562980286
346051572 562980286
346051573 562980286
346051574 562980286
346051575 562980286
346051576 562980286
346051577 562980286
346051578 562980286
346051579 562980286
346051580 562980286
346051581 562980286
346051582 562980286
346051583 562980286
346051584 562980286
346051585 562980286
346051586 562980286
346051587 562980286
346051588 562980286
346051589 562980286
346051590 562980286
346051591 562980286
346051592 562980286
346051593 562980286
346051594 562980286
346051595 562980286
346051596 562980286
346051597 562980286
346051598 562980286
346051599 562980286
346051600 562980286
346051601 562980286
346051602 562980286
346051603 562980286
346051604 562980286
346051605 562980286
346051606 562980286
346051607 562980286
346051608 562980286
346051609 562980286
346051610 562980286
346051611 562980286
346051612 562980286
346051613 562980286
346051614 562980286
346051615 562980286
346051616 562980286
346051617 562980286
346051618 562980286
346051619 562980286
346051620 562980286
346051621 562980286
346051622 562980286
346051623 562980286
346051624 562980286
346051625 562980286
346051626 562980286
346051627 562980286
346051628 562980286
346051629 562980286
346051630 562980286
346051631 562980286
346051632 562980286
346051633 562980286
346051634 562980286
346051635 562980286
346051636 562980286
346051637 562980286
346051638 562980286
346051639 562980286
346051640 562980286
346051641 562980286
346051642 562980286
346051643 562980286
346051644 562980286
346051645 562980286
346051646 562980286
346051647 562980286
346051648 562980286
346051649 562980286
346051650 562980286
346051651 562980286
346051652 562980286
346051653 562980286
346051654 562980286
346051655 562980286
346051656 562980286
346051657 562980286
346051658 562980286
346051659 562980286
346051660 562980286
346051661 562980286
346051662 562980286
346051663 562980286
346051664 562980286
346051665 562980286
346051666 562980286
346051667 562980286
346051668 562980286
346051669 562980286
346051670 562980286
346051671 562980286
346051672 562980286
346051673 562980286
346051674 562980286
346051675 562980286
346051676 562980286
346051677 562980286
346051678 562980286
346051679 562980286
346051680 562980286
346051681 562980286
346051682 562980286
346051683 562980286
346051684 562980286
346051685 562980286
346051686 562980286
346051687 562980286
346051688 562980286
346051689 562980286
346051690 562980286
346051691 562980286
346051692 562980286
346051693 562980286
346051694 562980286
346051695 562980286
346051696 562980286
346051697 562980286
346051698 562980286
346051699 562980286
346051700 562980286
346051701 562980286
346051702 562980286
346051703 562980286
346051704 562980286
346051705 562980286
346051706 562980286
346051707 562980286
346051708 562980286
346051709 562980286
346051710 562980286
346051711 562980286
346051712 562980286
346051713 562980286
346051714 562980286
346051715 562980286
346051716 562980286
346051717 562980286
346051718 562980286
346051719 562980286
346051720 562980286
346051721 562980286
346051722 562980286
346051723 562980286
346051724 562980286
346051725 562980286
346051726 562980286
346051727 562980286
346051728 562980286
346051729 562980286
346051730 562980286
346051731 562980286
346051732 562980286
346051733 562980286
346051734 562980286
346051735 562980286
346051736 562980286
346051737 562980286
346051738 562980286
346051739 562980286
346051740 562980286
346051741 562980286
346051742 562980286
346051743 562980286
346051744 562980286
346051745 562980286
346051746 562980286
346051747 562980286
346051748 562980286
346051749 562980286
346051750 562980286
346051751 562980286
346051752 562980286
346051753 562980286
346051754 562980286
346051755 562980286
346051756 562980286
346051757 562980286
346051758 562980286
346051759 562980286
346051760 562980286
346051761 562980286
346051762 562980286
346051763 562980286
346051764 562980286
346051765 562980286
346051766 562980286
346051767 562980286
346051768 562980286
346051769 562980286
346051770 562980286
