50 50
23445556666666666665554430344555666666666655544300
04556667777777777776665542000000000000000000000020
04556667777777777776665540344555666666666655544303
05667778888888888887776650455666777777777766655404
05667778888888888887776650455666777777777766655404
05667778888888888887776650566777888888888877766505
06778889999999999998887760566777888888888877766505
06778889999999999998887760566777888888888877766505
06778889999999999998887760677888999999999988877606
06778889999999999998887760677888999999999988877606
06778889999999999998887760677888999999999988877606
06778889999999999998887760677888999999999988877606
06778889999999999998887760677888999999999988877606
06778889999999999998887760677888999999999988877606
06778889999999999998887760677888999999999988877606
06778889999999999998887760677888999999999988877606
06778889999999999998887760677888999999999988877606
06778889999999999998887760677888999999999988877606
06778889999999999998887760677888999999999988877606
05667778888888888887776650566777888888888877766505
05667778888888888887776650566777888888888877766505
05667778888888888887776650566777888888888877766505
04556667777777777776665542455666777777777766655404
04556667777777777776665541455666777777777766655404
03445556666666666665554431344555666666666655544303
20000000000000000000002110112000000000000000000020
34455566666666666665554431344555666666666666555443
45566677777777777776665541455666777777777777666554
45566677777777777776665542455666777777777777666554
56677788888888888887776650566777888888888888777665
56677788888888888887776650566777888888888888777665
56677788888888888887776650566777888888888888777665
67788899999999999998887760677888999999999999888776
67788899999999999998887760677888999999999999888776
67788899999999999998887760677888999999999999888776
67788899999999999998887760677888999999999999888776
67788899999999999998887760677888999999999999888776
67788899999999999998887760677888999999999999888776
67788899999999999998887760677888999999999999888776
67788899999999999998887760677888999999999999888776
67788899999999999998887760677888999999999999888776
67788899999999999998887760677888999999999999888776
67788899999999999998887760677888999999999999888776
67788899999999999998887760566777888888888888777665
56677788888888888887776650566777888888888888777665
56677788888888888887776650566777888888888888777665
56677788888888888887776650455666777777777777666554
45566677777777777776665540455666777777777777666554
45566677777777777776665540344555666666666666555443
34455566666666666665554432000000000000000000000002
