100 100
2344555666666666666666666666666666666666666655544303445556666666666666666666666666666666666655544300
0455666777777777777777777777777777777777777766655420000000000000000000000000000000000000000000000020
0455666777777777777777777777777777777777777766655403445556666666666666666666666666666666666655544303
0566777888888888888888888888888888888888888877766504556667777777777777777777777777777777777766655404
0566777888888888888888888888888888888888888877766504556667777777777777777777777777777777777766655404
0566777888888888888888888888888888888888888877766505667778888888888888888888888888888888888877766505
0677888999999999999999999999999999999999999988877605667778888888888888888888888888888888888877766505
0677888999999999999999999999999999999999999988877605667778888888888888888888888888888888888877766505
0677888999999999999999999999999999999999999988877606778889999999999999999999999999999999999988877606
0677888999999999999999999999999999999999999988877606778889999999999999999999999999999999999988877606
0677888999999999999999999999999999999999999988877606778889999999999999999999999999999999999988877606
0677888999999999999999999999999999999999999988877606778889999999999999999999999999999999999988877606
0677888999999999999999999999999999999999999988877606778889999999999999999999999999999999999988877606
0677888999999999999999999999999999999999999988877606778889999999999999999999999999999999999988877606
0677888999999999999999999999999999999999999988877606778889999999999999999999999999999999999988877606
0677888999999999999999999999999999999999999988877606778889999999999999999999999999999999999988877606
0677888999999999999999999999999999999999999988877606778889999999999999999999999999999999999988877606
0677888999999999999999999999999999999999999988877606778889999999999999999999999999999999999988877606
0677888999999999999999999999999999999999999988877606778889999999999999999999999999999999999988877606
0677888999999999999999999999999999999999999988877606778889999999999999999999999999999999999988877606
0677888999999999999999999999999999999999999988877606778889999999999999999999999999999999999988877606
0677888999999999999999999999999999999999999988877606778889999999999999999999999999999999999988877606
0677888999999999999999999999999999999999999988877606778889999999999999999999999999999999999988877606
0677888999999999999999999999999999999999999988877606778889999999999999999999999999999999999988877606
0677888999999999999999999999999999999999999988877606778889999999999999999999999999999999999988877606
0677888999999999999999999999999999999999999988877606778889999999999999999999999999999999999988877606
0677888999999999999999999999999999999999999988877606778889999999999999999999999999999999999988877606
0677888999999999999999999999999999999999999988877606778889999999999999999999999999999999999988877606
0677888999999999999999999999999999999999999988877606778889999999999999999999999999999999999988877606
0677888999999999999999999999999999999999999988877606778889999999999999999999999999999999999988877606
0677888999999999999999999999999999999999999988877606778889999999999999999999999999999999999988877606
0677888999999999999999999999999999999999999988877606778889999999999999999999999999999999999988877606
0677888999999999999999999999999999999999999988877606778889999999999999999999999999999999999988877606
0677888999999999999999999999999999999999999988877606778889999999999999999999999999999999999988877606
0677888999999999999999999999999999999999999988877606778889999999999999999999999999999999999988877606
0677888999999999999999999999999999999999999988877606778889999999999999999999999999999999999988877606
0677888999999999999999999999999999999999999988877606778889999999999999999999999999999999999988877606
0677888999999999999999999999999999999999999988877606778889999999999999999999999999999999999988877606
0677888999999999999999999999999999999999999988877606778889999999999999999999999999999999999988877606
0677888999999999999999999999999999999999999988877606778889999999999999999999999999999999999988877606
0677888999999999999999999999999999999999999988877606778889999999999999999999999999999999999988877606
0677888999999999999999999999999999999999999988877606778889999999999999999999999999999999999988877606
0677888999999999999999999999999999999999999988877606778889999999999999999999999999999999999988877606
0677888999999999999999999999999999999999999988877606778889999999999999999999999999999999999988877606
0566777888888888888888888888888888888888888877766505667778888888888888888888888888888888888877766505
0566777888888888888888888888888888888888888877766505667778888888888888888888888888888888888877766505
0566777888888888888888888888888888888888888877766505667778888888888888888888888888888888888877766505
0455666777777777777777777777777777777777777766655424556667777777777777777777777777777777777766655404
0455666777777777777777777777777777777777777766655414556667777777777777777777777777777777777766655404
0344555666666666666666666666666666666666666655544313445556666666666666666666666666666666666655544303
2000000000000000000000000000000000000000000000021101120000000000000000000000000000000000000000000020
3445556666666666666666666666666666666666666655544313445556666666666666666666666666666666666666555443
4556667777777777777777777777777777777777777766655414556667777777777777777777777777777777777777666554
4556667777777777777777777777777777777777777766655424556667777777777777777777777777777777777777666554
5667778888888888888888888888888888888888888877766505667778888888888888888888888888888888888888777665
5667778888888888888888888888888888888888888877766505667778888888888888888888888888888888888888777665
5667778888888888888888888888888888888888888877766505667778888888888888888888888888888888888888777665
6778889999999999999999999999999999999999999988877606778889999999999999999999999999999999999999888776
6778889999999999999999999999999999999999999988877606778889999999999999999999999999999999999999888776
6778889999999999999999999999999999999999999988877606778889999999999999999999999999999999999999888776
6778889999999999999999999999999999999999999988877606778889999999999999999999999999999999999999888776
6778889999999999999999999999999999999999999988877606778889999999999999999999999999999999999999888776
6778889999999999999999999999999999999999999988877606778889999999999999999999999999999999999999888776
6778889999999999999999999999999999999999999988877606778889999999999999999999999999999999999999888776
6778889999999999999999999999999999999999999988877606778889999999999999999999999999999999999999888776
6778889999999999999999999999999999999999999988877606778889999999999999999999999999999999999999888776
6778889999999999999999999999999999999999999988877606778889999999999999999999999999999999999999888776
6778889999999999999999999999999999999999999988877606778889999999999999999999999999999999999999888776
6778889999999999999999999999999999999999999988877606778889999999999999999999999999999999999999888776
6778889999999999999999999999999999999999999988877606778889999999999999999999999999999999999999888776
6778889999999999999999999999999999999999999988877606778889999999999999999999999999999999999999888776
6778889999999999999999999999999999999999999988877606778889999999999999999999999999999999999999888776
6778889999999999999999999999999999999999999988877606778889999999999999999999999999999999999999888776
6778889999999999999999999999999999999999999988877606778889999999999999999999999999999999999999888776
6778889999999999999999999999999999999999999988877606778889999999999999999999999999999999999999888776
6778889999999999999999999999999999999999999988877606778889999999999999999999999999999999999999888776
6778889999999999999999999999999999999999999988877606778889999999999999999999999999999999999999888776
6778889999999999999999999999999999999999999988877606778889999999999999999999999999999999999999888776
6778889999999999999999999999999999999999999988877606778889999999999999999999999999999999999999888776
6778889999999999999999999999999999999999999988877606778889999999999999999999999999999999999999888776
6778889999999999999999999999999999999999999988877606778889999999999999999999999999999999999999888776
6778889999999999999999999999999999999999999988877606778889999999999999999999999999999999999999888776
6778889999999999999999999999999999999999999988877606778889999999999999999999999999999999999999888776
6778889999999999999999999999999999999999999988877606778889999999999999999999999999999999999999888776
6778889999999999999999999999999999999999999988877606778889999999999999999999999999999999999999888776
6778889999999999999999999999999999999999999988877606778889999999999999999999999999999999999999888776
6778889999999999999999999999999999999999999988877606778889999999999999999999999999999999999999888776
6778889999999999999999999999999999999999999988877606778889999999999999999999999999999999999999888776
6778889999999999999999999999999999999999999988877606778889999999999999999999999999999999999999888776
6778889999999999999999999999999999999999999988877606778889999999999999999999999999999999999999888776
6778889999999999999999999999999999999999999988877606778889999999999999999999999999999999999999888776
6778889999999999999999999999999999999999999988877606778889999999999999999999999999999999999999888776
6778889999999999999999999999999999999999999988877606778889999999999999999999999999999999999999888776
6778889999999999999999999999999999999999999988877605667778888888888888888888888888888888888888777665
5667778888888888888888888888888888888888888877766505667778888888888888888888888888888888888888777665
5667778888888888888888888888888888888888888877766505667778888888888888888888888888888888888888777665
5667778888888888888888888888888888888888888877766504556667777777777777777777777777777777777777666554
4556667777777777777777777777777777777777777766655404556667777777777777777777777777777777777777666554
4556667777777777777777777777777777777777777766655403445556666666666666666666666666666666666666555443
3445556666666666666666666666666666666666666655544320000000000000000000000000000000000000000000000002
