100 100
0111222223333333444444444555555555556666666666666777777777777777888888888888888889999999999999999999
0112222233333334444444445555555555566666666666667777777777777778888888888888888899999999999999999999
0122222333333344444444455555555555666666666666677777777777777788888888888888888999999999999999999999
0222223333333444444444555555555556666666666666777777777777777888888888888888889999999999999999999999
0222233333334444444445555555555566666666666667777777777777778888888888888888899999999999999999999999
0000003333344444444455555555555666666666666677777777777777788888888888888888999999999999999999999999
2223303333444444444555555555556666666666666777777777777777888888888888888889999999999999999999999999
2233303334444444445555555555566666666666667777777777777778888888888888888899999999999999999999999999
2333303344444444455555555555666666666666677777777777777788888888888888888999999999999999999999999999
3333303444444444555555555556666666666666777777777777777888888888888888889999999999999999999999999999
3333304444444445555555555566666666666667777777777777778888888888888888899999999999999999999999999999
3333304444444455555555555666666666666677777777777777788888888888888888999999999999999999999999999999
3333404444444555555555556666666666666777777777777777888888888888888889999999999999999999999999999999
3334404444445555555555566666666666667777777777777778888888888888888899999999999999999999999999999999
3344404444455555555555666666666666677777777777777788888888888888888999999999999999999999999999999999
3444400444555555555556666666666666777777777777777888888888888888889999999999999999999999999999999999
4444440445555555555566666666666667777777777777778888888888888888899999999999999999999999999999999999
4444440455555555555666666666666677777777777777788888888888888888999999999999999999999999999999999999
4444440555555555556666666666666777777777777777888888888888888889999999999999999999999999999999999999
4444440005555555566666666666667777777777777778888888888888888899999999999999999999999999999999999998
4444455505555555666666666666677777777777777788888888888888888999999999999999999999999999999999999988
4444555500000000066666666666777777777777777888888888888888889999999999999999999999999999999999999888
4445555555555566066666666667777777777777778888888888888888899999999999999999999999999999999999998888
4455555555555666066666666677777777777777788888888888888888999999999999999999999999999999999999988888
4555555555556666066666666777777777777777888888888888888889999999999999999999999999999999999999888888
5555555555566666066666667777777777777778888888888888888899999999999999999999999999999999999998888888
5555555555666666000000000000000077777788888888888888888999999999999999999999999999999999999988888888
5555555556666666666666777777777077777888888888888888889999999999999999999999999999999999999888888888
5555555566666666666667777777777077778888888888888888899999999999999999999999999999999999998888888888
5555555666666666666677777777777077788888888888888888999999999999999999999999999999999999988888888888
5555556666666666666777777777777077888888888888888889999999999999999999999999999999999999888888888888
5555566666666666667777777777777078888888888888888899999999999999999999999999999999999998888888888888
5555666666666666677777777777777088888888888888888999999999999999999999999999999999999988888888888888
5556666666666666777777777777777008888888888888889999999999999999999999999999999999999888888888888888
5566666666666667777777777777778808888888888888899999999999999999999999999999999999998888888888888888
5666666666666677777777777777788808888888888888999999999999999999999999999999999999988888888888888888
6666666666666777777777777777888808888888888889999999999999999999999999999999999999888888888888888887
6666666666667777777777777778888800888888888899999999999999999999999999999999999998888888888888888877
6666666666677777777777777788888880888888888999999999999999999999999999999999999988888888888888888777
6666666666777777777777777888888880000008889999999999999999999999999999999999999888888888888888887777
6666666667777777777777778888888888888808899999999999999999999999999999999999998888888888888888877777
6666666677777777777777788888888888888808999999999999999999999999999999999999988888888888888888777777
6666666777777777777777888888888888888809999999999999999999999999999999999999888888888888888887777777
6666667777777777777778888888888888888809999999999999999999999999999999999998888888888888888877777777
6666677777777777777788888888888888888909999999999999999999999999999999999988888888888888888777777777
6666777777777777777888888888888888889900999999999999999999999999999999999888888888888888887777777777
6667777777777777778888888888888888899990999999999999999999999999999999998888888888888888877777777777
6677777777777777788888888888888888999990999999999999999999999999999999988888888888888888777777777777
6777777777777777888888888888888889999990999999999999999999999999999999888888888888888887777777777777
7777777777777778888888888888888899999990999999999999999999999999999998888888888888888877777777777777
7777777777777788888888888888888999999990999999999999999999999999999988888888888888888777777777777777
7777777777777888888888888888889999999990999999999999999999999999999888888888888888887777777777777776
7777777777778888888888888888899999999990999999999999999999999999998888888888888888877777777777777766
7777777777788888888888888888999999999990000000000099999999999999988888888888888888777777777777777666
7777777777888888888888888889999999999999999999999099999999999999888888888888888887777777777777776666
7777777778888888888888888899999999999999999999999099999999999998888888888888888877777777777777766666
7777777788888888888888888999999999999999999999999099999999999988888888888888888777777777777777666666
7777777888888888888888889999999999999999999999999099999999999888888888888888887777777777777776666666
7777778888888888888888899999999999999999999999999099999999998888888888888888877777777777777766666666
7777788888888888888888999999999999999999999999999099999999988888888888888888777777777777777666666666
7777888888888888888889999999999999999999999999999099999999888888888888888887777777777777776666666666
7778888888888888888899999999999999999999999999999099999998888888888888888877777777777777766666666666
7788888888888888888999999999999999999999999999999099999988888888888888888777777777777777666666666666
7888888888888888889999999999999999999999999999999099999888888888888888887777777777777776666666666666
8888888888888888899999999999999999999999999999999099998888888888888888877777777777777766666666666665
8888888888888888999999999999999999999999999999999099988888888888888888777777777777777666666666666655
8888888888888889999999999999999999999999999999999099888888888888888887777777777777776666666666666555
8888888888888899999999999999999999999999999999999098888888888888888877777777777777766666666666665555
8888888888888999999999999999999999999999999999999088888888888888888777777777777777666666666666655555
8888888888889999999999999999999999999999999999999088888888888888887777777777777776666666666666555555
8888888888899999999999999999999999999999999999998088888888888888877777777777777766666666666665555555
8888888888999999999999999999999999999999999999988088888888888888777777777777777666666666666655555555
8888888889999999999999999999999999999999999999888088888888888887777777777777776666666666666555555555
8888888899999999999999999999999999999999999998888088888888888877777777777777766666666666665555555555
8888888999999999999999999999999999999999999988888088888888888777777777777777666666666666655555555555
8888889999999999999999999999999999999999999888888088888888887777777777777776666666666666555555555554
8888899999999999999999999999999999999999998888888088888888877777777777777766666666666665555555555544
8888999999999999999999999999999999999999988888888088888888777777777777777666666666666655555555555444
8889999999999999999999999999999999999999888888888088888887777777777777776666666666666555555555554444
8899999999999999999999999999999999999998888888888088888877777777777777766666666666665555555555544444
8999999999999999999999999999999999999988888888888088888777777777777777666666666666655555555555444444
9999999999999999999999999999999999999888888888888088887777777777777776666666666666555555555554444444
9999999999999999999999999999999999998888888888888088877777777777777766666666666665555555555544444444
9999999999999999999999999999999999988888888888888088777777777777777666666666666655555555555444444444
9999999999999999999999999999999999888888888888888087777777777777776666666666666555555555554444444443
9999999999999999999999999999999998888888888888888077777777777777766666666666665555555555544444444433
9999999999999999999999999999999988888888888888888077777777777777666666666666655555555555444444444333
9999999999999999999999999999999888888888888888887077777777777776666666666666555555555554444444443333
9999999999999999999999999999998888888888888888877077777777777766666666666665555555555544444444433333
9999999999999999999999999999988888888888888888777077777777777666666666666655555555555444444444333333
9999999999999999999999999999888888888888888887777077777777776666666666666555555555554444444443333333
9999999999999999999999999998888888888888888877777077777777766666666666665555555555544444444433333332
9999999999999999999999999988888888888888888777777077777777666666666666655555555555444444444333333322
9999999999999999999999999888888888888888887777777077777776666666666666555555555554444444443333333222
9999999999999999999999998888888888888888877777777077777766666666666665555555555544444444433333332222
9999999999999999999999988888888888888888777777777077777666666666666655555555555444444444333333322222
9999999999999999999999888888888888888887777777777077776666666666666555555555554444444443333333222221
9999999999999999999998888888888888888877777777777077766666666666665555555555544444444433333332222211
9999999999999999999988888888888888888777777777777077666666666666655555555555444444444333333322222111
9999999999999999999888888888888888887777777777777000000000000000000000000000000000000000000000000000
