100 100
0111222223333333444444444555555555556666666666666777777777777777888888888888888889999999999999999999
0112222233333334444444445555555555566666666666667777777777777778888888888888888899999999999999999999
0122222333333344444444455555555555666666666666677777777777777788888888888888888999999999999999999999
0222223333333444444444555555555556666666666666777777777777777888888888888888889999999999999999999999
0222233333334444444445555555555566666666666667777777777777778888888888888888899999999999999999999999
0222333333344444444455555555555666666666666677777777777777788888888888888888999999999999999999999999
0223333333444444444555555555556666666666666777777777777777888888888888888889999999999999999999999999
0233333334444444445555555555566666666666667777777777777778888888888888888899999999999999999999999999
0000000000000000000055555555666666666666677777777777777788888888888888888999999999999999999999999999
3333333444444444555055555556666666666666777777777777777888888888888888889999999999999999999999999999
3333334444444445555000000000000000666667777777777777778888888888888888899999999999999999999999999999
3333344444444455555555555666666660666677777777777777788888888888888888999999999999999999999999999999
3333444444444555555555556666666660666777777777777777888888888888888889999999999999999999999999999999
3334444444445555555555566666666660667777777777777778888888888888888899999999999999999999999999999999
3344444444455555555555666666666660677777777777777788888888888888888999999999999999999999999999999999
3444444444555555555556666666666660000077777777777888888888888888889999999999999999999999999999999999
4444444445555555555566666666666667777077777777778888888888888888899999999999999999999999999999999999
4444444455555555555666666666666677777077777777788888888888888888999999999999999999999999999999999999
4444444555555555556666666666666777777077777777888888888888888889999999999999999999999999999999999999
4444445555555555566666666666667777777077777778888888888888888899999999999999999999999999999999999998
4444455555555555666666666666677777777077777788888888888888888999999999999999999999999999999999999988
4444555555555556666666666666777777777077777888888888888888889999999999999999999999999999999999999888
4445555555555566666666666667777777777077778888888888888888899999999999999999999999999999999999998888
4455555555555666666666666677777777777077788888888888888888999999999999999999999999999999999999988888
4555555555556666666666666777777777777077888888888888888889999999999999999999999999999999999999888888
5555555555566666666666667777777777777078888888888888888899999999999999999999999999999999999998888888
5555555555666666666666677777777777777088888888888888888999999999999999999999999999999999999988888888
5555555556666666666666777777777777777088888888888888889999999999999999999999999999999999999888888888
5555555566666666666667777777777777778088888888888888899999999999999999999999999999999999998888888888
5555555666666666666677777777777777788088888888888888999999999999999999999999999999999999988888888888
5555556666666666666777777777777777888088888888888889999999999999999999999999999999999999888888888888
5555566666666666667777777777777778888088888888888899999999999999999999999999999999999998888888888888
5555666666666666677777777777777788888088888888888999999999999999999999999999999999999988888888888888
5556666666666666777777777777777888888000008888889999999999999999999999999999999999999888888888888888
5566666666666667777777777777778888888888800088899999999999999999999999999999999999998888888888888888
5666666666666677777777777777788888888888888088999999999999999999999999999999999999988888888888888888
6666666666666777777777777777888888888888888089999999999999999999999999999999999999888888888888888887
6666666666667777777777777778888888888888888099999999999999999999999999999999999998888888888888888877
6666666666677777777777777788888888888888888099999999999999999999999999999999999988888888888888888777
6666666666777777777777777888888888888888889099999999999999999999999999999999999888888888888888887777
6666666667777777777777778888888888888888899099999999999999999999999999999999998888888888888888877777
6666666677777777777777788888888888888888999000999999999999999999999999999999988888888888888888777777
6666666777777777777777888888888888888889999990999999999999999999999999999999888888888888888887777777
6666667777777777777778888888888888888899999990999999999999999999999999999998888888888888888877777777
6666677777777777777788888888888888888999999990999999999999999999999999999988888888888888888777777777
6666777777777777777888888888888888889999999990999999999999999999999999999888888888888888887777777777
6667777777777777778888888888888888899999999990009999999999999999999999998888888888888888877777777777
6677777777777777788888888888888888999999999999900000009999999999999999988888888888888888777777777777
6777777777777777888888888888888889999999999999999999909999999999999999888888888888888887777777777777
7777777777777778888888888888888899999999999999999999909999999999999998888888888888888877777777777777
7777777777777788888888888888888999999999999999999999909999999999999988888888888888888777777777777777
7777777777777888888888888888889999999999999999999999909999999999999888888888888888887777777777777776
7777777777778888888888888888899999999999999999999999900000000000098888888888888888877777777777777766
7777777777788888888888888888999999999999999999999999999999999999088888888888888888777777777777777666
7777777777888888888888888889999999999999999999999999999999999999088888888888888887777777777777776666
7777777778888888888888888899999999999999999999999999999999999998088888888888888877777777777777766666
7777777788888888888888888999999999999999999999999999999999999988088888888888888777777777777777666666
7777777888888888888888889999999999999999999999999999999999999888000000000008887777777777777776666666
7777778888888888888888899999999999999999999999999999999999998888888888888808877777777777777766666666
7777788888888888888888999999999999999999999999999999999999988888888888888800077777777777777666666666
7777888888888888888889999999999999999999999999999999999999888888888888888887077777777777776666666666
7778888888888888888899999999999999999999999999999999999998888888888888888877077777777777766666666666
7788888888888888888999999999999999999999999999999999999988888888888888888777077777777777666666666666
7888888888888888889999999999999999999999999999999999999888888888888888887777077777777776666666666666
8888888888888888899999999999999999999999999999999999998888888888888888877777077777777766666666666665
8888888888888888999999999999999999999999999999999999988888888888888888777777077777777666666666666655
8888888888888889999999999999999999999999999999999999888888888888888887777777077777776666666666666555
8888888888888899999999999999999999999999999999999998888888888888888877777777077777766666666666665555
8888888888888999999999999999999999999999999999999988888888888888888777777777000000006666666666655555
8888888888889999999999999999999999999999999999999888888888888888887777777777777776606666666666555555
8888888888899999999999999999999999999999999999998888888888888888877777777777777766606666666665555555
8888888888999999999999999999999999999999999999988888888888888888777777777777777666606666666655555555
8888888889999999999999999999999999999999999999888888888888888887777777777777776666606666666555555555
8888888899999999999999999999999999999999999998888888888888888877777777777777766666606666665555555555
8888888999999999999999999999999999999999999988888888888888888777777777777777666666606666655555555555
8888889999999999999999999999999999999999999888888888888888887777777777777776666666606666555555555554
8888899999999999999999999999999999999999998888888888888888877777777777777766666666606665555555555544
8888999999999999999999999999999999999999988888888888888888777777777777777666666666606655555555555444
8889999999999999999999999999999999999999888888888888888887777777777777776666666666606555555555554444
8899999999999999999999999999999999999998888888888888888877777777777777766666666666605555555555544444
8999999999999999999999999999999999999988888888888888888777777777777777666666666666600000000000000000
9999999999999999999999999999999999999888888888888888887777777777777776666666666666555555555554444440
9999999999999999999999999999999999998888888888888888877777777777777766666666666665555555555544444440
9999999999999999999999999999999999988888888888888888777777777777777666666666666655555555555444444440
9999999999999999999999999999999999888888888888888887777777777777776666666666666555555555554444444440
9999999999999999999999999999999998888888888888888877777777777777766666666666665555555555544444444430
9999999999999999999999999999999988888888888888888777777777777777666666666666655555555555444444444330
9999999999999999999999999999999888888888888888887777777777777776666666666666555555555554444444443330
9999999999999999999999999999998888888888888888877777777777777766666666666665555555555544444444433330
9999999999999999999999999999988888888888888888777777777777777666666666666655555555555444444444333330
9999999999999999999999999999888888888888888887777777777777776666666666666555555555554444444443333330
9999999999999999999999999998888888888888888877777777777777766666666666665555555555544444444433333330
9999999999999999999999999988888888888888888777777777777777666666666666655555555555444444444333333320
9999999999999999999999999888888888888888887777777777777776666666666666555555555554444444443333333220
9999999999999999999999998888888888888888877777777777777766666666666665555555555544444444433333332220
9999999999999999999999988888888888888888777777777777777666666666666655555555555444444444333333322220
9999999999999999999999888888888888888887777777777777776666666666666555555555554444444443333333222220
9999999999999999999998888888888888888877777777777777766666666666665555555555544444444433333332222210
9999999999999999999988888888888888888777777777777777666666666666655555555555444444444333333322222110
9999999999999999999888888888888888887777777777777776666666666666555555555554444444443333333222221110
