91 20
00000000000000000000
10111111111111111111
00000000000000000000
20222222222222222222
20222222222222222222
00000000000000000000
30333333333333333333
30333333333333333333
30333333333333333333
00000000000000000000
40444444444444444444
40444444444444444444
40444444444444444444
40444444444444444444
00000000000000000000
55555555555555555505
55555555555555555505
55555555555555555505
55555555555555555505
55555555555555555505
00000000000000000000
66666666666666666606
66666666666666666606
66666666666666666606
66666666666666666606
66666666666666666606
66666666666666666606
00000000000000000000
77777777777777777707
77777777777777777707
77777777777777777707
77777777777777777707
77777777777777777707
77777777777777777707
77777777777777777707
00000000000000000000
88888888888888888808
88888888888888888808
88888888888888888808
88888888888888888808
88888888888888888808
88888888888888888808
88888888888888888808
88888888888888888808
99999999999999909999
00000000000000000000
99999999999909999999
88888888888808888888
88888888888808888888
88888888888808888888
88888888888808888888
88888888888808888888
88888888888808888888
88888888888808888888
88888888888808888888
00000000000000000000
77777777707777777777
77777777707777777777
77777777707777777777
77777777707777777777
77777777707777777777
77777777707777777777
77777777707777777777
00000000000000000000
66666666606666666666
66666666606666666666
66666666606666666666
66666666606666666666
66666666606666666666
66666666606666666666
00000000000000000000
55555555505555555555
55555555505555555555
55555555505555555555
55555555505555555555
55555555505555555555
00000000000000000000
44444444404444444444
44444444404444444444
44444444404444444444
44444444404444444444
00000000000000000000
33333303333333333333
33333303333333333333
33333303333333333333
00000000000000000000
22222202222222222222
22222202222222222222
00000000000000000000
11111101111111111111
00000000000000000000
