30 30
521916271072111646788235538391
305516383308417070726461963026
436456493638003695831664779388
871542896587201121144029768868
182081422072090558663128476631
400718148366756889452947429651
992949347866851410493756440846
201437348010836262509925608013
217148658145576390699271532267
123067018146292759380045502105
277865375879252763921752127482
289934576240495726183661383991
323737295259109152863675744284
670778590167125204045839571927
126346117814483277789336131725
826271832065903441571158080558
660045545672753795531779837667
167071896191242961619835571466
494610936843013712321753133530
653116709663849329524958505023
840399911618879619214566830657
654786224652650987185740551820
167069419751425995816336501088
525128971326988692209315026614
600305942507793535667572909730
153992673920319522085285382570
282600657436900244814402086831
376130458182316780692752852741
970465600715618740599430893734
516322993855259539287372343700
