352 21
176 1
176 2
175 2
175 17
174 17
174 13
173 13
173 12
172 12
172 3
171 3
171 2
170 2
170 3
169 3
169 2
168 2
168 17
167 17
167 13
166 13
166 12
165 12
165 3
164 3
164 2
163 2
163 11
162 11
162 10
161 10
161 2
160 2
160 17
159 17
159 13
158 13
158 12
157 12
157 3
156 3
156 2
155 2
155 20
154 20
154 12
153 12
153 11
152 11
152 10
151 10
151 2
150 2
150 17
149 17
149 13
148 13
148 12
147 12
147 3
146 3
146 2
145 2
145 6
144 6
144 2
143 2
143 17
142 17
142 13
141 13
141 12
140 12
140 3
139 3
139 2
138 2
138 19
137 19
137 10
136 10
136 2
135 2
135 17
134 17
134 13
133 13
133 12
132 12
132 3
131 3
131 2
130 2
130 3
129 3
129 2
128 2
128 17
127 17
127 13
126 13
126 12
125 12
125 3
124 3
124 2
123 2
123 6
122 6
122 2
121 2
121 17
120 17
120 13
119 13
119 12
118 12
118 3
117 3
117 2
116 2
116 16
115 16
115 15
114 15
114 11
113 11
113 2
112 2
112 17
111 17
111 13
110 13
110 12
109 12
109 3
108 3
108 2
107 2
107 3
106 3
106 2
105 2
105 17
104 17
104 13
103 13
103 12
102 12
102 3
101 3
101 2
100 2
100 28
99 28
99 19
98 19
98 15
97 15
97 6
96 6
96 2
95 2
95 17
94 17
94 13
93 13
93 12
92 12
92 3
91 3
91 2
90 2
90 14
89 14
89 6
88 6
88 2
87 2
87 17
86 17
86 13
85 13
85 12
84 12
84 3
83 3
83 2
82 2
82 15
81 15
81 11
80 11
80 7
79 7
79 6
78 6
78 2
77 2
77 17
76 17
76 13
75 13
75 12
74 12
74 3
73 3
73 2
72 2
72 11
71 11
71 2
70 2
70 17
69 17
69 13
68 13
68 12
67 12
67 3
66 3
66 2
65 2
65 28
64 28
64 24
63 24
63 15
62 15
62 11
61 11
61 3
60 3
60 2
59 2
59 17
58 17
58 13
57 13
57 12
56 12
56 3
55 3
55 2
54 2
54 15
53 15
53 11
52 11
52 2
51 2
51 17
50 17
50 13
49 13
49 12
48 12
48 3
47 3
47 2
46 2
46 31
45 31
45 27
44 27
44 23
43 23
43 15
42 15
42 11
41 11
41 2
40 2
40 17
39 17
39 13
38 13
38 12
37 12
37 3
36 3
36 2
35 2
35 19
34 19
34 11
33 11
33 2
32 2
32 17
31 17
31 13
30 13
30 12
29 12
29 3
28 3
28 2
27 2
27 23
26 23
26 14
25 14
25 10
24 10
24 2
23 2
23 17
22 17
22 13
21 13
21 12
20 12
20 3
19 3
19 2
18 2
18 24
17 24
17 16
16 16
16 15
15 15
15 11
14 11
14 10
13 10
13 2
12 2
12 17
11 17
11 13
10 13
10 12
9 12
9 3
8 3
8 2
7 2
7 29
6 29
6 28
5 28
5 27
4 27
4 19
3 19
3 10
2 10
2 2
1 2
1 1
22
12 1
12 30
11 30
11 26
10 26
10 22
9 22
9 14
8 14
8 10
7 10
7 1
6 1
6 16
5 16
5 12
4 12
4 11
3 11
3 2
2 2
2 1
20
2 1
2 2
3 2
3 11
4 11
4 12
5 12
5 16
6 16
6 1
7 1
7 5
8 5
8 6
9 6
9 10
10 10
10 14
11 14
11 1
16
2 1
2 9
3 9
3 18
4 18
4 1
5 1
5 2
6 2
6 11
7 11
7 12
8 12
8 16
9 16
9 1
20
11 1
11 16
10 16
10 12
9 12
9 11
8 11
8 2
7 2
7 1
6 1
6 27
5 27
5 18
4 18
4 14
3 14
3 5
2 5
2 1
14
2 1
2 2
3 2
3 11
4 11
4 12
5 12
5 16
6 16
6 1
7 1
7 2
8 2
8 1
22
2 1
2 9
3 9
3 10
4 10
4 14
5 14
5 15
6 15
6 23
7 23
7 1
8 1
8 2
9 2
9 11
10 11
10 12
11 12
11 16
12 16
12 1
16
2 1
2 9
3 9
3 10
4 10
4 1
5 1
5 2
6 2
6 11
7 11
7 12
8 12
8 16
9 16
9 1
14
2 1
2 5
3 5
3 1
4 1
4 2
5 2
5 11
6 11
6 12
7 12
7 16
8 16
8 1
14
8 1
8 16
7 16
7 12
6 12
6 11
5 11
5 2
4 2
4 1
3 1
3 2
2 2
2 1
18
10 1
10 22
9 22
9 13
8 13
8 9
7 9
7 1
6 1
6 16
5 16
5 12
4 12
4 11
3 11
3 2
2 2
2 1
20
4 19
3 19
3 10
2 10
2 2
1 2
1 1
176 1
176 2
175 2
175 17
174 17
174 13
173 13
173 12
172 12
172 3
171 3
171 2
170 2
14
8 1
8 10
7 10
7 1
6 1
6 16
5 16
5 12
4 12
4 11
3 11
3 2
2 2
2 1
14
8 1
8 2
7 2
7 1
6 1
6 16
5 16
5 12
4 12
4 11
3 11
3 2
2 2
2 1
16
9 1
9 16
8 16
8 12
7 12
7 11
6 11
6 2
5 2
5 1
4 1
4 14
3 14
3 10
2 10
2 1
20
11 1
11 19
10 19
10 11
9 11
9 10
8 10
8 9
7 9
7 1
6 1
6 16
5 16
5 12
4 12
4 11
3 11
3 2
2 2
2 1
14
2 1
2 5
3 5
3 1
4 1
4 2
5 2
5 11
6 11
6 12
7 12
7 16
8 16
8 1
18
10 1
10 16
9 16
9 12
8 12
8 11
7 11
7 2
6 2
6 1
5 1
5 15
4 15
4 14
3 14
3 10
2 10
2 1
16
9 1
9 18
8 18
8 10
7 10
7 1
6 1
6 16
5 16
5 12
4 12
4 11
3 11
3 2
2 2
2 1
22
2 1
2 9
3 9
3 18
4 18
4 26
5 26
5 27
6 27
6 28
7 28
7 1
8 1
8 2
9 2
9 11
10 11
10 12
11 12
11 16
12 16
12 1
2
2 1
1 1
22
2 1
2 2
3 2
3 10
4 10
4 14
5 14
5 23
6 23
6 27
7 27
7 1
8 1
8 2
9 2
9 11
10 11
10 12
11 12
11 16
12 16
12 1
