362 22
181 1
181 2
180 2
180 24
179 24
179 22
178 22
178 13
177 13
177 11
176 11
176 2
175 2
175 4
174 4
174 2
173 2
173 24
172 24
172 22
171 22
171 13
170 13
170 11
169 11
169 2
168 2
168 33
167 33
167 24
166 24
166 22
165 22
165 20
164 20
164 11
163 11
163 2
162 2
162 24
161 24
161 22
160 22
160 13
159 13
159 11
158 11
158 2
157 2
157 4
156 4
156 2
155 2
155 24
154 24
154 22
153 22
153 13
152 13
152 11
151 11
151 2
150 2
150 8
149 8
149 6
148 6
148 4
147 4
147 2
146 2
146 24
145 24
145 22
144 22
144 13
143 13
143 11
142 11
142 2
141 2
141 13
140 13
140 4
139 4
139 2
138 2
138 24
137 24
137 22
136 22
136 13
135 13
135 11
134 11
134 2
133 2
133 13
132 13
132 11
131 11
131 2
130 2
130 24
129 24
129 22
128 22
128 13
127 13
127 11
126 11
126 2
125 2
125 24
124 24
124 22
123 22
123 13
122 13
122 11
121 11
121 2
120 2
120 24
119 24
119 22
118 22
118 13
117 13
117 11
116 11
116 2
115 2
115 13
114 13
114 11
113 11
113 2
112 2
112 24
111 24
111 22
110 22
110 13
109 13
109 11
108 11
108 2
107 2
107 8
106 8
106 6
105 6
105 4
104 4
104 2
103 2
103 24
102 24
102 22
101 22
101 13
100 13
100 11
99 11
99 2
98 2
98 4
97 4
97 2
96 2
96 24
95 24
95 22
94 22
94 13
93 13
93 11
92 11
92 2
91 2
91 12
90 12
90 10
89 10
89 8
88 8
88 6
87 6
87 4
86 4
86 2
85 2
85 24
84 24
84 22
83 22
83 13
82 13
82 11
81 11
81 2
80 2
80 13
79 13
79 4
78 4
78 2
77 2
77 24
76 24
76 22
75 22
75 13
74 13
74 11
73 11
73 2
72 2
72 10
71 10
71 8
70 8
70 6
69 6
69 4
68 4
68 2
67 2
67 24
66 24
66 22
65 22
65 13
64 13
64 11
63 11
63 2
62 2
62 11
61 11
61 2
60 2
60 24
59 24
59 22
58 22
58 13
57 13
57 11
56 11
56 2
55 2
55 4
54 4
54 2
53 2
53 24
52 24
52 22
51 22
51 13
50 13
50 11
49 11
49 2
48 2
48 13
47 13
47 11
46 11
46 2
45 2
45 24
44 24
44 22
43 22
43 13
42 13
42 11
41 11
41 2
40 2
40 19
39 19
39 17
38 17
38 8
37 8
37 6
36 6
36 4
35 4
35 2
34 2
34 24
33 24
33 22
32 22
32 13
31 13
31 11
30 11
30 2
29 2
29 26
28 26
28 17
27 17
27 15
26 15
26 6
25 6
25 4
24 4
24 2
23 2
23 24
22 24
22 22
21 22
21 13
20 13
20 11
19 11
19 2
18 2
18 19
17 19
17 10
16 10
16 8
15 8
15 6
14 6
14 4
13 4
13 2
12 2
12 24
11 24
11 22
10 22
10 13
9 13
9 11
8 11
8 2
7 2
7 26
6 26
6 24
5 24
5 15
4 15
4 6
3 6
3 4
2 4
2 2
1 2
1 1
22
12 1
12 18
11 18
11 16
10 16
10 7
9 7
9 5
8 5
8 3
7 3
7 1
6 1
6 23
5 23
5 21
4 21
4 12
3 12
3 10
2 10
2 1
22
12 1
12 25
11 25
11 16
10 16
10 14
9 14
9 5
8 5
8 3
7 3
7 1
6 1
6 23
5 23
5 21
4 21
4 12
3 12
3 10
2 10
2 1
18
2 1
2 3
3 3
3 5
4 5
4 7
5 7
5 1
6 1
6 10
7 10
7 12
8 12
8 21
9 21
9 23
10 23
10 1
22
12 1
12 23
11 23
11 21
10 21
10 12
9 12
9 10
8 10
8 1
7 1
7 18
6 18
6 9
5 9
5 7
4 7
4 5
3 5
3 3
2 3
2 1
16
2 1
2 10
3 10
3 12
4 12
4 21
5 21
5 23
6 23
6 1
7 1
7 10
8 10
8 12
9 12
9 1
20
2 1
2 3
3 3
3 5
4 5
4 7
5 7
5 9
6 9
6 1
7 1
7 10
8 10
8 12
9 12
9 21
10 21
10 23
11 23
11 1
22
12 1
12 23
11 23
11 21
10 21
10 12
9 12
9 10
8 10
8 1
7 1
7 32
6 32
6 23
5 23
5 21
4 21
4 19
3 19
3 10
2 10
2 1
14
2 1
2 10
3 10
3 12
4 12
4 21
5 21
5 23
6 23
6 1
7 1
7 10
8 10
8 1
2
1 1
2 1
16
2 1
2 10
3 10
3 12
4 12
4 21
5 21
5 23
6 23
6 1
7 1
7 3
8 3
8 12
9 12
9 1
16
9 1
9 23
8 23
8 21
7 21
7 12
6 12
6 10
5 10
5 1
4 1
4 12
3 12
3 10
2 10
2 1
18
2 1
2 3
3 3
3 5
4 5
4 7
5 7
5 1
6 1
6 10
7 10
7 12
8 12
8 21
9 21
9 23
10 23
10 1
16
2 1
2 10
3 10
3 12
4 12
4 21
5 21
5 23
6 23
6 1
7 1
7 3
8 3
8 12
9 12
9 1
22
2 1
2 3
3 3
3 5
4 5
4 7
5 7
5 9
6 9
6 11
7 11
7 1
8 1
8 10
9 10
9 12
10 12
10 21
11 21
11 23
12 23
12 1
16
9 1
9 12
8 12
8 10
7 10
7 1
6 1
6 23
5 23
5 21
4 21
4 12
3 12
3 10
2 10
2 1
20
11 1
11 23
10 23
10 21
9 21
9 12
8 12
8 10
7 10
7 1
6 1
6 23
5 23
5 21
4 21
4 12
3 12
3 10
2 10
2 1
14
2 1
2 3
3 3
3 1
4 1
4 10
5 10
5 12
6 12
6 21
7 21
7 23
8 23
8 1
14
2 1
2 3
3 3
3 1
4 1
4 10
5 10
5 12
6 12
6 21
7 21
7 23
8 23
8 1
20
4 6
3 6
3 4
2 4
2 2
1 2
1 1
181 1
181 2
180 2
180 24
179 24
179 22
178 22
178 13
177 13
177 11
176 11
176 2
175 2
14
8 1
8 23
7 23
7 21
6 21
6 12
5 12
5 10
4 10
4 1
3 1
3 3
2 3
2 1
22
2 1
2 10
3 10
3 12
4 12
4 21
5 21
5 23
6 23
6 1
7 1
7 3
8 3
8 5
9 5
9 14
10 14
10 23
11 23
11 25
12 25
12 1
14
8 1
8 3
7 3
7 1
6 1
6 23
5 23
5 21
4 21
4 12
3 12
3 10
2 10
2 1
