490 21
245 1
245 2
244 2
244 48
243 48
243 43
242 43
242 39
241 39
241 32
240 32
240 23
239 23
239 18
238 18
238 11
237 11
237 2
236 2
236 25
235 25
235 18
234 18
234 15
233 15
233 11
232 11
232 2
231 2
231 48
230 48
230 43
229 43
229 39
228 39
228 32
227 32
227 23
226 23
226 18
225 18
225 11
224 11
224 2
223 2
223 5
222 5
222 2
221 2
221 48
220 48
220 43
219 43
219 39
218 39
218 32
217 32
217 23
216 23
216 18
215 18
215 11
214 11
214 2
213 2
213 19
212 19
212 16
211 16
211 11
210 11
210 7
209 7
209 2
208 2
208 48
207 48
207 43
206 43
206 39
205 39
205 32
204 32
204 23
203 23
203 18
202 18
202 11
201 11
201 2
200 2
200 9
199 9
199 2
198 2
198 48
197 48
197 43
196 43
196 39
195 39
195 32
194 32
194 23
193 23
193 18
192 18
192 11
191 11
191 2
190 2
190 22
189 22
189 15
188 15
188 10
187 10
187 6
186 6
186 2
185 2
185 48
184 48
184 43
183 43
183 39
182 39
182 32
181 32
181 23
180 23
180 18
179 18
179 11
178 11
178 2
177 2
177 32
176 32
176 25
175 25
175 18
174 18
174 13
173 13
173 6
172 6
172 2
171 2
171 48
170 48
170 43
169 43
169 39
168 39
168 32
167 32
167 23
166 23
166 18
165 18
165 11
164 11
164 2
163 2
163 33
162 33
162 24
161 24
161 19
160 19
160 14
159 14
159 9
158 9
158 2
157 2
157 48
156 48
156 43
155 43
155 39
154 39
154 32
153 32
153 23
152 23
152 18
151 18
151 11
150 11
150 2
149 2
149 18
148 18
148 11
147 11
147 2
146 2
146 48
145 48
145 43
144 43
144 39
143 39
143 32
142 32
142 23
141 23
141 18
140 18
140 11
139 11
139 2
138 2
138 23
137 23
137 18
136 18
136 11
135 11
135 2
134 2
134 48
133 48
133 43
132 43
132 39
131 39
131 32
130 32
130 23
129 23
129 18
128 18
128 11
127 11
127 2
126 2
126 15
125 15
125 6
124 6
124 2
123 2
123 48
122 48
122 43
121 43
121 39
120 39
120 32
119 32
119 23
118 23
118 18
117 18
117 11
116 11
116 2
115 2
115 30
114 30
114 26
113 26
113 17
112 17
112 14
111 14
111 11
110 11
110 2
109 2
109 48
108 48
108 43
107 43
107 39
106 39
106 32
105 32
105 23
104 23
104 18
103 18
103 11
102 11
102 2
101 2
101 23
100 23
100 16
99 16
99 9
98 9
98 2
97 2
97 48
96 48
96 43
95 43
95 39
94 39
94 32
93 32
93 23
92 23
92 18
91 18
91 11
90 11
90 2
89 2
89 23
88 23
88 16
87 16
87 11
86 11
86 2
85 2
85 48
84 48
84 43
83 43
83 39
82 39
82 32
81 32
81 23
80 23
80 18
79 18
79 11
78 11
78 2
77 2
77 36
76 36
76 27
75 27
75 18
74 18
74 9
73 9
73 2
72 2
72 48
71 48
71 43
70 43
70 39
69 39
69 32
68 32
68 23
67 23
67 18
66 18
66 11
65 11
65 2
64 2
64 30
63 30
63 23
62 23
62 18
61 18
61 9
60 9
60 2
59 2
59 48
58 48
58 43
57 43
57 39
56 39
56 32
55 32
55 23
54 23
54 18
53 18
53 11
52 11
52 2
51 2
51 9
50 9
50 2
49 2
49 48
48 48
48 43
47 43
47 39
46 39
46 32
45 32
45 23
44 23
44 18
43 18
43 11
42 11
42 2
41 2
41 39
40 39
40 36
39 36
39 27
38 27
38 20
37 20
37 11
36 11
36 2
35 2
35 48
34 48
34 43
33 43
33 39
32 39
32 32
31 32
31 23
30 23
30 18
29 18
29 11
28 11
28 2
27 2
27 24
26 24
26 20
25 20
25 16
24 16
24 7
23 7
23 2
22 2
22 48
21 48
21 43
20 43
20 39
19 39
19 32
18 32
18 23
17 23
17 18
16 18
16 11
15 11
15 2
14 2
14 5
13 5
13 2
12 2
12 48
11 48
11 43
10 43
10 39
9 39
9 32
8 32
8 23
7 23
7 18
6 18
6 11
5 11
5 2
4 2
4 20
3 20
3 11
2 11
2 2
1 2
1 1
20
11 1
11 47
10 47
10 42
9 42
9 38
8 38
8 31
7 31
7 22
6 22
6 17
5 17
5 10
4 10
4 1
3 1
3 8
2 8
2 1
2
1 1
2 1
24
13 1
13 47
12 47
12 42
11 42
11 38
10 38
10 31
9 31
9 22
8 22
8 17
7 17
7 10
6 10
6 1
5 1
5 22
4 22
4 15
3 15
3 8
2 8
2 1
26
14 1
14 29
13 29
13 22
12 22
12 17
11 17
11 8
10 8
10 1
9 1
9 47
8 47
8 42
7 42
7 38
6 38
6 31
5 31
5 22
4 22
4 17
3 17
3 10
2 10
2 1
20
11 1
11 47
10 47
10 42
9 42
9 38
8 38
8 31
7 31
7 22
6 22
6 17
5 17
5 10
4 10
4 1
3 1
3 4
2 4
2 1
24
13 1
13 22
12 22
12 17
11 17
11 10
10 10
10 1
9 1
9 47
8 47
8 42
7 42
7 38
6 38
6 31
5 31
5 22
4 22
4 17
3 17
3 10
2 10
2 1
20
11 1
11 4
10 4
10 1
9 1
9 47
8 47
8 42
7 42
7 38
6 38
6 31
5 31
5 22
4 22
4 17
3 17
3 10
2 10
2 1
20
2 1
2 8
3 8
3 1
4 1
4 10
5 10
5 17
6 17
6 22
7 22
7 31
8 31
8 38
9 38
9 42
10 42
10 47
11 47
11 1
26
14 1
14 18
13 18
13 15
12 15
12 10
11 10
11 6
10 6
10 1
9 1
9 47
8 47
8 42
7 42
7 38
6 38
6 31
5 31
5 22
4 22
4 17
3 17
3 10
2 10
2 1
24
2 1
2 10
3 10
3 15
4 15
4 22
5 22
5 1
6 1
6 10
7 10
7 17
8 17
8 22
9 22
9 31
10 31
10 38
11 38
11 42
12 42
12 47
13 47
13 1
28
2 1
2 10
3 10
3 19
4 19
4 26
5 26
5 35
6 35
6 38
7 38
7 1
8 1
8 10
9 10
9 17
10 17
10 22
11 22
11 31
12 31
12 38
13 38
13 42
14 42
14 47
15 47
15 1
26
2 1
2 10
3 10
3 17
4 17
4 22
5 22
5 31
6 31
6 38
7 38
7 42
8 42
8 47
9 47
9 1
10 1
10 6
11 6
11 15
12 15
12 19
13 19
13 23
14 23
14 1
28
15 1
15 47
14 47
14 42
13 42
13 38
12 38
12 31
11 31
11 22
10 22
10 17
9 17
9 10
8 10
8 1
7 1
7 32
6 32
6 23
5 23
5 18
4 18
4 13
3 13
3 8
2 8
2 1
22
12 1
12 47
11 47
11 42
10 42
10 38
9 38
9 31
8 31
8 22
7 22
7 17
6 17
6 10
5 10
5 1
4 1
4 14
3 14
3 5
2 5
2 1
26
14 1
14 47
13 47
13 42
12 42
12 38
11 38
11 31
10 31
10 22
9 22
9 17
8 17
8 10
7 10
7 1
6 1
6 24
5 24
5 17
4 17
4 14
3 14
3 10
2 10
2 1
28
2 1
2 5
3 5
3 12
4 12
4 17
5 17
5 24
6 24
6 31
7 31
7 1
8 1
8 10
9 10
9 17
10 17
10 22
11 22
11 31
12 31
12 38
13 38
13 42
14 42
14 47
15 47
15 1
22
12 1
12 17
11 17
11 10
10 10
10 1
9 1
9 47
8 47
8 42
7 42
7 38
6 38
6 31
5 31
5 22
4 22
4 17
3 17
3 10
2 10
2 1
26
2 1
2 10
3 10
3 17
4 17
4 22
5 22
5 31
6 31
6 38
7 38
7 42
8 42
8 47
9 47
9 1
10 1
10 5
11 5
11 9
12 9
12 14
13 14
13 21
14 21
14 1
28
15 1
15 47
14 47
14 42
13 42
13 38
12 38
12 31
11 31
11 22
10 22
10 17
9 17
9 10
8 10
8 1
7 1
7 29
6 29
6 25
5 25
5 16
4 16
4 13
3 13
3 10
2 10
2 1
20
239 23
240 23
240 32
241 32
241 39
242 39
242 43
243 43
243 48
244 48
244 2
245 2
245 1
1 1
1 2
2 2
2 11
3 11
3 20
4 20
26
2 1
2 8
3 8
3 17
4 17
4 26
5 26
5 35
6 35
6 1
7 1
7 10
8 10
8 17
9 17
9 22
10 22
10 31
11 31
11 38
12 38
12 42
13 42
13 47
14 47
14 1
