480 22
240 1
240 2
239 2
239 40
238 40
238 31
237 31
237 23
236 23
236 14
235 14
235 10
234 10
234 6
233 6
233 3
232 3
232 2
231 2
231 10
230 10
230 2
229 2
229 40
228 40
228 31
227 31
227 23
226 23
226 14
225 14
225 10
224 10
224 6
223 6
223 3
222 3
222 2
221 2
221 3
220 3
220 2
219 2
219 40
218 40
218 31
217 31
217 23
216 23
216 14
215 14
215 10
214 10
214 6
213 6
213 3
212 3
212 2
211 2
211 33
210 33
210 32
209 32
209 23
208 23
208 19
207 19
207 11
206 11
206 2
205 2
205 40
204 40
204 31
203 31
203 23
202 23
202 14
201 14
201 10
200 10
200 6
199 6
199 3
198 3
198 2
197 2
197 6
196 6
196 5
195 5
195 2
194 2
194 40
193 40
193 31
192 31
192 23
191 23
191 14
190 14
190 10
189 10
189 6
188 6
188 3
187 3
187 2
186 2
186 22
185 22
185 14
184 14
184 11
183 11
183 2
182 2
182 40
181 40
181 31
180 31
180 23
179 23
179 14
178 14
178 10
177 10
177 6
176 6
176 3
175 3
175 2
174 2
174 10
173 10
173 6
172 6
172 2
171 2
171 40
170 40
170 31
169 31
169 23
168 23
168 14
167 14
167 10
166 10
166 6
165 6
165 3
164 3
164 2
163 2
163 32
162 32
162 31
161 31
161 23
160 23
160 19
159 19
159 10
158 10
158 2
157 2
157 40
156 40
156 31
155 31
155 23
154 23
154 14
153 14
153 10
152 10
152 6
151 6
151 3
150 3
150 2
149 2
149 8
148 8
148 7
147 7
147 3
146 3
146 2
145 2
145 40
144 40
144 31
143 31
143 23
142 23
142 14
141 14
141 10
140 10
140 6
139 6
139 3
138 3
138 2
137 2
137 12
136 12
136 11
135 11
135 2
134 2
134 40
133 40
133 31
132 31
132 23
131 23
131 14
130 14
130 10
129 10
129 6
128 6
128 3
127 3
127 2
126 2
126 21
125 21
125 18
124 18
124 14
123 14
123 11
122 11
122 3
121 3
121 2
120 2
120 40
119 40
119 31
118 31
118 23
117 23
117 14
116 14
116 10
115 10
115 6
114 6
114 3
113 3
113 2
112 2
112 3
111 3
111 2
110 2
110 40
109 40
109 31
108 31
108 23
107 23
107 14
106 14
106 10
105 10
105 6
104 6
104 3
103 3
103 2
102 2
102 15
101 15
101 11
100 11
100 8
99 8
99 4
98 4
98 3
97 3
97 2
96 2
96 40
95 40
95 31
94 31
94 23
93 23
93 14
92 14
92 10
91 10
91 6
90 6
90 3
89 3
89 2
88 2
88 19
87 19
87 10
86 10
86 2
85 2
85 40
84 40
84 31
83 31
83 23
82 23
82 14
81 14
81 10
80 10
80 6
79 6
79 3
78 3
78 2
77 2
77 28
76 28
76 19
75 19
75 10
74 10
74 6
73 6
73 2
72 2
72 40
71 40
71 31
70 31
70 23
69 23
69 14
68 14
68 10
67 10
67 6
66 6
66 3
65 3
65 2
64 2
64 39
63 39
63 30
62 30
62 26
61 26
61 18
60 18
60 10
59 10
59 2
58 2
58 40
57 40
57 31
56 31
56 23
55 23
55 14
54 14
54 10
53 10
53 6
52 6
52 3
51 3
51 2
50 2
50 31
49 31
49 30
48 30
48 27
47 27
47 18
46 18
46 10
45 10
45 2
44 2
44 40
43 40
43 31
42 31
42 23
41 23
41 14
40 14
40 10
39 10
39 6
38 6
38 3
37 3
37 2
36 2
36 30
35 30
35 22
34 22
34 14
33 14
33 11
32 11
32 2
31 2
31 40
30 40
30 31
29 31
29 23
28 23
28 14
27 14
27 10
26 10
26 6
25 6
25 3
24 3
24 2
23 2
23 5
22 5
22 2
21 2
21 40
20 40
20 31
19 31
19 23
18 23
18 14
17 14
17 10
16 10
16 6
15 6
15 3
14 3
14 2
13 2
13 6
12 6
12 2
11 2
11 40
10 40
10 31
9 31
9 23
8 23
8 14
7 14
7 10
6 10
6 6
5 6
5 3
4 3
4 2
3 2
3 6
2 6
2 2
1 2
1 1
24
13 1
13 39
12 39
12 30
11 30
11 22
10 22
10 13
9 13
9 9
8 9
8 5
7 5
7 2
6 2
6 1
5 1
5 7
4 7
4 6
3 6
3 2
2 2
2 1
24
2 1
2 2
3 2
3 5
4 5
4 9
5 9
5 13
6 13
6 22
7 22
7 30
8 30
8 39
9 39
9 1
10 1
10 10
11 10
11 13
12 13
12 21
13 21
13 1
28
2 1
2 10
3 10
3 18
4 18
4 22
5 22
5 31
6 31
6 32
7 32
7 1
8 1
8 2
9 2
9 5
10 5
10 9
11 9
11 13
12 13
12 22
13 22
13 30
14 30
14 39
15 39
15 1
22
12 1
12 39
11 39
11 30
10 30
10 22
9 22
9 13
8 13
8 9
7 9
7 5
6 5
6 2
5 2
5 1
4 1
4 9
3 9
3 5
2 5
2 1
20
2 1
2 2
3 2
3 1
4 1
4 2
5 2
5 5
6 5
6 9
7 9
7 13
8 13
8 22
9 22
9 30
10 30
10 39
11 39
11 1
20
234 10
235 10
235 14
236 14
236 23
237 23
237 31
238 31
238 40
239 40
239 2
240 2
240 1
1 1
1 2
2 2
2 6
3 6
3 2
4 2
2
1 1
2 1
28
15 1
15 30
14 30
14 29
13 29
13 26
12 26
12 17
11 17
11 9
10 9
10 1
9 1
9 39
8 39
8 30
7 30
7 22
6 22
6 13
5 13
5 9
4 9
4 5
3 5
3 2
2 2
2 1
20
11 1
11 5
10 5
10 1
9 1
9 39
8 39
8 30
7 30
7 22
6 22
6 13
5 13
5 9
4 9
4 5
3 5
3 2
2 2
2 1
22
2 1
2 2
3 2
3 5
4 5
4 9
5 9
5 13
6 13
6 22
7 22
7 30
8 30
8 39
9 39
9 1
10 1
10 4
11 4
11 5
12 5
12 1
28
2 1
2 9
3 9
3 18
4 18
4 22
5 22
5 30
6 30
6 31
7 31
7 1
8 1
8 2
9 2
9 5
10 5
10 9
11 9
11 13
12 13
12 22
13 22
13 30
14 30
14 39
15 39
15 1
22
2 1
2 10
3 10
3 11
4 11
4 1
5 1
5 2
6 2
6 5
7 5
7 9
8 9
8 13
9 13
9 22
10 22
10 30
11 30
11 39
12 39
12 1
26
14 1
14 39
13 39
13 30
12 30
12 22
11 22
11 13
10 13
10 9
9 9
9 5
8 5
8 2
7 2
7 1
6 1
6 27
5 27
5 18
4 18
4 9
3 9
3 5
2 5
2 1
20
11 1
11 39
10 39
10 30
9 30
9 22
8 22
8 13
7 13
7 9
6 9
6 5
5 5
5 2
4 2
4 1
3 1
3 4
2 4
2 1
20
11 1
11 39
10 39
10 30
9 30
9 22
8 22
8 13
7 13
7 9
6 9
6 5
5 5
5 2
4 2
4 1
3 1
3 5
2 5
2 1
26
14 1
14 29
13 29
13 21
12 21
12 13
11 13
11 10
10 10
10 1
9 1
9 39
8 39
8 30
7 30
7 22
6 22
6 13
5 13
5 9
4 9
4 5
3 5
3 2
2 2
2 1
28
2 1
2 2
3 2
3 5
4 5
4 9
5 9
5 13
6 13
6 22
7 22
7 30
8 30
8 39
9 39
9 1
10 1
10 2
11 2
11 3
12 3
12 7
13 7
13 10
14 10
14 14
15 14
15 1
20
11 1
11 39
10 39
10 30
9 30
9 22
8 22
8 13
7 13
7 9
6 9
6 5
5 5
5 2
4 2
4 1
3 1
3 2
2 2
2 1
20
11 1
11 39
10 39
10 30
9 30
9 22
8 22
8 13
7 13
7 9
6 9
6 5
5 5
5 2
4 2
4 1
3 1
3 9
2 9
2 1
28
15 1
15 38
14 38
14 29
13 29
13 25
12 25
12 17
11 17
11 9
10 9
10 1
9 1
9 39
8 39
8 30
7 30
7 22
6 22
6 13
5 13
5 9
4 9
4 5
3 5
3 2
2 2
2 1
22
12 1
12 39
11 39
11 30
10 30
10 22
9 22
9 13
8 13
8 9
7 9
7 5
6 5
6 2
5 2
5 1
4 1
4 18
3 18
3 9
2 9
2 1
28
15 1
15 39
14 39
14 30
13 30
13 22
12 22
12 13
11 13
11 9
10 9
10 5
9 5
9 2
8 2
8 1
7 1
7 20
6 20
6 17
5 17
5 13
4 13
4 10
3 10
3 2
2 2
2 1
