6026 201
3013 1
3013 2
3012 2
3012 57
3011 57
3011 56
3010 56
3010 48
3009 48
3009 39
3008 39
3008 34
3007 34
3007 31
3006 31
3006 24
3005 24
3005 15
3004 15
3004 14
3003 14
3003 7
3002 7
3002 2
3001 2
3001 23
3000 23
3000 18
2999 18
2999 9
2998 9
2998 5
2997 5
2997 3
2996 3
2996 2
2995 2
2995 57
2994 57
2994 56
2993 56
2993 48
2992 48
2992 39
2991 39
2991 34
2990 34
2990 31
2989 31
2989 24
2988 24
2988 15
2987 15
2987 14
2986 14
2986 7
2985 7
2985 2
2984 2
2984 24
2983 24
2983 17
2982 17
2982 10
2981 10
2981 5
2980 5
2980 3
2979 3
2979 2
2978 2
2978 57
2977 57
2977 56
2976 56
2976 48
2975 48
2975 39
2974 39
2974 34
2973 34
2973 31
2972 31
2972 24
2971 24
2971 15
2970 15
2970 14
2969 14
2969 7
2968 7
2968 2
2967 2
2967 3
2966 3
2966 2
2965 2
2965 57
2964 57
2964 56
2963 56
2963 48
2962 48
2962 39
2961 39
2961 34
2960 34
2960 31
2959 31
2959 24
2958 24
2958 15
2957 15
2957 14
2956 14
2956 7
2955 7
2955 2
2954 2
2954 10
2953 10
2953 2
2952 2
2952 57
2951 57
2951 56
2950 56
2950 48
2949 48
2949 39
2948 39
2948 34
2947 34
2947 31
2946 31
2946 24
2945 24
2945 15
2944 15
2944 14
2943 14
2943 7
2942 7
2942 2
2941 2
2941 14
2940 14
2940 6
2939 6
2939 2
2938 2
2938 57
2937 57
2937 56
2936 56
2936 48
2935 48
2935 39
2934 39
2934 34
2933 34
2933 31
2932 31
2932 24
2931 24
2931 15
2930 15
2930 14
2929 14
2929 7
2928 7
2928 2
2927 2
2927 31
2926 31
2926 26
2925 26
2925 21
2924 21
2924 16
2923 16
2923 11
2922 11
2922 2
2921 2
2921 57
2920 57
2920 56
2919 56
2919 48
2918 48
2918 39
2917 39
2917 34
2916 34
2916 31
2915 31
2915 24
2914 24
2914 15
2913 15
2913 14
2912 14
2912 7
2911 7
2911 2
2910 2
2910 11
2909 11
2909 9
2908 9
2908 5
2907 5
2907 3
2906 3
2906 2
2905 2
2905 57
2904 57
2904 56
2903 56
2903 48
2902 48
2902 39
2901 39
2901 34
2900 34
2900 31
2899 31
2899 24
2898 24
2898 15
2897 15
2897 14
2896 14
2896 7
2895 7
2895 2
2894 2
2894 3
2893 3
2893 2
2892 2
2892 57
2891 57
2891 56
2890 56
2890 48
2889 48
2889 39
2888 39
2888 34
2887 34
2887 31
2886 31
2886 24
2885 24
2885 15
2884 15
2884 14
2883 14
2883 7
2882 7
2882 2
2881 2
2881 12
2880 12
2880 9
2879 9
2879 2
2878 2
2878 57
2877 57
2877 56
2876 56
2876 48
2875 48
2875 39
2874 39
2874 34
2873 34
2873 31
2872 31
2872 24
2871 24
2871 15
2870 15
2870 14
2869 14
2869 7
2868 7
2868 2
2867 2
2867 39
2866 39
2866 32
2865 32
2865 23
2864 23
2864 15
2863 15
2863 7
2862 7
2862 2
2861 2
2861 57
2860 57
2860 56
2859 56
2859 48
2858 48
2858 39
2857 39
2857 34
2856 34
2856 31
2855 31
2855 24
2854 24
2854 15
2853 15
2853 14
2852 14
2852 7
2851 7
2851 2
2850 2
2850 12
2849 12
2849 11
2848 11
2848 6
2847 6
2847 2
2846 2
2846 57
2845 57
2845 56
2844 56
2844 48
2843 48
2843 39
2842 39
2842 34
2841 34
2841 31
2840 31
2840 24
2839 24
2839 15
2838 15
2838 14
2837 14
2837 7
2836 7
2836 2
2835 2
2835 16
2834 16
2834 13
2833 13
2833 6
2832 6
2832 5
2831 5
2831 2
2830 2
2830 57
2829 57
2829 56
2828 56
2828 48
2827 48
2827 39
2826 39
2826 34
2825 34
2825 31
2824 31
2824 24
2823 24
2823 15
2822 15
2822 14
2821 14
2821 7
2820 7
2820 2
2819 2
2819 12
2818 12
2818 7
2817 7
2817 5
2816 5
2816 2
2815 2
2815 57
2814 57
2814 56
2813 56
2813 48
2812 48
2812 39
2811 39
2811 34
2810 34
2810 31
2809 31
2809 24
2808 24
2808 15
2807 15
2807 14
2806 14
2806 7
2805 7
2805 2
2804 2
2804 17
2803 17
2803 9
2802 9
2802 8
2801 8
2801 7
2800 7
2800 2
2799 2
2799 57
2798 57
2798 56
2797 56
2797 48
2796 48
2796 39
2795 39
2795 34
2794 34
2794 31
2793 31
2793 24
2792 24
2792 15
2791 15
2791 14
2790 14
2790 7
2789 7
2789 2
2788 2
2788 5
2787 5
2787 2
2786 2
2786 57
2785 57
2785 56
2784 56
2784 48
2783 48
2783 39
2782 39
2782 34
2781 34
2781 31
2780 31
2780 24
2779 24
2779 15
2778 15
2778 14
2777 14
2777 7
2776 7
2776 2
2775 2
2775 16
2774 16
2774 7
2773 7
2773 2
2772 2
2772 57
2771 57
2771 56
2770 56
2770 48
2769 48
2769 39
2768 39
2768 34
2767 34
2767 31
2766 31
2766 24
2765 24
2765 15
2764 15
2764 14
2763 14
2763 7
2762 7
2762 2
2761 2
2761 19
2760 19
2760 10
2759 10
2759 9
2758 9
2758 2
2757 2
2757 57
2756 57
2756 56
2755 56
2755 48
2754 48
2754 39
2753 39
2753 34
2752 34
2752 31
2751 31
2751 24
2750 24
2750 15
2749 15
2749 14
2748 14
2748 7
2747 7
2747 2
2746 2
2746 9
2745 9
2745 2
2744 2
2744 57
2743 57
2743 56
2742 56
2742 48
2741 48
2741 39
2740 39
2740 34
2739 34
2739 31
2738 31
2738 24
2737 24
2737 15
2736 15
2736 14
2735 14
2735 7
2734 7
2734 2
2733 2
2733 12
2732 12
2732 5
2731 5
2731 2
2730 2
2730 57
2729 57
2729 56
2728 56
2728 48
2727 48
2727 39
2726 39
2726 34
2725 34
2725 31
2724 31
2724 24
2723 24
2723 15
2722 15
2722 14
2721 14
2721 7
2720 7
2720 2
2719 2
2719 24
2718 24
2718 19
2717 19
2717 14
2716 14
2716 7
2715 7
2715 2
2714 2
2714 57
2713 57
2713 56
2712 56
2712 48
2711 48
2711 39
2710 39
2710 34
2709 34
2709 31
2708 31
2708 24
2707 24
2707 15
2706 15
2706 14
2705 14
2705 7
2704 7
2704 2
2703 2
2703 20
2702 20
2702 15
2701 15
2701 6
2700 6
2700 2
2699 2
2699 57
2698 57
2698 56
2697 56
2697 48
2696 48
2696 39
2695 39
2695 34
2694 34
2694 31
2693 31
2693 24
2692 24
2692 15
2691 15
2691 14
2690 14
2690 7
2689 7
2689 2
2688 2
2688 28
2687 28
2687 24
2686 24
2686 21
2685 21
2685 13
2684 13
2684 5
2683 5
2683 2
2682 2
2682 57
2681 57
2681 56
2680 56
2680 48
2679 48
2679 39
2678 39
2678 34
2677 34
2677 31
2676 31
2676 24
2675 24
2675 15
2674 15
2674 14
2673 14
2673 7
2672 7
2672 2
2671 2
2671 33
2670 33
2670 24
2669 24
2669 16
2668 16
2668 11
2667 11
2667 2
2666 2
2666 57
2665 57
2665 56
2664 56
2664 48
2663 48
2663 39
2662 39
2662 34
2661 34
2661 31
2660 31
2660 24
2659 24
2659 15
2658 15
2658 14
2657 14
2657 7
2656 7
2656 2
2655 2
2655 29
2654 29
2654 24
2653 24
2653 23
2652 23
2652 18
2651 18
2651 11
2650 11
2650 2
2649 2
2649 57
2648 57
2648 56
2647 56
2647 48
2646 48
2646 39
2645 39
2645 34
2644 34
2644 31
2643 31
2643 24
2642 24
2642 15
2641 15
2641 14
2640 14
2640 7
2639 7
2639 2
2638 2
2638 19
2637 19
2637 18
2636 18
2636 13
2635 13
2635 8
2634 8
2634 5
2633 5
2633 2
2632 2
2632 57
2631 57
2631 56
2630 56
2630 48
2629 48
2629 39
2628 39
2628 34
2627 34
2627 31
2626 31
2626 24
2625 24
2625 15
2624 15
2624 14
2623 14
2623 7
2622 7
2622 2
2621 2
2621 21
2620 21
2620 12
2619 12
2619 7
2618 7
2618 4
2617 4
2617 2
2616 2
2616 57
2615 57
2615 56
2614 56
2614 48
2613 48
2613 39
2612 39
2612 34
2611 34
2611 31
2610 31
2610 24
2609 24
2609 15
2608 15
2608 14
2607 14
2607 7
2606 7
2606 2
2605 2
2605 21
2604 21
2604 18
2603 18
2603 14
2602 14
2602 9
2601 9
2601 5
2600 5
2600 2
2599 2
2599 57
2598 57
2598 56
2597 56
2597 48
2596 48
2596 39
2595 39
2595 34
2594 34
2594 31
2593 31
2593 24
2592 24
2592 15
2591 15
2591 14
2590 14
2590 7
2589 7
2589 2
2588 2
2588 19
2587 19
2587 11
2586 11
2586 10
2585 10
2585 7
2584 7
2584 4
2583 4
2583 2
2582 2
2582 57
2581 57
2581 56
2580 56
2580 48
2579 48
2579 39
2578 39
2578 34
2577 34
2577 31
2576 31
2576 24
2575 24
2575 15
2574 15
2574 14
2573 14
2573 7
2572 7
2572 2
2571 2
2571 28
2570 28
2570 24
2569 24
2569 16
2568 16
2568 15
2567 15
2567 7
2566 7
2566 2
2565 2
2565 57
2564 57
2564 56
2563 56
2563 48
2562 48
2562 39
2561 39
2561 34
2560 34
2560 31
2559 31
2559 24
2558 24
2558 15
2557 15
2557 14
2556 14
2556 7
2555 7
2555 2
2554 2
2554 14
2553 14
2553 9
2552 9
2552 2
2551 2
2551 57
2550 57
2550 56
2549 56
2549 48
2548 48
2548 39
2547 39
2547 34
2546 34
2546 31
2545 31
2545 24
2544 24
2544 15
2543 15
2543 14
2542 14
2542 7
2541 7
2541 2
2540 2
2540 4
2539 4
2539 2
2538 2
2538 57
2537 57
2537 56
2536 56
2536 48
2535 48
2535 39
2534 39
2534 34
2533 34
2533 31
2532 31
2532 24
2531 24
2531 15
2530 15
2530 14
2529 14
2529 7
2528 7
2528 2
2527 2
2527 14
2526 14
2526 6
2525 6
2525 2
2524 2
2524 57
2523 57
2523 56
2522 56
2522 48
2521 48
2521 39
2520 39
2520 34
2519 34
2519 31
2518 31
2518 24
2517 24
2517 15
2516 15
2516 14
2515 14
2515 7
2514 7
2514 2
2513 2
2513 8
2512 8
2512 6
2511 6
2511 5
2510 5
2510 2
2509 2
2509 57
2508 57
2508 56
2507 56
2507 48
2506 48
2506 39
2505 39
2505 34
2504 34
2504 31
2503 31
2503 24
2502 24
2502 15
2501 15
2501 14
2500 14
2500 7
2499 7
2499 2
2498 2
2498 15
2497 15
2497 7
2496 7
2496 2
2495 2
2495 57
2494 57
2494 56
2493 56
2493 48
2492 48
2492 39
2491 39
2491 34
2490 34
2490 31
2489 31
2489 24
2488 24
2488 15
2487 15
2487 14
2486 14
2486 7
2485 7
2485 2
2484 2
2484 19
2483 19
2483 14
2482 14
2482 7
2481 7
2481 2
2480 2
2480 57
2479 57
2479 56
2478 56
2478 48
2477 48
2477 39
2476 39
2476 34
2475 34
2475 31
2474 31
2474 24
2473 24
2473 15
2472 15
2472 14
2471 14
2471 7
2470 7
2470 2
2469 2
2469 21
2468 21
2468 16
2467 16
2467 13
2466 13
2466 9
2465 9
2465 2
2464 2
2464 57
2463 57
2463 56
2462 56
2462 48
2461 48
2461 39
2460 39
2460 34
2459 34
2459 31
2458 31
2458 24
2457 24
2457 15
2456 15
2456 14
2455 14
2455 7
2454 7
2454 2
2453 2
2453 41
2452 41
2452 32
2451 32
2451 24
2450 24
2450 19
2449 19
2449 10
2448 10
2448 2
2447 2
2447 57
2446 57
2446 56
2445 56
2445 48
2444 48
2444 39
2443 39
2443 34
2442 34
2442 31
2441 31
2441 24
2440 24
2440 15
2439 15
2439 14
2438 14
2438 7
2437 7
2437 2
2436 2
2436 37
2435 37
2435 28
2434 28
2434 23
2433 23
2433 18
2432 18
2432 10
2431 10
2431 2
2430 2
2430 57
2429 57
2429 56
2428 56
2428 48
2427 48
2427 39
2426 39
2426 34
2425 34
2425 31
2424 31
2424 24
2423 24
2423 15
2422 15
2422 14
2421 14
2421 7
2420 7
2420 2
2419 2
2419 19
2418 19
2418 10
2417 10
2417 2
2416 2
2416 57
2415 57
2415 56
2414 56
2414 48
2413 48
2413 39
2412 39
2412 34
2411 34
2411 31
2410 31
2410 24
2409 24
2409 15
2408 15
2408 14
2407 14
2407 7
2406 7
2406 2
2405 2
2405 29
2404 29
2404 25
2403 25
2403 17
2402 17
2402 12
2401 12
2401 4
2400 4
2400 2
2399 2
2399 57
2398 57
2398 56
2397 56
2397 48
2396 48
2396 39
2395 39
2395 34
2394 34
2394 31
2393 31
2393 24
2392 24
2392 15
2391 15
2391 14
2390 14
2390 7
2389 7
2389 2
2388 2
2388 7
2387 7
2387 2
2386 2
2386 57
2385 57
2385 56
2384 56
2384 48
2383 48
2383 39
2382 39
2382 34
2381 34
2381 31
2380 31
2380 24
2379 24
2379 15
2378 15
2378 14
2377 14
2377 7
2376 7
2376 2
2375 2
2375 22
2374 22
2374 19
2373 19
2373 10
2372 10
2372 3
2371 3
2371 2
2370 2
2370 57
2369 57
2369 56
2368 56
2368 48
2367 48
2367 39
2366 39
2366 34
2365 34
2365 31
2364 31
2364 24
2363 24
2363 15
2362 15
2362 14
2361 14
2361 7
2360 7
2360 2
2359 2
2359 23
2358 23
2358 16
2357 16
2357 13
2356 13
2356 11
2355 11
2355 2
2354 2
2354 57
2353 57
2353 56
2352 56
2352 48
2351 48
2351 39
2350 39
2350 34
2349 34
2349 31
2348 31
2348 24
2347 24
2347 15
2346 15
2346 14
2345 14
2345 7
2344 7
2344 2
2343 2
2343 20
2342 20
2342 18
2341 18
2341 10
2340 10
2340 5
2339 5
2339 2
2338 2
2338 57
2337 57
2337 56
2336 56
2336 48
2335 48
2335 39
2334 39
2334 34
2333 34
2333 31
2332 31
2332 24
2331 24
2331 15
2330 15
2330 14
2329 14
2329 7
2328 7
2328 2
2327 2
2327 36
2326 36
2326 27
2325 27
2325 19
2324 19
2324 15
2323 15
2323 10
2322 10
2322 2
2321 2
2321 57
2320 57
2320 56
2319 56
2319 48
2318 48
2318 39
2317 39
2317 34
2316 34
2316 31
2315 31
2315 24
2314 24
2314 15
2313 15
2313 14
2312 14
2312 7
2311 7
2311 2
2310 2
2310 13
2309 13
2309 6
2308 6
2308 2
2307 2
2307 57
2306 57
2306 56
2305 56
2305 48
2304 48
2304 39
2303 39
2303 34
2302 34
2302 31
2301 31
2301 24
2300 24
2300 15
2299 15
2299 14
2298 14
2298 7
2297 7
2297 2
2296 2
2296 36
2295 36
2295 29
2294 29
2294 21
2293 21
2293 20
2292 20
2292 11
2291 11
2291 2
2290 2
2290 57
2289 57
2289 56
2288 56
2288 48
2287 48
2287 39
2286 39
2286 34
2285 34
2285 31
2284 31
2284 24
2283 24
2283 15
2282 15
2282 14
2281 14
2281 7
2280 7
2280 2
2279 2
2279 27
2278 27
2278 22
2277 22
2277 21
2276 21
2276 14
2275 14
2275 7
2274 7
2274 2
2273 2
2273 57
2272 57
2272 56
2271 56
2271 48
2270 48
2270 39
2269 39
2269 34
2268 34
2268 31
2267 31
2267 24
2266 24
2266 15
2265 15
2265 14
2264 14
2264 7
2263 7
2263 2
2262 2
2262 16
2261 16
2261 7
2260 7
2260 2
2259 2
2259 57
2258 57
2258 56
2257 56
2257 48
2256 48
2256 39
2255 39
2255 34
2254 34
2254 31
2253 31
2253 24
2252 24
2252 15
2251 15
2251 14
2250 14
2250 7
2249 7
2249 2
2248 2
2248 34
2247 34
2247 26
2246 26
2246 21
2245 21
2245 16
2244 16
2244 7
2243 7
2243 2
2242 2
2242 57
2241 57
2241 56
2240 56
2240 48
2239 48
2239 39
2238 39
2238 34
2237 34
2237 31
2236 31
2236 24
2235 24
2235 15
2234 15
2234 14
2233 14
2233 7
2232 7
2232 2
2231 2
2231 23
2230 23
2230 22
2229 22
2229 14
2228 14
2228 10
2227 10
2227 2
2226 2
2226 57
2225 57
2225 56
2224 56
2224 48
2223 48
2223 39
2222 39
2222 34
2221 34
2221 31
2220 31
2220 24
2219 24
2219 15
2218 15
2218 14
2217 14
2217 7
2216 7
2216 2
2215 2
2215 16
2214 16
2214 11
2213 11
2213 7
2212 7
2212 2
2211 2
2211 57
2210 57
2210 56
2209 56
2209 48
2208 48
2208 39
2207 39
2207 34
2206 34
2206 31
2205 31
2205 24
2204 24
2204 15
2203 15
2203 14
2202 14
2202 7
2201 7
2201 2
2200 2
2200 13
2199 13
2199 10
2198 10
2198 5
2197 5
2197 4
2196 4
2196 2
2195 2
2195 57
2194 57
2194 56
2193 56
2193 48
2192 48
2192 39
2191 39
2191 34
2190 34
2190 31
2189 31
2189 24
2188 24
2188 15
2187 15
2187 14
2186 14
2186 7
2185 7
2185 2
2184 2
2184 18
2183 18
2183 11
2182 11
2182 6
2181 6
2181 2
2180 2
2180 57
2179 57
2179 56
2178 56
2178 48
2177 48
2177 39
2176 39
2176 34
2175 34
2175 31
2174 31
2174 24
2173 24
2173 15
2172 15
2172 14
2171 14
2171 7
2170 7
2170 2
2169 2
2169 28
2168 28
2168 20
2167 20
2167 17
2166 17
2166 10
2165 10
2165 2
2164 2
2164 57
2163 57
2163 56
2162 56
2162 48
2161 48
2161 39
2160 39
2160 34
2159 34
2159 31
2158 31
2158 24
2157 24
2157 15
2156 15
2156 14
2155 14
2155 7
2154 7
2154 2
2153 2
2153 10
2152 10
2152 2
2151 2
2151 57
2150 57
2150 56
2149 56
2149 48
2148 48
2148 39
2147 39
2147 34
2146 34
2146 31
2145 31
2145 24
2144 24
2144 15
2143 15
2143 14
2142 14
2142 7
2141 7
2141 2
2140 2
2140 11
2139 11
2139 8
2138 8
2138 5
2137 5
2137 2
2136 2
2136 57
2135 57
2135 56
2134 56
2134 48
2133 48
2133 39
2132 39
2132 34
2131 34
2131 31
2130 31
2130 24
2129 24
2129 15
2128 15
2128 14
2127 14
2127 7
2126 7
2126 2
2125 2
2125 7
2124 7
2124 2
2123 2
2123 57
2122 57
2122 56
2121 56
2121 48
2120 48
2120 39
2119 39
2119 34
2118 34
2118 31
2117 31
2117 24
2116 24
2116 15
2115 15
2115 14
2114 14
2114 7
2113 7
2113 2
2112 2
2112 26
2111 26
2111 18
2110 18
2110 10
2109 10
2109 2
2108 2
2108 57
2107 57
2107 56
2106 56
2106 48
2105 48
2105 39
2104 39
2104 34
2103 34
2103 31
2102 31
2102 24
2101 24
2101 15
2100 15
2100 14
2099 14
2099 7
2098 7
2098 2
2097 2
2097 27
2096 27
2096 19
2095 19
2095 15
2094 15
2094 6
2093 6
2093 3
2092 3
2092 2
2091 2
2091 57
2090 57
2090 56
2089 56
2089 48
2088 48
2088 39
2087 39
2087 34
2086 34
2086 31
2085 31
2085 24
2084 24
2084 15
2083 15
2083 14
2082 14
2082 7
2081 7
2081 2
2080 2
2080 6
2079 6
2079 2
2078 2
2078 57
2077 57
2077 56
2076 56
2076 48
2075 48
2075 39
2074 39
2074 34
2073 34
2073 31
2072 31
2072 24
2071 24
2071 15
2070 15
2070 14
2069 14
2069 7
2068 7
2068 2
2067 2
2067 9
2066 9
2066 2
2065 2
2065 57
2064 57
2064 56
2063 56
2063 48
2062 48
2062 39
2061 39
2061 34
2060 34
2060 31
2059 31
2059 24
2058 24
2058 15
2057 15
2057 14
2056 14
2056 7
2055 7
2055 2
2054 2
2054 13
2053 13
2053 11
2052 11
2052 2
2051 2
2051 57
2050 57
2050 56
2049 56
2049 48
2048 48
2048 39
2047 39
2047 34
2046 34
2046 31
2045 31
2045 24
2044 24
2044 15
2043 15
2043 14
2042 14
2042 7
2041 7
2041 2
2040 2
2040 16
2039 16
2039 15
2038 15
2038 11
2037 11
2037 9
2036 9
2036 7
2035 7
2035 2
2034 2
2034 57
2033 57
2033 56
2032 56
2032 48
2031 48
2031 39
2030 39
2030 34
2029 34
2029 31
2028 31
2028 24
2027 24
2027 15
2026 15
2026 14
2025 14
2025 7
2024 7
2024 2
2023 2
2023 17
2022 17
2022 13
2021 13
2021 10
2020 10
2020 7
2019 7
2019 2
2018 2
2018 57
2017 57
2017 56
2016 56
2016 48
2015 48
2015 39
2014 39
2014 34
2013 34
2013 31
2012 31
2012 24
2011 24
2011 15
2010 15
2010 14
2009 14
2009 7
2008 7
2008 2
2007 2
2007 30
2006 30
2006 22
2005 22
2005 17
2004 17
2004 8
2003 8
2003 3
2002 3
2002 2
2001 2
2001 57
2000 57
2000 56
1999 56
1999 48
1998 48
1998 39
1997 39
1997 34
1996 34
1996 31
1995 31
1995 24
1994 24
1994 15
1993 15
1993 14
1992 14
1992 7
1991 7
1991 2
1990 2
1990 16
1989 16
1989 11
1988 11
1988 4
1987 4
1987 2
1986 2
1986 57
1985 57
1985 56
1984 56
1984 48
1983 48
1983 39
1982 39
1982 34
1981 34
1981 31
1980 31
1980 24
1979 24
1979 15
1978 15
1978 14
1977 14
1977 7
1976 7
1976 2
1975 2
1975 10
1974 10
1974 7
1973 7
1973 2
1972 2
1972 57
1971 57
1971 56
1970 56
1970 48
1969 48
1969 39
1968 39
1968 34
1967 34
1967 31
1966 31
1966 24
1965 24
1965 15
1964 15
1964 14
1963 14
1963 7
1962 7
1962 2
1961 2
1961 10
1960 10
1960 6
1959 6
1959 2
1958 2
1958 57
1957 57
1957 56
1956 56
1956 48
1955 48
1955 39
1954 39
1954 34
1953 34
1953 31
1952 31
1952 24
1951 24
1951 15
1950 15
1950 14
1949 14
1949 7
1948 7
1948 2
1947 2
1947 15
1946 15
1946 11
1945 11
1945 2
1944 2
1944 57
1943 57
1943 56
1942 56
1942 48
1941 48
1941 39
1940 39
1940 34
1939 34
1939 31
1938 31
1938 24
1937 24
1937 15
1936 15
1936 14
1935 14
1935 7
1934 7
1934 2
1933 2
1933 25
1932 25
1932 20
1931 20
1931 12
1930 12
1930 8
1929 8
1929 5
1928 5
1928 2
1927 2
1927 57
1926 57
1926 56
1925 56
1925 48
1924 48
1924 39
1923 39
1923 34
1922 34
1922 31
1921 31
1921 24
1920 24
1920 15
1919 15
1919 14
1918 14
1918 7
1917 7
1917 2
1916 2
1916 6
1915 6
1915 2
1914 2
1914 57
1913 57
1913 56
1912 56
1912 48
1911 48
1911 39
1910 39
1910 34
1909 34
1909 31
1908 31
1908 24
1907 24
1907 15
1906 15
1906 14
1905 14
1905 7
1904 7
1904 2
1903 2
1903 3
1902 3
1902 2
1901 2
1901 57
1900 57
1900 56
1899 56
1899 48
1898 48
1898 39
1897 39
1897 34
1896 34
1896 31
1895 31
1895 24
1894 24
1894 15
1893 15
1893 14
1892 14
1892 7
1891 7
1891 2
1890 2
1890 18
1889 18
1889 14
1888 14
1888 6
1887 6
1887 2
1886 2
1886 57
1885 57
1885 56
1884 56
1884 48
1883 48
1883 39
1882 39
1882 34
1881 34
1881 31
1880 31
1880 24
1879 24
1879 15
1878 15
1878 14
1877 14
1877 7
1876 7
1876 2
1875 2
1875 27
1874 27
1874 19
1873 19
1873 18
1872 18
1872 14
1871 14
1871 9
1870 9
1870 2
1869 2
1869 57
1868 57
1868 56
1867 56
1867 48
1866 48
1866 39
1865 39
1865 34
1864 34
1864 31
1863 31
1863 24
1862 24
1862 15
1861 15
1861 14
1860 14
1860 7
1859 7
1859 2
1858 2
1858 16
1857 16
1857 15
1856 15
1856 12
1855 12
1855 4
1854 4
1854 2
1853 2
1853 57
1852 57
1852 56
1851 56
1851 48
1850 48
1850 39
1849 39
1849 34
1848 34
1848 31
1847 31
1847 24
1846 24
1846 15
1845 15
1845 14
1844 14
1844 7
1843 7
1843 2
1842 2
1842 34
1841 34
1841 29
1840 29
1840 21
1839 21
1839 18
1838 18
1838 10
1837 10
1837 2
1836 2
1836 57
1835 57
1835 56
1834 56
1834 48
1833 48
1833 39
1832 39
1832 34
1831 34
1831 31
1830 31
1830 24
1829 24
1829 15
1828 15
1828 14
1827 14
1827 7
1826 7
1826 2
1825 2
1825 33
1824 33
1824 25
1823 25
1823 21
1822 21
1822 16
1821 16
1821 7
1820 7
1820 2
1819 2
1819 57
1818 57
1818 56
1817 56
1817 48
1816 48
1816 39
1815 39
1815 34
1814 34
1814 31
1813 31
1813 24
1812 24
1812 15
1811 15
1811 14
1810 14
1810 7
1809 7
1809 2
1808 2
1808 31
1807 31
1807 26
1806 26
1806 17
1805 17
1805 13
1804 13
1804 10
1803 10
1803 2
1802 2
1802 57
1801 57
1801 56
1800 56
1800 48
1799 48
1799 39
1798 39
1798 34
1797 34
1797 31
1796 31
1796 24
1795 24
1795 15
1794 15
1794 14
1793 14
1793 7
1792 7
1792 2
1791 2
1791 14
1790 14
1790 7
1789 7
1789 2
1788 2
1788 57
1787 57
1787 56
1786 56
1786 48
1785 48
1785 39
1784 39
1784 34
1783 34
1783 31
1782 31
1782 24
1781 24
1781 15
1780 15
1780 14
1779 14
1779 7
1778 7
1778 2
1777 2
1777 7
1776 7
1776 2
1775 2
1775 57
1774 57
1774 56
1773 56
1773 48
1772 48
1772 39
1771 39
1771 34
1770 34
1770 31
1769 31
1769 24
1768 24
1768 15
1767 15
1767 14
1766 14
1766 7
1765 7
1765 2
1764 2
1764 14
1763 14
1763 9
1762 9
1762 2
1761 2
1761 57
1760 57
1760 56
1759 56
1759 48
1758 48
1758 39
1757 39
1757 34
1756 34
1756 31
1755 31
1755 24
1754 24
1754 15
1753 15
1753 14
1752 14
1752 7
1751 7
1751 2
1750 2
1750 29
1749 29
1749 22
1748 22
1748 19
1747 19
1747 15
1746 15
1746 7
1745 7
1745 2
1744 2
1744 57
1743 57
1743 56
1742 56
1742 48
1741 48
1741 39
1740 39
1740 34
1739 34
1739 31
1738 31
1738 24
1737 24
1737 15
1736 15
1736 14
1735 14
1735 7
1734 7
1734 2
1733 2
1733 27
1732 27
1732 22
1731 22
1731 13
1730 13
1730 11
1729 11
1729 2
1728 2
1728 57
1727 57
1727 56
1726 56
1726 48
1725 48
1725 39
1724 39
1724 34
1723 34
1723 31
1722 31
1722 24
1721 24
1721 15
1720 15
1720 14
1719 14
1719 7
1718 7
1718 2
1717 2
1717 32
1716 32
1716 23
1715 23
1715 18
1714 18
1714 10
1713 10
1713 2
1712 2
1712 57
1711 57
1711 56
1710 56
1710 48
1709 48
1709 39
1708 39
1708 34
1707 34
1707 31
1706 31
1706 24
1705 24
1705 15
1704 15
1704 14
1703 14
1703 7
1702 7
1702 2
1701 2
1701 6
1700 6
1700 3
1699 3
1699 2
1698 2
1698 57
1697 57
1697 56
1696 56
1696 48
1695 48
1695 39
1694 39
1694 34
1693 34
1693 31
1692 31
1692 24
1691 24
1691 15
1690 15
1690 14
1689 14
1689 7
1688 7
1688 2
1687 2
1687 15
1686 15
1686 7
1685 7
1685 2
1684 2
1684 57
1683 57
1683 56
1682 56
1682 48
1681 48
1681 39
1680 39
1680 34
1679 34
1679 31
1678 31
1678 24
1677 24
1677 15
1676 15
1676 14
1675 14
1675 7
1674 7
1674 2
1673 2
1673 16
1672 16
1672 13
1671 13
1671 12
1670 12
1670 4
1669 4
1669 2
1668 2
1668 57
1667 57
1667 56
1666 56
1666 48
1665 48
1665 39
1664 39
1664 34
1663 34
1663 31
1662 31
1662 24
1661 24
1661 15
1660 15
1660 14
1659 14
1659 7
1658 7
1658 2
1657 2
1657 11
1656 11
1656 2
1655 2
1655 57
1654 57
1654 56
1653 56
1653 48
1652 48
1652 39
1651 39
1651 34
1650 34
1650 31
1649 31
1649 24
1648 24
1648 15
1647 15
1647 14
1646 14
1646 7
1645 7
1645 2
1644 2
1644 16
1643 16
1643 11
1642 11
1642 2
1641 2
1641 57
1640 57
1640 56
1639 56
1639 48
1638 48
1638 39
1637 39
1637 34
1636 34
1636 31
1635 31
1635 24
1634 24
1634 15
1633 15
1633 14
1632 14
1632 7
1631 7
1631 2
1630 2
1630 7
1629 7
1629 5
1628 5
1628 2
1627 2
1627 57
1626 57
1626 56
1625 56
1625 48
1624 48
1624 39
1623 39
1623 34
1622 34
1622 31
1621 31
1621 24
1620 24
1620 15
1619 15
1619 14
1618 14
1618 7
1617 7
1617 2
1616 2
1616 10
1615 10
1615 7
1614 7
1614 2
1613 2
1613 57
1612 57
1612 56
1611 56
1611 48
1610 48
1610 39
1609 39
1609 34
1608 34
1608 31
1607 31
1607 24
1606 24
1606 15
1605 15
1605 14
1604 14
1604 7
1603 7
1603 2
1602 2
1602 9
1601 9
1601 2
1600 2
1600 57
1599 57
1599 56
1598 56
1598 48
1597 48
1597 39
1596 39
1596 34
1595 34
1595 31
1594 31
1594 24
1593 24
1593 15
1592 15
1592 14
1591 14
1591 7
1590 7
1590 2
1589 2
1589 10
1588 10
1588 2
1587 2
1587 57
1586 57
1586 56
1585 56
1585 48
1584 48
1584 39
1583 39
1583 34
1582 34
1582 31
1581 31
1581 24
1580 24
1580 15
1579 15
1579 14
1578 14
1578 7
1577 7
1577 2
1576 2
1576 24
1575 24
1575 15
1574 15
1574 6
1573 6
1573 3
1572 3
1572 2
1571 2
1571 57
1570 57
1570 56
1569 56
1569 48
1568 48
1568 39
1567 39
1567 34
1566 34
1566 31
1565 31
1565 24
1564 24
1564 15
1563 15
1563 14
1562 14
1562 7
1561 7
1561 2
1560 2
1560 21
1559 21
1559 16
1558 16
1558 11
1557 11
1557 2
1556 2
1556 57
1555 57
1555 56
1554 56
1554 48
1553 48
1553 39
1552 39
1552 34
1551 34
1551 31
1550 31
1550 24
1549 24
1549 15
1548 15
1548 14
1547 14
1547 7
1546 7
1546 2
1545 2
1545 11
1544 11
1544 3
1543 3
1543 2
1542 2
1542 57
1541 57
1541 56
1540 56
1540 48
1539 48
1539 39
1538 39
1538 34
1537 34
1537 31
1536 31
1536 24
1535 24
1535 15
1534 15
1534 14
1533 14
1533 7
1532 7
1532 2
1531 2
1531 15
1530 15
1530 13
1529 13
1529 6
1528 6
1528 2
1527 2
1527 57
1526 57
1526 56
1525 56
1525 48
1524 48
1524 39
1523 39
1523 34
1522 34
1522 31
1521 31
1521 24
1520 24
1520 15
1519 15
1519 14
1518 14
1518 7
1517 7
1517 2
1516 2
1516 19
1515 19
1515 10
1514 10
1514 2
1513 2
1513 57
1512 57
1512 56
1511 56
1511 48
1510 48
1510 39
1509 39
1509 34
1508 34
1508 31
1507 31
1507 24
1506 24
1506 15
1505 15
1505 14
1504 14
1504 7
1503 7
1503 2
1502 2
1502 19
1501 19
1501 14
1500 14
1500 13
1499 13
1499 5
1498 5
1498 2
1497 2
1497 57
1496 57
1496 56
1495 56
1495 48
1494 48
1494 39
1493 39
1493 34
1492 34
1492 31
1491 31
1491 24
1490 24
1490 15
1489 15
1489 14
1488 14
1488 7
1487 7
1487 2
1486 2
1486 30
1485 30
1485 22
1484 22
1484 19
1483 19
1483 14
1482 14
1482 7
1481 7
1481 2
1480 2
1480 57
1479 57
1479 56
1478 56
1478 48
1477 48
1477 39
1476 39
1476 34
1475 34
1475 31
1474 31
1474 24
1473 24
1473 15
1472 15
1472 14
1471 14
1471 7
1470 7
1470 2
1469 2
1469 20
1468 20
1468 16
1467 16
1467 11
1466 11
1466 2
1465 2
1465 57
1464 57
1464 56
1463 56
1463 48
1462 48
1462 39
1461 39
1461 34
1460 34
1460 31
1459 31
1459 24
1458 24
1458 15
1457 15
1457 14
1456 14
1456 7
1455 7
1455 2
1454 2
1454 14
1453 14
1453 9
1452 9
1452 7
1451 7
1451 4
1450 4
1450 2
1449 2
1449 57
1448 57
1448 56
1447 56
1447 48
1446 48
1446 39
1445 39
1445 34
1444 34
1444 31
1443 31
1443 24
1442 24
1442 15
1441 15
1441 14
1440 14
1440 7
1439 7
1439 2
1438 2
1438 15
1437 15
1437 14
1436 14
1436 10
1435 10
1435 7
1434 7
1434 2
1433 2
1433 57
1432 57
1432 56
1431 56
1431 48
1430 48
1430 39
1429 39
1429 34
1428 34
1428 31
1427 31
1427 24
1426 24
1426 15
1425 15
1425 14
1424 14
1424 7
1423 7
1423 2
1422 2
1422 19
1421 19
1421 10
1420 10
1420 2
1419 2
1419 57
1418 57
1418 56
1417 56
1417 48
1416 48
1416 39
1415 39
1415 34
1414 34
1414 31
1413 31
1413 24
1412 24
1412 15
1411 15
1411 14
1410 14
1410 7
1409 7
1409 2
1408 2
1408 17
1407 17
1407 12
1406 12
1406 7
1405 7
1405 2
1404 2
1404 57
1403 57
1403 56
1402 56
1402 48
1401 48
1401 39
1400 39
1400 34
1399 34
1399 31
1398 31
1398 24
1397 24
1397 15
1396 15
1396 14
1395 14
1395 7
1394 7
1394 2
1393 2
1393 10
1392 10
1392 2
1391 2
1391 57
1390 57
1390 56
1389 56
1389 48
1388 48
1388 39
1387 39
1387 34
1386 34
1386 31
1385 31
1385 24
1384 24
1384 15
1383 15
1383 14
1382 14
1382 7
1381 7
1381 2
1380 2
1380 10
1379 10
1379 2
1378 2
1378 57
1377 57
1377 56
1376 56
1376 48
1375 48
1375 39
1374 39
1374 34
1373 34
1373 31
1372 31
1372 24
1371 24
1371 15
1370 15
1370 14
1369 14
1369 7
1368 7
1368 2
1367 2
1367 26
1366 26
1366 18
1365 18
1365 9
1364 9
1364 2
1363 2
1363 57
1362 57
1362 56
1361 56
1361 48
1360 48
1360 39
1359 39
1359 34
1358 34
1358 31
1357 31
1357 24
1356 24
1356 15
1355 15
1355 14
1354 14
1354 7
1353 7
1353 2
1352 2
1352 27
1351 27
1351 18
1350 18
1350 11
1349 11
1349 9
1348 9
1348 4
1347 4
1347 2
1346 2
1346 57
1345 57
1345 56
1344 56
1344 48
1343 48
1343 39
1342 39
1342 34
1341 34
1341 31
1340 31
1340 24
1339 24
1339 15
1338 15
1338 14
1337 14
1337 7
1336 7
1336 2
1335 2
1335 22
1334 22
1334 18
1333 18
1333 13
1332 13
1332 8
1331 8
1331 3
1330 3
1330 2
1329 2
1329 57
1328 57
1328 56
1327 56
1327 48
1326 48
1326 39
1325 39
1325 34
1324 34
1324 31
1323 31
1323 24
1322 24
1322 15
1321 15
1321 14
1320 14
1320 7
1319 7
1319 2
1318 2
1318 4
1317 4
1317 2
1316 2
1316 57
1315 57
1315 56
1314 56
1314 48
1313 48
1313 39
1312 39
1312 34
1311 34
1311 31
1310 31
1310 24
1309 24
1309 15
1308 15
1308 14
1307 14
1307 7
1306 7
1306 2
1305 2
1305 26
1304 26
1304 23
1303 23
1303 15
1302 15
1302 10
1301 10
1301 2
1300 2
1300 57
1299 57
1299 56
1298 56
1298 48
1297 48
1297 39
1296 39
1296 34
1295 34
1295 31
1294 31
1294 24
1293 24
1293 15
1292 15
1292 14
1291 14
1291 7
1290 7
1290 2
1289 2
1289 16
1288 16
1288 15
1287 15
1287 10
1286 10
1286 2
1285 2
1285 57
1284 57
1284 56
1283 56
1283 48
1282 48
1282 39
1281 39
1281 34
1280 34
1280 31
1279 31
1279 24
1278 24
1278 15
1277 15
1277 14
1276 14
1276 7
1275 7
1275 2
1274 2
1274 19
1273 19
1273 16
1272 16
1272 11
1271 11
1271 2
1270 2
1270 57
1269 57
1269 56
1268 56
1268 48
1267 48
1267 39
1266 39
1266 34
1265 34
1265 31
1264 31
1264 24
1263 24
1263 15
1262 15
1262 14
1261 14
1261 7
1260 7
1260 2
1259 2
1259 20
1258 20
1258 12
1257 12
1257 10
1256 10
1256 2
1255 2
1255 57
1254 57
1254 56
1253 56
1253 48
1252 48
1252 39
1251 39
1251 34
1250 34
1250 31
1249 31
1249 24
1248 24
1248 15
1247 15
1247 14
1246 14
1246 7
1245 7
1245 2
1244 2
1244 24
1243 24
1243 21
1242 21
1242 13
1241 13
1241 11
1240 11
1240 2
1239 2
1239 57
1238 57
1238 56
1237 56
1237 48
1236 48
1236 39
1235 39
1235 34
1234 34
1234 31
1233 31
1233 24
1232 24
1232 15
1231 15
1231 14
1230 14
1230 7
1229 7
1229 2
1228 2
1228 9
1227 9
1227 2
1226 2
1226 57
1225 57
1225 56
1224 56
1224 48
1223 48
1223 39
1222 39
1222 34
1221 34
1221 31
1220 31
1220 24
1219 24
1219 15
1218 15
1218 14
1217 14
1217 7
1216 7
1216 2
1215 2
1215 22
1214 22
1214 13
1213 13
1213 5
1212 5
1212 3
1211 3
1211 2
1210 2
1210 57
1209 57
1209 56
1208 56
1208 48
1207 48
1207 39
1206 39
1206 34
1205 34
1205 31
1204 31
1204 24
1203 24
1203 15
1202 15
1202 14
1201 14
1201 7
1200 7
1200 2
1199 2
1199 22
1198 22
1198 14
1197 14
1197 13
1196 13
1196 12
1195 12
1195 3
1194 3
1194 2
1193 2
1193 57
1192 57
1192 56
1191 56
1191 48
1190 48
1190 39
1189 39
1189 34
1188 34
1188 31
1187 31
1187 24
1186 24
1186 15
1185 15
1185 14
1184 14
1184 7
1183 7
1183 2
1182 2
1182 13
1181 13
1181 11
1180 11
1180 2
1179 2
1179 57
1178 57
1178 56
1177 56
1177 48
1176 48
1176 39
1175 39
1175 34
1174 34
1174 31
1173 31
1173 24
1172 24
1172 15
1171 15
1171 14
1170 14
1170 7
1169 7
1169 2
1168 2
1168 10
1167 10
1167 2
1166 2
1166 57
1165 57
1165 56
1164 56
1164 48
1163 48
1163 39
1162 39
1162 34
1161 34
1161 31
1160 31
1160 24
1159 24
1159 15
1158 15
1158 14
1157 14
1157 7
1156 7
1156 2
1155 2
1155 3
1154 3
1154 2
1153 2
1153 57
1152 57
1152 56
1151 56
1151 48
1150 48
1150 39
1149 39
1149 34
1148 34
1148 31
1147 31
1147 24
1146 24
1146 15
1145 15
1145 14
1144 14
1144 7
1143 7
1143 2
1142 2
1142 16
1141 16
1141 7
1140 7
1140 2
1139 2
1139 57
1138 57
1138 56
1137 56
1137 48
1136 48
1136 39
1135 39
1135 34
1134 34
1134 31
1133 31
1133 24
1132 24
1132 15
1131 15
1131 14
1130 14
1130 7
1129 7
1129 2
1128 2
1128 20
1127 20
1127 15
1126 15
1126 7
1125 7
1125 2
1124 2
1124 57
1123 57
1123 56
1122 56
1122 48
1121 48
1121 39
1120 39
1120 34
1119 34
1119 31
1118 31
1118 24
1117 24
1117 15
1116 15
1116 14
1115 14
1115 7
1114 7
1114 2
1113 2
1113 4
1112 4
1112 2
1111 2
1111 57
1110 57
1110 56
1109 56
1109 48
1108 48
1108 39
1107 39
1107 34
1106 34
1106 31
1105 31
1105 24
1104 24
1104 15
1103 15
1103 14
1102 14
1102 7
1101 7
1101 2
1100 2
1100 32
1099 32
1099 23
1098 23
1098 18
1097 18
1097 11
1096 11
1096 3
1095 3
1095 2
1094 2
1094 57
1093 57
1093 56
1092 56
1092 48
1091 48
1091 39
1090 39
1090 34
1089 34
1089 31
1088 31
1088 24
1087 24
1087 15
1086 15
1086 14
1085 14
1085 7
1084 7
1084 2
1083 2
1083 4
1082 4
1082 3
1081 3
1081 2
1080 2
1080 57
1079 57
1079 56
1078 56
1078 48
1077 48
1077 39
1076 39
1076 34
1075 34
1075 31
1074 31
1074 24
1073 24
1073 15
1072 15
1072 14
1071 14
1071 7
1070 7
1070 2
1069 2
1069 17
1068 17
1068 8
1067 8
1067 7
1066 7
1066 2
1065 2
1065 57
1064 57
1064 56
1063 56
1063 48
1062 48
1062 39
1061 39
1061 34
1060 34
1060 31
1059 31
1059 24
1058 24
1058 15
1057 15
1057 14
1056 14
1056 7
1055 7
1055 2
1054 2
1054 23
1053 23
1053 22
1052 22
1052 14
1051 14
1051 6
1050 6
1050 2
1049 2
1049 57
1048 57
1048 56
1047 56
1047 48
1046 48
1046 39
1045 39
1045 34
1044 34
1044 31
1043 31
1043 24
1042 24
1042 15
1041 15
1041 14
1040 14
1040 7
1039 7
1039 2
1038 2
1038 23
1037 23
1037 16
1036 16
1036 8
1035 8
1035 4
1034 4
1034 2
1033 2
1033 57
1032 57
1032 56
1031 56
1031 48
1030 48
1030 39
1029 39
1029 34
1028 34
1028 31
1027 31
1027 24
1026 24
1026 15
1025 15
1025 14
1024 14
1024 7
1023 7
1023 2
1022 2
1022 5
1021 5
1021 2
1020 2
1020 57
1019 57
1019 56
1018 56
1018 48
1017 48
1017 39
1016 39
1016 34
1015 34
1015 31
1014 31
1014 24
1013 24
1013 15
1012 15
1012 14
1011 14
1011 7
1010 7
1010 2
1009 2
1009 32
1008 32
1008 24
1007 24
1007 15
1006 15
1006 10
1005 10
1005 2
1004 2
1004 57
1003 57
1003 56
1002 56
1002 48
1001 48
1001 39
1000 39
1000 34
999 34
999 31
998 31
998 24
997 24
997 15
996 15
996 14
995 14
995 7
994 7
994 2
993 2
993 18
992 18
992 13
991 13
991 10
990 10
990 2
989 2
989 57
988 57
988 56
987 56
987 48
986 48
986 39
985 39
985 34
984 34
984 31
983 31
983 24
982 24
982 15
981 15
981 14
980 14
980 7
979 7
979 2
978 2
978 9
977 9
977 2
976 2
976 57
975 57
975 56
974 56
974 48
973 48
973 39
972 39
972 34
971 34
971 31
970 31
970 24
969 24
969 15
968 15
968 14
967 14
967 7
966 7
966 2
965 2
965 5
964 5
964 2
963 2
963 57
962 57
962 56
961 56
961 48
960 48
960 39
959 39
959 34
958 34
958 31
957 31
957 24
956 24
956 15
955 15
955 14
954 14
954 7
953 7
953 2
952 2
952 23
951 23
951 14
950 14
950 9
949 9
949 7
948 7
948 2
947 2
947 57
946 57
946 56
945 56
945 48
944 48
944 39
943 39
943 34
942 34
942 31
941 31
941 24
940 24
940 15
939 15
939 14
938 14
938 7
937 7
937 2
936 2
936 23
935 23
935 20
934 20
934 18
933 18
933 17
932 17
932 9
931 9
931 2
930 2
930 57
929 57
929 56
928 56
928 48
927 48
927 39
926 39
926 34
925 34
925 31
924 31
924 24
923 24
923 15
922 15
922 14
921 14
921 7
920 7
920 2
919 2
919 24
918 24
918 15
917 15
917 7
916 7
916 2
915 2
915 57
914 57
914 56
913 56
913 48
912 48
912 39
911 39
911 34
910 34
910 31
909 31
909 24
908 24
908 15
907 15
907 14
906 14
906 7
905 7
905 2
904 2
904 19
903 19
903 14
902 14
902 6
901 6
901 2
900 2
900 57
899 57
899 56
898 56
898 48
897 48
897 39
896 39
896 34
895 34
895 31
894 31
894 24
893 24
893 15
892 15
892 14
891 14
891 7
890 7
890 2
889 2
889 26
888 26
888 21
887 21
887 12
886 12
886 11
885 11
885 2
884 2
884 57
883 57
883 56
882 56
882 48
881 48
881 39
880 39
880 34
879 34
879 31
878 31
878 24
877 24
877 15
876 15
876 14
875 14
875 7
874 7
874 2
873 2
873 10
872 10
872 2
871 2
871 57
870 57
870 56
869 56
869 48
868 48
868 39
867 39
867 34
866 34
866 31
865 31
865 24
864 24
864 15
863 15
863 14
862 14
862 7
861 7
861 2
860 2
860 28
859 28
859 19
858 19
858 16
857 16
857 13
856 13
856 4
855 4
855 2
854 2
854 57
853 57
853 56
852 56
852 48
851 48
851 39
850 39
850 34
849 34
849 31
848 31
848 24
847 24
847 15
846 15
846 14
845 14
845 7
844 7
844 2
843 2
843 14
842 14
842 7
841 7
841 2
840 2
840 57
839 57
839 56
838 56
838 48
837 48
837 39
836 39
836 34
835 34
835 31
834 31
834 24
833 24
833 15
832 15
832 14
831 14
831 7
830 7
830 2
829 2
829 33
828 33
828 24
827 24
827 21
826 21
826 13
825 13
825 10
824 10
824 2
823 2
823 57
822 57
822 56
821 56
821 48
820 48
820 39
819 39
819 34
818 34
818 31
817 31
817 24
816 24
816 15
815 15
815 14
814 14
814 7
813 7
813 2
812 2
812 12
811 12
811 11
810 11
810 6
809 6
809 2
808 2
808 57
807 57
807 56
806 56
806 48
805 48
805 39
804 39
804 34
803 34
803 31
802 31
802 24
801 24
801 15
800 15
800 14
799 14
799 7
798 7
798 2
797 2
797 14
796 14
796 6
795 6
795 2
794 2
794 57
793 57
793 56
792 56
792 48
791 48
791 39
790 39
790 34
789 34
789 31
788 31
788 24
787 24
787 15
786 15
786 14
785 14
785 7
784 7
784 2
783 2
783 16
782 16
782 14
781 14
781 6
780 6
780 5
779 5
779 2
778 2
778 57
777 57
777 56
776 56
776 48
775 48
775 39
774 39
774 34
773 34
773 31
772 31
772 24
771 24
771 15
770 15
770 14
769 14
769 7
768 7
768 2
767 2
767 19
766 19
766 17
765 17
765 14
764 14
764 12
763 12
763 7
762 7
762 2
761 2
761 57
760 57
760 56
759 56
759 48
758 48
758 39
757 39
757 34
756 34
756 31
755 31
755 24
754 24
754 15
753 15
753 14
752 14
752 7
751 7
751 2
750 2
750 7
749 7
749 2
748 2
748 57
747 57
747 56
746 56
746 48
745 48
745 39
744 39
744 34
743 34
743 31
742 31
742 24
741 24
741 15
740 15
740 14
739 14
739 7
738 7
738 2
737 2
737 20
736 20
736 15
735 15
735 7
734 7
734 2
733 2
733 57
732 57
732 56
731 56
731 48
730 48
730 39
729 39
729 34
728 34
728 31
727 31
727 24
726 24
726 15
725 15
725 14
724 14
724 7
723 7
723 2
722 2
722 18
721 18
721 14
720 14
720 12
719 12
719 7
718 7
718 2
717 2
717 57
716 57
716 56
715 56
715 48
714 48
714 39
713 39
713 34
712 34
712 31
711 31
711 24
710 24
710 15
709 15
709 14
708 14
708 7
707 7
707 2
706 2
706 20
705 20
705 12
704 12
704 5
703 5
703 2
702 2
702 57
701 57
701 56
700 56
700 48
699 48
699 39
698 39
698 34
697 34
697 31
696 31
696 24
695 24
695 15
694 15
694 14
693 14
693 7
692 7
692 2
691 2
691 18
690 18
690 15
689 15
689 11
688 11
688 2
687 2
687 57
686 57
686 56
685 56
685 48
684 48
684 39
683 39
683 34
682 34
682 31
681 31
681 24
680 24
680 15
679 15
679 14
678 14
678 7
677 7
677 2
676 2
676 24
675 24
675 19
674 19
674 16
673 16
673 14
672 14
672 5
671 5
671 2
670 2
670 57
669 57
669 56
668 56
668 48
667 48
667 39
666 39
666 34
665 34
665 31
664 31
664 24
663 24
663 15
662 15
662 14
661 14
661 7
660 7
660 2
659 2
659 14
658 14
658 5
657 5
657 3
656 3
656 2
655 2
655 57
654 57
654 56
653 56
653 48
652 48
652 39
651 39
651 34
650 34
650 31
649 31
649 24
648 24
648 15
647 15
647 14
646 14
646 7
645 7
645 2
644 2
644 3
643 3
643 2
642 2
642 57
641 57
641 56
640 56
640 48
639 48
639 39
638 39
638 34
637 34
637 31
636 31
636 24
635 24
635 15
634 15
634 14
633 14
633 7
632 7
632 2
631 2
631 23
630 23
630 15
629 15
629 11
628 11
628 2
627 2
627 57
626 57
626 56
625 56
625 48
624 48
624 39
623 39
623 34
622 34
622 31
621 31
621 24
620 24
620 15
619 15
619 14
618 14
618 7
617 7
617 2
616 2
616 22
615 22
615 18
614 18
614 10
613 10
613 2
612 2
612 57
611 57
611 56
610 56
610 48
609 48
609 39
608 39
608 34
607 34
607 31
606 31
606 24
605 24
605 15
604 15
604 14
603 14
603 7
602 7
602 2
601 2
601 21
600 21
600 12
599 12
599 7
598 7
598 2
597 2
597 57
596 57
596 56
595 56
595 48
594 48
594 39
593 39
593 34
592 34
592 31
591 31
591 24
590 24
590 15
589 15
589 14
588 14
588 7
587 7
587 2
586 2
586 10
585 10
585 2
584 2
584 57
583 57
583 56
582 56
582 48
581 48
581 39
580 39
580 34
579 34
579 31
578 31
578 24
577 24
577 15
576 15
576 14
575 14
575 7
574 7
574 2
573 2
573 19
572 19
572 15
571 15
571 10
570 10
570 2
569 2
569 57
568 57
568 56
567 56
567 48
566 48
566 39
565 39
565 34
564 34
564 31
563 31
563 24
562 24
562 15
561 15
561 14
560 14
560 7
559 7
559 2
558 2
558 30
557 30
557 26
556 26
556 18
555 18
555 11
554 11
554 2
553 2
553 57
552 57
552 56
551 56
551 48
550 48
550 39
549 39
549 34
548 34
548 31
547 31
547 24
546 24
546 15
545 15
545 14
544 14
544 7
543 7
543 2
542 2
542 25
541 25
541 21
540 21
540 18
539 18
539 11
538 11
538 2
537 2
537 57
536 57
536 56
535 56
535 48
534 48
534 39
533 39
533 34
532 34
532 31
531 31
531 24
530 24
530 15
529 15
529 14
528 14
528 7
527 7
527 2
526 2
526 6
525 6
525 2
524 2
524 57
523 57
523 56
522 56
522 48
521 48
521 39
520 39
520 34
519 34
519 31
518 31
518 24
517 24
517 15
516 15
516 14
515 14
515 7
514 7
514 2
513 2
513 6
512 6
512 2
511 2
511 57
510 57
510 56
509 56
509 48
508 48
508 39
507 39
507 34
506 34
506 31
505 31
505 24
504 24
504 15
503 15
503 14
502 14
502 7
501 7
501 2
500 2
500 12
499 12
499 7
498 7
498 2
497 2
497 57
496 57
496 56
495 56
495 48
494 48
494 39
493 39
493 34
492 34
492 31
491 31
491 24
490 24
490 15
489 15
489 14
488 14
488 7
487 7
487 2
486 2
486 18
485 18
485 15
484 15
484 7
483 7
483 2
482 2
482 57
481 57
481 56
480 56
480 48
479 48
479 39
478 39
478 34
477 34
477 31
476 31
476 24
475 24
475 15
474 15
474 14
473 14
473 7
472 7
472 2
471 2
471 18
470 18
470 10
469 10
469 2
468 2
468 57
467 57
467 56
466 56
466 48
465 48
465 39
464 39
464 34
463 34
463 31
462 31
462 24
461 24
461 15
460 15
460 14
459 14
459 7
458 7
458 2
457 2
457 7
456 7
456 2
455 2
455 57
454 57
454 56
453 56
453 48
452 48
452 39
451 39
451 34
450 34
450 31
449 31
449 24
448 24
448 15
447 15
447 14
446 14
446 7
445 7
445 2
444 2
444 15
443 15
443 7
442 7
442 2
441 2
441 57
440 57
440 56
439 56
439 48
438 48
438 39
437 39
437 34
436 34
436 31
435 31
435 24
434 24
434 15
433 15
433 14
432 14
432 7
431 7
431 2
430 2
430 10
429 10
429 2
428 2
428 57
427 57
427 56
426 56
426 48
425 48
425 39
424 39
424 34
423 34
423 31
422 31
422 24
421 24
421 15
420 15
420 14
419 14
419 7
418 7
418 2
417 2
417 32
416 32
416 28
415 28
415 23
414 23
414 18
413 18
413 10
412 10
412 2
411 2
411 57
410 57
410 56
409 56
409 48
408 48
408 39
407 39
407 34
406 34
406 31
405 31
405 24
404 24
404 15
403 15
403 14
402 14
402 7
401 7
401 2
400 2
400 21
399 21
399 14
398 14
398 6
397 6
397 4
396 4
396 2
395 2
395 57
394 57
394 56
393 56
393 48
392 48
392 39
391 39
391 34
390 34
390 31
389 31
389 24
388 24
388 15
387 15
387 14
386 14
386 7
385 7
385 2
384 2
384 7
383 7
383 2
382 2
382 57
381 57
381 56
380 56
380 48
379 48
379 39
378 39
378 34
377 34
377 31
376 31
376 24
375 24
375 15
374 15
374 14
373 14
373 7
372 7
372 2
371 2
371 18
370 18
370 14
369 14
369 11
368 11
368 2
367 2
367 57
366 57
366 56
365 56
365 48
364 48
364 39
363 39
363 34
362 34
362 31
361 31
361 24
360 24
360 15
359 15
359 14
358 14
358 7
357 7
357 2
356 2
356 21
355 21
355 16
354 16
354 7
353 7
353 5
352 5
352 2
351 2
351 57
350 57
350 56
349 56
349 48
348 48
348 39
347 39
347 34
346 34
346 31
345 31
345 24
344 24
344 15
343 15
343 14
342 14
342 7
341 7
341 2
340 2
340 27
339 27
339 26
338 26
338 17
337 17
337 9
336 9
336 7
335 7
335 2
334 2
334 57
333 57
333 56
332 56
332 48
331 48
331 39
330 39
330 34
329 34
329 31
328 31
328 24
327 24
327 15
326 15
326 14
325 14
325 7
324 7
324 2
323 2
323 17
322 17
322 10
321 10
321 2
320 2
320 57
319 57
319 56
318 56
318 48
317 48
317 39
316 39
316 34
315 34
315 31
314 31
314 24
313 24
313 15
312 15
312 14
311 14
311 7
310 7
310 2
309 2
309 19
308 19
308 10
307 10
307 2
306 2
306 57
305 57
305 56
304 56
304 48
303 48
303 39
302 39
302 34
301 34
301 31
300 31
300 24
299 24
299 15
298 15
298 14
297 14
297 7
296 7
296 2
295 2
295 24
294 24
294 22
293 22
293 20
292 20
292 11
291 11
291 2
290 2
290 57
289 57
289 56
288 56
288 48
287 48
287 39
286 39
286 34
285 34
285 31
284 31
284 24
283 24
283 15
282 15
282 14
281 14
281 7
280 7
280 2
279 2
279 12
278 12
278 9
277 9
277 2
276 2
276 57
275 57
275 56
274 56
274 48
273 48
273 39
272 39
272 34
271 34
271 31
270 31
270 24
269 24
269 15
268 15
268 14
267 14
267 7
266 7
266 2
265 2
265 19
264 19
264 15
263 15
263 14
262 14
262 5
261 5
261 2
260 2
260 57
259 57
259 56
258 56
258 48
257 48
257 39
256 39
256 34
255 34
255 31
254 31
254 24
253 24
253 15
252 15
252 14
251 14
251 7
250 7
250 2
249 2
249 15
248 15
248 12
247 12
247 11
246 11
246 7
245 7
245 2
244 2
244 57
243 57
243 56
242 56
242 48
241 48
241 39
240 39
240 34
239 34
239 31
238 31
238 24
237 24
237 15
236 15
236 14
235 14
235 7
234 7
234 2
233 2
233 10
232 10
232 2
231 2
231 57
230 57
230 56
229 56
229 48
228 48
228 39
227 39
227 34
226 34
226 31
225 31
225 24
224 24
224 15
223 15
223 14
222 14
222 7
221 7
221 2
220 2
220 7
219 7
219 2
218 2
218 57
217 57
217 56
216 56
216 48
215 48
215 39
214 39
214 34
213 34
213 31
212 31
212 24
211 24
211 15
210 15
210 14
209 14
209 7
208 7
208 2
207 2
207 10
206 10
206 3
205 3
205 2
204 2
204 57
203 57
203 56
202 56
202 48
201 48
201 39
200 39
200 34
199 34
199 31
198 31
198 24
197 24
197 15
196 15
196 14
195 14
195 7
194 7
194 2
193 2
193 35
192 35
192 30
191 30
191 23
190 23
190 15
189 15
189 10
188 10
188 2
187 2
187 57
186 57
186 56
185 56
185 48
184 48
184 39
183 39
183 34
182 34
182 31
181 31
181 24
180 24
180 15
179 15
179 14
178 14
178 7
177 7
177 2
176 2
176 7
175 7
175 6
174 6
174 2
173 2
173 57
172 57
172 56
171 56
171 48
170 48
170 39
169 39
169 34
168 34
168 31
167 31
167 24
166 24
166 15
165 15
165 14
164 14
164 7
163 7
163 2
162 2
162 17
161 17
161 12
160 12
160 10
159 10
159 2
158 2
158 57
157 57
157 56
156 56
156 48
155 48
155 39
154 39
154 34
153 34
153 31
152 31
152 24
151 24
151 15
150 15
150 14
149 14
149 7
148 7
148 2
147 2
147 13
146 13
146 12
145 12
145 11
144 11
144 7
143 7
143 2
142 2
142 57
141 57
141 56
140 56
140 48
139 48
139 39
138 39
138 34
137 34
137 31
136 31
136 24
135 24
135 15
134 15
134 14
133 14
133 7
132 7
132 2
131 2
131 23
130 23
130 15
129 15
129 10
128 10
128 5
127 5
127 2
126 2
126 57
125 57
125 56
124 56
124 48
123 48
123 39
122 39
122 34
121 34
121 31
120 31
120 24
119 24
119 15
118 15
118 14
117 14
117 7
116 7
116 2
115 2
115 31
114 31
114 26
113 26
113 18
112 18
112 11
111 11
111 10
110 10
110 2
109 2
109 57
108 57
108 56
107 56
107 48
106 48
106 39
105 39
105 34
104 34
104 31
103 31
103 24
102 24
102 15
101 15
101 14
100 14
100 7
99 7
99 2
98 2
98 14
97 14
97 10
96 10
96 5
95 5
95 2
94 2
94 57
93 57
93 56
92 56
92 48
91 48
91 39
90 39
90 34
89 34
89 31
88 31
88 24
87 24
87 15
86 15
86 14
85 14
85 7
84 7
84 2
83 2
83 37
82 37
82 32
81 32
81 24
80 24
80 19
79 19
79 10
78 10
78 2
77 2
77 57
76 57
76 56
75 56
75 48
74 48
74 39
73 39
73 34
72 34
72 31
71 31
71 24
70 24
70 15
69 15
69 14
68 14
68 7
67 7
67 2
66 2
66 24
65 24
65 22
64 22
64 14
63 14
63 7
62 7
62 2
61 2
61 57
60 57
60 56
59 56
59 48
58 48
58 39
57 39
57 34
56 34
56 31
55 31
55 24
54 24
54 15
53 15
53 14
52 14
52 7
51 7
51 2
50 2
50 29
49 29
49 22
48 22
48 19
47 19
47 11
46 11
46 3
45 3
45 2
44 2
44 57
43 57
43 56
42 56
42 48
41 48
41 39
40 39
40 34
39 34
39 31
38 31
38 24
37 24
37 15
36 15
36 14
35 14
35 7
34 7
34 2
33 2
33 3
32 3
32 2
31 2
31 57
30 57
30 56
29 56
29 48
28 48
28 39
27 39
27 34
26 34
26 31
25 31
25 24
24 24
24 15
23 15
23 14
22 14
22 7
21 7
21 2
20 2
20 10
19 10
19 2
18 2
18 57
17 57
17 56
16 56
16 48
15 48
15 39
14 39
14 34
13 34
13 31
12 31
12 24
11 24
11 15
10 15
10 14
9 14
9 7
8 7
8 2
7 2
7 25
6 25
6 20
5 20
5 16
4 16
4 15
3 15
3 7
2 7
2 2
1 2
1 1
28
15 1
15 56
14 56
14 55
13 55
13 47
12 47
12 38
11 38
11 33
10 33
10 30
9 30
9 23
8 23
8 14
7 14
7 13
6 13
6 6
5 6
5 1
4 1
4 12
3 12
3 10
2 10
2 1
32
17 1
17 23
16 23
16 20
15 20
15 12
14 12
14 10
13 10
13 1
12 1
12 56
11 56
11 55
10 55
10 47
9 47
9 38
8 38
8 33
7 33
7 30
6 30
6 23
5 23
5 14
4 14
4 13
3 13
3 6
2 6
2 1
26
2 1
2 3
3 3
3 1
4 1
4 6
5 6
5 13
6 13
6 14
7 14
7 23
8 23
8 30
9 30
9 33
10 33
10 38
11 38
11 47
12 47
12 55
13 55
13 56
14 56
14 1
28
15 1
15 11
14 11
14 8
13 8
13 1
12 1
12 56
11 56
11 55
10 55
10 47
9 47
9 38
8 38
8 33
7 33
7 30
6 30
6 23
5 23
5 14
4 14
4 13
3 13
3 6
2 6
2 1
32
17 1
17 56
16 56
16 55
15 55
15 47
14 47
14 38
13 38
13 33
12 33
12 30
11 30
11 23
10 23
10 14
9 14
9 13
8 13
8 6
7 6
7 1
6 1
6 15
5 15
5 13
4 13
4 5
3 5
3 4
2 4
2 1
30
16 1
16 56
15 56
15 55
14 55
14 47
13 47
13 38
12 38
12 33
11 33
11 30
10 30
10 23
9 23
9 14
8 14
8 13
7 13
7 6
6 6
6 1
5 1
5 17
4 17
4 13
3 13
3 5
2 5
2 1
28
15 1
15 56
14 56
14 55
13 55
13 47
12 47
12 38
11 38
11 33
10 33
10 30
9 30
9 23
8 23
8 14
7 14
7 13
6 13
6 6
5 6
5 1
4 1
4 14
3 14
3 6
2 6
2 1
32
17 1
17 56
16 56
16 55
15 55
15 47
14 47
14 38
13 38
13 33
12 33
12 30
11 30
11 23
10 23
10 14
9 14
9 13
8 13
8 6
7 6
7 1
6 1
6 22
5 22
5 14
4 14
4 9
3 9
3 4
2 4
2 1
32
17 1
17 56
16 56
16 55
15 55
15 47
14 47
14 38
13 38
13 33
12 33
12 30
11 30
11 23
10 23
10 14
9 14
9 13
8 13
8 6
7 6
7 1
6 1
6 15
5 15
5 14
4 14
4 11
3 11
3 3
2 3
2 1
26
2 1
2 6
3 6
3 13
4 13
4 14
5 14
5 23
6 23
6 30
7 30
7 33
8 33
8 38
9 38
9 47
10 47
10 55
11 55
11 56
12 56
12 1
13 1
13 9
14 9
14 1
30
16 1
16 56
15 56
15 55
14 55
14 47
13 47
13 38
12 38
12 33
11 33
11 30
10 30
10 23
9 23
9 14
8 14
8 13
7 13
7 6
6 6
6 1
5 1
5 19
4 19
4 11
3 11
3 9
2 9
2 1
30
16 1
16 13
15 13
15 9
14 9
14 4
13 4
13 1
12 1
12 56
11 56
11 55
10 55
10 47
9 47
9 38
8 38
8 33
7 33
7 30
6 30
6 23
5 23
5 14
4 14
4 13
3 13
3 6
2 6
2 1
30
2 1
2 6
3 6
3 13
4 13
4 14
5 14
5 23
6 23
6 30
7 30
7 33
8 33
8 38
9 38
9 47
10 47
10 55
11 55
11 56
12 56
12 1
13 1
13 5
14 5
14 12
15 12
15 14
16 14
16 1
26
2 1
2 6
3 6
3 1
4 1
4 6
5 6
5 13
6 13
6 14
7 14
7 23
8 23
8 30
9 30
9 33
10 33
10 38
11 38
11 47
12 47
12 55
13 55
13 56
14 56
14 1
26
2 1
2 3
3 3
3 1
4 1
4 6
5 6
5 13
6 13
6 14
7 14
7 23
8 23
8 30
9 30
9 33
10 33
10 38
11 38
11 47
12 47
12 55
13 55
13 56
14 56
14 1
26
14 1
14 56
13 56
13 55
12 55
12 47
11 47
11 38
10 38
10 33
9 33
9 30
8 30
8 23
7 23
7 14
6 14
6 13
5 13
5 6
4 6
4 1
3 1
3 4
2 4
2 1
26
14 1
14 56
13 56
13 55
12 55
12 47
11 47
11 38
10 38
10 33
9 33
9 30
8 30
8 23
7 23
7 14
6 14
6 13
5 13
5 6
4 6
4 1
3 1
3 9
2 9
2 1
26
2 1
2 6
3 6
3 13
4 13
4 14
5 14
5 23
6 23
6 30
7 30
7 33
8 33
8 38
9 38
9 47
10 47
10 55
11 55
11 56
12 56
12 1
13 1
13 9
14 9
14 1
26
14 1
14 56
13 56
13 55
12 55
12 47
11 47
11 38
10 38
10 33
9 33
9 30
8 30
8 23
7 23
7 14
6 14
6 13
5 13
5 6
4 6
4 1
3 1
3 2
2 2
2 1
34
2 1
2 6
3 6
3 13
4 13
4 14
5 14
5 23
6 23
6 30
7 30
7 33
8 33
8 38
9 38
9 47
10 47
10 55
11 55
11 56
12 56
12 1
13 1
13 9
14 9
14 14
15 14
15 22
16 22
16 29
17 29
17 34
18 34
18 1
30
2 1
2 6
3 6
3 13
4 13
4 14
5 14
5 23
6 23
6 30
7 30
7 33
8 33
8 38
9 38
9 47
10 47
10 55
11 55
11 56
12 56
12 1
13 1
13 4
14 4
14 11
15 11
15 19
16 19
16 1
32
2 1
2 6
3 6
3 13
4 13
4 14
5 14
5 23
6 23
6 30
7 30
7 33
8 33
8 38
9 38
9 47
10 47
10 55
11 55
11 56
12 56
12 1
13 1
13 10
14 10
14 12
15 12
15 21
16 21
16 26
17 26
17 1
26
14 1
14 3
13 3
13 1
12 1
12 56
11 56
11 55
10 55
10 47
9 47
9 38
8 38
8 33
7 33
7 30
6 30
6 23
5 23
5 14
4 14
4 13
3 13
3 6
2 6
2 1
26
2 1
2 6
3 6
3 13
4 13
4 14
5 14
5 23
6 23
6 30
7 30
7 33
8 33
8 38
9 38
9 47
10 47
10 55
11 55
11 56
12 56
12 1
13 1
13 6
14 6
14 1
30
2 1
2 6
3 6
3 13
4 13
4 14
5 14
5 23
6 23
6 30
7 30
7 33
8 33
8 38
9 38
9 47
10 47
10 55
11 55
11 56
12 56
12 1
13 1
13 9
14 9
14 12
15 12
15 17
16 17
16 1
30
2 1
2 6
3 6
3 13
4 13
4 14
5 14
5 23
6 23
6 30
7 30
7 33
8 33
8 38
9 38
9 47
10 47
10 55
11 55
11 56
12 56
12 1
13 1
13 10
14 10
14 13
15 13
15 17
16 17
16 1
34
18 1
18 40
17 40
17 31
16 31
16 23
15 23
15 18
14 18
14 9
13 9
13 1
12 1
12 56
11 56
11 55
10 55
10 47
9 47
9 38
8 38
8 33
7 33
7 30
6 30
6 23
5 23
5 14
4 14
4 13
3 13
3 6
2 6
2 1
26
2 1
2 6
3 6
3 13
4 13
4 14
5 14
5 23
6 23
6 30
7 30
7 33
8 33
8 38
9 38
9 47
10 47
10 55
11 55
11 56
12 56
12 1
13 1
13 4
14 4
14 1
28
15 1
15 56
14 56
14 55
13 55
13 47
12 47
12 38
11 38
11 33
10 33
10 30
9 30
9 23
8 23
8 14
7 14
7 13
6 13
6 6
5 6
5 1
4 1
4 15
3 15
3 6
2 6
2 1
32
17 1
17 56
16 56
16 55
15 55
15 47
14 47
14 38
13 38
13 33
12 33
12 30
11 30
11 23
10 23
10 14
9 14
9 13
8 13
8 6
7 6
7 1
6 1
6 25
5 25
5 22
4 22
4 14
3 14
3 9
2 9
2 1
26
2 1
2 9
3 9
3 1
4 1
4 6
5 6
5 13
6 13
6 14
7 14
7 23
8 23
8 30
9 30
9 33
10 33
10 38
11 38
11 47
12 47
12 55
13 55
13 56
14 56
14 1
34
2 1
2 9
3 9
3 18
4 18
4 23
5 23
5 31
6 31
6 36
7 36
7 1
8 1
8 6
9 6
9 13
10 13
10 14
11 14
11 23
12 23
12 30
13 30
13 33
14 33
14 38
15 38
15 47
16 47
16 55
17 55
17 56
18 56
18 1
32
2 1
2 6
3 6
3 13
4 13
4 14
5 14
5 23
6 23
6 30
7 30
7 33
8 33
8 38
9 38
9 47
10 47
10 55
11 55
11 56
12 56
12 1
13 1
13 6
14 6
14 9
15 9
15 12
16 12
16 16
17 16
17 1
26
2 1
2 6
3 6
3 13
4 13
4 14
5 14
5 23
6 23
6 30
7 30
7 33
8 33
8 38
9 38
9 47
10 47
10 55
11 55
11 56
12 56
12 1
13 1
13 9
14 9
14 1
30
16 1
16 19
15 19
15 14
14 14
14 5
13 5
13 1
12 1
12 56
11 56
11 55
10 55
10 47
9 47
9 38
8 38
8 33
7 33
7 30
6 30
6 23
5 23
5 14
4 14
4 13
3 13
3 6
2 6
2 1
28
15 1
15 56
14 56
14 55
13 55
13 47
12 47
12 38
11 38
11 33
10 33
10 30
9 30
9 23
8 23
8 14
7 14
7 13
6 13
6 6
5 6
5 1
4 1
4 18
3 18
3 9
2 9
2 1
34
18 1
18 56
17 56
17 55
16 55
16 47
15 47
15 38
14 38
14 33
13 33
13 30
12 30
12 23
11 23
11 14
10 14
10 13
9 13
9 6
8 6
8 1
7 1
7 31
6 31
6 27
5 27
5 22
4 22
4 17
3 17
3 9
2 9
2 1
34
2 1
2 4
3 4
3 7
4 7
4 11
5 11
5 19
6 19
6 24
7 24
7 1
8 1
8 6
9 6
9 13
10 13
10 14
11 14
11 23
12 23
12 30
13 30
13 33
14 33
14 38
15 38
15 47
16 47
16 55
17 55
17 56
18 56
18 1
34
2 1
2 3
3 3
3 12
4 12
4 15
5 15
5 18
6 18
6 27
7 27
7 1
8 1
8 6
9 6
9 13
10 13
10 14
11 14
11 23
12 23
12 30
13 30
13 33
14 33
14 38
15 38
15 47
16 47
16 55
17 55
17 56
18 56
18 1
26
14 1
14 56
13 56
13 55
12 55
12 47
11 47
11 38
10 38
10 33
9 33
9 30
8 30
8 23
7 23
7 14
6 14
6 13
5 13
5 6
4 6
4 1
3 1
3 2
2 2
2 1
30
16 1
16 22
15 22
15 14
14 14
14 10
13 10
13 1
12 1
12 56
11 56
11 55
10 55
10 47
9 47
9 38
8 38
8 33
7 33
7 30
6 30
6 23
5 23
5 14
4 14
4 13
3 13
3 6
2 6
2 1
30
2 1
2 5
3 5
3 10
4 10
4 17
5 17
5 1
6 1
6 6
7 6
7 13
8 13
8 14
9 14
9 23
10 23
10 30
11 30
11 33
12 33
12 38
13 38
13 47
14 47
14 55
15 55
15 56
16 56
16 1
30
16 1
16 25
15 25
15 17
14 17
14 8
13 8
13 1
12 1
12 56
11 56
11 55
10 55
10 47
9 47
9 38
8 38
8 33
7 33
7 30
6 30
6 23
5 23
5 14
4 14
4 13
3 13
3 6
2 6
2 1
34
2 1
2 4
3 4
3 12
4 12
4 20
5 20
5 23
6 23
6 27
7 27
7 1
8 1
8 6
9 6
9 13
10 13
10 14
11 14
11 23
12 23
12 30
13 30
13 33
14 33
14 38
15 38
15 47
16 47
16 55
17 55
17 56
18 56
18 1
30
2 1
2 10
3 10
3 14
4 14
4 17
5 17
5 1
6 1
6 6
7 6
7 13
8 13
8 14
9 14
9 23
10 23
10 30
11 30
11 33
12 33
12 38
13 38
13 47
14 47
14 55
15 55
15 56
16 56
16 1
26
2 1
2 8
3 8
3 1
4 1
4 6
5 6
5 13
6 13
6 14
7 14
7 23
8 23
8 30
9 30
9 33
10 33
10 38
11 38
11 47
12 47
12 55
13 55
13 56
14 56
14 1
26
2 1
2 6
3 6
3 13
4 13
4 14
5 14
5 23
6 23
6 30
7 30
7 33
8 33
8 38
9 38
9 47
10 47
10 55
11 55
11 56
12 56
12 1
13 1
13 9
14 9
14 1
32
17 1
17 56
16 56
16 55
15 55
15 47
14 47
14 38
13 38
13 33
12 33
12 30
11 30
11 23
10 23
10 14
9 14
9 13
8 13
8 6
7 6
7 1
6 1
6 14
5 14
5 11
4 11
4 10
3 10
3 6
2 6
2 1
28
15 1
15 56
14 56
14 55
13 55
13 47
12 47
12 38
11 38
11 33
10 33
10 30
9 30
9 23
8 23
8 14
7 14
7 13
6 13
6 6
5 6
5 1
4 1
4 17
3 17
3 9
2 9
2 1
34
2 1
2 9
3 9
3 12
4 12
4 20
5 20
5 23
6 23
6 32
7 32
7 1
8 1
8 6
9 6
9 13
10 13
10 14
11 14
11 23
12 23
12 30
13 30
13 33
14 33
14 38
15 38
15 47
16 47
16 55
17 55
17 56
18 56
18 1
26
2 1
2 9
3 9
3 1
4 1
4 6
5 6
5 13
6 13
6 14
7 14
7 23
8 23
8 30
9 30
9 33
10 33
10 38
11 38
11 47
12 47
12 55
13 55
13 56
14 56
14 1
28
15 1
15 15
14 15
14 6
13 6
13 1
12 1
12 56
11 56
11 55
10 55
10 47
9 47
9 38
8 38
8 33
7 33
7 30
6 30
6 23
5 23
5 14
4 14
4 13
3 13
3 6
2 6
2 1
28
15 1
15 14
14 14
14 6
13 6
13 1
12 1
12 56
11 56
11 55
10 55
10 47
9 47
9 38
8 38
8 33
7 33
7 30
6 30
6 23
5 23
5 14
4 14
4 13
3 13
3 6
2 6
2 1
32
17 1
17 23
16 23
16 14
15 14
15 5
14 5
14 2
13 2
13 1
12 1
12 56
11 56
11 55
10 55
10 47
9 47
9 38
8 38
8 33
7 33
7 30
6 30
6 23
5 23
5 14
4 14
4 13
3 13
3 6
2 6
2 1
34
2 1
2 6
3 6
3 15
4 15
4 20
5 20
5 24
6 24
6 32
7 32
7 1
8 1
8 6
9 6
9 13
10 13
10 14
11 14
11 23
12 23
12 30
13 30
13 33
14 33
14 38
15 38
15 47
16 47
16 55
17 55
17 56
18 56
18 1
26
14 1
14 9
13 9
13 1
12 1
12 56
11 56
11 55
10 55
10 47
9 47
9 38
8 38
8 33
7 33
7 30
6 30
6 23
5 23
5 14
4 14
4 13
3 13
3 6
2 6
2 1
32
17 1
17 56
16 56
16 55
15 55
15 47
14 47
14 38
13 38
13 33
12 33
12 30
11 30
11 23
10 23
10 14
9 14
9 13
8 13
8 6
7 6
7 1
6 1
6 22
5 22
5 15
4 15
4 12
3 12
3 10
2 10
2 1
32
17 1
17 10
16 10
16 8
15 8
15 4
14 4
14 2
13 2
13 1
12 1
12 56
11 56
11 55
10 55
10 47
9 47
9 38
8 38
8 33
7 33
7 30
6 30
6 23
5 23
5 14
4 14
4 13
3 13
3 6
2 6
2 1
28
2 1
2 6
3 6
3 13
4 13
4 14
5 14
5 23
6 23
6 30
7 30
7 33
8 33
8 38
9 38
9 47
10 47
10 55
11 55
11 56
12 56
12 1
13 1
13 5
14 5
14 13
15 13
15 1
34
2 1
2 6
3 6
3 13
4 13
4 14
5 14
5 23
6 23
6 30
7 30
7 33
8 33
8 38
9 38
9 47
10 47
10 55
11 55
11 56
12 56
12 1
13 1
13 3
14 3
14 8
15 8
15 10
16 10
16 17
17 17
17 26
18 26
18 1
32
17 1
17 56
16 56
16 55
15 55
15 47
14 47
14 38
13 38
13 33
12 33
12 30
11 30
11 23
10 23
10 14
9 14
9 13
8 13
8 6
7 6
7 1
6 1
6 23
5 23
5 18
4 18
4 13
3 13
3 6
2 6
2 1
26
14 1
14 56
13 56
13 55
12 55
12 47
11 47
11 38
10 38
10 33
9 33
9 30
8 30
8 23
7 23
7 14
6 14
6 13
5 13
5 6
4 6
4 1
3 1
3 6
2 6
2 1
34
2 1
2 3
3 3
3 6
4 6
4 9
5 9
5 10
6 10
6 18
7 18
7 1
8 1
8 6
9 6
9 13
10 13
10 14
11 14
11 23
12 23
12 30
13 30
13 33
14 33
14 38
15 38
15 47
16 47
16 55
17 55
17 56
18 56
18 1
34
18 1
18 21
17 21
17 17
16 17
16 12
15 12
15 7
14 7
14 2
13 2
13 1
12 1
12 56
11 56
11 55
10 55
10 47
9 47
9 38
8 38
8 33
7 33
7 30
6 30
6 23
5 23
5 14
4 14
4 13
3 13
3 6
2 6
2 1
34
2 1
2 6
3 6
3 13
4 13
4 14
5 14
5 23
6 23
6 30
7 30
7 33
8 33
8 38
9 38
9 47
10 47
10 55
11 55
11 56
12 56
12 1
13 1
13 6
14 6
14 8
15 8
15 10
16 10
16 14
17 14
17 15
18 15
18 1
26
14 1
14 56
13 56
13 55
12 55
12 47
11 47
11 38
10 38
10 33
9 33
9 30
8 30
8 23
7 23
7 14
6 14
6 13
5 13
5 6
4 6
4 1
3 1
3 6
2 6
2 1
28
2 1
2 6
3 6
3 13
4 13
4 14
5 14
5 23
6 23
6 30
7 30
7 33
8 33
8 38
9 38
9 47
10 47
10 55
11 55
11 56
12 56
12 1
13 1
13 5
14 5
14 13
15 13
15 1
32
17 1
17 56
16 56
16 55
15 55
15 47
14 47
14 38
13 38
13 33
12 33
12 30
11 30
11 23
10 23
10 14
9 14
9 13
8 13
8 6
7 6
7 1
6 1
6 17
5 17
5 13
4 13
4 11
3 11
3 6
2 6
2 1
26
14 1
14 56
13 56
13 55
12 55
12 47
11 47
11 38
10 38
10 33
9 33
9 30
8 30
8 23
7 23
7 14
6 14
6 13
5 13
5 6
4 6
4 1
3 1
3 2
2 2
2 1
28
2 1
2 6
3 6
3 13
4 13
4 14
5 14
5 23
6 23
6 30
7 30
7 33
8 33
8 38
9 38
9 47
10 47
10 55
11 55
11 56
12 56
12 1
13 1
13 6
14 6
14 9
15 9
15 1
30
2 1
2 9
3 9
3 17
4 17
4 25
5 25
5 1
6 1
6 6
7 6
7 13
8 13
8 14
9 14
9 23
10 23
10 30
11 30
11 33
12 33
12 38
13 38
13 47
14 47
14 55
15 55
15 56
16 56
16 1
34
18 1
18 26
17 26
17 18
16 18
16 14
15 14
15 5
14 5
14 2
13 2
13 1
12 1
12 56
11 56
11 55
10 55
10 47
9 47
9 38
8 38
8 33
7 33
7 30
6 30
6 23
5 23
5 14
4 14
4 13
3 13
3 6
2 6
2 1
28
2 1
2 6
3 6
3 13
4 13
4 14
5 14
5 23
6 23
6 30
7 30
7 33
8 33
8 38
9 38
9 47
10 47
10 55
11 55
11 56
12 56
12 1
13 1
13 6
14 6
14 15
15 15
15 1
30
16 1
16 56
15 56
15 55
14 55
14 47
13 47
13 38
12 38
12 33
11 33
11 30
10 30
10 23
9 23
9 14
8 14
8 13
7 13
7 6
6 6
6 1
5 1
5 7
4 7
4 5
3 5
3 4
2 4
2 1
28
2 1
2 6
3 6
3 13
4 13
4 14
5 14
5 23
6 23
6 30
7 30
7 33
8 33
8 38
9 38
9 47
10 47
10 55
11 55
11 56
12 56
12 1
13 1
13 8
14 8
14 11
15 11
15 1
26
14 1
14 8
13 8
13 1
12 1
12 56
11 56
11 55
10 55
10 47
9 47
9 38
8 38
8 33
7 33
7 30
6 30
6 23
5 23
5 14
4 14
4 13
3 13
3 6
2 6
2 1
34
2 1
2 6
3 6
3 13
4 13
4 18
5 18
5 21
6 21
6 29
7 29
7 1
8 1
8 6
9 6
9 13
10 13
10 14
11 14
11 23
12 23
12 30
13 30
13 33
14 33
14 38
15 38
15 47
16 47
16 55
17 55
17 56
18 56
18 1
28
15 1
15 56
14 56
14 55
13 55
13 47
12 47
12 38
11 38
11 33
10 33
10 30
9 30
9 23
8 23
8 14
7 14
7 13
6 13
6 6
5 6
5 1
4 1
4 14
3 14
3 10
2 10
2 1
28
15 1
15 11
14 11
14 4
13 4
13 1
12 1
12 56
11 56
11 55
10 55
10 47
9 47
9 38
8 38
8 33
7 33
7 30
6 30
6 23
5 23
5 14
4 14
4 13
3 13
3 6
2 6
2 1
34
18 1
18 56
17 56
17 55
16 55
16 47
15 47
15 38
14 38
14 33
13 33
13 30
12 30
12 23
11 23
11 14
10 14
10 13
9 13
9 6
8 6
8 1
7 1
7 30
6 30
6 25
5 25
5 16
4 16
4 12
3 12
3 9
2 9
2 1
26
14 1
14 56
13 56
13 55
12 55
12 47
11 47
11 38
10 38
10 33
9 33
9 30
8 30
8 23
7 23
7 14
6 14
6 13
5 13
5 6
4 6
4 1
3 1
3 2
2 2
2 1
32
17 1
17 56
16 56
16 55
15 55
15 47
14 47
14 38
13 38
13 33
12 33
12 30
11 30
11 23
10 23
10 14
9 14
9 13
8 13
8 6
7 6
7 1
6 1
6 31
5 31
5 23
4 23
4 14
3 14
3 9
2 9
2 1
32
17 1
17 19
16 19
16 17
15 17
15 9
14 9
14 4
13 4
13 1
12 1
12 56
11 56
11 55
10 55
10 47
9 47
9 38
8 38
8 33
7 33
7 30
6 30
6 23
5 23
5 14
4 14
4 13
3 13
3 6
2 6
2 1
30
2 1
2 6
3 6
3 13
4 13
4 14
5 14
5 23
6 23
6 30
7 30
7 33
8 33
8 38
9 38
9 47
10 47
10 55
11 55
11 56
12 56
12 1
13 1
13 10
14 10
14 15
15 15
15 19
16 19
16 1
32
2 1
2 3
3 3
3 7
4 7
4 15
5 15
5 22
6 22
6 1
7 1
7 6
8 6
8 13
9 13
9 14
10 14
10 23
11 23
11 30
12 30
12 33
13 33
13 38
14 38
14 47
15 47
15 55
16 55
16 56
17 56
17 1
34
18 1
18 28
17 28
17 24
16 24
16 16
15 16
15 11
14 11
14 3
13 3
13 1
12 1
12 56
11 56
11 55
10 55
10 47
9 47
9 38
8 38
8 33
7 33
7 30
6 30
6 23
5 23
5 14
4 14
4 13
3 13
3 6
2 6
2 1
30
16 1
16 20
15 20
15 11
14 11
14 6
13 6
13 1
12 1
12 56
11 56
11 55
10 55
10 47
9 47
9 38
8 38
8 33
7 33
7 30
6 30
6 23
5 23
5 14
4 14
4 13
3 13
3 6
2 6
2 1
30
2 1
2 3
3 3
3 10
4 10
4 15
5 15
5 1
6 1
6 6
7 6
7 13
8 13
8 14
9 14
9 23
10 23
10 30
11 30
11 33
12 33
12 38
13 38
13 47
14 47
14 55
15 55
15 56
16 56
16 1
32
2 1
2 6
3 6
3 13
4 13
4 14
5 14
5 23
6 23
6 30
7 30
7 33
8 33
8 38
9 38
9 47
10 47
10 55
11 55
11 56
12 56
12 1
13 1
13 3
14 3
14 6
15 6
15 11
16 11
16 20
17 20
17 1
28
2 1
2 6
3 6
3 13
4 13
4 1
5 1
5 6
6 6
6 13
7 13
7 14
8 14
8 23
9 23
9 30
10 30
10 33
11 33
11 38
12 38
12 47
13 47
13 55
14 55
14 56
15 56
15 1
30
16 1
16 17
15 17
15 14
14 14
14 6
13 6
13 1
12 1
12 56
11 56
11 55
10 55
10 47
9 47
9 38
8 38
8 33
7 33
7 30
6 30
6 23
5 23
5 14
4 14
4 13
3 13
3 6
2 6
2 1
32
17 1
17 56
16 56
16 55
15 55
15 47
14 47
14 38
13 38
13 33
12 33
12 30
11 30
11 23
10 23
10 14
9 14
9 13
8 13
8 6
7 6
7 1
6 1
6 32
5 32
5 23
4 23
4 15
3 15
3 10
2 10
2 1
32
17 1
17 56
16 56
16 55
15 55
15 47
14 47
14 38
13 38
13 33
12 33
12 30
11 30
11 23
10 23
10 14
9 14
9 13
8 13
8 6
7 6
7 1
6 1
6 15
5 15
5 12
4 12
4 11
3 11
3 3
2 3
2 1
28
15 1
15 56
14 56
14 55
13 55
13 47
12 47
12 38
11 38
11 33
10 33
10 30
9 30
9 23
8 23
8 14
7 14
7 13
6 13
6 6
5 6
5 1
4 1
4 18
3 18
3 9
2 9
2 1
34
2 1
2 6
3 6
3 14
4 14
4 15
5 15
5 19
6 19
6 24
7 24
7 1
8 1
8 6
9 6
9 13
10 13
10 14
11 14
11 23
12 23
12 30
13 30
13 33
14 33
14 38
15 38
15 47
16 47
16 55
17 55
17 56
18 56
18 1
32
2 1
2 6
3 6
3 13
4 13
4 14
5 14
5 23
6 23
6 30
7 30
7 33
8 33
8 38
9 38
9 47
10 47
10 55
11 55
11 56
12 56
12 1
13 1
13 3
14 3
14 4
15 4
15 9
16 9
16 12
17 12
17 1
26
2 1
2 6
3 6
3 1
4 1
4 6
5 6
5 13
6 13
6 14
7 14
7 23
8 23
8 30
9 30
9 33
10 33
10 38
11 38
11 47
12 47
12 55
13 55
13 56
14 56
14 1
26
14 1
14 5
13 5
13 1
12 1
12 56
11 56
11 55
10 55
10 47
9 47
9 38
8 38
8 33
7 33
7 30
6 30
6 23
5 23
5 14
4 14
4 13
3 13
3 6
2 6
2 1
32
17 1
17 20
16 20
16 15
15 15
15 6
14 6
14 4
13 4
13 1
12 1
12 56
11 56
11 55
10 55
10 47
9 47
9 38
8 38
8 33
7 33
7 30
6 30
6 23
5 23
5 14
4 14
4 13
3 13
3 6
2 6
2 1
28
15 1
15 14
14 14
14 6
13 6
13 1
12 1
12 56
11 56
11 55
10 55
10 47
9 47
9 38
8 38
8 33
7 33
7 30
6 30
6 23
5 23
5 14
4 14
4 13
3 13
3 6
2 6
2 1
32
2 1
2 10
3 10
3 17
4 17
4 20
5 20
5 24
6 24
6 1
7 1
7 6
8 6
8 13
9 13
9 14
10 14
10 23
11 23
11 30
12 30
12 33
13 33
13 38
14 38
14 47
15 47
15 55
16 55
16 56
17 56
17 1
26
14 1
14 56
13 56
13 55
12 55
12 47
11 47
11 38
10 38
10 33
9 33
9 30
8 30
8 23
7 23
7 14
6 14
6 13
5 13
5 6
4 6
4 1
3 1
3 9
2 9
2 1
34
2 1
2 2
3 2
3 4
4 4
4 9
5 9
5 16
6 16
6 23
7 23
7 1
8 1
8 6
9 6
9 13
10 13
10 14
11 14
11 23
12 23
12 30
13 30
13 33
14 33
14 38
15 38
15 47
16 47
16 55
17 55
17 56
18 56
18 1
30
16 1
16 23
15 23
15 14
14 14
14 6
13 6
13 1
12 1
12 56
11 56
11 55
10 55
10 47
9 47
9 38
8 38
8 33
7 33
7 30
6 30
6 23
5 23
5 14
4 14
4 13
3 13
3 6
2 6
2 1
30
2 1
2 6
3 6
3 13
4 13
4 14
5 14
5 23
6 23
6 30
7 30
7 33
8 33
8 38
9 38
9 47
10 47
10 55
11 55
11 56
12 56
12 1
13 1
13 6
14 6
14 14
15 14
15 19
16 19
16 1
2
1 1
2 1
30
2 1
2 6
3 6
3 13
4 13
4 14
5 14
5 23
6 23
6 30
7 30
7 33
8 33
8 38
9 38
9 47
10 47
10 55
11 55
11 56
12 56
12 1
13 1
13 6
14 6
14 7
15 7
15 16
16 16
16 1
34
2 1
2 8
3 8
3 13
4 13
4 17
5 17
5 18
6 18
6 26
7 26
7 1
8 1
8 6
9 6
9 13
10 13
10 14
11 14
11 23
12 23
12 30
13 30
13 33
14 33
14 38
15 38
15 47
16 47
16 55
17 55
17 56
18 56
18 1
26
14 1
14 4
13 4
13 1
12 1
12 56
11 56
11 55
10 55
10 47
9 47
9 38
8 38
8 33
7 33
7 30
6 30
6 23
5 23
5 14
4 14
4 13
3 13
3 6
2 6
2 1
32
17 1
17 18
16 18
16 14
15 14
15 13
14 13
14 4
13 4
13 1
12 1
12 56
11 56
11 55
10 55
10 47
9 47
9 38
8 38
8 33
7 33
7 30
6 30
6 23
5 23
5 14
4 14
4 13
3 13
3 6
2 6
2 1
34
18 1
18 38
17 38
17 31
16 31
16 22
15 22
15 14
14 14
14 6
13 6
13 1
12 1
12 56
11 56
11 55
10 55
10 47
9 47
9 38
8 38
8 33
7 33
7 30
6 30
6 23
5 23
5 14
4 14
4 13
3 13
3 6
2 6
2 1
34
18 1
18 22
17 22
17 17
16 17
16 8
15 8
15 4
14 4
14 2
13 2
13 1
12 1
12 56
11 56
11 55
10 55
10 47
9 47
9 38
8 38
8 33
7 33
7 30
6 30
6 23
5 23
5 14
4 14
4 13
3 13
3 6
2 6
2 1
32
2 1
2 6
3 6
3 7
4 7
4 8
5 8
5 16
6 16
6 1
7 1
7 6
8 6
8 13
9 13
9 14
10 14
10 23
11 23
11 30
12 30
12 33
13 33
13 38
14 38
14 47
15 47
15 55
16 55
16 56
17 56
17 1
34
2 1
2 6
3 6
3 8
4 8
4 16
5 16
5 25
6 25
6 26
7 26
7 1
8 1
8 6
9 6
9 13
10 13
10 14
11 14
11 23
12 23
12 30
13 30
13 33
14 33
14 38
15 38
15 47
16 47
16 55
17 55
17 56
18 56
18 1
34
18 1
18 22
17 22
17 19
16 19
16 17
15 17
15 16
14 16
14 8
13 8
13 1
12 1
12 56
11 56
11 55
10 55
10 47
9 47
9 38
8 38
8 33
7 33
7 30
6 30
6 23
5 23
5 14
4 14
4 13
3 13
3 6
2 6
2 1
26
14 1
14 2
13 2
13 1
12 1
12 56
11 56
11 55
10 55
10 47
9 47
9 38
8 38
8 33
7 33
7 30
6 30
6 23
5 23
5 14
4 14
4 13
3 13
3 6
2 6
2 1
32
2 1
2 6
3 6
3 13
4 13
4 14
5 14
5 23
6 23
6 30
7 30
7 33
8 33
8 38
9 38
9 47
10 47
10 55
11 55
11 56
12 56
12 1
13 1
13 9
14 9
14 16
15 16
15 19
16 19
16 27
17 27
17 1
32
2 1
2 6
3 6
3 13
4 13
4 14
5 14
5 23
6 23
6 30
7 30
7 33
8 33
8 38
9 38
9 47
10 47
10 55
11 55
11 56
12 56
12 1
13 1
13 9
14 9
14 13
15 13
15 21
16 21
16 22
17 22
17 1
32
17 1
17 56
16 56
16 55
15 55
15 47
14 47
14 38
13 38
13 33
12 33
12 30
11 30
11 23
10 23
10 14
9 14
9 13
8 13
8 6
7 6
7 1
6 1
6 18
5 18
5 13
4 13
4 12
3 12
3 4
2 4
2 1
26
14 1
14 6
13 6
13 1
12 1
12 56
11 56
11 55
10 55
10 47
9 47
9 38
8 38
8 33
7 33
7 30
6 30
6 23
5 23
5 14
4 14
4 13
3 13
3 6
2 6
2 1
34
18 1
18 56
17 56
17 55
16 55
16 47
15 47
15 38
14 38
14 33
13 33
13 30
12 30
12 23
11 23
11 14
10 14
10 13
9 13
9 6
8 6
8 1
7 1
7 28
6 28
6 23
5 23
5 22
4 22
4 17
3 17
3 10
2 10
2 1
30
16 1
16 21
15 21
15 17
14 17
14 9
13 9
13 1
12 1
12 56
11 56
11 55
10 55
10 47
9 47
9 38
8 38
8 33
7 33
7 30
6 30
6 23
5 23
5 14
4 14
4 13
3 13
3 6
2 6
2 1
28
2 1
2 6
3 6
3 13
4 13
4 14
5 14
5 23
6 23
6 30
7 30
7 33
8 33
8 38
9 38
9 47
10 47
10 55
11 55
11 56
12 56
12 1
13 1
13 4
14 4
14 6
15 6
15 1
32
17 1
17 56
16 56
16 55
15 55
15 47
14 47
14 38
13 38
13 33
12 33
12 30
11 30
11 23
10 23
10 14
9 14
9 13
8 13
8 6
7 6
7 1
6 1
6 14
5 14
5 13
4 13
4 9
3 9
3 6
2 6
2 1
28
2 1
2 6
3 6
3 13
4 13
4 14
5 14
5 23
6 23
6 30
7 30
7 33
8 33
8 38
9 38
9 47
10 47
10 55
11 55
11 56
12 56
12 1
13 1
13 6
14 6
14 11
15 11
15 1
34
18 1
18 20
17 20
17 17
16 17
16 13
15 13
15 8
14 8
14 4
13 4
13 1
12 1
12 56
11 56
11 55
10 55
10 47
9 47
9 38
8 38
8 33
7 33
7 30
6 30
6 23
5 23
5 14
4 14
4 13
3 13
3 6
2 6
2 1
30
16 1
16 56
15 56
15 55
14 55
14 47
13 47
13 38
12 38
12 33
11 33
11 30
10 30
10 23
9 23
9 14
8 14
8 13
7 13
7 6
6 6
6 1
5 1
5 18
4 18
4 9
3 9
3 8
2 8
2 1
32
2 1
2 2
3 2
3 4
4 4
4 12
5 12
5 21
6 21
6 1
7 1
7 6
8 6
8 13
9 13
9 14
10 14
10 23
11 23
11 30
12 30
12 33
13 33
13 38
14 38
14 47
15 47
15 55
16 55
16 56
17 56
17 1
30
2 1
2 9
3 9
3 14
4 14
4 18
5 18
5 1
6 1
6 6
7 6
7 13
8 13
8 14
9 14
9 23
10 23
10 30
11 30
11 33
12 33
12 38
13 38
13 47
14 47
14 55
15 55
15 56
16 56
16 1
28
15 1
15 56
14 56
14 55
13 55
13 47
12 47
12 38
11 38
11 33
10 33
10 30
9 30
9 23
8 23
8 14
7 14
7 13
6 13
6 6
5 6
5 1
4 1
4 10
3 10
3 2
2 2
2 1
26
14 1
14 5
13 5
13 1
12 1
12 56
11 56
11 55
10 55
10 47
9 47
9 38
8 38
8 33
7 33
7 30
6 30
6 23
5 23
5 14
4 14
4 13
3 13
3 6
2 6
2 1
32
2 1
2 6
3 6
3 13
4 13
4 14
5 14
5 23
6 23
6 30
7 30
7 33
8 33
8 38
9 38
9 47
10 47
10 55
11 55
11 56
12 56
12 1
13 1
13 2
14 2
14 9
15 9
15 18
16 18
16 21
17 21
17 1
34
18 1
18 56
17 56
17 55
16 55
16 47
15 47
15 38
14 38
14 33
13 33
13 30
12 30
12 23
11 23
11 14
10 14
10 13
9 13
9 6
8 6
8 1
7 1
7 33
6 33
6 28
5 28
5 20
4 20
4 17
3 17
3 9
2 9
2 1
32
17 1
17 56
16 56
16 55
15 55
15 47
14 47
14 38
13 38
13 33
12 33
12 30
11 30
11 23
10 23
10 14
9 14
9 13
8 13
8 6
7 6
7 1
6 1
6 23
5 23
5 21
4 21
4 13
3 13
3 6
2 6
2 1
20
4 15
3 15
3 7
2 7
2 2
1 2
1 1
3013 1
3013 2
3012 2
3012 57
3011 57
3011 56
3010 56
3010 48
3009 48
3009 39
3008 39
3008 34
3007 34
28
2 1
2 6
3 6
3 13
4 13
4 14
5 14
5 23
6 23
6 30
7 30
7 33
8 33
8 38
9 38
9 47
10 47
10 55
11 55
11 56
12 56
12 1
13 1
13 9
14 9
14 18
15 18
15 1
32
2 1
2 6
3 6
3 13
4 13
4 14
5 14
5 23
6 23
6 30
7 30
7 33
8 33
8 38
9 38
9 47
10 47
10 55
11 55
11 56
12 56
12 1
13 1
13 10
14 10
14 11
15 11
15 20
16 20
16 25
17 25
17 1
26
14 1
14 8
13 8
13 1
12 1
12 56
11 56
11 55
10 55
10 47
9 47
9 38
8 38
8 33
7 33
7 30
6 30
6 23
5 23
5 14
4 14
4 13
3 13
3 6
2 6
2 1
26
14 1
14 56
13 56
13 55
12 55
12 47
11 47
11 38
10 38
10 33
9 33
9 30
8 30
8 23
7 23
7 14
6 14
6 13
5 13
5 6
4 6
4 1
3 1
3 5
2 5
2 1
34
2 1
2 9
3 9
3 17
4 17
4 22
5 22
5 27
6 27
6 36
7 36
7 1
8 1
8 6
9 6
9 13
10 13
10 14
11 14
11 23
12 23
12 30
13 30
13 33
14 33
14 38
15 38
15 47
16 47
16 55
17 55
17 56
18 56
18 1
26
14 1
14 9
13 9
13 1
12 1
12 56
11 56
11 55
10 55
10 47
9 47
9 38
8 38
8 33
7 33
7 30
6 30
6 23
5 23
5 14
4 14
4 13
3 13
3 6
2 6
2 1
30
2 1
2 6
3 6
3 13
4 13
4 14
5 14
5 23
6 23
6 30
7 30
7 33
8 33
8 38
9 38
9 47
10 47
10 55
11 55
11 56
12 56
12 1
13 1
13 9
14 9
14 11
15 11
15 16
16 16
16 1
34
2 1
2 6
3 6
3 13
4 13
4 14
5 14
5 23
6 23
6 30
7 30
7 33
8 33
8 38
9 38
9 47
10 47
10 55
11 55
11 56
12 56
12 1
13 1
13 4
14 4
14 7
15 7
15 12
16 12
16 17
17 17
17 18
18 18
18 1
30
2 1
2 6
3 6
3 13
4 13
4 14
5 14
5 23
6 23
6 30
7 30
7 33
8 33
8 38
9 38
9 47
10 47
10 55
11 55
11 56
12 56
12 1
13 1
13 5
14 5
14 10
15 10
15 11
16 11
16 1
34
2 1
2 9
3 9
3 10
4 10
4 17
5 17
5 25
6 25
6 30
7 30
7 1
8 1
8 6
9 6
9 13
10 13
10 14
11 14
11 23
12 23
12 30
13 30
13 33
14 33
14 38
15 38
15 47
16 47
16 55
17 55
17 56
18 56
18 1
32
2 1
2 6
3 6
3 13
4 13
4 14
5 14
5 23
6 23
6 30
7 30
7 33
8 33
8 38
9 38
9 47
10 47
10 55
11 55
11 56
12 56
12 1
13 1
13 8
14 8
14 12
15 12
15 15
16 15
16 20
17 20
17 1
26
2 1
2 6
3 6
3 1
4 1
4 6
5 6
5 13
6 13
6 14
7 14
7 23
8 23
8 30
9 30
9 33
10 33
10 38
11 38
11 47
12 47
12 55
13 55
13 56
14 56
14 1
26
14 1
14 5
13 5
13 1
12 1
12 56
11 56
11 55
10 55
10 47
9 47
9 38
8 38
8 33
7 33
7 30
6 30
6 23
5 23
5 14
4 14
4 13
3 13
3 6
2 6
2 1
28
15 1
15 56
14 56
14 55
13 55
13 47
12 47
12 38
11 38
11 33
10 33
10 30
9 30
9 23
8 23
8 14
7 14
7 13
6 13
6 6
5 6
5 1
4 1
4 13
3 13
3 8
2 8
2 1
28
2 1
2 10
3 10
3 12
4 12
4 1
5 1
5 6
6 6
6 13
7 13
7 14
8 14
8 23
9 23
9 30
10 30
10 33
11 33
11 38
12 38
12 47
13 47
13 55
14 55
14 56
15 56
15 1
26
14 1
14 56
13 56
13 55
12 55
12 47
11 47
11 38
10 38
10 33
9 33
9 30
8 30
8 23
7 23
7 14
6 14
6 13
5 13
5 6
4 6
4 1
3 1
3 8
2 8
2 1
30
16 1
16 56
15 56
15 55
14 55
14 47
13 47
13 38
12 38
12 33
11 33
11 30
10 30
10 23
9 23
9 14
8 14
8 13
7 13
7 6
6 6
6 1
5 1
5 20
4 20
4 15
3 15
3 10
2 10
2 1
26
2 1
2 6
3 6
3 13
4 13
4 14
5 14
5 23
6 23
6 30
7 30
7 33
8 33
8 38
9 38
9 47
10 47
10 55
11 55
11 56
12 56
12 1
13 1
13 8
14 8
14 1
34
2 1
2 6
3 6
3 14
4 14
4 15
5 15
5 23
6 23
6 27
7 27
7 1
8 1
8 6
9 6
9 13
10 13
10 14
11 14
11 23
12 23
12 30
13 30
13 33
14 33
14 38
15 38
15 47
16 47
16 55
17 55
17 56
18 56
18 1
30
2 1
2 6
3 6
3 14
4 14
4 19
5 19
5 1
6 1
6 6
7 6
7 13
8 13
8 14
9 14
9 23
10 23
10 30
11 30
11 33
12 33
12 38
13 38
13 47
14 47
14 55
15 55
15 56
16 56
16 1
34
2 1
2 6
3 6
3 13
4 13
4 14
5 14
5 23
6 23
6 30
7 30
7 33
8 33
8 38
9 38
9 47
10 47
10 55
11 55
11 56
12 56
12 1
13 1
13 2
14 2
14 10
15 10
15 17
16 17
16 22
17 22
17 31
18 31
18 1
34
18 1
18 56
17 56
17 55
16 55
16 47
15 47
15 38
14 38
14 33
13 33
13 30
12 30
12 23
11 23
11 14
10 14
10 13
9 13
9 6
8 6
8 1
7 1
7 30
6 30
6 25
5 25
5 20
4 20
4 15
3 15
3 10
2 10
2 1
30
16 1
16 56
15 56
15 55
14 55
14 47
13 47
13 38
12 38
12 33
11 33
11 30
10 30
10 23
9 23
9 14
8 14
8 13
7 13
7 6
6 6
6 1
5 1
5 15
4 15
4 10
3 10
3 6
2 6
2 1
28
15 1
15 6
14 6
14 5
13 5
13 1
12 1
12 56
11 56
11 55
10 55
10 47
9 47
9 38
8 38
8 33
7 33
7 30
6 30
6 23
5 23
5 14
4 14
4 13
3 13
3 6
2 6
2 1
34
2 1
2 2
3 2
3 7
4 7
4 16
5 16
5 21
6 21
6 29
7 29
7 1
8 1
8 6
9 6
9 13
10 13
10 14
11 14
11 23
12 23
12 30
13 30
13 33
14 33
14 38
15 38
15 47
16 47
16 55
17 55
17 56
18 56
18 1
32
2 1
2 10
3 10
3 19
4 19
4 21
5 21
5 23
6 23
6 1
7 1
7 6
8 6
8 13
9 13
9 14
10 14
10 23
11 23
11 30
12 30
12 33
13 33
13 38
14 38
14 47
15 47
15 55
16 55
16 56
17 56
17 1
34
18 1
18 35
17 35
17 28
16 28
16 20
15 20
15 19
14 19
14 10
13 10
13 1
12 1
12 56
11 56
11 55
10 55
10 47
9 47
9 38
8 38
8 33
7 33
7 30
6 30
6 23
5 23
5 14
4 14
4 13
3 13
3 6
2 6
2 1
30
2 1
2 6
3 6
3 13
4 13
4 14
5 14
5 23
6 23
6 30
7 30
7 33
8 33
8 38
9 38
9 47
10 47
10 55
11 55
11 56
12 56
12 1
13 1
13 6
14 6
14 13
15 13
15 18
16 18
16 1
28
2 1
2 6
3 6
3 13
4 13
4 14
5 14
5 23
6 23
6 30
7 30
7 33
8 33
8 38
9 38
9 47
10 47
10 55
11 55
11 56
12 56
12 1
13 1
13 10
14 10
14 15
15 15
15 1
32
17 1
17 56
16 56
16 55
15 55
15 47
14 47
14 38
13 38
13 33
12 33
12 30
11 30
11 23
10 23
10 14
9 14
9 13
8 13
8 6
7 6
7 1
6 1
6 12
5 12
5 11
4 11
4 10
3 10
3 6
2 6
2 1
28
2 1
2 6
3 6
3 13
4 13
4 14
5 14
5 23
6 23
6 30
7 30
7 33
8 33
8 38
9 38
9 47
10 47
10 55
11 55
11 56
12 56
12 1
13 1
13 5
14 5
14 9
15 9
15 1
28
15 1
15 5
14 5
14 2
13 2
13 1
12 1
12 56
11 56
11 55
10 55
10 47
9 47
9 38
8 38
8 33
7 33
7 30
6 30
6 23
5 23
5 14
4 14
4 13
3 13
3 6
2 6
2 1
34
2 1
2 2
3 2
3 11
4 11
4 12
5 12
5 13
6 13
6 21
7 21
7 1
8 1
8 6
9 6
9 13
10 13
10 14
11 14
11 23
12 23
12 30
13 30
13 33
14 33
14 38
15 38
15 47
16 47
16 55
17 55
17 56
18 56
18 1
28
15 1
15 56
14 56
14 55
13 55
13 47
12 47
12 38
11 38
11 33
10 33
10 30
9 30
9 23
8 23
8 14
7 14
7 13
6 13
6 6
5 6
5 1
4 1
4 12
3 12
3 5
2 5
2 1
32
2 1
2 3
3 3
3 6
4 6
4 8
5 8
5 13
6 13
6 1
7 1
7 6
8 6
8 13
9 13
9 14
10 14
10 23
11 23
11 30
12 30
12 33
13 33
13 38
14 38
14 47
15 47
15 55
16 55
16 56
17 56
17 1
28
2 1
2 6
3 6
3 13
4 13
4 14
5 14
5 23
6 23
6 30
7 30
7 33
8 33
8 38
9 38
9 47
10 47
10 55
11 55
11 56
12 56
12 1
13 1
13 2
14 2
14 9
15 9
15 1
34
18 1
18 56
17 56
17 55
16 55
16 47
15 47
15 38
14 38
14 33
13 33
13 30
12 30
12 23
11 23
11 14
10 14
10 13
9 13
9 6
8 6
8 1
7 1
7 18
6 18
6 16
5 16
5 13
4 13
4 11
3 11
3 6
2 6
2 1
30
2 1
2 2
3 2
3 4
4 4
4 13
5 13
5 1
6 1
6 6
7 6
7 13
8 13
8 14
9 14
9 23
10 23
10 30
11 30
11 33
12 33
12 38
13 38
13 47
14 47
14 55
15 55
15 56
16 56
16 1
26
2 1
2 6
3 6
3 13
4 13
4 14
5 14
5 23
6 23
6 30
7 30
7 33
8 33
8 38
9 38
9 47
10 47
10 55
11 55
11 56
12 56
12 1
13 1
13 9
14 9
14 1
34
2 1
2 9
3 9
3 14
4 14
4 18
5 18
5 26
6 26
6 35
7 35
7 1
8 1
8 6
9 6
9 13
10 13
10 14
11 14
11 23
12 23
12 30
13 30
13 33
14 33
14 38
15 38
15 47
16 47
16 55
17 55
17 56
18 56
18 1
30
2 1
2 6
3 6
3 13
4 13
4 14
5 14
5 23
6 23
6 30
7 30
7 33
8 33
8 38
9 38
9 47
10 47
10 55
11 55
11 56
12 56
12 1
13 1
13 10
14 10
14 15
15 15
15 18
16 18
16 1
32
2 1
2 6
3 6
3 13
4 13
4 14
5 14
5 23
6 23
6 30
7 30
7 33
8 33
8 38
9 38
9 47
10 47
10 55
11 55
11 56
12 56
12 1
13 1
13 5
14 5
14 13
15 13
15 21
16 21
16 22
17 22
17 1
28
2 1
2 9
3 9
3 18
4 18
4 1
5 1
5 6
6 6
6 13
7 13
7 14
8 14
8 23
9 23
9 30
10 30
10 33
11 33
11 38
12 38
12 47
13 47
13 55
14 55
14 56
15 56
15 1
30
2 1
2 5
3 5
3 10
4 10
4 11
5 11
5 1
6 1
6 6
7 6
7 13
8 13
8 14
9 14
9 23
10 23
10 30
11 30
11 33
12 33
12 38
13 38
13 47
14 47
14 55
15 55
15 56
16 56
16 1
30
2 1
2 6
3 6
3 13
4 13
4 14
5 14
5 23
6 23
6 30
7 30
7 33
8 33
8 38
9 38
9 47
10 47
10 55
11 55
11 56
12 56
12 1
13 1
13 4
14 4
14 6
15 6
15 11
16 11
16 1
28
15 1
15 3
14 3
14 2
13 2
13 1
12 1
12 56
11 56
11 55
10 55
10 47
9 47
9 38
8 38
8 33
7 33
7 30
6 30
6 23
5 23
5 14
4 14
4 13
3 13
3 6
2 6
2 1
28
15 1
15 56
14 56
14 55
13 55
13 47
12 47
12 38
11 38
11 33
10 33
10 30
9 30
9 23
8 23
8 14
7 14
7 13
6 13
6 6
5 6
5 1
4 1
4 9
3 9
3 6
2 6
2 1
30
2 1
2 9
3 9
3 14
4 14
4 15
5 15
5 1
6 1
6 6
7 6
7 13
8 13
8 14
9 14
9 23
10 23
10 30
11 30
11 33
12 33
12 38
13 38
13 47
14 47
14 55
15 55
15 56
16 56
16 1
32
17 1
17 29
16 29
16 25
15 25
15 17
14 17
14 10
13 10
13 1
12 1
12 56
11 56
11 55
10 55
10 47
9 47
9 38
8 38
8 33
7 33
7 30
6 30
6 23
5 23
5 14
4 14
4 13
3 13
3 6
2 6
2 1
30
16 1
16 10
15 10
15 7
14 7
14 4
13 4
13 1
12 1
12 56
11 56
11 55
10 55
10 47
9 47
9 38
8 38
8 33
7 33
7 30
6 30
6 23
5 23
5 14
4 14
4 13
3 13
3 6
2 6
2 1
26
2 1
2 6
3 6
3 13
4 13
4 14
5 14
5 23
6 23
6 30
7 30
7 33
8 33
8 38
9 38
9 47
10 47
10 55
11 55
11 56
12 56
12 1
13 1
13 2
14 2
14 1
34
18 1
18 56
17 56
17 55
16 55
16 47
15 47
15 38
14 38
14 33
13 33
13 30
12 30
12 23
11 23
11 14
10 14
10 13
9 13
9 6
8 6
8 1
7 1
7 28
6 28
6 21
5 21
5 18
4 18
4 10
3 10
3 2
2 2
2 1
32
17 1
17 22
16 22
16 13
15 13
15 8
14 8
14 6
13 6
13 1
12 1
12 56
11 56
11 55
10 55
10 47
9 47
9 38
8 38
8 33
7 33
7 30
6 30
6 23
5 23
5 14
4 14
4 13
3 13
3 6
2 6
2 1
34
2 1
2 6
3 6
3 15
4 15
4 20
5 20
5 25
6 25
6 33
7 33
7 1
8 1
8 6
9 6
9 13
10 13
10 14
11 14
11 23
12 23
12 30
13 30
13 33
14 33
14 38
15 38
15 47
16 47
16 55
17 55
17 56
18 56
18 1
32
2 1
2 6
3 6
3 13
4 13
4 14
5 14
5 23
6 23
6 30
7 30
7 33
8 33
8 38
9 38
9 47
10 47
10 55
11 55
11 56
12 56
12 1
13 1
13 4
14 4
14 5
15 5
15 12
16 12
16 15
17 15
17 1
28
15 1
15 56
14 56
14 55
13 55
13 47
12 47
12 38
11 38
11 33
10 33
10 30
9 30
9 23
8 23
8 14
7 14
7 13
6 13
6 6
5 6
5 1
4 1
4 13
3 13
3 6
2 6
2 1
30
2 1
2 5
3 5
3 13
4 13
4 18
5 18
5 1
6 1
6 6
7 6
7 13
8 13
8 14
9 14
9 23
10 23
10 30
11 30
11 33
12 33
12 38
13 38
13 47
14 47
14 55
15 55
15 56
16 56
16 1
34
2 1
2 6
3 6
3 14
4 14
4 18
5 18
5 21
6 21
6 28
7 28
7 1
8 1
8 6
9 6
9 13
10 13
10 14
11 14
11 23
12 23
12 30
13 30
13 33
14 33
14 38
15 38
15 47
16 47
16 55
17 55
17 56
18 56
18 1
26
2 1
2 10
3 10
3 1
4 1
4 6
5 6
5 13
6 13
6 14
7 14
7 23
8 23
8 30
9 30
9 33
10 33
10 38
11 38
11 47
12 47
12 55
13 55
13 56
14 56
14 1
32
2 1
2 6
3 6
3 13
4 13
4 14
5 14
5 23
6 23
6 30
7 30
7 33
8 33
8 38
9 38
9 47
10 47
10 55
11 55
11 56
12 56
12 1
13 1
13 3
14 3
14 5
15 5
15 13
16 13
16 20
17 20
17 1
28
2 1
2 8
3 8
3 13
4 13
4 1
5 1
5 6
6 6
6 13
7 13
7 14
8 14
8 23
9 23
9 30
10 30
10 33
11 33
11 38
12 38
12 47
13 47
13 55
14 55
14 56
15 56
15 1
28
15 1
15 56
14 56
14 55
13 55
13 47
12 47
12 38
11 38
11 33
10 33
10 30
9 30
9 23
8 23
8 14
7 14
7 13
6 13
6 6
5 6
5 1
4 1
4 16
3 16
3 9
2 9
2 1
34
2 1
2 6
3 6
3 13
4 13
4 14
5 14
5 23
6 23
6 30
7 30
7 33
8 33
8 38
9 38
9 47
10 47
10 55
11 55
11 56
12 56
12 1
13 1
13 6
14 6
14 13
15 13
15 20
16 20
16 21
17 21
17 26
18 26
18 1
30
16 1
16 56
15 56
15 55
14 55
14 47
13 47
13 38
12 38
12 33
11 33
11 30
10 30
10 23
9 23
9 14
8 14
8 13
7 13
7 6
6 6
6 1
5 1
5 16
4 16
4 11
3 11
3 6
2 6
2 1
34
18 1
18 23
17 23
17 18
16 18
16 15
15 15
15 13
14 13
14 4
13 4
13 1
12 1
12 56
11 56
11 55
10 55
10 47
9 47
9 38
8 38
8 33
7 33
7 30
6 30
6 23
5 23
5 14
4 14
4 13
3 13
3 6
2 6
2 1
28
2 1
2 5
3 5
3 13
4 13
4 1
5 1
5 6
6 6
6 13
7 13
7 14
8 14
8 23
9 23
9 30
10 30
10 33
11 33
11 38
12 38
12 47
13 47
13 55
14 55
14 56
15 56
15 1
