6030 202
3015 1
3015 2
3014 2
3014 38
3013 38
3013 32
3012 32
3012 31
3011 31
3011 25
3010 25
3010 20
3009 20
3009 14
3008 14
3008 13
3007 13
3007 10
3006 10
3006 9
3005 9
3005 3
3004 3
3004 2
3003 2
3003 25
3002 25
3002 18
3001 18
3001 12
3000 12
3000 7
2999 7
2999 2
2998 2
2998 38
2997 38
2997 32
2996 32
2996 31
2995 31
2995 25
2994 25
2994 20
2993 20
2993 14
2992 14
2992 13
2991 13
2991 10
2990 10
2990 9
2989 9
2989 3
2988 3
2988 2
2987 2
2987 25
2986 25
2986 18
2985 18
2985 11
2984 11
2984 10
2983 10
2983 4
2982 4
2982 2
2981 2
2981 38
2980 38
2980 32
2979 32
2979 31
2978 31
2978 25
2977 25
2977 20
2976 20
2976 14
2975 14
2975 13
2974 13
2974 10
2973 10
2973 9
2972 9
2972 3
2971 3
2971 2
2970 2
2970 13
2969 13
2969 6
2968 6
2968 5
2967 5
2967 4
2966 4
2966 3
2965 3
2965 2
2964 2
2964 38
2963 38
2963 32
2962 32
2962 31
2961 31
2961 25
2960 25
2960 20
2959 20
2959 14
2958 14
2958 13
2957 13
2957 10
2956 10
2956 9
2955 9
2955 3
2954 3
2954 2
2953 2
2953 26
2952 26
2952 23
2951 23
2951 17
2950 17
2950 11
2949 11
2949 10
2948 10
2948 2
2947 2
2947 38
2946 38
2946 32
2945 32
2945 31
2944 31
2944 25
2943 25
2943 20
2942 20
2942 14
2941 14
2941 13
2940 13
2940 10
2939 10
2939 9
2938 9
2938 3
2937 3
2937 2
2936 2
2936 3
2935 3
2935 2
2934 2
2934 38
2933 38
2933 32
2932 32
2932 31
2931 31
2931 25
2930 25
2930 20
2929 20
2929 14
2928 14
2928 13
2927 13
2927 10
2926 10
2926 9
2925 9
2925 3
2924 3
2924 2
2923 2
2923 8
2922 8
2922 2
2921 2
2921 38
2920 38
2920 32
2919 32
2919 31
2918 31
2918 25
2917 25
2917 20
2916 20
2916 14
2915 14
2915 13
2914 13
2914 10
2913 10
2913 9
2912 9
2912 3
2911 3
2911 2
2910 2
2910 4
2909 4
2909 2
2908 2
2908 38
2907 38
2907 32
2906 32
2906 31
2905 31
2905 25
2904 25
2904 20
2903 20
2903 14
2902 14
2902 13
2901 13
2901 10
2900 10
2900 9
2899 9
2899 3
2898 3
2898 2
2897 2
2897 9
2896 9
2896 3
2895 3
2895 2
2894 2
2894 38
2893 38
2893 32
2892 32
2892 31
2891 31
2891 25
2890 25
2890 20
2889 20
2889 14
2888 14
2888 13
2887 13
2887 10
2886 10
2886 9
2885 9
2885 3
2884 3
2884 2
2883 2
2883 17
2882 17
2882 10
2881 10
2881 9
2880 9
2880 8
2879 8
2879 2
2878 2
2878 38
2877 38
2877 32
2876 32
2876 31
2875 31
2875 25
2874 25
2874 20
2873 20
2873 14
2872 14
2872 13
2871 13
2871 10
2870 10
2870 9
2869 9
2869 3
2868 3
2868 2
2867 2
2867 10
2866 10
2866 4
2865 4
2865 3
2864 3
2864 2
2863 2
2863 38
2862 38
2862 32
2861 32
2861 31
2860 31
2860 25
2859 25
2859 20
2858 20
2858 14
2857 14
2857 13
2856 13
2856 10
2855 10
2855 9
2854 9
2854 3
2853 3
2853 2
2852 2
2852 15
2851 15
2851 8
2850 8
2850 2
2849 2
2849 38
2848 38
2848 32
2847 32
2847 31
2846 31
2846 25
2845 25
2845 20
2844 20
2844 14
2843 14
2843 13
2842 13
2842 10
2841 10
2841 9
2840 9
2840 3
2839 3
2839 2
2838 2
2838 19
2837 19
2837 12
2836 12
2836 9
2835 9
2835 2
2834 2
2834 38
2833 38
2833 32
2832 32
2832 31
2831 31
2831 25
2830 25
2830 20
2829 20
2829 14
2828 14
2828 13
2827 13
2827 10
2826 10
2826 9
2825 9
2825 3
2824 3
2824 2
2823 2
2823 7
2822 7
2822 2
2821 2
2821 38
2820 38
2820 32
2819 32
2819 31
2818 31
2818 25
2817 25
2817 20
2816 20
2816 14
2815 14
2815 13
2814 13
2814 10
2813 10
2813 9
2812 9
2812 3
2811 3
2811 2
2810 2
2810 7
2809 7
2809 2
2808 2
2808 38
2807 38
2807 32
2806 32
2806 31
2805 31
2805 25
2804 25
2804 20
2803 20
2803 14
2802 14
2802 13
2801 13
2801 10
2800 10
2800 9
2799 9
2799 3
2798 3
2798 2
2797 2
2797 32
2796 32
2796 27
2795 27
2795 21
2794 21
2794 13
2793 13
2793 5
2792 5
2792 2
2791 2
2791 38
2790 38
2790 32
2789 32
2789 31
2788 31
2788 25
2787 25
2787 20
2786 20
2786 14
2785 14
2785 13
2784 13
2784 10
2783 10
2783 9
2782 9
2782 3
2781 3
2781 2
2780 2
2780 15
2779 15
2779 13
2778 13
2778 10
2777 10
2777 2
2776 2
2776 38
2775 38
2775 32
2774 32
2774 31
2773 31
2773 25
2772 25
2772 20
2771 20
2771 14
2770 14
2770 13
2769 13
2769 10
2768 10
2768 9
2767 9
2767 3
2766 3
2766 2
2765 2
2765 17
2764 17
2764 11
2763 11
2763 4
2762 4
2762 3
2761 3
2761 2
2760 2
2760 38
2759 38
2759 32
2758 32
2758 31
2757 31
2757 25
2756 25
2756 20
2755 20
2755 14
2754 14
2754 13
2753 13
2753 10
2752 10
2752 9
2751 9
2751 3
2750 3
2750 2
2749 2
2749 14
2748 14
2748 9
2747 9
2747 2
2746 2
2746 38
2745 38
2745 32
2744 32
2744 31
2743 31
2743 25
2742 25
2742 20
2741 20
2741 14
2740 14
2740 13
2739 13
2739 10
2738 10
2738 9
2737 9
2737 3
2736 3
2736 2
2735 2
2735 25
2734 25
2734 18
2733 18
2733 12
2732 12
2732 5
2731 5
2731 2
2730 2
2730 38
2729 38
2729 32
2728 32
2728 31
2727 31
2727 25
2726 25
2726 20
2725 20
2725 14
2724 14
2724 13
2723 13
2723 10
2722 10
2722 9
2721 9
2721 3
2720 3
2720 2
2719 2
2719 15
2718 15
2718 7
2717 7
2717 2
2716 2
2716 38
2715 38
2715 32
2714 32
2714 31
2713 31
2713 25
2712 25
2712 20
2711 20
2711 14
2710 14
2710 13
2709 13
2709 10
2708 10
2708 9
2707 9
2707 3
2706 3
2706 2
2705 2
2705 15
2704 15
2704 7
2703 7
2703 2
2702 2
2702 38
2701 38
2701 32
2700 32
2700 31
2699 31
2699 25
2698 25
2698 20
2697 20
2697 14
2696 14
2696 13
2695 13
2695 10
2694 10
2694 9
2693 9
2693 3
2692 3
2692 2
2691 2
2691 18
2690 18
2690 17
2689 17
2689 16
2688 16
2688 9
2687 9
2687 4
2686 4
2686 2
2685 2
2685 38
2684 38
2684 32
2683 32
2683 31
2682 31
2682 25
2681 25
2681 20
2680 20
2680 14
2679 14
2679 13
2678 13
2678 10
2677 10
2677 9
2676 9
2676 3
2675 3
2675 2
2674 2
2674 8
2673 8
2673 7
2672 7
2672 5
2671 5
2671 4
2670 4
2670 2
2669 2
2669 38
2668 38
2668 32
2667 32
2667 31
2666 31
2666 25
2665 25
2665 20
2664 20
2664 14
2663 14
2663 13
2662 13
2662 10
2661 10
2661 9
2660 9
2660 3
2659 3
2659 2
2658 2
2658 24
2657 24
2657 18
2656 18
2656 10
2655 10
2655 9
2654 9
2654 8
2653 8
2653 2
2652 2
2652 38
2651 38
2651 32
2650 32
2650 31
2649 31
2649 25
2648 25
2648 20
2647 20
2647 14
2646 14
2646 13
2645 13
2645 10
2644 10
2644 9
2643 9
2643 3
2642 3
2642 2
2641 2
2641 7
2640 7
2640 5
2639 5
2639 4
2638 4
2638 3
2637 3
2637 2
2636 2
2636 38
2635 38
2635 32
2634 32
2634 31
2633 31
2633 25
2632 25
2632 20
2631 20
2631 14
2630 14
2630 13
2629 13
2629 10
2628 10
2628 9
2627 9
2627 3
2626 3
2626 2
2625 2
2625 30
2624 30
2624 29
2623 29
2623 22
2622 22
2622 15
2621 15
2621 7
2620 7
2620 2
2619 2
2619 38
2618 38
2618 32
2617 32
2617 31
2616 31
2616 25
2615 25
2615 20
2614 20
2614 14
2613 14
2613 13
2612 13
2612 10
2611 10
2611 9
2610 9
2610 3
2609 3
2609 2
2608 2
2608 8
2607 8
2607 5
2606 5
2606 2
2605 2
2605 38
2604 38
2604 32
2603 32
2603 31
2602 31
2602 25
2601 25
2601 20
2600 20
2600 14
2599 14
2599 13
2598 13
2598 10
2597 10
2597 9
2596 9
2596 3
2595 3
2595 2
2594 2
2594 20
2593 20
2593 14
2592 14
2592 9
2591 9
2591 8
2590 8
2590 2
2589 2
2589 38
2588 38
2588 32
2587 32
2587 31
2586 31
2586 25
2585 25
2585 20
2584 20
2584 14
2583 14
2583 13
2582 13
2582 10
2581 10
2581 9
2580 9
2580 3
2579 3
2579 2
2578 2
2578 14
2577 14
2577 12
2576 12
2576 7
2575 7
2575 2
2574 2
2574 38
2573 38
2573 32
2572 32
2572 31
2571 31
2571 25
2570 25
2570 20
2569 20
2569 14
2568 14
2568 13
2567 13
2567 10
2566 10
2566 9
2565 9
2565 3
2564 3
2564 2
2563 2
2563 9
2562 9
2562 7
2561 7
2561 2
2560 2
2560 38
2559 38
2559 32
2558 32
2558 31
2557 31
2557 25
2556 25
2556 20
2555 20
2555 14
2554 14
2554 13
2553 13
2553 10
2552 10
2552 9
2551 9
2551 3
2550 3
2550 2
2549 2
2549 15
2548 15
2548 8
2547 8
2547 2
2546 2
2546 38
2545 38
2545 32
2544 32
2544 31
2543 31
2543 25
2542 25
2542 20
2541 20
2541 14
2540 14
2540 13
2539 13
2539 10
2538 10
2538 9
2537 9
2537 3
2536 3
2536 2
2535 2
2535 5
2534 5
2534 2
2533 2
2533 38
2532 38
2532 32
2531 32
2531 31
2530 31
2530 25
2529 25
2529 20
2528 20
2528 14
2527 14
2527 13
2526 13
2526 10
2525 10
2525 9
2524 9
2524 3
2523 3
2523 2
2522 2
2522 20
2521 20
2521 17
2520 17
2520 11
2519 11
2519 10
2518 10
2518 2
2517 2
2517 38
2516 38
2516 32
2515 32
2515 31
2514 31
2514 25
2513 25
2513 20
2512 20
2512 14
2511 14
2511 13
2510 13
2510 10
2509 10
2509 9
2508 9
2508 3
2507 3
2507 2
2506 2
2506 10
2505 10
2505 9
2504 9
2504 3
2503 3
2503 2
2502 2
2502 38
2501 38
2501 32
2500 32
2500 31
2499 31
2499 25
2498 25
2498 20
2497 20
2497 14
2496 14
2496 13
2495 13
2495 10
2494 10
2494 9
2493 9
2493 3
2492 3
2492 2
2491 2
2491 27
2490 27
2490 24
2489 24
2489 18
2488 18
2488 17
2487 17
2487 10
2486 10
2486 2
2485 2
2485 38
2484 38
2484 32
2483 32
2483 31
2482 31
2482 25
2481 25
2481 20
2480 20
2480 14
2479 14
2479 13
2478 13
2478 10
2477 10
2477 9
2476 9
2476 3
2475 3
2475 2
2474 2
2474 4
2473 4
2473 2
2472 2
2472 38
2471 38
2471 32
2470 32
2470 31
2469 31
2469 25
2468 25
2468 20
2467 20
2467 14
2466 14
2466 13
2465 13
2465 10
2464 10
2464 9
2463 9
2463 3
2462 3
2462 2
2461 2
2461 4
2460 4
2460 2
2459 2
2459 38
2458 38
2458 32
2457 32
2457 31
2456 31
2456 25
2455 25
2455 20
2454 20
2454 14
2453 14
2453 13
2452 13
2452 10
2451 10
2451 9
2450 9
2450 3
2449 3
2449 2
2448 2
2448 17
2447 17
2447 10
2446 10
2446 3
2445 3
2445 2
2444 2
2444 38
2443 38
2443 32
2442 32
2442 31
2441 31
2441 25
2440 25
2440 20
2439 20
2439 14
2438 14
2438 13
2437 13
2437 10
2436 10
2436 9
2435 9
2435 3
2434 3
2434 2
2433 2
2433 29
2432 29
2432 23
2431 23
2431 20
2430 20
2430 15
2429 15
2429 8
2428 8
2428 2
2427 2
2427 38
2426 38
2426 32
2425 32
2425 31
2424 31
2424 25
2423 25
2423 20
2422 20
2422 14
2421 14
2421 13
2420 13
2420 10
2419 10
2419 9
2418 9
2418 3
2417 3
2417 2
2416 2
2416 31
2415 31
2415 24
2414 24
2414 17
2413 17
2413 9
2412 9
2412 2
2411 2
2411 38
2410 38
2410 32
2409 32
2409 31
2408 31
2408 25
2407 25
2407 20
2406 20
2406 14
2405 14
2405 13
2404 13
2404 10
2403 10
2403 9
2402 9
2402 3
2401 3
2401 2
2400 2
2400 20
2399 20
2399 14
2398 14
2398 9
2397 9
2397 2
2396 2
2396 38
2395 38
2395 32
2394 32
2394 31
2393 31
2393 25
2392 25
2392 20
2391 20
2391 14
2390 14
2390 13
2389 13
2389 10
2388 10
2388 9
2387 9
2387 3
2386 3
2386 2
2385 2
2385 3
2384 3
2384 2
2383 2
2383 38
2382 38
2382 32
2381 32
2381 31
2380 31
2380 25
2379 25
2379 20
2378 20
2378 14
2377 14
2377 13
2376 13
2376 10
2375 10
2375 9
2374 9
2374 3
2373 3
2373 2
2372 2
2372 8
2371 8
2371 5
2370 5
2370 2
2369 2
2369 38
2368 38
2368 32
2367 32
2367 31
2366 31
2366 25
2365 25
2365 20
2364 20
2364 14
2363 14
2363 13
2362 13
2362 10
2361 10
2361 9
2360 9
2360 3
2359 3
2359 2
2358 2
2358 11
2357 11
2357 10
2356 10
2356 9
2355 9
2355 8
2354 8
2354 2
2353 2
2353 38
2352 38
2352 32
2351 32
2351 31
2350 31
2350 25
2349 25
2349 20
2348 20
2348 14
2347 14
2347 13
2346 13
2346 10
2345 10
2345 9
2344 9
2344 3
2343 3
2343 2
2342 2
2342 24
2341 24
2341 16
2340 16
2340 9
2339 9
2339 2
2338 2
2338 38
2337 38
2337 32
2336 32
2336 31
2335 31
2335 25
2334 25
2334 20
2333 20
2333 14
2332 14
2332 13
2331 13
2331 10
2330 10
2330 9
2329 9
2329 3
2328 3
2328 2
2327 2
2327 24
2326 24
2326 23
2325 23
2325 15
2324 15
2324 12
2323 12
2323 9
2322 9
2322 2
2321 2
2321 38
2320 38
2320 32
2319 32
2319 31
2318 31
2318 25
2317 25
2317 20
2316 20
2316 14
2315 14
2315 13
2314 13
2314 10
2313 10
2313 9
2312 9
2312 3
2311 3
2311 2
2310 2
2310 25
2309 25
2309 22
2308 22
2308 16
2307 16
2307 9
2306 9
2306 3
2305 3
2305 2
2304 2
2304 38
2303 38
2303 32
2302 32
2302 31
2301 31
2301 25
2300 25
2300 20
2299 20
2299 14
2298 14
2298 13
2297 13
2297 10
2296 10
2296 9
2295 9
2295 3
2294 3
2294 2
2293 2
2293 27
2292 27
2292 26
2291 26
2291 21
2290 21
2290 16
2289 16
2289 9
2288 9
2288 2
2287 2
2287 38
2286 38
2286 32
2285 32
2285 31
2284 31
2284 25
2283 25
2283 20
2282 20
2282 14
2281 14
2281 13
2280 13
2280 10
2279 10
2279 9
2278 9
2278 3
2277 3
2277 2
2276 2
2276 27
2275 27
2275 24
2274 24
2274 19
2273 19
2273 11
2272 11
2272 9
2271 9
2271 2
2270 2
2270 38
2269 38
2269 32
2268 32
2268 31
2267 31
2267 25
2266 25
2266 20
2265 20
2265 14
2264 14
2264 13
2263 13
2263 10
2262 10
2262 9
2261 9
2261 3
2260 3
2260 2
2259 2
2259 18
2258 18
2258 11
2257 11
2257 8
2256 8
2256 2
2255 2
2255 38
2254 38
2254 32
2253 32
2253 31
2252 31
2252 25
2251 25
2251 20
2250 20
2250 14
2249 14
2249 13
2248 13
2248 10
2247 10
2247 9
2246 9
2246 3
2245 3
2245 2
2244 2
2244 10
2243 10
2243 8
2242 8
2242 5
2241 5
2241 2
2240 2
2240 38
2239 38
2239 32
2238 32
2238 31
2237 31
2237 25
2236 25
2236 20
2235 20
2235 14
2234 14
2234 13
2233 13
2233 10
2232 10
2232 9
2231 9
2231 3
2230 3
2230 2
2229 2
2229 12
2228 12
2228 10
2227 10
2227 3
2226 3
2226 2
2225 2
2225 38
2224 38
2224 32
2223 32
2223 31
2222 31
2222 25
2221 25
2221 20
2220 20
2220 14
2219 14
2219 13
2218 13
2218 10
2217 10
2217 9
2216 9
2216 3
2215 3
2215 2
2214 2
2214 12
2213 12
2213 7
2212 7
2212 2
2211 2
2211 38
2210 38
2210 32
2209 32
2209 31
2208 31
2208 25
2207 25
2207 20
2206 20
2206 14
2205 14
2205 13
2204 13
2204 10
2203 10
2203 9
2202 9
2202 3
2201 3
2201 2
2200 2
2200 3
2199 3
2199 2
2198 2
2198 38
2197 38
2197 32
2196 32
2196 31
2195 31
2195 25
2194 25
2194 20
2193 20
2193 14
2192 14
2192 13
2191 13
2191 10
2190 10
2190 9
2189 9
2189 3
2188 3
2188 2
2187 2
2187 9
2186 9
2186 2
2185 2
2185 38
2184 38
2184 32
2183 32
2183 31
2182 31
2182 25
2181 25
2181 20
2180 20
2180 14
2179 14
2179 13
2178 13
2178 10
2177 10
2177 9
2176 9
2176 3
2175 3
2175 2
2174 2
2174 27
2173 27
2173 21
2172 21
2172 14
2171 14
2171 11
2170 11
2170 10
2169 10
2169 2
2168 2
2168 38
2167 38
2167 32
2166 32
2166 31
2165 31
2165 25
2164 25
2164 20
2163 20
2163 14
2162 14
2162 13
2161 13
2161 10
2160 10
2160 9
2159 9
2159 3
2158 3
2158 2
2157 2
2157 9
2156 9
2156 2
2155 2
2155 38
2154 38
2154 32
2153 32
2153 31
2152 31
2152 25
2151 25
2151 20
2150 20
2150 14
2149 14
2149 13
2148 13
2148 10
2147 10
2147 9
2146 9
2146 3
2145 3
2145 2
2144 2
2144 3
2143 3
2143 2
2142 2
2142 38
2141 38
2141 32
2140 32
2140 31
2139 31
2139 25
2138 25
2138 20
2137 20
2137 14
2136 14
2136 13
2135 13
2135 10
2134 10
2134 9
2133 9
2133 3
2132 3
2132 2
2131 2
2131 16
2130 16
2130 15
2129 15
2129 14
2128 14
2128 13
2127 13
2127 8
2126 8
2126 2
2125 2
2125 38
2124 38
2124 32
2123 32
2123 31
2122 31
2122 25
2121 25
2121 20
2120 20
2120 14
2119 14
2119 13
2118 13
2118 10
2117 10
2117 9
2116 9
2116 3
2115 3
2115 2
2114 2
2114 9
2113 9
2113 2
2112 2
2112 38
2111 38
2111 32
2110 32
2110 31
2109 31
2109 25
2108 25
2108 20
2107 20
2107 14
2106 14
2106 13
2105 13
2105 10
2104 10
2104 9
2103 9
2103 3
2102 3
2102 2
2101 2
2101 6
2100 6
2100 5
2099 5
2099 2
2098 2
2098 38
2097 38
2097 32
2096 32
2096 31
2095 31
2095 25
2094 25
2094 20
2093 20
2093 14
2092 14
2092 13
2091 13
2091 10
2090 10
2090 9
2089 9
2089 3
2088 3
2088 2
2087 2
2087 21
2086 21
2086 14
2085 14
2085 8
2084 8
2084 3
2083 3
2083 2
2082 2
2082 38
2081 38
2081 32
2080 32
2080 31
2079 31
2079 25
2078 25
2078 20
2077 20
2077 14
2076 14
2076 13
2075 13
2075 10
2074 10
2074 9
2073 9
2073 3
2072 3
2072 2
2071 2
2071 12
2070 12
2070 10
2069 10
2069 3
2068 3
2068 2
2067 2
2067 38
2066 38
2066 32
2065 32
2065 31
2064 31
2064 25
2063 25
2063 20
2062 20
2062 14
2061 14
2061 13
2060 13
2060 10
2059 10
2059 9
2058 9
2058 3
2057 3
2057 2
2056 2
2056 12
2055 12
2055 5
2054 5
2054 2
2053 2
2053 38
2052 38
2052 32
2051 32
2051 31
2050 31
2050 25
2049 25
2049 20
2048 20
2048 14
2047 14
2047 13
2046 13
2046 10
2045 10
2045 9
2044 9
2044 3
2043 3
2043 2
2042 2
2042 9
2041 9
2041 2
2040 2
2040 38
2039 38
2039 32
2038 32
2038 31
2037 31
2037 25
2036 25
2036 20
2035 20
2035 14
2034 14
2034 13
2033 13
2033 10
2032 10
2032 9
2031 9
2031 3
2030 3
2030 2
2029 2
2029 9
2028 9
2028 2
2027 2
2027 38
2026 38
2026 32
2025 32
2025 31
2024 31
2024 25
2023 25
2023 20
2022 20
2022 14
2021 14
2021 13
2020 13
2020 10
2019 10
2019 9
2018 9
2018 3
2017 3
2017 2
2016 2
2016 15
2015 15
2015 10
2014 10
2014 4
2013 4
2013 3
2012 3
2012 2
2011 2
2011 38
2010 38
2010 32
2009 32
2009 31
2008 31
2008 25
2007 25
2007 20
2006 20
2006 14
2005 14
2005 13
2004 13
2004 10
2003 10
2003 9
2002 9
2002 3
2001 3
2001 2
2000 2
2000 17
1999 17
1999 16
1998 16
1998 10
1997 10
1997 9
1996 9
1996 3
1995 3
1995 2
1994 2
1994 38
1993 38
1993 32
1992 32
1992 31
1991 31
1991 25
1990 25
1990 20
1989 20
1989 14
1988 14
1988 13
1987 13
1987 10
1986 10
1986 9
1985 9
1985 3
1984 3
1984 2
1983 2
1983 8
1982 8
1982 3
1981 3
1981 2
1980 2
1980 38
1979 38
1979 32
1978 32
1978 31
1977 31
1977 25
1976 25
1976 20
1975 20
1975 14
1974 14
1974 13
1973 13
1973 10
1972 10
1972 9
1971 9
1971 3
1970 3
1970 2
1969 2
1969 23
1968 23
1968 22
1967 22
1967 16
1966 16
1966 10
1965 10
1965 9
1964 9
1964 2
1963 2
1963 38
1962 38
1962 32
1961 32
1961 31
1960 31
1960 25
1959 25
1959 20
1958 20
1958 14
1957 14
1957 13
1956 13
1956 10
1955 10
1955 9
1954 9
1954 3
1953 3
1953 2
1952 2
1952 9
1951 9
1951 6
1950 6
1950 5
1949 5
1949 2
1948 2
1948 38
1947 38
1947 32
1946 32
1946 31
1945 31
1945 25
1944 25
1944 20
1943 20
1943 14
1942 14
1942 13
1941 13
1941 10
1940 10
1940 9
1939 9
1939 3
1938 3
1938 2
1937 2
1937 25
1936 25
1936 18
1935 18
1935 16
1934 16
1934 9
1933 9
1933 2
1932 2
1932 38
1931 38
1931 32
1930 32
1930 31
1929 31
1929 25
1928 25
1928 20
1927 20
1927 14
1926 14
1926 13
1925 13
1925 10
1924 10
1924 9
1923 9
1923 3
1922 3
1922 2
1921 2
1921 13
1920 13
1920 11
1919 11
1919 5
1918 5
1918 2
1917 2
1917 38
1916 38
1916 32
1915 32
1915 31
1914 31
1914 25
1913 25
1913 20
1912 20
1912 14
1911 14
1911 13
1910 13
1910 10
1909 10
1909 9
1908 9
1908 3
1907 3
1907 2
1906 2
1906 26
1905 26
1905 20
1904 20
1904 17
1903 17
1903 10
1902 10
1902 2
1901 2
1901 38
1900 38
1900 32
1899 32
1899 31
1898 31
1898 25
1897 25
1897 20
1896 20
1896 14
1895 14
1895 13
1894 13
1894 10
1893 10
1893 9
1892 9
1892 3
1891 3
1891 2
1890 2
1890 14
1889 14
1889 13
1888 13
1888 11
1887 11
1887 9
1886 9
1886 8
1885 8
1885 2
1884 2
1884 38
1883 38
1883 32
1882 32
1882 31
1881 31
1881 25
1880 25
1880 20
1879 20
1879 14
1878 14
1878 13
1877 13
1877 10
1876 10
1876 9
1875 9
1875 3
1874 3
1874 2
1873 2
1873 15
1872 15
1872 8
1871 8
1871 2
1870 2
1870 38
1869 38
1869 32
1868 32
1868 31
1867 31
1867 25
1866 25
1866 20
1865 20
1865 14
1864 14
1864 13
1863 13
1863 10
1862 10
1862 9
1861 9
1861 3
1860 3
1860 2
1859 2
1859 26
1858 26
1858 19
1857 19
1857 13
1856 13
1856 11
1855 11
1855 9
1854 9
1854 2
1853 2
1853 38
1852 38
1852 32
1851 32
1851 31
1850 31
1850 25
1849 25
1849 20
1848 20
1848 14
1847 14
1847 13
1846 13
1846 10
1845 10
1845 9
1844 9
1844 3
1843 3
1843 2
1842 2
1842 33
1841 33
1841 31
1840 31
1840 23
1839 23
1839 16
1838 16
1838 10
1837 10
1837 2
1836 2
1836 38
1835 38
1835 32
1834 32
1834 31
1833 31
1833 25
1832 25
1832 20
1831 20
1831 14
1830 14
1830 13
1829 13
1829 10
1828 10
1828 9
1827 9
1827 3
1826 3
1826 2
1825 2
1825 14
1824 14
1824 11
1823 11
1823 10
1822 10
1822 3
1821 3
1821 2
1820 2
1820 38
1819 38
1819 32
1818 32
1818 31
1817 31
1817 25
1816 25
1816 20
1815 20
1815 14
1814 14
1814 13
1813 13
1813 10
1812 10
1812 9
1811 9
1811 3
1810 3
1810 2
1809 2
1809 10
1808 10
1808 3
1807 3
1807 2
1806 2
1806 38
1805 38
1805 32
1804 32
1804 31
1803 31
1803 25
1802 25
1802 20
1801 20
1801 14
1800 14
1800 13
1799 13
1799 10
1798 10
1798 9
1797 9
1797 3
1796 3
1796 2
1795 2
1795 26
1794 26
1794 21
1793 21
1793 14
1792 14
1792 6
1791 6
1791 5
1790 5
1790 2
1789 2
1789 38
1788 38
1788 32
1787 32
1787 31
1786 31
1786 25
1785 25
1785 20
1784 20
1784 14
1783 14
1783 13
1782 13
1782 10
1781 10
1781 9
1780 9
1780 3
1779 3
1779 2
1778 2
1778 24
1777 24
1777 16
1776 16
1776 9
1775 9
1775 2
1774 2
1774 38
1773 38
1773 32
1772 32
1772 31
1771 31
1771 25
1770 25
1770 20
1769 20
1769 14
1768 14
1768 13
1767 13
1767 10
1766 10
1766 9
1765 9
1765 3
1764 3
1764 2
1763 2
1763 9
1762 9
1762 2
1761 2
1761 38
1760 38
1760 32
1759 32
1759 31
1758 31
1758 25
1757 25
1757 20
1756 20
1756 14
1755 14
1755 13
1754 13
1754 10
1753 10
1753 9
1752 9
1752 3
1751 3
1751 2
1750 2
1750 11
1749 11
1749 9
1748 9
1748 3
1747 3
1747 2
1746 2
1746 38
1745 38
1745 32
1744 32
1744 31
1743 31
1743 25
1742 25
1742 20
1741 20
1741 14
1740 14
1740 13
1739 13
1739 10
1738 10
1738 9
1737 9
1737 3
1736 3
1736 2
1735 2
1735 11
1734 11
1734 4
1733 4
1733 2
1732 2
1732 38
1731 38
1731 32
1730 32
1730 31
1729 31
1729 25
1728 25
1728 20
1727 20
1727 14
1726 14
1726 13
1725 13
1725 10
1724 10
1724 9
1723 9
1723 3
1722 3
1722 2
1721 2
1721 5
1720 5
1720 4
1719 4
1719 2
1718 2
1718 38
1717 38
1717 32
1716 32
1716 31
1715 31
1715 25
1714 25
1714 20
1713 20
1713 14
1712 14
1712 13
1711 13
1711 10
1710 10
1710 9
1709 9
1709 3
1708 3
1708 2
1707 2
1707 4
1706 4
1706 2
1705 2
1705 38
1704 38
1704 32
1703 32
1703 31
1702 31
1702 25
1701 25
1701 20
1700 20
1700 14
1699 14
1699 13
1698 13
1698 10
1697 10
1697 9
1696 9
1696 3
1695 3
1695 2
1694 2
1694 16
1693 16
1693 9
1692 9
1692 8
1691 8
1691 2
1690 2
1690 38
1689 38
1689 32
1688 32
1688 31
1687 31
1687 25
1686 25
1686 20
1685 20
1685 14
1684 14
1684 13
1683 13
1683 10
1682 10
1682 9
1681 9
1681 3
1680 3
1680 2
1679 2
1679 25
1678 25
1678 24
1677 24
1677 18
1676 18
1676 13
1675 13
1675 8
1674 8
1674 2
1673 2
1673 38
1672 38
1672 32
1671 32
1671 31
1670 31
1670 25
1669 25
1669 20
1668 20
1668 14
1667 14
1667 13
1666 13
1666 10
1665 10
1665 9
1664 9
1664 3
1663 3
1663 2
1662 2
1662 19
1661 19
1661 11
1660 11
1660 10
1659 10
1659 9
1658 9
1658 2
1657 2
1657 38
1656 38
1656 32
1655 32
1655 31
1654 31
1654 25
1653 25
1653 20
1652 20
1652 14
1651 14
1651 13
1650 13
1650 10
1649 10
1649 9
1648 9
1648 3
1647 3
1647 2
1646 2
1646 18
1645 18
1645 16
1644 16
1644 9
1643 9
1643 2
1642 2
1642 38
1641 38
1641 32
1640 32
1640 31
1639 31
1639 25
1638 25
1638 20
1637 20
1637 14
1636 14
1636 13
1635 13
1635 10
1634 10
1634 9
1633 9
1633 3
1632 3
1632 2
1631 2
1631 13
1630 13
1630 12
1629 12
1629 7
1628 7
1628 2
1627 2
1627 38
1626 38
1626 32
1625 32
1625 31
1624 31
1624 25
1623 25
1623 20
1622 20
1622 14
1621 14
1621 13
1620 13
1620 10
1619 10
1619 9
1618 9
1618 3
1617 3
1617 2
1616 2
1616 3
1615 3
1615 2
1614 2
1614 38
1613 38
1613 32
1612 32
1612 31
1611 31
1611 25
1610 25
1610 20
1609 20
1609 14
1608 14
1608 13
1607 13
1607 10
1606 10
1606 9
1605 9
1605 3
1604 3
1604 2
1603 2
1603 31
1602 31
1602 24
1601 24
1601 21
1600 21
1600 14
1599 14
1599 7
1598 7
1598 2
1597 2
1597 38
1596 38
1596 32
1595 32
1595 31
1594 31
1594 25
1593 25
1593 20
1592 20
1592 14
1591 14
1591 13
1590 13
1590 10
1589 10
1589 9
1588 9
1588 3
1587 3
1587 2
1586 2
1586 15
1585 15
1585 10
1584 10
1584 3
1583 3
1583 2
1582 2
1582 38
1581 38
1581 32
1580 32
1580 31
1579 31
1579 25
1578 25
1578 20
1577 20
1577 14
1576 14
1576 13
1575 13
1575 10
1574 10
1574 9
1573 9
1573 3
1572 3
1572 2
1571 2
1571 32
1570 32
1570 25
1569 25
1569 24
1568 24
1568 17
1567 17
1567 10
1566 10
1566 2
1565 2
1565 38
1564 38
1564 32
1563 32
1563 31
1562 31
1562 25
1561 25
1561 20
1560 20
1560 14
1559 14
1559 13
1558 13
1558 10
1557 10
1557 9
1556 9
1556 3
1555 3
1555 2
1554 2
1554 14
1553 14
1553 12
1552 12
1552 4
1551 4
1551 2
1550 2
1550 38
1549 38
1549 32
1548 32
1548 31
1547 31
1547 25
1546 25
1546 20
1545 20
1545 14
1544 14
1544 13
1543 13
1543 10
1542 10
1542 9
1541 9
1541 3
1540 3
1540 2
1539 2
1539 9
1538 9
1538 2
1537 2
1537 38
1536 38
1536 32
1535 32
1535 31
1534 31
1534 25
1533 25
1533 20
1532 20
1532 14
1531 14
1531 13
1530 13
1530 10
1529 10
1529 9
1528 9
1528 3
1527 3
1527 2
1526 2
1526 17
1525 17
1525 11
1524 11
1524 3
1523 3
1523 2
1522 2
1522 38
1521 38
1521 32
1520 32
1520 31
1519 31
1519 25
1518 25
1518 20
1517 20
1517 14
1516 14
1516 13
1515 13
1515 10
1514 10
1514 9
1513 9
1513 3
1512 3
1512 2
1511 2
1511 16
1510 16
1510 10
1509 10
1509 2
1508 2
1508 38
1507 38
1507 32
1506 32
1506 31
1505 31
1505 25
1504 25
1504 20
1503 20
1503 14
1502 14
1502 13
1501 13
1501 10
1500 10
1500 9
1499 9
1499 3
1498 3
1498 2
1497 2
1497 21
1496 21
1496 14
1495 14
1495 9
1494 9
1494 2
1493 2
1493 38
1492 38
1492 32
1491 32
1491 31
1490 31
1490 25
1489 25
1489 20
1488 20
1488 14
1487 14
1487 13
1486 13
1486 10
1485 10
1485 9
1484 9
1484 3
1483 3
1483 2
1482 2
1482 5
1481 5
1481 4
1480 4
1480 2
1479 2
1479 38
1478 38
1478 32
1477 32
1477 31
1476 31
1476 25
1475 25
1475 20
1474 20
1474 14
1473 14
1473 13
1472 13
1472 10
1471 10
1471 9
1470 9
1470 3
1469 3
1469 2
1468 2
1468 7
1467 7
1467 2
1466 2
1466 38
1465 38
1465 32
1464 32
1464 31
1463 31
1463 25
1462 25
1462 20
1461 20
1461 14
1460 14
1460 13
1459 13
1459 10
1458 10
1458 9
1457 9
1457 3
1456 3
1456 2
1455 2
1455 27
1454 27
1454 24
1453 24
1453 16
1452 16
1452 9
1451 9
1451 2
1450 2
1450 38
1449 38
1449 32
1448 32
1448 31
1447 31
1447 25
1446 25
1446 20
1445 20
1445 14
1444 14
1444 13
1443 13
1443 10
1442 10
1442 9
1441 9
1441 3
1440 3
1440 2
1439 2
1439 24
1438 24
1438 17
1437 17
1437 14
1436 14
1436 9
1435 9
1435 2
1434 2
1434 38
1433 38
1433 32
1432 32
1432 31
1431 31
1431 25
1430 25
1430 20
1429 20
1429 14
1428 14
1428 13
1427 13
1427 10
1426 10
1426 9
1425 9
1425 3
1424 3
1424 2
1423 2
1423 15
1422 15
1422 8
1421 8
1421 2
1420 2
1420 38
1419 38
1419 32
1418 32
1418 31
1417 31
1417 25
1416 25
1416 20
1415 20
1415 14
1414 14
1414 13
1413 13
1413 10
1412 10
1412 9
1411 9
1411 3
1410 3
1410 2
1409 2
1409 9
1408 9
1408 3
1407 3
1407 2
1406 2
1406 38
1405 38
1405 32
1404 32
1404 31
1403 31
1403 25
1402 25
1402 20
1401 20
1401 14
1400 14
1400 13
1399 13
1399 10
1398 10
1398 9
1397 9
1397 3
1396 3
1396 2
1395 2
1395 5
1394 5
1394 2
1393 2
1393 38
1392 38
1392 32
1391 32
1391 31
1390 31
1390 25
1389 25
1389 20
1388 20
1388 14
1387 14
1387 13
1386 13
1386 10
1385 10
1385 9
1384 9
1384 3
1383 3
1383 2
1382 2
1382 8
1381 8
1381 2
1380 2
1380 38
1379 38
1379 32
1378 32
1378 31
1377 31
1377 25
1376 25
1376 20
1375 20
1375 14
1374 14
1374 13
1373 13
1373 10
1372 10
1372 9
1371 9
1371 3
1370 3
1370 2
1369 2
1369 9
1368 9
1368 2
1367 2
1367 38
1366 38
1366 32
1365 32
1365 31
1364 31
1364 25
1363 25
1363 20
1362 20
1362 14
1361 14
1361 13
1360 13
1360 10
1359 10
1359 9
1358 9
1358 3
1357 3
1357 2
1356 2
1356 9
1355 9
1355 3
1354 3
1354 2
1353 2
1353 38
1352 38
1352 32
1351 32
1351 31
1350 31
1350 25
1349 25
1349 20
1348 20
1348 14
1347 14
1347 13
1346 13
1346 10
1345 10
1345 9
1344 9
1344 3
1343 3
1343 2
1342 2
1342 16
1341 16
1341 10
1340 10
1340 4
1339 4
1339 2
1338 2
1338 38
1337 38
1337 32
1336 32
1336 31
1335 31
1335 25
1334 25
1334 20
1333 20
1333 14
1332 14
1332 13
1331 13
1331 10
1330 10
1330 9
1329 9
1329 3
1328 3
1328 2
1327 2
1327 34
1326 34
1326 29
1325 29
1325 21
1324 21
1324 13
1323 13
1323 7
1322 7
1322 2
1321 2
1321 38
1320 38
1320 32
1319 32
1319 31
1318 31
1318 25
1317 25
1317 20
1316 20
1316 14
1315 14
1315 13
1314 13
1314 10
1313 10
1313 9
1312 9
1312 3
1311 3
1311 2
1310 2
1310 24
1309 24
1309 23
1308 23
1308 18
1307 18
1307 17
1306 17
1306 9
1305 9
1305 2
1304 2
1304 38
1303 38
1303 32
1302 32
1302 31
1301 31
1301 25
1300 25
1300 20
1299 20
1299 14
1298 14
1298 13
1297 13
1297 10
1296 10
1296 9
1295 9
1295 3
1294 3
1294 2
1293 2
1293 19
1292 19
1292 18
1291 18
1291 15
1290 15
1290 14
1289 14
1289 8
1288 8
1288 2
1287 2
1287 38
1286 38
1286 32
1285 32
1285 31
1284 31
1284 25
1283 25
1283 20
1282 20
1282 14
1281 14
1281 13
1280 13
1280 10
1279 10
1279 9
1278 9
1278 3
1277 3
1277 2
1276 2
1276 26
1275 26
1275 21
1274 21
1274 20
1273 20
1273 13
1272 13
1272 10
1271 10
1271 2
1270 2
1270 38
1269 38
1269 32
1268 32
1268 31
1267 31
1267 25
1266 25
1266 20
1265 20
1265 14
1264 14
1264 13
1263 13
1263 10
1262 10
1262 9
1261 9
1261 3
1260 3
1260 2
1259 2
1259 12
1258 12
1258 10
1257 10
1257 9
1256 9
1256 8
1255 8
1255 2
1254 2
1254 38
1253 38
1253 32
1252 32
1252 31
1251 31
1251 25
1250 25
1250 20
1249 20
1249 14
1248 14
1248 13
1247 13
1247 10
1246 10
1246 9
1245 9
1245 3
1244 3
1244 2
1243 2
1243 21
1242 21
1242 15
1241 15
1241 14
1240 14
1240 7
1239 7
1239 2
1238 2
1238 38
1237 38
1237 32
1236 32
1236 31
1235 31
1235 25
1234 25
1234 20
1233 20
1233 14
1232 14
1232 13
1231 13
1231 10
1230 10
1230 9
1229 9
1229 3
1228 3
1228 2
1227 2
1227 24
1226 24
1226 16
1225 16
1225 11
1224 11
1224 4
1223 4
1223 3
1222 3
1222 2
1221 2
1221 38
1220 38
1220 32
1219 32
1219 31
1218 31
1218 25
1217 25
1217 20
1216 20
1216 14
1215 14
1215 13
1214 13
1214 10
1213 10
1213 9
1212 9
1212 3
1211 3
1211 2
1210 2
1210 14
1209 14
1209 12
1208 12
1208 11
1207 11
1207 8
1206 8
1206 2
1205 2
1205 38
1204 38
1204 32
1203 32
1203 31
1202 31
1202 25
1201 25
1201 20
1200 20
1200 14
1199 14
1199 13
1198 13
1198 10
1197 10
1197 9
1196 9
1196 3
1195 3
1195 2
1194 2
1194 23
1193 23
1193 20
1192 20
1192 14
1191 14
1191 7
1190 7
1190 2
1189 2
1189 38
1188 38
1188 32
1187 32
1187 31
1186 31
1186 25
1185 25
1185 20
1184 20
1184 14
1183 14
1183 13
1182 13
1182 10
1181 10
1181 9
1180 9
1180 3
1179 3
1179 2
1178 2
1178 5
1177 5
1177 2
1176 2
1176 38
1175 38
1175 32
1174 32
1174 31
1173 31
1173 25
1172 25
1172 20
1171 20
1171 14
1170 14
1170 13
1169 13
1169 10
1168 10
1168 9
1167 9
1167 3
1166 3
1166 2
1165 2
1165 4
1164 4
1164 2
1163 2
1163 38
1162 38
1162 32
1161 32
1161 31
1160 31
1160 25
1159 25
1159 20
1158 20
1158 14
1157 14
1157 13
1156 13
1156 10
1155 10
1155 9
1154 9
1154 3
1153 3
1153 2
1152 2
1152 12
1151 12
1151 5
1150 5
1150 2
1149 2
1149 38
1148 38
1148 32
1147 32
1147 31
1146 31
1146 25
1145 25
1145 20
1144 20
1144 14
1143 14
1143 13
1142 13
1142 10
1141 10
1141 9
1140 9
1140 3
1139 3
1139 2
1138 2
1138 10
1137 10
1137 3
1136 3
1136 2
1135 2
1135 38
1134 38
1134 32
1133 32
1133 31
1132 31
1132 25
1131 25
1131 20
1130 20
1130 14
1129 14
1129 13
1128 13
1128 10
1127 10
1127 9
1126 9
1126 3
1125 3
1125 2
1124 2
1124 29
1123 29
1123 23
1122 23
1122 16
1121 16
1121 10
1120 10
1120 4
1119 4
1119 2
1118 2
1118 38
1117 38
1117 32
1116 32
1116 31
1115 31
1115 25
1114 25
1114 20
1113 20
1113 14
1112 14
1112 13
1111 13
1111 10
1110 10
1110 9
1109 9
1109 3
1108 3
1108 2
1107 2
1107 24
1106 24
1106 16
1105 16
1105 15
1104 15
1104 13
1103 13
1103 7
1102 7
1102 2
1101 2
1101 38
1100 38
1100 32
1099 32
1099 31
1098 31
1098 25
1097 25
1097 20
1096 20
1096 14
1095 14
1095 13
1094 13
1094 10
1093 10
1093 9
1092 9
1092 3
1091 3
1091 2
1090 2
1090 7
1089 7
1089 2
1088 2
1088 38
1087 38
1087 32
1086 32
1086 31
1085 31
1085 25
1084 25
1084 20
1083 20
1083 14
1082 14
1082 13
1081 13
1081 10
1080 10
1080 9
1079 9
1079 3
1078 3
1078 2
1077 2
1077 14
1076 14
1076 13
1075 13
1075 10
1074 10
1074 2
1073 2
1073 38
1072 38
1072 32
1071 32
1071 31
1070 31
1070 25
1069 25
1069 20
1068 20
1068 14
1067 14
1067 13
1066 13
1066 10
1065 10
1065 9
1064 9
1064 3
1063 3
1063 2
1062 2
1062 19
1061 19
1061 13
1060 13
1060 12
1059 12
1059 4
1058 4
1058 3
1057 3
1057 2
1056 2
1056 38
1055 38
1055 32
1054 32
1054 31
1053 31
1053 25
1052 25
1052 20
1051 20
1051 14
1050 14
1050 13
1049 13
1049 10
1048 10
1048 9
1047 9
1047 3
1046 3
1046 2
1045 2
1045 9
1044 9
1044 3
1043 3
1043 2
1042 2
1042 38
1041 38
1041 32
1040 32
1040 31
1039 31
1039 25
1038 25
1038 20
1037 20
1037 14
1036 14
1036 13
1035 13
1035 10
1034 10
1034 9
1033 9
1033 3
1032 3
1032 2
1031 2
1031 23
1030 23
1030 20
1029 20
1029 18
1028 18
1028 11
1027 11
1027 8
1026 8
1026 2
1025 2
1025 38
1024 38
1024 32
1023 32
1023 31
1022 31
1022 25
1021 25
1021 20
1020 20
1020 14
1019 14
1019 13
1018 13
1018 10
1017 10
1017 9
1016 9
1016 3
1015 3
1015 2
1014 2
1014 24
1013 24
1013 18
1012 18
1012 10
1011 10
1011 5
1010 5
1010 2
1009 2
1009 38
1008 38
1008 32
1007 32
1007 31
1006 31
1006 25
1005 25
1005 20
1004 20
1004 14
1003 14
1003 13
1002 13
1002 10
1001 10
1001 9
1000 9
1000 3
999 3
999 2
998 2
998 14
997 14
997 8
996 8
996 2
995 2
995 38
994 38
994 32
993 32
993 31
992 31
992 25
991 25
991 20
990 20
990 14
989 14
989 13
988 13
988 10
987 10
987 9
986 9
986 3
985 3
985 2
984 2
984 13
983 13
983 12
982 12
982 11
981 11
981 10
980 10
980 2
979 2
979 38
978 38
978 32
977 32
977 31
976 31
976 25
975 25
975 20
974 20
974 14
973 14
973 13
972 13
972 10
971 10
971 9
970 9
970 3
969 3
969 2
968 2
968 16
967 16
967 14
966 14
966 8
965 8
965 2
964 2
964 38
963 38
963 32
962 32
962 31
961 31
961 25
960 25
960 20
959 20
959 14
958 14
958 13
957 13
957 10
956 10
956 9
955 9
955 3
954 3
954 2
953 2
953 4
952 4
952 2
951 2
951 38
950 38
950 32
949 32
949 31
948 31
948 25
947 25
947 20
946 20
946 14
945 14
945 13
944 13
944 10
943 10
943 9
942 9
942 3
941 3
941 2
940 2
940 21
939 21
939 18
938 18
938 11
937 11
937 5
936 5
936 2
935 2
935 38
934 38
934 32
933 32
933 31
932 31
932 25
931 25
931 20
930 20
930 14
929 14
929 13
928 13
928 10
927 10
927 9
926 9
926 3
925 3
925 2
924 2
924 23
923 23
923 16
922 16
922 10
921 10
921 4
920 4
920 2
919 2
919 38
918 38
918 32
917 32
917 31
916 31
916 25
915 25
915 20
914 20
914 14
913 14
913 13
912 13
912 10
911 10
911 9
910 9
910 3
909 3
909 2
908 2
908 26
907 26
907 23
906 23
906 15
905 15
905 9
904 9
904 8
903 8
903 2
902 2
902 38
901 38
901 32
900 32
900 31
899 31
899 25
898 25
898 20
897 20
897 14
896 14
896 13
895 13
895 10
894 10
894 9
893 9
893 3
892 3
892 2
891 2
891 22
890 22
890 17
889 17
889 15
888 15
888 9
887 9
887 2
886 2
886 38
885 38
885 32
884 32
884 31
883 31
883 25
882 25
882 20
881 20
881 14
880 14
880 13
879 13
879 10
878 10
878 9
877 9
877 3
876 3
876 2
875 2
875 22
874 22
874 16
873 16
873 10
872 10
872 3
871 3
871 2
870 2
870 38
869 38
869 32
868 32
868 31
867 31
867 25
866 25
866 20
865 20
865 14
864 14
864 13
863 13
863 10
862 10
862 9
861 9
861 3
860 3
860 2
859 2
859 5
858 5
858 2
857 2
857 38
856 38
856 32
855 32
855 31
854 31
854 25
853 25
853 20
852 20
852 14
851 14
851 13
850 13
850 10
849 10
849 9
848 9
848 3
847 3
847 2
846 2
846 15
845 15
845 13
844 13
844 7
843 7
843 4
842 4
842 3
841 3
841 2
840 2
840 38
839 38
839 32
838 32
838 31
837 31
837 25
836 25
836 20
835 20
835 14
834 14
834 13
833 13
833 10
832 10
832 9
831 9
831 3
830 3
830 2
829 2
829 21
828 21
828 15
827 15
827 7
826 7
826 2
825 2
825 38
824 38
824 32
823 32
823 31
822 31
822 25
821 25
821 20
820 20
820 14
819 14
819 13
818 13
818 10
817 10
817 9
816 9
816 3
815 3
815 2
814 2
814 8
813 8
813 2
812 2
812 38
811 38
811 32
810 32
810 31
809 31
809 25
808 25
808 20
807 20
807 14
806 14
806 13
805 13
805 10
804 10
804 9
803 9
803 3
802 3
802 2
801 2
801 10
800 10
800 5
799 5
799 4
798 4
798 2
797 2
797 38
796 38
796 32
795 32
795 31
794 31
794 25
793 25
793 20
792 20
792 14
791 14
791 13
790 13
790 10
789 10
789 9
788 9
788 3
787 3
787 2
786 2
786 3
785 3
785 2
784 2
784 38
783 38
783 32
782 32
782 31
781 31
781 25
780 25
780 20
779 20
779 14
778 14
778 13
777 13
777 10
776 10
776 9
775 9
775 3
774 3
774 2
773 2
773 9
772 9
772 6
771 6
771 4
770 4
770 2
769 2
769 38
768 38
768 32
767 32
767 31
766 31
766 25
765 25
765 20
764 20
764 14
763 14
763 13
762 13
762 10
761 10
761 9
760 9
760 3
759 3
759 2
758 2
758 14
757 14
757 8
756 8
756 7
755 7
755 2
754 2
754 38
753 38
753 32
752 32
752 31
751 31
751 25
750 25
750 20
749 20
749 14
748 14
748 13
747 13
747 10
746 10
746 9
745 9
745 3
744 3
744 2
743 2
743 9
742 9
742 8
741 8
741 2
740 2
740 38
739 38
739 32
738 32
738 31
737 31
737 25
736 25
736 20
735 20
735 14
734 14
734 13
733 13
733 10
732 10
732 9
731 9
731 3
730 3
730 2
729 2
729 8
728 8
728 2
727 2
727 38
726 38
726 32
725 32
725 31
724 31
724 25
723 25
723 20
722 20
722 14
721 14
721 13
720 13
720 10
719 10
719 9
718 9
718 3
717 3
717 2
716 2
716 32
715 32
715 24
714 24
714 16
713 16
713 9
712 9
712 2
711 2
711 38
710 38
710 32
709 32
709 31
708 31
708 25
707 25
707 20
706 20
706 14
705 14
705 13
704 13
704 10
703 10
703 9
702 9
702 3
701 3
701 2
700 2
700 14
699 14
699 9
698 9
698 2
697 2
697 38
696 38
696 32
695 32
695 31
694 31
694 25
693 25
693 20
692 20
692 14
691 14
691 13
690 13
690 10
689 10
689 9
688 9
688 3
687 3
687 2
686 2
686 5
685 5
685 2
684 2
684 38
683 38
683 32
682 32
682 31
681 31
681 25
680 25
680 20
679 20
679 14
678 14
678 13
677 13
677 10
676 10
676 9
675 9
675 3
674 3
674 2
673 2
673 17
672 17
672 16
671 16
671 9
670 9
670 3
669 3
669 2
668 2
668 38
667 38
667 32
666 32
666 31
665 31
665 25
664 25
664 20
663 20
663 14
662 14
662 13
661 13
661 10
660 10
660 9
659 9
659 3
658 3
658 2
657 2
657 15
656 15
656 8
655 8
655 2
654 2
654 38
653 38
653 32
652 32
652 31
651 31
651 25
650 25
650 20
649 20
649 14
648 14
648 13
647 13
647 10
646 10
646 9
645 9
645 3
644 3
644 2
643 2
643 18
642 18
642 16
641 16
641 8
640 8
640 2
639 2
639 38
638 38
638 32
637 32
637 31
636 31
636 25
635 25
635 20
634 20
634 14
633 14
633 13
632 13
632 10
631 10
631 9
630 9
630 3
629 3
629 2
628 2
628 30
627 30
627 23
626 23
626 16
625 16
625 10
624 10
624 4
623 4
623 2
622 2
622 38
621 38
621 32
620 32
620 31
619 31
619 25
618 25
618 20
617 20
617 14
616 14
616 13
615 13
615 10
614 10
614 9
613 9
613 3
612 3
612 2
611 2
611 24
610 24
610 18
609 18
609 16
608 16
608 11
607 11
607 8
606 8
606 2
605 2
605 38
604 38
604 32
603 32
603 31
602 31
602 25
601 25
601 20
600 20
600 14
599 14
599 13
598 13
598 10
597 10
597 9
596 9
596 3
595 3
595 2
594 2
594 25
593 25
593 17
592 17
592 11
591 11
591 8
590 8
590 3
589 3
589 2
588 2
588 38
587 38
587 32
586 32
586 31
585 31
585 25
584 25
584 20
583 20
583 14
582 14
582 13
581 13
581 10
580 10
580 9
579 9
579 3
578 3
578 2
577 2
577 25
576 25
576 17
575 17
575 9
574 9
574 2
573 2
573 38
572 38
572 32
571 32
571 31
570 31
570 25
569 25
569 20
568 20
568 14
567 14
567 13
566 13
566 10
565 10
565 9
564 9
564 3
563 3
563 2
562 2
562 7
561 7
561 2
560 2
560 38
559 38
559 32
558 32
558 31
557 31
557 25
556 25
556 20
555 20
555 14
554 14
554 13
553 13
553 10
552 10
552 9
551 9
551 3
550 3
550 2
549 2
549 7
548 7
548 2
547 2
547 38
546 38
546 32
545 32
545 31
544 31
544 25
543 25
543 20
542 20
542 14
541 14
541 13
540 13
540 10
539 10
539 9
538 9
538 3
537 3
537 2
536 2
536 23
535 23
535 21
534 21
534 16
533 16
533 10
532 10
532 3
531 3
531 2
530 2
530 38
529 38
529 32
528 32
528 31
527 31
527 25
526 25
526 20
525 20
525 14
524 14
524 13
523 13
523 10
522 10
522 9
521 9
521 3
520 3
520 2
519 2
519 22
518 22
518 17
517 17
517 10
516 10
516 9
515 9
515 4
514 4
514 2
513 2
513 38
512 38
512 32
511 32
511 31
510 31
510 25
509 25
509 20
508 20
508 14
507 14
507 13
506 13
506 10
505 10
505 9
504 9
504 3
503 3
503 2
502 2
502 28
501 28
501 22
500 22
500 17
499 17
499 10
498 10
498 9
497 9
497 2
496 2
496 38
495 38
495 32
494 32
494 31
493 31
493 25
492 25
492 20
491 20
491 14
490 14
490 13
489 13
489 10
488 10
488 9
487 9
487 3
486 3
486 2
485 2
485 13
484 13
484 8
483 8
483 2
482 2
482 38
481 38
481 32
480 32
480 31
479 31
479 25
478 25
478 20
477 20
477 14
476 14
476 13
475 13
475 10
474 10
474 9
473 9
473 3
472 3
472 2
471 2
471 16
470 16
470 15
469 15
469 8
468 8
468 2
467 2
467 38
466 38
466 32
465 32
465 31
464 31
464 25
463 25
463 20
462 20
462 14
461 14
461 13
460 13
460 10
459 10
459 9
458 9
458 3
457 3
457 2
456 2
456 14
455 14
455 9
454 9
454 7
453 7
453 2
452 2
452 38
451 38
451 32
450 32
450 31
449 31
449 25
448 25
448 20
447 20
447 14
446 14
446 13
445 13
445 10
444 10
444 9
443 9
443 3
442 3
442 2
441 2
441 8
440 8
440 2
439 2
439 38
438 38
438 32
437 32
437 31
436 31
436 25
435 25
435 20
434 20
434 14
433 14
433 13
432 13
432 10
431 10
431 9
430 9
430 3
429 3
429 2
428 2
428 6
427 6
427 5
426 5
426 2
425 2
425 38
424 38
424 32
423 32
423 31
422 31
422 25
421 25
421 20
420 20
420 14
419 14
419 13
418 13
418 10
417 10
417 9
416 9
416 3
415 3
415 2
414 2
414 30
413 30
413 29
412 29
412 21
411 21
411 14
410 14
410 8
409 8
409 2
408 2
408 38
407 38
407 32
406 32
406 31
405 31
405 25
404 25
404 20
403 20
403 14
402 14
402 13
401 13
401 10
400 10
400 9
399 9
399 3
398 3
398 2
397 2
397 17
396 17
396 15
395 15
395 14
394 14
394 8
393 8
393 2
392 2
392 38
391 38
391 32
390 32
390 31
389 31
389 25
388 25
388 20
387 20
387 14
386 14
386 13
385 13
385 10
384 10
384 9
383 9
383 3
382 3
382 2
381 2
381 17
380 17
380 16
379 16
379 14
378 14
378 8
377 8
377 2
376 2
376 38
375 38
375 32
374 32
374 31
373 31
373 25
372 25
372 20
371 20
371 14
370 14
370 13
369 13
369 10
368 10
368 9
367 9
367 3
366 3
366 2
365 2
365 3
364 3
364 2
363 2
363 38
362 38
362 32
361 32
361 31
360 31
360 25
359 25
359 20
358 20
358 14
357 14
357 13
356 13
356 10
355 10
355 9
354 9
354 3
353 3
353 2
352 2
352 3
351 3
351 2
350 2
350 38
349 38
349 32
348 32
348 31
347 31
347 25
346 25
346 20
345 20
345 14
344 14
344 13
343 13
343 10
342 10
342 9
341 9
341 3
340 3
340 2
339 2
339 31
338 31
338 23
337 23
337 16
336 16
336 10
335 10
335 4
334 4
334 2
333 2
333 38
332 38
332 32
331 32
331 31
330 31
330 25
329 25
329 20
328 20
328 14
327 14
327 13
326 13
326 10
325 10
325 9
324 9
324 3
323 3
323 2
322 2
322 31
321 31
321 24
320 24
320 16
319 16
319 15
318 15
318 8
317 8
317 2
316 2
316 38
315 38
315 32
314 32
314 31
313 31
313 25
312 25
312 20
311 20
311 14
310 14
310 13
309 13
309 10
308 10
308 9
307 9
307 3
306 3
306 2
305 2
305 11
304 11
304 10
303 10
303 9
302 9
302 2
301 2
301 38
300 38
300 32
299 32
299 31
298 31
298 25
297 25
297 20
296 20
296 14
295 14
295 13
294 13
294 10
293 10
293 9
292 9
292 3
291 3
291 2
290 2
290 10
289 10
289 2
288 2
288 38
287 38
287 32
286 32
286 31
285 31
285 25
284 25
284 20
283 20
283 14
282 14
282 13
281 13
281 10
280 10
280 9
279 9
279 3
278 3
278 2
277 2
277 23
276 23
276 18
275 18
275 17
274 17
274 9
273 9
273 2
272 2
272 38
271 38
271 32
270 32
270 31
269 31
269 25
268 25
268 20
267 20
267 14
266 14
266 13
265 13
265 10
264 10
264 9
263 9
263 3
262 3
262 2
261 2
261 29
260 29
260 28
259 28
259 25
258 25
258 18
257 18
257 10
256 10
256 2
255 2
255 38
254 38
254 32
253 32
253 31
252 31
252 25
251 25
251 20
250 20
250 14
249 14
249 13
248 13
248 10
247 10
247 9
246 9
246 3
245 3
245 2
244 2
244 32
243 32
243 30
242 30
242 24
241 24
241 16
240 16
240 9
239 9
239 2
238 2
238 38
237 38
237 32
236 32
236 31
235 31
235 25
234 25
234 20
233 20
233 14
232 14
232 13
231 13
231 10
230 10
230 9
229 9
229 3
228 3
228 2
227 2
227 9
226 9
226 2
225 2
225 38
224 38
224 32
223 32
223 31
222 31
222 25
221 25
221 20
220 20
220 14
219 14
219 13
218 13
218 10
217 10
217 9
216 9
216 3
215 3
215 2
214 2
214 30
213 30
213 23
212 23
212 16
211 16
211 9
210 9
210 2
209 2
209 38
208 38
208 32
207 32
207 31
206 31
206 25
205 25
205 20
204 20
204 14
203 14
203 13
202 13
202 10
201 10
201 9
200 9
200 3
199 3
199 2
198 2
198 4
197 4
197 2
196 2
196 38
195 38
195 32
194 32
194 31
193 31
193 25
192 25
192 20
191 20
191 14
190 14
190 13
189 13
189 10
188 10
188 9
187 9
187 3
186 3
186 2
185 2
185 9
184 9
184 2
183 2
183 38
182 38
182 32
181 32
181 31
180 31
180 25
179 25
179 20
178 20
178 14
177 14
177 13
176 13
176 10
175 10
175 9
174 9
174 3
173 3
173 2
172 2
172 3
171 3
171 2
170 2
170 38
169 38
169 32
168 32
168 31
167 31
167 25
166 25
166 20
165 20
165 14
164 14
164 13
163 13
163 10
162 10
162 9
161 9
161 3
160 3
160 2
159 2
159 23
158 23
158 16
157 16
157 11
156 11
156 3
155 3
155 2
154 2
154 38
153 38
153 32
152 32
152 31
151 31
151 25
150 25
150 20
149 20
149 14
148 14
148 13
147 13
147 10
146 10
146 9
145 9
145 3
144 3
144 2
143 2
143 10
142 10
142 2
141 2
141 38
140 38
140 32
139 32
139 31
138 31
138 25
137 25
137 20
136 20
136 14
135 14
135 13
134 13
134 10
133 10
133 9
132 9
132 3
131 3
131 2
130 2
130 23
129 23
129 17
128 17
128 11
127 11
127 10
126 10
126 3
125 3
125 2
124 2
124 38
123 38
123 32
122 32
122 31
121 31
121 25
120 25
120 20
119 20
119 14
118 14
118 13
117 13
117 10
116 10
116 9
115 9
115 3
114 3
114 2
113 2
113 19
112 19
112 14
111 14
111 9
110 9
110 2
109 2
109 38
108 38
108 32
107 32
107 31
106 31
106 25
105 25
105 20
104 20
104 14
103 14
103 13
102 13
102 10
101 10
101 9
100 9
100 3
99 3
99 2
98 2
98 17
97 17
97 10
96 10
96 2
95 2
95 38
94 38
94 32
93 32
93 31
92 31
92 25
91 25
91 20
90 20
90 14
89 14
89 13
88 13
88 10
87 10
87 9
86 9
86 3
85 3
85 2
84 2
84 35
83 35
83 28
82 28
82 22
81 22
81 17
80 17
80 9
79 9
79 2
78 2
78 38
77 38
77 32
76 32
76 31
75 31
75 25
74 25
74 20
73 20
73 14
72 14
72 13
71 13
71 10
70 10
70 9
69 9
69 3
68 3
68 2
67 2
67 23
66 23
66 16
65 16
65 13
64 13
64 8
63 8
63 7
62 7
62 2
61 2
61 38
60 38
60 32
59 32
59 31
58 31
58 25
57 25
57 20
56 20
56 14
55 14
55 13
54 13
54 10
53 10
53 9
52 9
52 3
51 3
51 2
50 2
50 10
49 10
49 8
48 8
48 3
47 3
47 2
46 2
46 38
45 38
45 32
44 32
44 31
43 31
43 25
42 25
42 20
41 20
41 14
40 14
40 13
39 13
39 10
38 10
38 9
37 9
37 3
36 3
36 2
35 2
35 21
34 21
34 14
33 14
33 13
32 13
32 5
31 5
31 3
30 3
30 2
29 2
29 38
28 38
28 32
27 32
27 31
26 31
26 25
25 25
25 20
24 20
24 14
23 14
23 13
22 13
22 10
21 10
21 9
20 9
20 3
19 3
19 2
18 2
18 16
17 16
17 8
16 8
16 3
15 3
15 2
14 2
14 38
13 38
13 32
12 32
12 31
11 31
11 25
10 25
10 20
9 20
9 14
8 14
8 13
7 13
7 10
6 10
6 9
5 9
5 3
4 3
4 2
3 2
3 9
2 9
2 2
1 2
1 1
34
18 1
18 37
17 37
17 31
16 31
16 30
15 30
15 24
14 24
14 19
13 19
13 13
12 13
12 12
11 12
11 9
10 9
10 8
9 8
9 2
8 2
8 1
7 1
7 14
6 14
6 12
5 12
5 6
4 6
4 3
3 3
3 2
2 2
2 1
26
14 1
14 37
13 37
13 31
12 31
12 30
11 30
11 24
10 24
10 19
9 19
9 13
8 13
8 12
7 12
7 9
6 9
6 8
5 8
5 2
4 2
4 1
3 1
3 2
2 2
2 1
28
2 1
2 2
3 2
3 8
4 8
4 9
5 9
5 12
6 12
6 13
7 13
7 19
8 19
8 24
9 24
9 30
10 30
10 31
11 31
11 37
12 37
12 1
13 1
13 2
14 2
14 8
15 8
15 1
34
2 1
2 7
3 7
3 12
4 12
4 17
5 17
5 23
6 23
6 24
7 24
7 1
8 1
8 2
9 2
9 8
10 8
10 9
11 9
11 12
12 12
12 13
13 13
13 19
14 19
14 24
15 24
15 30
16 30
16 31
17 31
17 37
18 37
18 1
34
18 1
18 25
17 25
17 22
16 22
16 14
15 14
15 8
14 8
14 7
13 7
13 1
12 1
12 37
11 37
11 31
10 31
10 30
9 30
9 24
8 24
8 19
7 19
7 13
6 13
6 12
5 12
5 9
4 9
4 8
3 8
3 2
2 2
2 1
32
17 1
17 21
16 21
16 15
15 15
15 9
14 9
14 2
13 2
13 1
12 1
12 37
11 37
11 31
10 31
10 30
9 30
9 24
8 24
8 19
7 19
7 13
6 13
6 12
5 12
5 9
4 9
4 8
3 8
3 2
2 2
2 1
28
15 1
15 37
14 37
14 31
13 31
13 30
12 30
12 24
11 24
11 19
10 19
10 13
9 13
9 12
8 12
8 9
7 9
7 8
6 8
6 2
5 2
5 1
4 1
4 11
3 11
3 4
2 4
2 1
32
17 1
17 30
16 30
16 23
15 23
15 16
14 16
14 8
13 8
13 1
12 1
12 37
11 37
11 31
10 31
10 30
9 30
9 24
8 24
8 19
7 19
7 13
6 13
6 12
5 12
5 9
4 9
4 8
3 8
3 2
2 2
2 1
26
2 1
2 2
3 2
3 8
4 8
4 9
5 9
5 12
6 12
6 13
7 13
7 19
8 19
8 24
9 24
9 30
10 30
10 31
11 31
11 37
12 37
12 1
13 1
13 8
14 8
14 1
32
17 1
17 37
16 37
16 31
15 31
15 30
14 30
14 24
13 24
13 19
12 19
12 13
11 13
11 12
10 12
10 9
9 9
9 8
8 8
8 2
7 2
7 1
6 1
6 22
5 22
5 17
4 17
4 16
3 16
3 8
2 8
2 1
30
2 1
2 2
3 2
3 10
4 10
4 16
5 16
5 1
6 1
6 2
7 2
7 8
8 8
8 9
9 9
9 12
10 12
10 13
11 13
11 19
12 19
12 24
13 24
13 30
14 30
14 31
15 31
15 37
16 37
16 1
28
15 1
15 10
14 10
14 3
13 3
13 1
12 1
12 37
11 37
11 31
10 31
10 30
9 30
9 24
8 24
8 19
7 19
7 13
6 13
6 12
5 12
5 9
4 9
4 8
3 8
3 2
2 2
2 1
26
14 1
14 7
13 7
13 1
12 1
12 37
11 37
11 31
10 31
10 30
9 30
9 24
8 24
8 19
7 19
7 13
6 13
6 12
5 12
5 9
4 9
4 8
3 8
3 2
2 2
2 1
26
2 1
2 6
3 6
3 1
4 1
4 2
5 2
5 8
6 8
6 9
7 9
7 12
8 12
8 13
9 13
9 19
10 19
10 24
11 24
11 30
12 30
12 31
13 31
13 37
14 37
14 1
28
2 1
2 2
3 2
3 8
4 8
4 9
5 9
5 12
6 12
6 13
7 13
7 19
8 19
8 24
9 24
9 30
10 30
10 31
11 31
11 37
12 37
12 1
13 1
13 2
14 2
14 9
15 9
15 1
34
18 1
18 37
17 37
17 31
16 31
16 30
15 30
15 24
14 24
14 19
13 19
13 13
12 13
12 12
11 12
11 9
10 9
10 8
9 8
9 2
8 2
8 1
7 1
7 18
6 18
6 12
5 12
5 11
4 11
4 3
3 3
3 2
2 2
2 1
30
2 1
2 2
3 2
3 8
4 8
4 9
5 9
5 12
6 12
6 13
7 13
7 19
8 19
8 24
9 24
9 30
10 30
10 31
11 31
11 37
12 37
12 1
13 1
13 8
14 8
14 15
15 15
15 17
16 17
16 1
32
17 1
17 37
16 37
16 31
15 31
15 30
14 30
14 24
13 24
13 19
12 19
12 13
11 13
11 12
10 12
10 9
9 9
9 8
8 8
8 2
7 2
7 1
6 1
6 13
5 13
5 10
4 10
4 9
3 9
3 2
2 2
2 1
30
16 1
16 13
15 13
15 11
14 11
14 6
13 6
13 1
12 1
12 37
11 37
11 31
10 31
10 30
9 30
9 24
8 24
8 19
7 19
7 13
6 13
6 12
5 12
5 9
4 9
4 8
3 8
3 2
2 2
2 1
30
16 1
16 23
15 23
15 15
14 15
14 8
13 8
13 1
12 1
12 37
11 37
11 31
10 31
10 30
9 30
9 24
8 24
8 19
7 19
7 13
6 13
6 12
5 12
5 9
4 9
4 8
3 8
3 2
2 2
2 1
26
14 1
14 37
13 37
13 31
12 31
12 30
11 30
11 24
10 24
10 19
9 19
9 13
8 13
8 12
7 12
7 9
6 9
6 8
5 8
5 2
4 2
4 1
3 1
3 4
2 4
2 1
34
2 1
2 6
3 6
3 12
4 12
4 14
5 14
5 15
6 15
6 23
7 23
7 1
8 1
8 2
9 2
9 8
10 8
10 9
11 9
11 12
12 12
12 13
13 13
13 19
14 19
14 24
15 24
15 30
16 30
16 31
17 31
17 37
18 37
18 1
26
2 1
2 3
3 3
3 1
4 1
4 2
5 2
5 8
6 8
6 9
7 9
7 12
8 12
8 13
9 13
9 19
10 19
10 24
11 24
11 30
12 30
12 31
13 31
13 37
14 37
14 1
26
2 1
2 2
3 2
3 8
4 8
4 9
5 9
5 12
6 12
6 13
7 13
7 19
8 19
8 24
9 24
9 30
10 30
10 31
11 31
11 37
12 37
12 1
13 1
13 2
14 2
14 1
26
14 1
14 37
13 37
13 31
12 31
12 30
11 30
11 24
10 24
10 19
9 19
9 13
8 13
8 12
7 12
7 9
6 9
6 8
5 8
5 2
4 2
4 1
3 1
3 2
2 2
2 1
30
2 1
2 3
3 3
3 5
4 5
4 8
5 8
5 1
6 1
6 2
7 2
7 8
8 8
8 9
9 9
9 12
10 12
10 13
11 13
11 19
12 19
12 24
13 24
13 30
14 30
14 31
15 31
15 37
16 37
16 1
26
2 1
2 4
3 4
3 1
4 1
4 2
5 2
5 8
6 8
6 9
7 9
7 12
8 12
8 13
9 13
9 19
10 19
10 24
11 24
11 30
12 30
12 31
13 31
13 37
14 37
14 1
34
2 1
2 3
3 3
3 9
4 9
4 10
5 10
5 17
6 17
6 24
7 24
7 1
8 1
8 2
9 2
9 8
10 8
10 9
11 9
11 12
12 12
12 13
13 13
13 19
14 19
14 24
15 24
15 30
16 30
16 31
17 31
17 37
18 37
18 1
28
15 1
15 37
14 37
14 31
13 31
13 30
12 30
12 24
11 24
11 19
10 19
10 13
9 13
9 12
8 12
8 9
7 9
7 8
6 8
6 2
5 2
5 1
4 1
4 11
3 11
3 4
2 4
2 1
34
18 1
18 37
17 37
17 31
16 31
16 30
15 30
15 24
14 24
14 19
13 19
13 13
12 13
12 12
11 12
11 9
10 9
10 8
9 8
9 2
8 2
8 1
7 1
7 22
6 22
6 19
5 19
5 17
4 17
4 10
3 10
3 7
2 7
2 1
34
18 1
18 26
17 26
17 23
16 23
16 18
15 18
15 10
14 10
14 8
13 8
13 1
12 1
12 37
11 37
11 31
10 31
10 30
9 30
9 24
8 24
8 19
7 19
7 13
6 13
6 12
5 12
5 9
4 9
4 8
3 8
3 2
2 2
2 1
30
2 1
2 2
3 2
3 8
4 8
4 9
5 9
5 12
6 12
6 13
7 13
7 19
8 19
8 24
9 24
9 30
10 30
10 31
11 31
11 37
12 37
12 1
13 1
13 6
14 6
14 11
15 11
15 12
16 12
16 1
34
2 1
2 7
3 7
3 13
4 13
4 20
5 20
5 28
6 28
6 29
7 29
7 1
8 1
8 2
9 2
9 8
10 8
10 9
11 9
11 12
12 12
12 13
13 13
13 19
14 19
14 24
15 24
15 30
16 30
16 31
17 31
17 37
18 37
18 1
34
18 1
18 31
17 31
17 29
16 29
16 23
15 23
15 15
14 15
14 8
13 8
13 1
12 1
12 37
11 37
11 31
10 31
10 30
9 30
9 24
8 24
8 19
7 19
7 13
6 13
6 12
5 12
5 9
4 9
4 8
3 8
3 2
2 2
2 1
26
2 1
2 2
3 2
3 8
4 8
4 9
5 9
5 12
6 12
6 13
7 13
7 19
8 19
8 24
9 24
9 30
10 30
10 31
11 31
11 37
12 37
12 1
13 1
13 6
14 6
14 1
26
14 1
14 8
13 8
13 1
12 1
12 37
11 37
11 31
10 31
10 30
9 30
9 24
8 24
8 19
7 19
7 13
6 13
6 12
5 12
5 9
4 9
4 8
3 8
3 2
2 2
2 1
26
14 1
14 37
13 37
13 31
12 31
12 30
11 30
11 24
10 24
10 19
9 19
9 13
8 13
8 12
7 12
7 9
6 9
6 8
5 8
5 2
4 2
4 1
3 1
3 6
2 6
2 1
34
18 1
18 37
17 37
17 31
16 31
16 30
15 30
15 24
14 24
14 19
13 19
13 13
12 13
12 12
11 12
11 9
10 9
10 8
9 8
9 2
8 2
8 1
7 1
7 34
6 34
6 27
5 27
5 21
4 21
4 16
3 16
3 8
2 8
2 1
30
16 1
16 37
15 37
15 31
14 31
14 30
13 30
13 24
12 24
12 19
11 19
11 13
10 13
10 12
9 12
9 9
8 9
8 8
7 8
7 2
6 2
6 1
5 1
5 13
4 13
4 7
3 7
3 6
2 6
2 1
32
2 1
2 2
3 2
3 8
4 8
4 9
5 9
5 12
6 12
6 13
7 13
7 19
8 19
8 24
9 24
9 30
10 30
10 31
11 31
11 37
12 37
12 1
13 1
13 8
14 8
14 9
15 9
15 10
16 10
16 18
17 18
17 1
26
14 1
14 8
13 8
13 1
12 1
12 37
11 37
11 31
10 31
10 30
9 30
9 24
8 24
8 19
7 19
7 13
6 13
6 12
5 12
5 9
4 9
4 8
3 8
3 2
2 2
2 1
28
2 1
2 6
3 6
3 8
4 8
4 1
5 1
5 2
6 2
6 8
7 8
7 9
8 9
8 12
9 12
9 13
10 13
10 19
11 19
11 24
12 24
12 30
13 30
13 31
14 31
14 37
15 37
15 1
30
2 1
2 7
3 7
3 14
4 14
4 15
5 15
5 1
6 1
6 2
7 2
7 8
8 8
8 9
9 9
9 12
10 12
10 13
11 13
11 19
12 19
12 24
13 24
13 30
14 30
14 31
15 31
15 37
16 37
16 1
34
18 1
18 25
17 25
17 22
16 22
16 16
15 16
15 10
14 10
14 9
13 9
13 1
12 1
12 37
11 37
11 31
10 31
10 30
9 30
9 24
8 24
8 19
7 19
7 13
6 13
6 12
5 12
5 9
4 9
4 8
3 8
3 2
2 2
2 1
30
2 1
2 4
3 4
3 10
4 10
4 12
5 12
5 1
6 1
6 2
7 2
7 8
8 8
8 9
9 9
9 12
10 12
10 13
11 13
11 19
12 19
12 24
13 24
13 30
14 30
14 31
15 31
15 37
16 37
16 1
32
17 1
17 20
16 20
16 14
15 14
15 13
14 13
14 6
13 6
13 1
12 1
12 37
11 37
11 31
10 31
10 30
9 30
9 24
8 24
8 19
7 19
7 13
6 13
6 12
5 12
5 9
4 9
4 8
3 8
3 2
2 2
2 1
26
14 1
14 8
13 8
13 1
12 1
12 37
11 37
11 31
10 31
10 30
9 30
9 24
8 24
8 19
7 19
7 13
6 13
6 12
5 12
5 9
4 9
4 8
3 8
3 2
2 2
2 1
34
2 1
2 2
3 2
3 7
4 7
4 10
5 10
5 16
6 16
6 24
7 24
7 1
8 1
8 2
9 2
9 8
10 8
10 9
11 9
11 12
12 12
12 13
13 13
13 19
14 19
14 24
15 24
15 30
16 30
16 31
17 31
17 37
18 37
18 1
34
2 1
2 2
3 2
3 8
4 8
4 9
5 9
5 12
6 12
6 13
7 13
7 19
8 19
8 24
9 24
9 30
10 30
10 31
11 31
11 37
12 37
12 1
13 1
13 4
14 4
14 5
15 5
15 13
16 13
16 20
17 20
17 25
18 25
18 1
26
2 1
2 8
3 8
3 1
4 1
4 2
5 2
5 8
6 8
6 9
7 9
7 12
8 12
8 13
9 13
9 19
10 19
10 24
11 24
11 30
12 30
12 31
13 31
13 37
14 37
14 1
28
15 1
15 37
14 37
14 31
13 31
13 30
12 30
12 24
11 24
11 19
10 19
10 13
9 13
9 12
8 12
8 9
7 9
7 8
6 8
6 2
5 2
5 1
4 1
4 14
3 14
3 7
2 7
2 1
34
2 1
2 8
3 8
3 10
4 10
4 12
5 12
5 18
6 18
6 25
7 25
7 1
8 1
8 2
9 2
9 8
10 8
10 9
11 9
11 12
12 12
12 13
13 13
13 19
14 19
14 24
15 24
15 30
16 30
16 31
17 31
17 37
18 37
18 1
34
18 1
18 37
17 37
17 31
16 31
16 30
15 30
15 24
14 24
14 19
13 19
13 13
12 13
12 12
11 12
11 9
10 9
10 8
9 8
9 2
8 2
8 1
7 1
7 27
6 27
6 21
5 21
5 16
4 16
4 9
3 9
3 8
2 8
2 1
34
2 1
2 8
3 8
3 9
4 9
4 15
5 15
5 21
6 21
6 22
7 22
7 1
8 1
8 2
9 2
9 8
10 8
10 9
11 9
11 12
12 12
12 13
13 13
13 19
14 19
14 24
15 24
15 30
16 30
16 31
17 31
17 37
18 37
18 1
34
18 1
18 37
17 37
17 31
16 31
16 30
15 30
15 24
14 24
14 19
13 19
13 13
12 13
12 12
11 12
11 9
10 9
10 8
9 8
9 2
8 2
8 1
7 1
7 23
6 23
6 15
5 15
5 10
4 10
4 3
3 3
3 2
2 2
2 1
34
18 1
18 37
17 37
17 31
16 31
16 30
15 30
15 24
14 24
14 19
13 19
13 13
12 13
12 12
11 12
11 9
10 9
10 8
9 8
9 2
8 2
8 1
7 1
7 30
6 30
6 23
5 23
5 20
4 20
4 13
3 13
3 6
2 6
2 1
28
2 1
2 9
3 9
3 16
4 16
4 1
5 1
5 2
6 2
6 8
7 8
7 9
8 9
8 12
9 12
9 13
10 13
10 19
11 19
11 24
12 24
12 30
13 30
13 31
14 31
14 37
15 37
15 1
26
2 1
2 4
3 4
3 1
4 1
4 2
5 2
5 8
6 8
6 9
7 9
7 12
8 12
8 13
9 13
9 19
10 19
10 24
11 24
11 30
12 30
12 31
13 31
13 37
14 37
14 1
26
14 1
14 37
13 37
13 31
12 31
12 30
11 30
11 24
10 24
10 19
9 19
9 13
8 13
8 12
7 12
7 9
6 9
6 8
5 8
5 2
4 2
4 1
3 1
3 9
2 9
2 1
32
17 1
17 20
16 20
16 17
15 17
15 10
14 10
14 4
13 4
13 1
12 1
12 37
11 37
11 31
10 31
10 30
9 30
9 24
8 24
8 19
7 19
7 13
6 13
6 12
5 12
5 9
4 9
4 8
3 8
3 2
2 2
2 1
26
14 1
14 2
13 2
13 1
12 1
12 37
11 37
11 31
10 31
10 30
9 30
9 24
8 24
8 19
7 19
7 13
6 13
6 12
5 12
5 9
4 9
4 8
3 8
3 2
2 2
2 1
34
2 1
2 2
3 2
3 8
4 8
4 9
5 9
5 12
6 12
6 13
7 13
7 19
8 19
8 24
9 24
9 30
10 30
10 31
11 31
11 37
12 37
12 1
13 1
13 2
14 2
14 4
15 4
15 12
16 12
16 13
17 13
17 20
18 20
18 1
32
2 1
2 2
3 2
3 8
4 8
4 9
5 9
5 12
6 12
6 13
7 13
7 19
8 19
8 24
9 24
9 30
10 30
10 31
11 31
11 37
12 37
12 1
13 1
13 8
14 8
14 15
15 15
15 23
16 23
16 31
17 31
17 1
28
2 1
2 2
3 2
3 8
4 8
4 9
5 9
5 12
6 12
6 13
7 13
7 19
8 19
8 24
9 24
9 30
10 30
10 31
11 31
11 37
12 37
12 1
13 1
13 6
14 6
14 14
15 14
15 1
34
18 1
18 17
17 17
17 16
16 16
16 15
15 15
15 8
14 8
14 3
13 3
13 1
12 1
12 37
11 37
11 31
10 31
10 30
9 30
9 24
8 24
8 19
7 19
7 13
6 13
6 12
5 12
5 9
4 9
4 8
3 8
3 2
2 2
2 1
28
2 1
2 3
3 3
3 4
4 4
4 1
5 1
5 2
6 2
6 8
7 8
7 9
8 9
8 12
9 12
9 13
10 13
10 19
11 19
11 24
12 24
12 30
13 30
13 31
14 31
14 37
15 37
15 1
30
16 1
16 37
15 37
15 31
14 31
14 30
13 30
13 24
12 24
12 19
11 19
11 13
10 13
10 12
9 12
9 9
8 9
8 8
7 8
7 2
6 2
6 1
5 1
5 13
4 13
4 11
3 11
3 3
2 3
2 1
26
2 1
2 2
3 2
3 8
4 8
4 9
5 9
5 12
6 12
6 13
7 13
7 19
8 19
8 24
9 24
9 30
10 30
10 31
11 31
11 37
12 37
12 1
13 1
13 7
14 7
14 1
32
17 1
17 12
16 12
16 11
15 11
15 10
14 10
14 9
13 9
13 1
12 1
12 37
11 37
11 31
10 31
10 30
9 30
9 24
8 24
8 19
7 19
7 13
6 13
6 12
5 12
5 9
4 9
4 8
3 8
3 2
2 2
2 1
34
2 1
2 7
3 7
3 13
4 13
4 14
5 14
5 17
6 17
6 18
7 18
7 1
8 1
8 2
9 2
9 8
10 8
10 9
11 9
11 12
12 12
12 13
13 13
13 19
14 19
14 24
15 24
15 30
16 30
16 31
17 31
17 37
18 37
18 1
26
2 1
2 8
3 8
3 1
4 1
4 2
5 2
5 8
6 8
6 9
7 9
7 12
8 12
8 13
9 13
9 19
10 19
10 24
11 24
11 30
12 30
12 31
13 31
13 37
14 37
14 1
34
18 1
18 29
17 29
17 22
16 22
16 15
15 15
15 9
14 9
14 3
13 3
13 1
12 1
12 37
11 37
11 31
10 31
10 30
9 30
9 24
8 24
8 19
7 19
7 13
6 13
6 12
5 12
5 9
4 9
4 8
3 8
3 2
2 2
2 1
32
17 1
17 37
16 37
16 31
15 31
15 30
14 30
14 24
13 24
13 19
12 19
12 13
11 13
11 12
10 12
10 9
9 9
9 8
8 8
8 2
7 2
7 1
6 1
6 6
5 6
5 4
4 4
4 3
3 3
3 2
2 2
2 1
30
16 1
16 13
15 13
15 12
14 12
14 9
13 9
13 1
12 1
12 37
11 37
11 31
10 31
10 30
9 30
9 24
8 24
8 19
7 19
7 13
6 13
6 12
5 12
5 9
4 9
4 8
3 8
3 2
2 2
2 1
34
2 1
2 6
3 6
3 7
4 7
4 12
5 12
5 15
6 15
6 22
7 22
7 1
8 1
8 2
9 2
9 8
10 8
10 9
11 9
11 12
12 12
12 13
13 13
13 19
14 19
14 24
15 24
15 30
16 30
16 31
17 31
17 37
18 37
18 1
32
2 1
2 2
3 2
3 8
4 8
4 9
5 9
5 12
6 12
6 13
7 13
7 19
8 19
8 24
9 24
9 30
10 30
10 31
11 31
11 37
12 37
12 1
13 1
13 7
14 7
14 8
15 8
15 9
16 9
16 11
17 11
17 1
28
15 1
15 8
14 8
14 7
13 7
13 1
12 1
12 37
11 37
11 31
10 31
10 30
9 30
9 24
8 24
8 19
7 19
7 13
6 13
6 12
5 12
5 9
4 9
4 8
3 8
3 2
2 2
2 1
30
16 1
16 37
15 37
15 31
14 31
14 30
13 30
13 24
12 24
12 19
11 19
11 13
10 13
10 12
9 12
9 9
8 9
8 8
7 8
7 2
6 2
6 1
5 1
5 9
4 9
4 8
3 8
3 2
2 2
2 1
30
2 1
2 2
3 2
3 7
4 7
4 9
5 9
5 1
6 1
6 2
7 2
7 8
8 8
8 9
9 9
9 12
10 12
10 13
11 13
11 19
12 19
12 24
13 24
13 30
14 30
14 31
15 31
15 37
16 37
16 1
28
2 1
2 6
3 6
3 11
4 11
4 1
5 1
5 2
6 2
6 8
7 8
7 9
8 9
8 12
9 12
9 13
10 13
10 19
11 19
11 24
12 24
12 30
13 30
13 31
14 31
14 37
15 37
15 1
28
2 1
2 2
3 2
3 8
4 8
4 9
5 9
5 12
6 12
6 13
7 13
7 19
8 19
8 24
9 24
9 30
10 30
10 31
11 31
11 37
12 37
12 1
13 1
13 4
14 4
14 7
15 7
15 1
28
2 1
2 2
3 2
3 8
4 8
4 9
5 9
5 12
6 12
6 13
7 13
7 19
8 19
8 24
9 24
9 30
10 30
10 31
11 31
11 37
12 37
12 1
13 1
13 2
14 2
14 8
15 8
15 1
26
14 1
14 37
13 37
13 31
12 31
12 30
11 30
11 24
10 24
10 19
9 19
9 13
8 13
8 12
7 12
7 9
6 9
6 8
5 8
5 2
4 2
4 1
3 1
3 3
2 3
2 1
30
2 1
2 2
3 2
3 8
4 8
4 9
5 9
5 12
6 12
6 13
7 13
7 19
8 19
8 24
9 24
9 30
10 30
10 31
11 31
11 37
12 37
12 1
13 1
13 7
14 7
14 10
15 10
15 17
16 17
16 1
32
17 1
17 37
16 37
16 31
15 31
15 30
14 30
14 24
13 24
13 19
12 19
12 13
11 13
11 12
10 12
10 9
9 9
9 8
8 8
8 2
7 2
7 1
6 1
6 22
5 22
5 15
4 15
4 9
3 9
3 3
2 3
2 1
26
2 1
2 8
3 8
3 1
4 1
4 2
5 2
5 8
6 8
6 9
7 9
7 12
8 12
8 13
9 13
9 19
10 19
10 24
11 24
11 30
12 30
12 31
13 31
13 37
14 37
14 1
34
18 1
18 37
17 37
17 31
16 31
16 30
15 30
15 24
14 24
14 19
13 19
13 13
12 13
12 12
11 12
11 9
10 9
10 8
9 8
9 2
8 2
8 1
7 1
7 30
6 30
6 23
5 23
5 15
4 15
4 14
3 14
3 7
2 7
2 1
30
2 1
2 2
3 2
3 8
4 8
4 9
5 9
5 12
6 12
6 13
7 13
7 19
8 19
8 24
9 24
9 30
10 30
10 31
11 31
11 37
12 37
12 1
13 1
13 9
14 9
14 12
15 12
15 14
16 14
16 1
30
2 1
2 2
3 2
3 8
4 8
4 9
5 9
5 12
6 12
6 13
7 13
7 19
8 19
8 24
9 24
9 30
10 30
10 31
11 31
11 37
12 37
12 1
13 1
13 8
14 8
14 11
15 11
15 18
16 18
16 1
34
2 1
2 7
3 7
3 8
4 8
4 9
5 9
5 17
6 17
6 23
7 23
7 1
8 1
8 2
9 2
9 8
10 8
10 9
11 9
11 12
12 12
12 13
13 13
13 19
14 19
14 24
15 24
15 30
16 30
16 31
17 31
17 37
18 37
18 1
26
2 1
2 2
3 2
3 8
4 8
4 9
5 9
5 12
6 12
6 13
7 13
7 19
8 19
8 24
9 24
9 30
10 30
10 31
11 31
11 37
12 37
12 1
13 1
13 2
14 2
14 1
28
2 1
2 6
3 6
3 14
4 14
4 1
5 1
5 2
6 2
6 8
7 8
7 9
8 9
8 12
9 12
9 13
10 13
10 19
11 19
11 24
12 24
12 30
13 30
13 31
14 31
14 37
15 37
15 1
26
14 1
14 37
13 37
13 31
12 31
12 30
11 30
11 24
10 24
10 19
9 19
9 13
8 13
8 12
7 12
7 9
6 9
6 8
5 8
5 2
4 2
4 1
3 1
3 7
2 7
2 1
32
17 1
17 37
16 37
16 31
15 31
15 30
14 30
14 24
13 24
13 19
12 19
12 13
11 13
11 12
10 12
10 9
9 9
9 8
8 8
8 2
7 2
7 1
6 1
6 23
5 23
5 16
4 16
4 13
3 13
3 8
2 8
2 1
34
18 1
18 30
17 30
17 22
16 22
16 15
15 15
15 9
14 9
14 3
13 3
13 1
12 1
12 37
11 37
11 31
10 31
10 30
9 30
9 24
8 24
8 19
7 19
7 13
6 13
6 12
5 12
5 9
4 9
4 8
3 8
3 2
2 2
2 1
26
2 1
2 2
3 2
3 1
4 1
4 2
5 2
5 8
6 8
6 9
7 9
7 12
8 12
8 13
9 13
9 19
10 19
10 24
11 24
11 30
12 30
12 31
13 31
13 37
14 37
14 1
28
15 1
15 8
14 8
14 2
13 2
13 1
12 1
12 37
11 37
11 31
10 31
10 30
9 30
9 24
8 24
8 19
7 19
7 13
6 13
6 12
5 12
5 9
4 9
4 8
3 8
3 2
2 2
2 1
26
2 1
2 2
3 2
3 8
4 8
4 9
5 9
5 12
6 12
6 13
7 13
7 19
8 19
8 24
9 24
9 30
10 30
10 31
11 31
11 37
12 37
12 1
13 1
13 6
14 6
14 1
28
2 1
2 2
3 2
3 8
4 8
4 9
5 9
5 12
6 12
6 13
7 13
7 19
8 19
8 24
9 24
9 30
10 30
10 31
11 31
11 37
12 37
12 1
13 1
13 2
14 2
14 9
15 9
15 1
30
2 1
2 2
3 2
3 8
4 8
4 9
5 9
5 12
6 12
6 13
7 13
7 19
8 19
8 24
9 24
9 30
10 30
10 31
11 31
11 37
12 37
12 1
13 1
13 7
14 7
14 13
15 13
15 15
16 15
16 1
30
2 1
2 6
3 6
3 14
4 14
4 20
5 20
5 1
6 1
6 2
7 2
7 8
8 8
8 9
9 9
9 12
10 12
10 13
11 13
11 19
12 19
12 24
13 24
13 30
14 30
14 31
15 31
15 37
16 37
16 1
32
2 1
2 7
3 7
3 13
4 13
4 14
5 14
5 16
6 16
6 1
7 1
7 2
8 2
8 8
9 8
9 9
10 9
10 12
11 12
11 13
12 13
12 19
13 19
13 24
14 24
14 30
15 30
15 31
16 31
16 37
17 37
17 1
26
2 1
2 2
3 2
3 8
4 8
4 9
5 9
5 12
6 12
6 13
7 13
7 19
8 19
8 24
9 24
9 30
10 30
10 31
11 31
11 37
12 37
12 1
13 1
13 4
14 4
14 1
28
15 1
15 13
14 13
14 8
13 8
13 1
12 1
12 37
11 37
11 31
10 31
10 30
9 30
9 24
8 24
8 19
7 19
7 13
6 13
6 12
5 12
5 9
4 9
4 8
3 8
3 2
2 2
2 1
26
14 1
14 2
13 2
13 1
12 1
12 37
11 37
11 31
10 31
10 30
9 30
9 24
8 24
8 19
7 19
7 13
6 13
6 12
5 12
5 9
4 9
4 8
3 8
3 2
2 2
2 1
30
16 1
16 24
15 24
15 16
14 16
14 8
13 8
13 1
12 1
12 37
11 37
11 31
10 31
10 30
9 30
9 24
8 24
8 19
7 19
7 13
6 13
6 12
5 12
5 9
4 9
4 8
3 8
3 2
2 2
2 1
34
2 1
2 2
3 2
3 8
4 8
4 9
5 9
5 12
6 12
6 13
7 13
7 19
8 19
8 24
9 24
9 30
10 30
10 31
11 31
11 37
12 37
12 1
13 1
13 7
14 7
14 10
15 10
15 15
16 15
16 17
17 17
17 23
18 23
18 1
32
2 1
2 9
3 9
3 10
4 10
4 16
5 16
5 19
6 19
6 1
7 1
7 2
8 2
8 8
9 8
9 9
10 9
10 12
11 12
11 13
12 13
12 19
13 19
13 24
14 24
14 30
15 30
15 31
16 31
16 37
17 37
17 1
34
18 1
18 25
17 25
17 20
16 20
16 19
15 19
15 12
14 12
14 9
13 9
13 1
12 1
12 37
11 37
11 31
10 31
10 30
9 30
9 24
8 24
8 19
7 19
7 13
6 13
6 12
5 12
5 9
4 9
4 8
3 8
3 2
2 2
2 1
32
17 1
17 37
16 37
16 31
15 31
15 30
14 30
14 24
13 24
13 19
12 19
12 13
11 13
11 12
10 12
10 9
9 9
9 8
8 8
8 2
7 2
7 1
6 1
6 16
5 16
5 15
4 15
4 8
3 8
3 2
2 2
2 1
26
2 1
2 2
3 2
3 8
4 8
4 9
5 9
5 12
6 12
6 13
7 13
7 19
8 19
8 24
9 24
9 30
10 30
10 31
11 31
11 37
12 37
12 1
13 1
13 6
14 6
14 1
30
16 1
16 9
15 9
15 7
14 7
14 4
13 4
13 1
12 1
12 37
11 37
11 31
10 31
10 30
9 30
9 24
8 24
8 19
7 19
7 13
6 13
6 12
5 12
5 9
4 9
4 8
3 8
3 2
2 2
2 1
2
2 1
1 1
34
2 1
2 2
3 2
3 8
4 8
4 9
5 9
5 12
6 12
6 13
7 13
7 19
8 19
8 24
9 24
9 30
10 30
10 31
11 31
11 37
12 37
12 1
13 1
13 7
14 7
14 14
15 14
15 19
16 19
16 22
17 22
17 28
18 28
18 1
32
2 1
2 6
3 6
3 13
4 13
4 19
5 19
5 22
6 22
6 1
7 1
7 2
8 2
8 8
9 8
9 9
10 9
10 12
11 12
11 13
12 13
12 19
13 19
13 24
14 24
14 30
15 30
15 31
16 31
16 37
17 37
17 1
32
2 1
2 2
3 2
3 8
4 8
4 9
5 9
5 12
6 12
6 13
7 13
7 19
8 19
8 24
9 24
9 30
10 30
10 31
11 31
11 37
12 37
12 1
13 1
13 4
14 4
14 9
15 9
15 17
16 17
16 23
17 23
17 1
32
2 1
2 2
3 2
3 8
4 8
4 9
5 9
5 12
6 12
6 13
7 13
7 19
8 19
8 24
9 24
9 30
10 30
10 31
11 31
11 37
12 37
12 1
13 1
13 8
14 8
14 14
15 14
15 16
16 16
16 21
17 21
17 1
28
2 1
2 2
3 2
3 8
4 8
4 9
5 9
5 12
6 12
6 13
7 13
7 19
8 19
8 24
9 24
9 30
10 30
10 31
11 31
11 37
12 37
12 1
13 1
13 4
14 4
14 7
15 7
15 1
34
18 1
18 12
17 12
17 5
16 5
16 4
15 4
15 3
14 3
14 2
13 2
13 1
12 1
12 37
11 37
11 31
10 31
10 30
9 30
9 24
8 24
8 19
7 19
7 13
6 13
6 12
5 12
5 9
4 9
4 8
3 8
3 2
2 2
2 1
32
2 1
2 2
3 2
3 8
4 8
4 9
5 9
5 12
6 12
6 13
7 13
7 19
8 19
8 24
9 24
9 30
10 30
10 31
11 31
11 37
12 37
12 1
13 1
13 2
14 2
14 10
15 10
15 15
16 15
16 22
17 22
17 1
30
2 1
2 8
3 8
3 9
4 9
4 10
5 10
5 1
6 1
6 2
7 2
7 8
8 8
8 9
9 9
9 12
10 12
10 13
11 13
11 19
12 19
12 24
13 24
13 30
14 30
14 31
15 31
15 37
16 37
16 1
30
2 1
2 2
3 2
3 8
4 8
4 9
5 9
5 12
6 12
6 13
7 13
7 19
8 19
8 24
9 24
9 30
10 30
10 31
11 31
11 37
12 37
12 1
13 1
13 8
14 8
14 15
15 15
15 23
16 23
16 1
30
16 1
16 19
15 19
15 13
14 13
14 8
13 8
13 1
12 1
12 37
11 37
11 31
10 31
10 30
9 30
9 24
8 24
8 19
7 19
7 13
6 13
6 12
5 12
5 9
4 9
4 8
3 8
3 2
2 2
2 1
30
16 1
16 11
15 11
15 9
14 9
14 2
13 2
13 1
12 1
12 37
11 37
11 31
10 31
10 30
9 30
9 24
8 24
8 19
7 19
7 13
6 13
6 12
5 12
5 9
4 9
4 8
3 8
3 2
2 2
2 1
32
17 1
17 14
16 14
16 9
15 9
15 3
14 3
14 2
13 2
13 1
12 1
12 37
11 37
11 31
10 31
10 30
9 30
9 24
8 24
8 19
7 19
7 13
6 13
6 12
5 12
5 9
4 9
4 8
3 8
3 2
2 2
2 1
34
2 1
2 9
3 9
3 10
4 10
4 13
5 13
5 20
6 20
6 26
7 26
7 1
8 1
8 2
9 2
9 8
10 8
10 9
11 9
11 12
12 12
12 13
13 13
13 19
14 19
14 24
15 24
15 30
16 30
16 31
17 31
17 37
18 37
18 1
34
18 1
18 28
17 28
17 22
16 22
16 15
15 15
15 9
14 9
14 3
13 3
13 1
12 1
12 37
11 37
11 31
10 31
10 30
9 30
9 24
8 24
8 19
7 19
7 13
6 13
6 12
5 12
5 9
4 9
4 8
3 8
3 2
2 2
2 1
34
2 1
2 6
3 6
3 14
4 14
4 21
5 21
5 28
6 28
6 29
7 29
7 1
8 1
8 2
9 2
9 8
10 8
10 9
11 9
11 12
12 12
12 13
13 13
13 19
14 19
14 24
15 24
15 30
16 30
16 31
17 31
17 37
18 37
18 1
20
4 2
3 2
3 9
2 9
2 2
1 2
1 1
3015 1
3015 2
3014 2
3014 38
3013 38
3013 32
3012 32
3012 31
3011 31
3011 25
3010 25
3010 20
3009 20
26
14 1
14 3
13 3
13 1
12 1
12 37
11 37
11 31
10 31
10 30
9 30
9 24
8 24
8 19
7 19
7 13
6 13
6 12
5 12
5 9
4 9
4 8
3 8
3 2
2 2
2 1
32
2 1
2 8
3 8
3 15
4 15
4 22
5 22
5 29
6 29
6 1
7 1
7 2
8 2
8 8
9 8
9 9
10 9
10 12
11 12
11 13
12 13
12 19
13 19
13 24
14 24
14 30
15 30
15 31
16 31
16 37
17 37
17 1
34
2 1
2 2
3 2
3 8
4 8
4 9
5 9
5 12
6 12
6 13
7 13
7 19
8 19
8 24
9 24
9 30
10 30
10 31
11 31
11 37
12 37
12 1
13 1
13 2
14 2
14 8
15 8
15 15
16 15
16 21
17 21
17 24
18 24
18 1
28
2 1
2 2
3 2
3 8
4 8
4 9
5 9
5 12
6 12
6 13
7 13
7 19
8 19
8 24
9 24
9 30
10 30
10 31
11 31
11 37
12 37
12 1
13 1
13 8
14 8
14 13
15 13
15 1
30
16 1
16 17
15 17
15 15
14 15
14 7
13 7
13 1
12 1
12 37
11 37
11 31
10 31
10 30
9 30
9 24
8 24
8 19
7 19
7 13
6 13
6 12
5 12
5 9
4 9
4 8
3 8
3 2
2 2
2 1
34
2 1
2 9
3 9
3 15
4 15
4 22
5 22
5 30
6 30
6 32
7 32
7 1
8 1
8 2
9 2
9 8
10 8
10 9
11 9
11 12
12 12
12 13
13 13
13 19
14 19
14 24
15 24
15 30
16 30
16 31
17 31
17 37
18 37
18 1
34
2 1
2 2
3 2
3 8
4 8
4 9
5 9
5 15
6 15
6 16
7 16
7 1
8 1
8 2
9 2
9 8
10 8
10 9
11 9
11 12
12 12
12 13
13 13
13 19
14 19
14 24
15 24
15 30
16 30
16 31
17 31
17 37
18 37
18 1
34
18 1
18 31
17 31
17 24
16 24
16 23
15 23
15 16
14 16
14 9
13 9
13 1
12 1
12 37
11 37
11 31
10 31
10 30
9 30
9 24
8 24
8 19
7 19
7 13
6 13
6 12
5 12
5 9
4 9
4 8
3 8
3 2
2 2
2 1
30
2 1
2 2
3 2
3 8
4 8
4 9
5 9
5 12
6 12
6 13
7 13
7 19
8 19
8 24
9 24
9 30
10 30
10 31
11 31
11 37
12 37
12 1
13 1
13 2
14 2
14 7
15 7
15 15
16 15
16 1
34
2 1
2 2
3 2
3 8
4 8
4 9
5 9
5 12
6 12
6 13
7 13
7 19
8 19
8 24
9 24
9 30
10 30
10 31
11 31
11 37
12 37
12 1
13 1
13 8
14 8
14 11
15 11
15 14
16 14
16 22
17 22
17 23
18 23
18 1
30
2 1
2 2
3 2
3 3
4 3
4 9
5 9
5 1
6 1
6 2
7 2
7 8
8 8
8 9
9 9
9 12
10 12
10 13
11 13
11 19
12 19
12 24
13 24
13 30
14 30
14 31
15 31
15 37
16 37
16 1
28
15 1
15 14
14 14
14 7
13 7
13 1
12 1
12 37
11 37
11 31
10 31
10 30
9 30
9 24
8 24
8 19
7 19
7 13
6 13
6 12
5 12
5 9
4 9
4 8
3 8
3 2
2 2
2 1
30
16 1
16 37
15 37
15 31
14 31
14 30
13 30
13 24
12 24
12 19
11 19
11 13
10 13
10 12
9 12
9 9
8 9
8 8
7 8
7 2
6 2
6 1
5 1
5 11
4 11
4 9
3 9
3 2
2 2
2 1
34
18 1
18 26
17 26
17 23
16 23
16 17
15 17
15 16
14 16
14 9
13 9
13 1
12 1
12 37
11 37
11 31
10 31
10 30
9 30
9 24
8 24
8 19
7 19
7 13
6 13
6 12
5 12
5 9
4 9
4 8
3 8
3 2
2 2
2 1
28
15 1
15 37
14 37
14 31
13 31
13 30
12 30
12 24
11 24
11 19
10 19
10 13
9 13
9 12
8 12
8 9
7 9
7 8
6 8
6 2
5 2
5 1
4 1
4 14
3 14
3 7
2 7
2 1
32
2 1
2 2
3 2
3 8
4 8
4 9
5 9
5 12
6 12
6 13
7 13
7 19
8 19
8 24
9 24
9 30
10 30
10 31
11 31
11 37
12 37
12 1
13 1
13 2
14 2
14 7
15 7
15 13
16 13
16 20
17 20
17 1
32
2 1
2 2
3 2
3 8
4 8
4 9
5 9
5 12
6 12
6 13
7 13
7 19
8 19
8 24
9 24
9 30
10 30
10 31
11 31
11 37
12 37
12 1
13 1
13 7
14 7
14 10
15 10
15 11
16 11
16 13
17 13
17 1
26
2 1
2 8
3 8
3 1
4 1
4 2
5 2
5 8
6 8
6 9
7 9
7 12
8 12
8 13
9 13
9 19
10 19
10 24
11 24
11 30
12 30
12 31
13 31
13 37
14 37
14 1
26
2 1
2 2
3 2
3 8
4 8
4 9
5 9
5 12
6 12
6 13
7 13
7 19
8 19
8 24
9 24
9 30
10 30
10 31
11 31
11 37
12 37
12 1
13 1
13 7
14 7
14 1
30
2 1
2 2
3 2
3 9
4 9
4 14
5 14
5 1
6 1
6 2
7 2
7 8
8 8
8 9
9 9
9 12
10 12
10 13
11 13
11 19
12 19
12 24
13 24
13 30
14 30
14 31
15 31
15 37
16 37
16 1
26
2 1
2 3
3 3
3 1
4 1
4 2
5 2
5 8
6 8
6 9
7 9
7 12
8 12
8 13
9 13
9 19
10 19
10 24
11 24
11 30
12 30
12 31
13 31
13 37
14 37
14 1
26
14 1
14 37
13 37
13 31
12 31
12 30
11 30
11 24
10 24
10 19
9 19
9 13
8 13
8 12
7 12
7 9
6 9
6 8
5 8
5 2
4 2
4 1
3 1
3 9
2 9
2 1
32
2 1
2 8
3 8
3 15
4 15
4 23
5 23
5 26
6 26
6 1
7 1
7 2
8 2
8 8
9 8
9 9
10 9
10 12
11 12
11 13
12 13
12 19
13 19
13 24
14 24
14 30
15 30
15 31
16 31
16 37
17 37
17 1
32
2 1
2 2
3 2
3 8
4 8
4 9
5 9
5 12
6 12
6 13
7 13
7 19
8 19
8 24
9 24
9 30
10 30
10 31
11 31
11 37
12 37
12 1
13 1
13 7
14 7
14 8
15 8
15 9
16 9
16 10
17 10
17 1
32
2 1
2 6
3 6
3 11
4 11
4 17
5 17
5 24
6 24
6 1
7 1
7 2
8 2
8 8
9 8
9 9
10 9
10 12
11 12
11 13
12 13
12 19
13 19
13 24
14 24
14 30
15 30
15 31
16 31
16 37
17 37
17 1
30
16 1
16 18
15 18
15 13
14 13
14 8
13 8
13 1
12 1
12 37
11 37
11 31
10 31
10 30
9 30
9 24
8 24
8 19
7 19
7 13
6 13
6 12
5 12
5 9
4 9
4 8
3 8
3 2
2 2
2 1
32
17 1
17 37
16 37
16 31
15 31
15 30
14 30
14 24
13 24
13 19
12 19
12 13
11 13
11 12
10 12
10 9
9 9
9 8
8 8
8 2
7 2
7 1
6 1
6 24
5 24
5 17
4 17
4 11
3 11
3 4
2 4
2 1
32
17 1
17 37
16 37
16 31
15 31
15 30
14 30
14 24
13 24
13 19
12 19
12 13
11 13
11 12
10 12
10 9
9 9
9 8
8 8
8 2
7 2
7 1
6 1
6 7
5 7
5 6
4 6
4 4
3 4
3 3
2 3
2 1
26
2 1
2 2
3 2
3 8
4 8
4 9
5 9
5 12
6 12
6 13
7 13
7 19
8 19
8 24
9 24
9 30
10 30
10 31
11 31
11 37
12 37
12 1
13 1
13 8
14 8
14 1
26
2 1
2 3
3 3
3 1
4 1
4 2
5 2
5 8
6 8
6 9
7 9
7 12
8 12
8 13
9 13
9 19
10 19
10 24
11 24
11 30
12 30
12 31
13 31
13 37
14 37
14 1
32
17 1
17 37
16 37
16 31
15 31
15 30
14 30
14 24
13 24
13 19
12 19
12 13
11 13
11 12
10 12
10 9
9 9
9 8
8 8
8 2
7 2
7 1
6 1
6 25
5 25
5 19
4 19
4 16
3 16
3 9
2 9
2 1
34
2 1
2 2
3 2
3 8
4 8
4 9
5 9
5 12
6 12
6 13
7 13
7 19
8 19
8 24
9 24
9 30
10 30
10 31
11 31
11 37
12 37
12 1
13 1
13 2
14 2
14 9
15 9
15 15
16 15
16 20
17 20
17 22
18 22
18 1
26
2 1
2 8
3 8
3 1
4 1
4 2
5 2
5 8
6 8
6 9
7 9
7 12
8 12
8 13
9 13
9 19
10 19
10 24
11 24
11 30
12 30
12 31
13 31
13 37
14 37
14 1
26
2 1
2 2
3 2
3 8
4 8
4 9
5 9
5 12
6 12
6 13
7 13
7 19
8 19
8 24
9 24
9 30
10 30
10 31
11 31
11 37
12 37
12 1
13 1
13 7
14 7
14 1
26
14 1
14 37
13 37
13 31
12 31
12 30
11 30
11 24
10 24
10 19
9 19
9 13
8 13
8 12
7 12
7 9
6 9
6 8
5 8
5 2
4 2
4 1
3 1
3 3
2 3
2 1
30
2 1
2 2
3 2
3 8
4 8
4 9
5 9
5 12
6 12
6 13
7 13
7 19
8 19
8 24
9 24
9 30
10 30
10 31
11 31
11 37
12 37
12 1
13 1
13 6
14 6
14 8
15 8
15 13
16 13
16 1
28
2 1
2 3
3 3
3 4
4 4
4 1
5 1
5 2
6 2
6 8
7 8
7 9
8 9
8 12
9 12
9 13
10 13
10 19
11 19
11 24
12 24
12 30
13 30
13 31
14 31
14 37
15 37
15 1
28
15 1
15 5
14 5
14 4
13 4
13 1
12 1
12 37
11 37
11 31
10 31
10 30
9 30
9 24
8 24
8 19
7 19
7 13
6 13
6 12
5 12
5 9
4 9
4 8
3 8
3 2
2 2
2 1
34
18 1
18 33
17 33
17 28
16 28
16 20
15 20
15 12
14 12
14 6
13 6
13 1
12 1
12 37
11 37
11 31
10 31
10 30
9 30
9 24
8 24
8 19
7 19
7 13
6 13
6 12
5 12
5 9
4 9
4 8
3 8
3 2
2 2
2 1
34
18 1
18 22
17 22
17 16
16 16
16 10
15 10
15 9
14 9
14 2
13 2
13 1
12 1
12 37
11 37
11 31
10 31
10 30
9 30
9 24
8 24
8 19
7 19
7 13
6 13
6 12
5 12
5 9
4 9
4 8
3 8
3 2
2 2
2 1
34
2 1
2 4
3 4
3 12
4 12
4 20
5 20
5 26
6 26
6 31
7 31
7 1
8 1
8 2
9 2
9 8
10 8
10 9
11 9
11 12
12 12
12 13
13 13
13 19
14 19
14 24
15 24
15 30
16 30
16 31
17 31
17 37
18 37
18 1
32
17 1
17 16
16 16
16 10
15 10
15 3
14 3
14 2
13 2
13 1
12 1
12 37
11 37
11 31
10 31
10 30
9 30
9 24
8 24
8 19
7 19
7 13
6 13
6 12
5 12
5 9
4 9
4 8
3 8
3 2
2 2
2 1
32
17 1
17 19
16 19
16 13
15 13
15 8
14 8
14 7
13 7
13 1
12 1
12 37
11 37
11 31
10 31
10 30
9 30
9 24
8 24
8 19
7 19
7 13
6 13
6 12
5 12
5 9
4 9
4 8
3 8
3 2
2 2
2 1
34
2 1
2 9
3 9
3 17
4 17
4 24
5 24
5 27
6 27
6 28
7 28
7 1
8 1
8 2
9 2
9 8
10 8
10 9
11 9
11 12
12 12
12 13
13 13
13 19
14 19
14 24
15 24
15 30
16 30
16 31
17 31
17 37
18 37
18 1
32
17 1
17 24
16 24
16 17
15 17
15 15
14 15
14 8
13 8
13 1
12 1
12 37
11 37
11 31
10 31
10 30
9 30
9 24
8 24
8 19
7 19
7 13
6 13
6 12
5 12
5 9
4 9
4 8
3 8
3 2
2 2
2 1
32
2 1
2 7
3 7
3 8
4 8
4 9
5 9
5 16
6 16
6 1
7 1
7 2
8 2
8 8
9 8
9 9
10 9
10 12
11 12
11 13
12 13
12 19
13 19
13 24
14 24
14 30
15 30
15 31
16 31
16 37
17 37
17 1
26
14 1
14 37
13 37
13 31
12 31
12 30
11 30
11 24
10 24
10 19
9 19
9 13
8 13
8 12
7 12
7 9
6 9
6 8
5 8
5 2
4 2
4 1
3 1
3 4
2 4
2 1
28
15 1
15 37
14 37
14 31
13 31
13 30
12 30
12 24
11 24
11 19
10 19
10 13
9 13
9 12
8 12
8 9
7 9
7 8
6 8
6 2
5 2
5 1
4 1
4 7
3 7
3 2
2 2
2 1
30
2 1
2 2
3 2
3 8
4 8
4 9
5 9
5 12
6 12
6 13
7 13
7 19
8 19
8 24
9 24
9 30
10 30
10 31
11 31
11 37
12 37
12 1
13 1
13 7
14 7
14 8
15 8
15 15
16 15
16 1
28
2 1
2 7
3 7
3 13
4 13
4 1
5 1
5 2
6 2
6 8
7 8
7 9
8 9
8 12
9 12
9 13
10 13
10 19
11 19
11 24
12 24
12 30
13 30
13 31
14 31
14 37
15 37
15 1
28
2 1
2 9
3 9
3 15
4 15
4 1
5 1
5 2
6 2
6 8
7 8
7 9
8 9
8 12
9 12
9 13
10 13
10 19
11 19
11 24
12 24
12 30
13 30
13 31
14 31
14 37
15 37
15 1
26
14 1
14 37
13 37
13 31
12 31
12 30
11 30
11 24
10 24
10 19
9 19
9 13
8 13
8 12
7 12
7 9
6 9
6 8
5 8
5 2
4 2
4 1
3 1
3 3
2 3
2 1
28
15 1
15 14
14 14
14 7
13 7
13 1
12 1
12 37
11 37
11 31
10 31
10 30
9 30
9 24
8 24
8 19
7 19
7 13
6 13
6 12
5 12
5 9
4 9
4 8
3 8
3 2
2 2
2 1
28
2 1
2 2
3 2
3 8
4 8
4 9
5 9
5 12
6 12
6 13
7 13
7 19
8 19
8 24
9 24
9 30
10 30
10 31
11 31
11 37
12 37
12 1
13 1
13 7
14 7
14 12
15 12
15 1
30
16 1
16 20
15 20
15 13
14 13
14 8
13 8
13 1
12 1
12 37
11 37
11 31
10 31
10 30
9 30
9 24
8 24
8 19
7 19
7 13
6 13
6 12
5 12
5 9
4 9
4 8
3 8
3 2
2 2
2 1
34
2 1
2 2
3 2
3 8
4 8
4 9
5 9
5 12
6 12
6 13
7 13
7 19
8 19
8 24
9 24
9 30
10 30
10 31
11 31
11 37
12 37
12 1
13 1
13 8
14 8
14 16
15 16
15 17
16 17
16 22
17 22
17 23
18 23
18 1
30
16 1
16 10
15 10
15 8
14 8
14 2
13 2
13 1
12 1
12 37
11 37
11 31
10 31
10 30
9 30
9 24
8 24
8 19
7 19
7 13
6 13
6 12
5 12
5 9
4 9
4 8
3 8
3 2
2 2
2 1
26
2 1
2 2
3 2
3 8
4 8
4 9
5 9
5 12
6 12
6 13
7 13
7 19
8 19
8 24
9 24
9 30
10 30
10 31
11 31
11 37
12 37
12 1
13 1
13 8
14 8
14 1
32
2 1
2 7
3 7
3 13
4 13
4 15
5 15
5 16
6 16
6 1
7 1
7 2
8 2
8 8
9 8
9 9
10 9
10 12
11 12
11 13
12 13
12 19
13 19
13 24
14 24
14 30
15 30
15 31
16 31
16 37
17 37
17 1
30
16 1
16 37
15 37
15 31
14 31
14 30
13 30
13 24
12 24
12 19
11 19
11 13
10 13
10 12
9 12
9 9
8 9
8 8
7 8
7 2
6 2
6 1
5 1
5 9
4 9
4 4
3 4
3 3
2 3
2 1
30
16 1
16 8
15 8
15 5
14 5
14 4
13 4
13 1
12 1
12 37
11 37
11 31
10 31
10 30
9 30
9 24
8 24
8 19
7 19
7 13
6 13
6 12
5 12
5 9
4 9
4 8
3 8
3 2
2 2
2 1
34
2 1
2 7
3 7
3 12
4 12
4 13
5 13
5 14
6 14
6 15
7 15
7 1
8 1
8 2
9 2
9 8
10 8
10 9
11 9
11 12
12 12
12 13
13 13
13 19
14 19
14 24
15 24
15 30
16 30
16 31
17 31
17 37
18 37
18 1
26
14 1
14 37
13 37
13 31
12 31
12 30
11 30
11 24
10 24
10 19
9 19
9 13
8 13
8 12
7 12
7 9
6 9
6 8
5 8
5 2
4 2
4 1
3 1
3 2
2 2
2 1
28
15 1
15 14
14 14
14 7
13 7
13 1
12 1
12 37
11 37
11 31
10 31
10 30
9 30
9 24
8 24
8 19
7 19
7 13
6 13
6 12
5 12
5 9
4 9
4 8
3 8
3 2
2 2
2 1
30
16 1
16 15
15 15
15 9
14 9
14 3
13 3
13 1
12 1
12 37
11 37
11 31
10 31
10 30
9 30
9 24
8 24
8 19
7 19
7 13
6 13
6 12
5 12
5 9
4 9
4 8
3 8
3 2
2 2
2 1
26
2 1
2 2
3 2
3 8
4 8
4 9
5 9
5 12
6 12
6 13
7 13
7 19
8 19
8 24
9 24
9 30
10 30
10 31
11 31
11 37
12 37
12 1
13 1
13 2
14 2
14 1
34
2 1
2 2
3 2
3 8
4 8
4 9
5 9
5 12
6 12
6 13
7 13
7 19
8 19
8 24
9 24
9 30
10 30
10 31
11 31
11 37
12 37
12 1
13 1
13 8
14 8
14 15
15 15
15 20
16 20
16 25
17 25
17 26
18 26
18 1
28
15 1
15 37
14 37
14 31
13 31
13 30
12 30
12 24
11 24
11 19
10 19
10 13
9 13
9 12
8 12
8 9
7 9
7 8
6 8
6 2
5 2
5 1
4 1
4 8
3 8
3 2
2 2
2 1
28
2 1
2 4
3 4
3 5
4 5
4 1
5 1
5 2
6 2
6 8
7 8
7 9
8 9
8 12
9 12
9 13
10 13
10 19
11 19
11 24
12 24
12 30
13 30
13 31
14 31
14 37
15 37
15 1
26
2 1
2 6
3 6
3 1
4 1
4 2
5 2
5 8
6 8
6 9
7 9
7 12
8 12
8 13
9 13
9 19
10 19
10 24
11 24
11 30
12 30
12 31
13 31
13 37
14 37
14 1
30
2 1
2 2
3 2
3 8
4 8
4 9
5 9
5 12
6 12
6 13
7 13
7 19
8 19
8 24
9 24
9 30
10 30
10 31
11 31
11 37
12 37
12 1
13 1
13 2
14 2
14 9
15 9
15 16
16 16
16 1
34
2 1
2 2
3 2
3 8
4 8
4 9
5 9
5 12
6 12
6 13
7 13
7 19
8 19
8 24
9 24
9 30
10 30
10 31
11 31
11 37
12 37
12 1
13 1
13 7
14 7
14 8
15 8
15 10
16 10
16 12
17 12
17 13
18 13
18 1
34
2 1
2 2
3 2
3 8
4 8
4 9
5 9
5 12
6 12
6 13
7 13
7 19
8 19
8 24
9 24
9 30
10 30
10 31
11 31
11 37
12 37
12 1
13 1
13 3
14 3
14 8
15 8
15 9
16 9
16 16
17 16
17 21
18 21
18 1
