5956 201
2978 1
2978 2
2977 2
2977 51
2976 51
2976 45
2975 45
2975 42
2974 42
2974 35
2973 35
2973 32
2972 32
2972 29
2971 29
2971 24
2970 24
2970 17
2969 17
2969 8
2968 8
2968 5
2967 5
2967 2
2966 2
2966 22
2965 22
2965 15
2964 15
2964 8
2963 8
2963 5
2962 5
2962 2
2961 2
2961 51
2960 51
2960 45
2959 45
2959 42
2958 42
2958 35
2957 35
2957 32
2956 32
2956 29
2955 29
2955 24
2954 24
2954 17
2953 17
2953 8
2952 8
2952 5
2951 5
2951 2
2950 2
2950 8
2949 8
2949 2
2948 2
2948 51
2947 51
2947 45
2946 45
2946 42
2945 42
2945 35
2944 35
2944 32
2943 32
2943 29
2942 29
2942 24
2941 24
2941 17
2940 17
2940 8
2939 8
2939 5
2938 5
2938 2
2937 2
2937 12
2936 12
2936 5
2935 5
2935 2
2934 2
2934 51
2933 51
2933 45
2932 45
2932 42
2931 42
2931 35
2930 35
2930 32
2929 32
2929 29
2928 29
2928 24
2927 24
2927 17
2926 17
2926 8
2925 8
2925 5
2924 5
2924 2
2923 2
2923 33
2922 33
2922 24
2921 24
2921 21
2920 21
2920 16
2919 16
2919 7
2918 7
2918 2
2917 2
2917 51
2916 51
2916 45
2915 45
2915 42
2914 42
2914 35
2913 35
2913 32
2912 32
2912 29
2911 29
2911 24
2910 24
2910 17
2909 17
2909 8
2908 8
2908 5
2907 5
2907 2
2906 2
2906 15
2905 15
2905 12
2904 12
2904 5
2903 5
2903 2
2902 2
2902 51
2901 51
2901 45
2900 45
2900 42
2899 42
2899 35
2898 35
2898 32
2897 32
2897 29
2896 29
2896 24
2895 24
2895 17
2894 17
2894 8
2893 8
2893 5
2892 5
2892 2
2891 2
2891 11
2890 11
2890 2
2889 2
2889 51
2888 51
2888 45
2887 45
2887 42
2886 42
2886 35
2885 35
2885 32
2884 32
2884 29
2883 29
2883 24
2882 24
2882 17
2881 17
2881 8
2880 8
2880 5
2879 5
2879 2
2878 2
2878 20
2877 20
2877 13
2876 13
2876 4
2875 4
2875 2
2874 2
2874 51
2873 51
2873 45
2872 45
2872 42
2871 42
2871 35
2870 35
2870 32
2869 32
2869 29
2868 29
2868 24
2867 24
2867 17
2866 17
2866 8
2865 8
2865 5
2864 5
2864 2
2863 2
2863 17
2862 17
2862 8
2861 8
2861 5
2860 5
2860 2
2859 2
2859 51
2858 51
2858 45
2857 45
2857 42
2856 42
2856 35
2855 35
2855 32
2854 32
2854 29
2853 29
2853 24
2852 24
2852 17
2851 17
2851 8
2850 8
2850 5
2849 5
2849 2
2848 2
2848 19
2847 19
2847 10
2846 10
2846 5
2845 5
2845 2
2844 2
2844 51
2843 51
2843 45
2842 45
2842 42
2841 42
2841 35
2840 35
2840 32
2839 32
2839 29
2838 29
2838 24
2837 24
2837 17
2836 17
2836 8
2835 8
2835 5
2834 5
2834 2
2833 2
2833 18
2832 18
2832 11
2831 11
2831 8
2830 8
2830 2
2829 2
2829 51
2828 51
2828 45
2827 45
2827 42
2826 42
2826 35
2825 35
2825 32
2824 32
2824 29
2823 29
2823 24
2822 24
2822 17
2821 17
2821 8
2820 8
2820 5
2819 5
2819 2
2818 2
2818 17
2817 17
2817 12
2816 12
2816 5
2815 5
2815 2
2814 2
2814 51
2813 51
2813 45
2812 45
2812 42
2811 42
2811 35
2810 35
2810 32
2809 32
2809 29
2808 29
2808 24
2807 24
2807 17
2806 17
2806 8
2805 8
2805 5
2804 5
2804 2
2803 2
2803 30
2802 30
2802 23
2801 23
2801 14
2800 14
2800 11
2799 11
2799 2
2798 2
2798 51
2797 51
2797 45
2796 45
2796 42
2795 42
2795 35
2794 35
2794 32
2793 32
2793 29
2792 29
2792 24
2791 24
2791 17
2790 17
2790 8
2789 8
2789 5
2788 5
2788 2
2787 2
2787 31
2786 31
2786 29
2785 29
2785 22
2784 22
2784 16
2783 16
2783 9
2782 9
2782 2
2781 2
2781 51
2780 51
2780 45
2779 45
2779 42
2778 42
2778 35
2777 35
2777 32
2776 32
2776 29
2775 29
2775 24
2774 24
2774 17
2773 17
2773 8
2772 8
2772 5
2771 5
2771 2
2770 2
2770 30
2769 30
2769 23
2768 23
2768 14
2767 14
2767 5
2766 5
2766 2
2765 2
2765 51
2764 51
2764 45
2763 45
2763 42
2762 42
2762 35
2761 35
2761 32
2760 32
2760 29
2759 29
2759 24
2758 24
2758 17
2757 17
2757 8
2756 8
2756 5
2755 5
2755 2
2754 2
2754 11
2753 11
2753 2
2752 2
2752 51
2751 51
2751 45
2750 45
2750 42
2749 42
2749 35
2748 35
2748 32
2747 32
2747 29
2746 29
2746 24
2745 24
2745 17
2744 17
2744 8
2743 8
2743 5
2742 5
2742 2
2741 2
2741 16
2740 16
2740 7
2739 7
2739 5
2738 5
2738 2
2737 2
2737 51
2736 51
2736 45
2735 45
2735 42
2734 42
2734 35
2733 35
2733 32
2732 32
2732 29
2731 29
2731 24
2730 24
2730 17
2729 17
2729 8
2728 8
2728 5
2727 5
2727 2
2726 2
2726 4
2725 4
2725 2
2724 2
2724 51
2723 51
2723 45
2722 45
2722 42
2721 42
2721 35
2720 35
2720 32
2719 32
2719 29
2718 29
2718 24
2717 24
2717 17
2716 17
2716 8
2715 8
2715 5
2714 5
2714 2
2713 2
2713 14
2712 14
2712 5
2711 5
2711 2
2710 2
2710 51
2709 51
2709 45
2708 45
2708 42
2707 42
2707 35
2706 35
2706 32
2705 32
2705 29
2704 29
2704 24
2703 24
2703 17
2702 17
2702 8
2701 8
2701 5
2700 5
2700 2
2699 2
2699 7
2698 7
2698 4
2697 4
2697 2
2696 2
2696 51
2695 51
2695 45
2694 45
2694 42
2693 42
2693 35
2692 35
2692 32
2691 32
2691 29
2690 29
2690 24
2689 24
2689 17
2688 17
2688 8
2687 8
2687 5
2686 5
2686 2
2685 2
2685 23
2684 23
2684 20
2683 20
2683 11
2682 11
2682 9
2681 9
2681 2
2680 2
2680 51
2679 51
2679 45
2678 45
2678 42
2677 42
2677 35
2676 35
2676 32
2675 32
2675 29
2674 29
2674 24
2673 24
2673 17
2672 17
2672 8
2671 8
2671 5
2670 5
2670 2
2669 2
2669 14
2668 14
2668 11
2667 11
2667 2
2666 2
2666 51
2665 51
2665 45
2664 45
2664 42
2663 42
2663 35
2662 35
2662 32
2661 32
2661 29
2660 29
2660 24
2659 24
2659 17
2658 17
2658 8
2657 8
2657 5
2656 5
2656 2
2655 2
2655 21
2654 21
2654 14
2653 14
2653 8
2652 8
2652 2
2651 2
2651 51
2650 51
2650 45
2649 45
2649 42
2648 42
2648 35
2647 35
2647 32
2646 32
2646 29
2645 29
2645 24
2644 24
2644 17
2643 17
2643 8
2642 8
2642 5
2641 5
2641 2
2640 2
2640 8
2639 8
2639 2
2638 2
2638 51
2637 51
2637 45
2636 45
2636 42
2635 42
2635 35
2634 35
2634 32
2633 32
2633 29
2632 29
2632 24
2631 24
2631 17
2630 17
2630 8
2629 8
2629 5
2628 5
2628 2
2627 2
2627 23
2626 23
2626 21
2625 21
2625 14
2624 14
2624 5
2623 5
2623 2
2622 2
2622 51
2621 51
2621 45
2620 45
2620 42
2619 42
2619 35
2618 35
2618 32
2617 32
2617 29
2616 29
2616 24
2615 24
2615 17
2614 17
2614 8
2613 8
2613 5
2612 5
2612 2
2611 2
2611 7
2610 7
2610 2
2609 2
2609 51
2608 51
2608 45
2607 45
2607 42
2606 42
2606 35
2605 35
2605 32
2604 32
2604 29
2603 29
2603 24
2602 24
2602 17
2601 17
2601 8
2600 8
2600 5
2599 5
2599 2
2598 2
2598 29
2597 29
2597 20
2596 20
2596 11
2595 11
2595 2
2594 2
2594 51
2593 51
2593 45
2592 45
2592 42
2591 42
2591 35
2590 35
2590 32
2589 32
2589 29
2588 29
2588 24
2587 24
2587 17
2586 17
2586 8
2585 8
2585 5
2584 5
2584 2
2583 2
2583 17
2582 17
2582 8
2581 8
2581 2
2580 2
2580 51
2579 51
2579 45
2578 45
2578 42
2577 42
2577 35
2576 35
2576 32
2575 32
2575 29
2574 29
2574 24
2573 24
2573 17
2572 17
2572 8
2571 8
2571 5
2570 5
2570 2
2569 2
2569 23
2568 23
2568 20
2567 20
2567 11
2566 11
2566 2
2565 2
2565 51
2564 51
2564 45
2563 45
2563 42
2562 42
2562 35
2561 35
2561 32
2560 32
2560 29
2559 29
2559 24
2558 24
2558 17
2557 17
2557 8
2556 8
2556 5
2555 5
2555 2
2554 2
2554 5
2553 5
2553 2
2552 2
2552 51
2551 51
2551 45
2550 45
2550 42
2549 42
2549 35
2548 35
2548 32
2547 32
2547 29
2546 29
2546 24
2545 24
2545 17
2544 17
2544 8
2543 8
2543 5
2542 5
2542 2
2541 2
2541 14
2540 14
2540 11
2539 11
2539 2
2538 2
2538 51
2537 51
2537 45
2536 45
2536 42
2535 42
2535 35
2534 35
2534 32
2533 32
2533 29
2532 29
2532 24
2531 24
2531 17
2530 17
2530 8
2529 8
2529 5
2528 5
2528 2
2527 2
2527 14
2526 14
2526 5
2525 5
2525 2
2524 2
2524 51
2523 51
2523 45
2522 45
2522 42
2521 42
2521 35
2520 35
2520 32
2519 32
2519 29
2518 29
2518 24
2517 24
2517 17
2516 17
2516 8
2515 8
2515 5
2514 5
2514 2
2513 2
2513 9
2512 9
2512 2
2511 2
2511 51
2510 51
2510 45
2509 45
2509 42
2508 42
2508 35
2507 35
2507 32
2506 32
2506 29
2505 29
2505 24
2504 24
2504 17
2503 17
2503 8
2502 8
2502 5
2501 5
2501 2
2500 2
2500 11
2499 11
2499 2
2498 2
2498 51
2497 51
2497 45
2496 45
2496 42
2495 42
2495 35
2494 35
2494 32
2493 32
2493 29
2492 29
2492 24
2491 24
2491 17
2490 17
2490 8
2489 8
2489 5
2488 5
2488 2
2487 2
2487 11
2486 11
2486 5
2485 5
2485 2
2484 2
2484 51
2483 51
2483 45
2482 45
2482 42
2481 42
2481 35
2480 35
2480 32
2479 32
2479 29
2478 29
2478 24
2477 24
2477 17
2476 17
2476 8
2475 8
2475 5
2474 5
2474 2
2473 2
2473 13
2472 13
2472 8
2471 8
2471 2
2470 2
2470 51
2469 51
2469 45
2468 45
2468 42
2467 42
2467 35
2466 35
2466 32
2465 32
2465 29
2464 29
2464 24
2463 24
2463 17
2462 17
2462 8
2461 8
2461 5
2460 5
2460 2
2459 2
2459 27
2458 27
2458 20
2457 20
2457 11
2456 11
2456 9
2455 9
2455 2
2454 2
2454 51
2453 51
2453 45
2452 45
2452 42
2451 42
2451 35
2450 35
2450 32
2449 32
2449 29
2448 29
2448 24
2447 24
2447 17
2446 17
2446 8
2445 8
2445 5
2444 5
2444 2
2443 2
2443 14
2442 14
2442 8
2441 8
2441 5
2440 5
2440 2
2439 2
2439 51
2438 51
2438 45
2437 45
2437 42
2436 42
2436 35
2435 35
2435 32
2434 32
2434 29
2433 29
2433 24
2432 24
2432 17
2431 17
2431 8
2430 8
2430 5
2429 5
2429 2
2428 2
2428 28
2427 28
2427 23
2426 23
2426 14
2425 14
2425 11
2424 11
2424 2
2423 2
2423 51
2422 51
2422 45
2421 45
2421 42
2420 42
2420 35
2419 35
2419 32
2418 32
2418 29
2417 29
2417 24
2416 24
2416 17
2415 17
2415 8
2414 8
2414 5
2413 5
2413 2
2412 2
2412 8
2411 8
2411 2
2410 2
2410 51
2409 51
2409 45
2408 45
2408 42
2407 42
2407 35
2406 35
2406 32
2405 32
2405 29
2404 29
2404 24
2403 24
2403 17
2402 17
2402 8
2401 8
2401 5
2400 5
2400 2
2399 2
2399 30
2398 30
2398 21
2397 21
2397 12
2396 12
2396 5
2395 5
2395 2
2394 2
2394 51
2393 51
2393 45
2392 45
2392 42
2391 42
2391 35
2390 35
2390 32
2389 32
2389 29
2388 29
2388 24
2387 24
2387 17
2386 17
2386 8
2385 8
2385 5
2384 5
2384 2
2383 2
2383 22
2382 22
2382 19
2381 19
2381 17
2380 17
2380 11
2379 11
2379 4
2378 4
2378 2
2377 2
2377 51
2376 51
2376 45
2375 45
2375 42
2374 42
2374 35
2373 35
2373 32
2372 32
2372 29
2371 29
2371 24
2370 24
2370 17
2369 17
2369 8
2368 8
2368 5
2367 5
2367 2
2366 2
2366 38
2365 38
2365 29
2364 29
2364 20
2363 20
2363 11
2362 11
2362 2
2361 2
2361 51
2360 51
2360 45
2359 45
2359 42
2358 42
2358 35
2357 35
2357 32
2356 32
2356 29
2355 29
2355 24
2354 24
2354 17
2353 17
2353 8
2352 8
2352 5
2351 5
2351 2
2350 2
2350 20
2349 20
2349 14
2348 14
2348 5
2347 5
2347 2
2346 2
2346 51
2345 51
2345 45
2344 45
2344 42
2343 42
2343 35
2342 35
2342 32
2341 32
2341 29
2340 29
2340 24
2339 24
2339 17
2338 17
2338 8
2337 8
2337 5
2336 5
2336 2
2335 2
2335 33
2334 33
2334 31
2333 31
2333 24
2332 24
2332 18
2331 18
2331 9
2330 9
2330 2
2329 2
2329 51
2328 51
2328 45
2327 45
2327 42
2326 42
2326 35
2325 35
2325 32
2324 32
2324 29
2323 29
2323 24
2322 24
2322 17
2321 17
2321 8
2320 8
2320 5
2319 5
2319 2
2318 2
2318 33
2317 33
2317 27
2316 27
2316 18
2315 18
2315 9
2314 9
2314 7
2313 7
2313 2
2312 2
2312 51
2311 51
2311 45
2310 45
2310 42
2309 42
2309 35
2308 35
2308 32
2307 32
2307 29
2306 29
2306 24
2305 24
2305 17
2304 17
2304 8
2303 8
2303 5
2302 5
2302 2
2301 2
2301 20
2300 20
2300 18
2299 18
2299 13
2298 13
2298 7
2297 7
2297 2
2296 2
2296 51
2295 51
2295 45
2294 45
2294 42
2293 42
2293 35
2292 35
2292 32
2291 32
2291 29
2290 29
2290 24
2289 24
2289 17
2288 17
2288 8
2287 8
2287 5
2286 5
2286 2
2285 2
2285 24
2284 24
2284 22
2283 22
2283 13
2282 13
2282 4
2281 4
2281 2
2280 2
2280 51
2279 51
2279 45
2278 45
2278 42
2277 42
2277 35
2276 35
2276 32
2275 32
2275 29
2274 29
2274 24
2273 24
2273 17
2272 17
2272 8
2271 8
2271 5
2270 5
2270 2
2269 2
2269 20
2268 20
2268 17
2267 17
2267 8
2266 8
2266 2
2265 2
2265 51
2264 51
2264 45
2263 45
2263 42
2262 42
2262 35
2261 35
2261 32
2260 32
2260 29
2259 29
2259 24
2258 24
2258 17
2257 17
2257 8
2256 8
2256 5
2255 5
2255 2
2254 2
2254 36
2253 36
2253 27
2252 27
2252 18
2251 18
2251 9
2250 9
2250 2
2249 2
2249 51
2248 51
2248 45
2247 45
2247 42
2246 42
2246 35
2245 35
2245 32
2244 32
2244 29
2243 29
2243 24
2242 24
2242 17
2241 17
2241 8
2240 8
2240 5
2239 5
2239 2
2238 2
2238 32
2237 32
2237 23
2236 23
2236 17
2235 17
2235 11
2234 11
2234 2
2233 2
2233 51
2232 51
2232 45
2231 45
2231 42
2230 42
2230 35
2229 35
2229 32
2228 32
2228 29
2227 29
2227 24
2226 24
2226 17
2225 17
2225 8
2224 8
2224 5
2223 5
2223 2
2222 2
2222 25
2221 25
2221 19
2220 19
2220 16
2219 16
2219 9
2218 9
2218 2
2217 2
2217 51
2216 51
2216 45
2215 45
2215 42
2214 42
2214 35
2213 35
2213 32
2212 32
2212 29
2211 29
2211 24
2210 24
2210 17
2209 17
2209 8
2208 8
2208 5
2207 5
2207 2
2206 2
2206 5
2205 5
2205 2
2204 2
2204 51
2203 51
2203 45
2202 45
2202 42
2201 42
2201 35
2200 35
2200 32
2199 32
2199 29
2198 29
2198 24
2197 24
2197 17
2196 17
2196 8
2195 8
2195 5
2194 5
2194 2
2193 2
2193 25
2192 25
2192 20
2191 20
2191 14
2190 14
2190 5
2189 5
2189 2
2188 2
2188 51
2187 51
2187 45
2186 45
2186 42
2185 42
2185 35
2184 35
2184 32
2183 32
2183 29
2182 29
2182 24
2181 24
2181 17
2180 17
2180 8
2179 8
2179 5
2178 5
2178 2
2177 2
2177 22
2176 22
2176 13
2175 13
2175 11
2174 11
2174 8
2173 8
2173 2
2172 2
2172 51
2171 51
2171 45
2170 45
2170 42
2169 42
2169 35
2168 35
2168 32
2167 32
2167 29
2166 29
2166 24
2165 24
2165 17
2164 17
2164 8
2163 8
2163 5
2162 5
2162 2
2161 2
2161 11
2160 11
2160 8
2159 8
2159 5
2158 5
2158 2
2157 2
2157 51
2156 51
2156 45
2155 45
2155 42
2154 42
2154 35
2153 35
2153 32
2152 32
2152 29
2151 29
2151 24
2150 24
2150 17
2149 17
2149 8
2148 8
2148 5
2147 5
2147 2
2146 2
2146 11
2145 11
2145 2
2144 2
2144 51
2143 51
2143 45
2142 45
2142 42
2141 42
2141 35
2140 35
2140 32
2139 32
2139 29
2138 29
2138 24
2137 24
2137 17
2136 17
2136 8
2135 8
2135 5
2134 5
2134 2
2133 2
2133 7
2132 7
2132 2
2131 2
2131 51
2130 51
2130 45
2129 45
2129 42
2128 42
2128 35
2127 35
2127 32
2126 32
2126 29
2125 29
2125 24
2124 24
2124 17
2123 17
2123 8
2122 8
2122 5
2121 5
2121 2
2120 2
2120 16
2119 16
2119 7
2118 7
2118 2
2117 2
2117 51
2116 51
2116 45
2115 45
2115 42
2114 42
2114 35
2113 35
2113 32
2112 32
2112 29
2111 29
2111 24
2110 24
2110 17
2109 17
2109 8
2108 8
2108 5
2107 5
2107 2
2106 2
2106 8
2105 8
2105 5
2104 5
2104 2
2103 2
2103 51
2102 51
2102 45
2101 45
2101 42
2100 42
2100 35
2099 35
2099 32
2098 32
2098 29
2097 29
2097 24
2096 24
2096 17
2095 17
2095 8
2094 8
2094 5
2093 5
2093 2
2092 2
2092 11
2091 11
2091 9
2090 9
2090 2
2089 2
2089 51
2088 51
2088 45
2087 45
2087 42
2086 42
2086 35
2085 35
2085 32
2084 32
2084 29
2083 29
2083 24
2082 24
2082 17
2081 17
2081 8
2080 8
2080 5
2079 5
2079 2
2078 2
2078 21
2077 21
2077 15
2076 15
2076 8
2075 8
2075 2
2074 2
2074 51
2073 51
2073 45
2072 45
2072 42
2071 42
2071 35
2070 35
2070 32
2069 32
2069 29
2068 29
2068 24
2067 24
2067 17
2066 17
2066 8
2065 8
2065 5
2064 5
2064 2
2063 2
2063 18
2062 18
2062 11
2061 11
2061 2
2060 2
2060 51
2059 51
2059 45
2058 45
2058 42
2057 42
2057 35
2056 35
2056 32
2055 32
2055 29
2054 29
2054 24
2053 24
2053 17
2052 17
2052 8
2051 8
2051 5
2050 5
2050 2
2049 2
2049 8
2048 8
2048 2
2047 2
2047 51
2046 51
2046 45
2045 45
2045 42
2044 42
2044 35
2043 35
2043 32
2042 32
2042 29
2041 29
2041 24
2040 24
2040 17
2039 17
2039 8
2038 8
2038 5
2037 5
2037 2
2036 2
2036 9
2035 9
2035 2
2034 2
2034 51
2033 51
2033 45
2032 45
2032 42
2031 42
2031 35
2030 35
2030 32
2029 32
2029 29
2028 29
2028 24
2027 24
2027 17
2026 17
2026 8
2025 8
2025 5
2024 5
2024 2
2023 2
2023 8
2022 8
2022 2
2021 2
2021 51
2020 51
2020 45
2019 45
2019 42
2018 42
2018 35
2017 35
2017 32
2016 32
2016 29
2015 29
2015 24
2014 24
2014 17
2013 17
2013 8
2012 8
2012 5
2011 5
2011 2
2010 2
2010 5
2009 5
2009 2
2008 2
2008 51
2007 51
2007 45
2006 45
2006 42
2005 42
2005 35
2004 35
2004 32
2003 32
2003 29
2002 29
2002 24
2001 24
2001 17
2000 17
2000 8
1999 8
1999 5
1998 5
1998 2
1997 2
1997 11
1996 11
1996 2
1995 2
1995 51
1994 51
1994 45
1993 45
1993 42
1992 42
1992 35
1991 35
1991 32
1990 32
1990 29
1989 29
1989 24
1988 24
1988 17
1987 17
1987 8
1986 8
1986 5
1985 5
1985 2
1984 2
1984 14
1983 14
1983 5
1982 5
1982 2
1981 2
1981 51
1980 51
1980 45
1979 45
1979 42
1978 42
1978 35
1977 35
1977 32
1976 32
1976 29
1975 29
1975 24
1974 24
1974 17
1973 17
1973 8
1972 8
1972 5
1971 5
1971 2
1970 2
1970 29
1969 29
1969 20
1968 20
1968 17
1967 17
1967 11
1966 11
1966 2
1965 2
1965 51
1964 51
1964 45
1963 45
1963 42
1962 42
1962 35
1961 35
1961 32
1960 32
1960 29
1959 29
1959 24
1958 24
1958 17
1957 17
1957 8
1956 8
1956 5
1955 5
1955 2
1954 2
1954 11
1953 11
1953 2
1952 2
1952 51
1951 51
1951 45
1950 45
1950 42
1949 42
1949 35
1948 35
1948 32
1947 32
1947 29
1946 29
1946 24
1945 24
1945 17
1944 17
1944 8
1943 8
1943 5
1942 5
1942 2
1941 2
1941 27
1940 27
1940 20
1939 20
1939 11
1938 11
1938 2
1937 2
1937 51
1936 51
1936 45
1935 45
1935 42
1934 42
1934 35
1933 35
1933 32
1932 32
1932 29
1931 29
1931 24
1930 24
1930 17
1929 17
1929 8
1928 8
1928 5
1927 5
1927 2
1926 2
1926 16
1925 16
1925 9
1924 9
1924 2
1923 2
1923 51
1922 51
1922 45
1921 45
1921 42
1920 42
1920 35
1919 35
1919 32
1918 32
1918 29
1917 29
1917 24
1916 24
1916 17
1915 17
1915 8
1914 8
1914 5
1913 5
1913 2
1912 2
1912 31
1911 31
1911 24
1910 24
1910 19
1909 19
1909 13
1908 13
1908 4
1907 4
1907 2
1906 2
1906 51
1905 51
1905 45
1904 45
1904 42
1903 42
1903 35
1902 35
1902 32
1901 32
1901 29
1900 29
1900 24
1899 24
1899 17
1898 17
1898 8
1897 8
1897 5
1896 5
1896 2
1895 2
1895 7
1894 7
1894 2
1893 2
1893 51
1892 51
1892 45
1891 45
1891 42
1890 42
1890 35
1889 35
1889 32
1888 32
1888 29
1887 29
1887 24
1886 24
1886 17
1885 17
1885 8
1884 8
1884 5
1883 5
1883 2
1882 2
1882 17
1881 17
1881 11
1880 11
1880 2
1879 2
1879 51
1878 51
1878 45
1877 45
1877 42
1876 42
1876 35
1875 35
1875 32
1874 32
1874 29
1873 29
1873 24
1872 24
1872 17
1871 17
1871 8
1870 8
1870 5
1869 5
1869 2
1868 2
1868 33
1867 33
1867 26
1866 26
1866 19
1865 19
1865 13
1864 13
1864 8
1863 8
1863 2
1862 2
1862 51
1861 51
1861 45
1860 45
1860 42
1859 42
1859 35
1858 35
1858 32
1857 32
1857 29
1856 29
1856 24
1855 24
1855 17
1854 17
1854 8
1853 8
1853 5
1852 5
1852 2
1851 2
1851 23
1850 23
1850 14
1849 14
1849 11
1848 11
1848 2
1847 2
1847 51
1846 51
1846 45
1845 45
1845 42
1844 42
1844 35
1843 35
1843 32
1842 32
1842 29
1841 29
1841 24
1840 24
1840 17
1839 17
1839 8
1838 8
1838 5
1837 5
1837 2
1836 2
1836 26
1835 26
1835 21
1834 21
1834 12
1833 12
1833 5
1832 5
1832 2
1831 2
1831 51
1830 51
1830 45
1829 45
1829 42
1828 42
1828 35
1827 35
1827 32
1826 32
1826 29
1825 29
1825 24
1824 24
1824 17
1823 17
1823 8
1822 8
1822 5
1821 5
1821 2
1820 2
1820 35
1819 35
1819 26
1818 26
1818 17
1817 17
1817 8
1816 8
1816 2
1815 2
1815 51
1814 51
1814 45
1813 45
1813 42
1812 42
1812 35
1811 35
1811 32
1810 32
1810 29
1809 29
1809 24
1808 24
1808 17
1807 17
1807 8
1806 8
1806 5
1805 5
1805 2
1804 2
1804 14
1803 14
1803 5
1802 5
1802 2
1801 2
1801 51
1800 51
1800 45
1799 45
1799 42
1798 42
1798 35
1797 35
1797 32
1796 32
1796 29
1795 29
1795 24
1794 24
1794 17
1793 17
1793 8
1792 8
1792 5
1791 5
1791 2
1790 2
1790 16
1789 16
1789 9
1788 9
1788 2
1787 2
1787 51
1786 51
1786 45
1785 45
1785 42
1784 42
1784 35
1783 35
1783 32
1782 32
1782 29
1781 29
1781 24
1780 24
1780 17
1779 17
1779 8
1778 8
1778 5
1777 5
1777 2
1776 2
1776 27
1775 27
1775 18
1774 18
1774 9
1773 9
1773 2
1772 2
1772 51
1771 51
1771 45
1770 45
1770 42
1769 42
1769 35
1768 35
1768 32
1767 32
1767 29
1766 29
1766 24
1765 24
1765 17
1764 17
1764 8
1763 8
1763 5
1762 5
1762 2
1761 2
1761 12
1760 12
1760 9
1759 9
1759 2
1758 2
1758 51
1757 51
1757 45
1756 45
1756 42
1755 42
1755 35
1754 35
1754 32
1753 32
1753 29
1752 29
1752 24
1751 24
1751 17
1750 17
1750 8
1749 8
1749 5
1748 5
1748 2
1747 2
1747 7
1746 7
1746 5
1745 5
1745 2
1744 2
1744 51
1743 51
1743 45
1742 45
1742 42
1741 42
1741 35
1740 35
1740 32
1739 32
1739 29
1738 29
1738 24
1737 24
1737 17
1736 17
1736 8
1735 8
1735 5
1734 5
1734 2
1733 2
1733 11
1732 11
1732 2
1731 2
1731 51
1730 51
1730 45
1729 45
1729 42
1728 42
1728 35
1727 35
1727 32
1726 32
1726 29
1725 29
1725 24
1724 24
1724 17
1723 17
1723 8
1722 8
1722 5
1721 5
1721 2
1720 2
1720 13
1719 13
1719 4
1718 4
1718 2
1717 2
1717 51
1716 51
1716 45
1715 45
1715 42
1714 42
1714 35
1713 35
1713 32
1712 32
1712 29
1711 29
1711 24
1710 24
1710 17
1709 17
1709 8
1708 8
1708 5
1707 5
1707 2
1706 2
1706 9
1705 9
1705 2
1704 2
1704 51
1703 51
1703 45
1702 45
1702 42
1701 42
1701 35
1700 35
1700 32
1699 32
1699 29
1698 29
1698 24
1697 24
1697 17
1696 17
1696 8
1695 8
1695 5
1694 5
1694 2
1693 2
1693 17
1692 17
1692 10
1691 10
1691 7
1690 7
1690 2
1689 2
1689 51
1688 51
1688 45
1687 45
1687 42
1686 42
1686 35
1685 35
1685 32
1684 32
1684 29
1683 29
1683 24
1682 24
1682 17
1681 17
1681 8
1680 8
1680 5
1679 5
1679 2
1678 2
1678 18
1677 18
1677 15
1676 15
1676 9
1675 9
1675 2
1674 2
1674 51
1673 51
1673 45
1672 45
1672 42
1671 42
1671 35
1670 35
1670 32
1669 32
1669 29
1668 29
1668 24
1667 24
1667 17
1666 17
1666 8
1665 8
1665 5
1664 5
1664 2
1663 2
1663 13
1662 13
1662 11
1661 11
1661 2
1660 2
1660 51
1659 51
1659 45
1658 45
1658 42
1657 42
1657 35
1656 35
1656 32
1655 32
1655 29
1654 29
1654 24
1653 24
1653 17
1652 17
1652 8
1651 8
1651 5
1650 5
1650 2
1649 2
1649 18
1648 18
1648 11
1647 11
1647 2
1646 2
1646 51
1645 51
1645 45
1644 45
1644 42
1643 42
1643 35
1642 35
1642 32
1641 32
1641 29
1640 29
1640 24
1639 24
1639 17
1638 17
1638 8
1637 8
1637 5
1636 5
1636 2
1635 2
1635 11
1634 11
1634 2
1633 2
1633 51
1632 51
1632 45
1631 45
1631 42
1630 42
1630 35
1629 35
1629 32
1628 32
1628 29
1627 29
1627 24
1626 24
1626 17
1625 17
1625 8
1624 8
1624 5
1623 5
1623 2
1622 2
1622 39
1621 39
1621 36
1620 36
1620 27
1619 27
1619 18
1618 18
1618 9
1617 9
1617 2
1616 2
1616 51
1615 51
1615 45
1614 45
1614 42
1613 42
1613 35
1612 35
1612 32
1611 32
1611 29
1610 29
1610 24
1609 24
1609 17
1608 17
1608 8
1607 8
1607 5
1606 5
1606 2
1605 2
1605 24
1604 24
1604 21
1603 21
1603 18
1602 18
1602 9
1601 9
1601 2
1600 2
1600 51
1599 51
1599 45
1598 45
1598 42
1597 42
1597 35
1596 35
1596 32
1595 32
1595 29
1594 29
1594 24
1593 24
1593 17
1592 17
1592 8
1591 8
1591 5
1590 5
1590 2
1589 2
1589 19
1588 19
1588 12
1587 12
1587 9
1586 9
1586 2
1585 2
1585 51
1584 51
1584 45
1583 45
1583 42
1582 42
1582 35
1581 35
1581 32
1580 32
1580 29
1579 29
1579 24
1578 24
1578 17
1577 17
1577 8
1576 8
1576 5
1575 5
1575 2
1574 2
1574 9
1573 9
1573 2
1572 2
1572 51
1571 51
1571 45
1570 45
1570 42
1569 42
1569 35
1568 35
1568 32
1567 32
1567 29
1566 29
1566 24
1565 24
1565 17
1564 17
1564 8
1563 8
1563 5
1562 5
1562 2
1561 2
1561 37
1560 37
1560 34
1559 34
1559 25
1558 25
1558 16
1557 16
1557 9
1556 9
1556 2
1555 2
1555 51
1554 51
1554 45
1553 45
1553 42
1552 42
1552 35
1551 35
1551 32
1550 32
1550 29
1549 29
1549 24
1548 24
1548 17
1547 17
1547 8
1546 8
1546 5
1545 5
1545 2
1544 2
1544 17
1543 17
1543 11
1542 11
1542 2
1541 2
1541 51
1540 51
1540 45
1539 45
1539 42
1538 42
1538 35
1537 35
1537 32
1536 32
1536 29
1535 29
1535 24
1534 24
1534 17
1533 17
1533 8
1532 8
1532 5
1531 5
1531 2
1530 2
1530 17
1529 17
1529 14
1528 14
1528 5
1527 5
1527 2
1526 2
1526 51
1525 51
1525 45
1524 45
1524 42
1523 42
1523 35
1522 35
1522 32
1521 32
1521 29
1520 29
1520 24
1519 24
1519 17
1518 17
1518 8
1517 8
1517 5
1516 5
1516 2
1515 2
1515 11
1514 11
1514 2
1513 2
1513 51
1512 51
1512 45
1511 45
1511 42
1510 42
1510 35
1509 35
1509 32
1508 32
1508 29
1507 29
1507 24
1506 24
1506 17
1505 17
1505 8
1504 8
1504 5
1503 5
1503 2
1502 2
1502 14
1501 14
1501 8
1500 8
1500 2
1499 2
1499 51
1498 51
1498 45
1497 45
1497 42
1496 42
1496 35
1495 35
1495 32
1494 32
1494 29
1493 29
1493 24
1492 24
1492 17
1491 17
1491 8
1490 8
1490 5
1489 5
1489 2
1488 2
1488 11
1487 11
1487 8
1486 8
1486 2
1485 2
1485 51
1484 51
1484 45
1483 45
1483 42
1482 42
1482 35
1481 35
1481 32
1480 32
1480 29
1479 29
1479 24
1478 24
1478 17
1477 17
1477 8
1476 8
1476 5
1475 5
1475 2
1474 2
1474 16
1473 16
1473 7
1472 7
1472 2
1471 2
1471 51
1470 51
1470 45
1469 45
1469 42
1468 42
1468 35
1467 35
1467 32
1466 32
1466 29
1465 29
1465 24
1464 24
1464 17
1463 17
1463 8
1462 8
1462 5
1461 5
1461 2
1460 2
1460 29
1459 29
1459 20
1458 20
1458 17
1457 17
1457 8
1456 8
1456 5
1455 5
1455 2
1454 2
1454 51
1453 51
1453 45
1452 45
1452 42
1451 42
1451 35
1450 35
1450 32
1449 32
1449 29
1448 29
1448 24
1447 24
1447 17
1446 17
1446 8
1445 8
1445 5
1444 5
1444 2
1443 2
1443 14
1442 14
1442 11
1441 11
1441 5
1440 5
1440 2
1439 2
1439 51
1438 51
1438 45
1437 45
1437 42
1436 42
1436 35
1435 35
1435 32
1434 32
1434 29
1433 29
1433 24
1432 24
1432 17
1431 17
1431 8
1430 8
1430 5
1429 5
1429 2
1428 2
1428 32
1427 32
1427 25
1426 25
1426 22
1425 22
1425 17
1424 17
1424 8
1423 8
1423 2
1422 2
1422 51
1421 51
1421 45
1420 45
1420 42
1419 42
1419 35
1418 35
1418 32
1417 32
1417 29
1416 29
1416 24
1415 24
1415 17
1414 17
1414 8
1413 8
1413 5
1412 5
1412 2
1411 2
1411 11
1410 11
1410 2
1409 2
1409 51
1408 51
1408 45
1407 45
1407 42
1406 42
1406 35
1405 35
1405 32
1404 32
1404 29
1403 29
1403 24
1402 24
1402 17
1401 17
1401 8
1400 8
1400 5
1399 5
1399 2
1398 2
1398 15
1397 15
1397 9
1396 9
1396 2
1395 2
1395 51
1394 51
1394 45
1393 45
1393 42
1392 42
1392 35
1391 35
1391 32
1390 32
1390 29
1389 29
1389 24
1388 24
1388 17
1387 17
1387 8
1386 8
1386 5
1385 5
1385 2
1384 2
1384 29
1383 29
1383 20
1382 20
1382 13
1381 13
1381 11
1380 11
1380 2
1379 2
1379 51
1378 51
1378 45
1377 45
1377 42
1376 42
1376 35
1375 35
1375 32
1374 32
1374 29
1373 29
1373 24
1372 24
1372 17
1371 17
1371 8
1370 8
1370 5
1369 5
1369 2
1368 2
1368 8
1367 8
1367 5
1366 5
1366 2
1365 2
1365 51
1364 51
1364 45
1363 45
1363 42
1362 42
1362 35
1361 35
1361 32
1360 32
1360 29
1359 29
1359 24
1358 24
1358 17
1357 17
1357 8
1356 8
1356 5
1355 5
1355 2
1354 2
1354 33
1353 33
1353 24
1352 24
1352 21
1351 21
1351 12
1350 12
1350 7
1349 7
1349 2
1348 2
1348 51
1347 51
1347 45
1346 45
1346 42
1345 42
1345 35
1344 35
1344 32
1343 32
1343 29
1342 29
1342 24
1341 24
1341 17
1340 17
1340 8
1339 8
1339 5
1338 5
1338 2
1337 2
1337 34
1336 34
1336 31
1335 31
1335 22
1334 22
1334 13
1333 13
1333 7
1332 7
1332 2
1331 2
1331 51
1330 51
1330 45
1329 45
1329 42
1328 42
1328 35
1327 35
1327 32
1326 32
1326 29
1325 29
1325 24
1324 24
1324 17
1323 17
1323 8
1322 8
1322 5
1321 5
1321 2
1320 2
1320 14
1319 14
1319 5
1318 5
1318 2
1317 2
1317 51
1316 51
1316 45
1315 45
1315 42
1314 42
1314 35
1313 35
1313 32
1312 32
1312 29
1311 29
1311 24
1310 24
1310 17
1309 17
1309 8
1308 8
1308 5
1307 5
1307 2
1306 2
1306 5
1305 5
1305 2
1304 2
1304 51
1303 51
1303 45
1302 45
1302 42
1301 42
1301 35
1300 35
1300 32
1299 32
1299 29
1298 29
1298 24
1297 24
1297 17
1296 17
1296 8
1295 8
1295 5
1294 5
1294 2
1293 2
1293 20
1292 20
1292 17
1291 17
1291 11
1290 11
1290 2
1289 2
1289 51
1288 51
1288 45
1287 45
1287 42
1286 42
1286 35
1285 35
1285 32
1284 32
1284 29
1283 29
1283 24
1282 24
1282 17
1281 17
1281 8
1280 8
1280 5
1279 5
1279 2
1278 2
1278 27
1277 27
1277 18
1276 18
1276 9
1275 9
1275 2
1274 2
1274 51
1273 51
1273 45
1272 45
1272 42
1271 42
1271 35
1270 35
1270 32
1269 32
1269 29
1268 29
1268 24
1267 24
1267 17
1266 17
1266 8
1265 8
1265 5
1264 5
1264 2
1263 2
1263 34
1262 34
1262 27
1261 27
1261 20
1260 20
1260 11
1259 11
1259 2
1258 2
1258 51
1257 51
1257 45
1256 45
1256 42
1255 42
1255 35
1254 35
1254 32
1253 32
1253 29
1252 29
1252 24
1251 24
1251 17
1250 17
1250 8
1249 8
1249 5
1248 5
1248 2
1247 2
1247 20
1246 20
1246 17
1245 17
1245 14
1244 14
1244 7
1243 7
1243 2
1242 2
1242 51
1241 51
1241 45
1240 45
1240 42
1239 42
1239 35
1238 35
1238 32
1237 32
1237 29
1236 29
1236 24
1235 24
1235 17
1234 17
1234 8
1233 8
1233 5
1232 5
1232 2
1231 2
1231 32
1230 32
1230 30
1229 30
1229 23
1228 23
1228 16
1227 16
1227 9
1226 9
1226 2
1225 2
1225 51
1224 51
1224 45
1223 45
1223 42
1222 42
1222 35
1221 35
1221 32
1220 32
1220 29
1219 29
1219 24
1218 24
1218 17
1217 17
1217 8
1216 8
1216 5
1215 5
1215 2
1214 2
1214 11
1213 11
1213 2
1212 2
1212 51
1211 51
1211 45
1210 45
1210 42
1209 42
1209 35
1208 35
1208 32
1207 32
1207 29
1206 29
1206 24
1205 24
1205 17
1204 17
1204 8
1203 8
1203 5
1202 5
1202 2
1201 2
1201 11
1200 11
1200 2
1199 2
1199 51
1198 51
1198 45
1197 45
1197 42
1196 42
1196 35
1195 35
1195 32
1194 32
1194 29
1193 29
1193 24
1192 24
1192 17
1191 17
1191 8
1190 8
1190 5
1189 5
1189 2
1188 2
1188 35
1187 35
1187 26
1186 26
1186 21
1185 21
1185 14
1184 14
1184 11
1183 11
1183 2
1182 2
1182 51
1181 51
1181 45
1180 45
1180 42
1179 42
1179 35
1178 35
1178 32
1177 32
1177 29
1176 29
1176 24
1175 24
1175 17
1174 17
1174 8
1173 8
1173 5
1172 5
1172 2
1171 2
1171 37
1170 37
1170 28
1169 28
1169 19
1168 19
1168 17
1167 17
1167 11
1166 11
1166 2
1165 2
1165 51
1164 51
1164 45
1163 45
1163 42
1162 42
1162 35
1161 35
1161 32
1160 32
1160 29
1159 29
1159 24
1158 24
1158 17
1157 17
1157 8
1156 8
1156 5
1155 5
1155 2
1154 2
1154 11
1153 11
1153 2
1152 2
1152 51
1151 51
1151 45
1150 45
1150 42
1149 42
1149 35
1148 35
1148 32
1147 32
1147 29
1146 29
1146 24
1145 24
1145 17
1144 17
1144 8
1143 8
1143 5
1142 5
1142 2
1141 2
1141 18
1140 18
1140 9
1139 9
1139 7
1138 7
1138 5
1137 5
1137 2
1136 2
1136 51
1135 51
1135 45
1134 45
1134 42
1133 42
1133 35
1132 35
1132 32
1131 32
1131 29
1130 29
1130 24
1129 24
1129 17
1128 17
1128 8
1127 8
1127 5
1126 5
1126 2
1125 2
1125 27
1124 27
1124 18
1123 18
1123 11
1122 11
1122 2
1121 2
1121 51
1120 51
1120 45
1119 45
1119 42
1118 42
1118 35
1117 35
1117 32
1116 32
1116 29
1115 29
1115 24
1114 24
1114 17
1113 17
1113 8
1112 8
1112 5
1111 5
1111 2
1110 2
1110 40
1109 40
1109 33
1108 33
1108 27
1107 27
1107 18
1106 18
1106 11
1105 11
1105 2
1104 2
1104 51
1103 51
1103 45
1102 45
1102 42
1101 42
1101 35
1100 35
1100 32
1099 32
1099 29
1098 29
1098 24
1097 24
1097 17
1096 17
1096 8
1095 8
1095 5
1094 5
1094 2
1093 2
1093 37
1092 37
1092 32
1091 32
1091 26
1090 26
1090 20
1089 20
1089 11
1088 11
1088 2
1087 2
1087 51
1086 51
1086 45
1085 45
1085 42
1084 42
1084 35
1083 35
1083 32
1082 32
1082 29
1081 29
1081 24
1080 24
1080 17
1079 17
1079 8
1078 8
1078 5
1077 5
1077 2
1076 2
1076 24
1075 24
1075 15
1074 15
1074 8
1073 8
1073 5
1072 5
1072 2
1071 2
1071 51
1070 51
1070 45
1069 45
1069 42
1068 42
1068 35
1067 35
1067 32
1066 32
1066 29
1065 29
1065 24
1064 24
1064 17
1063 17
1063 8
1062 8
1062 5
1061 5
1061 2
1060 2
1060 27
1059 27
1059 18
1058 18
1058 9
1057 9
1057 2
1056 2
1056 51
1055 51
1055 45
1054 45
1054 42
1053 42
1053 35
1052 35
1052 32
1051 32
1051 29
1050 29
1050 24
1049 24
1049 17
1048 17
1048 8
1047 8
1047 5
1046 5
1046 2
1045 2
1045 26
1044 26
1044 17
1043 17
1043 11
1042 11
1042 2
1041 2
1041 51
1040 51
1040 45
1039 45
1039 42
1038 42
1038 35
1037 35
1037 32
1036 32
1036 29
1035 29
1035 24
1034 24
1034 17
1033 17
1033 8
1032 8
1032 5
1031 5
1031 2
1030 2
1030 22
1029 22
1029 13
1028 13
1028 11
1027 11
1027 2
1026 2
1026 51
1025 51
1025 45
1024 45
1024 42
1023 42
1023 35
1022 35
1022 32
1021 32
1021 29
1020 29
1020 24
1019 24
1019 17
1018 17
1018 8
1017 8
1017 5
1016 5
1016 2
1015 2
1015 19
1014 19
1014 17
1013 17
1013 14
1012 14
1012 11
1011 11
1011 4
1010 4
1010 2
1009 2
1009 51
1008 51
1008 45
1007 45
1007 42
1006 42
1006 35
1005 35
1005 32
1004 32
1004 29
1003 29
1003 24
1002 24
1002 17
1001 17
1001 8
1000 8
1000 5
999 5
999 2
998 2
998 17
997 17
997 8
996 8
996 2
995 2
995 51
994 51
994 45
993 45
993 42
992 42
992 35
991 35
991 32
990 32
990 29
989 29
989 24
988 24
988 17
987 17
987 8
986 8
986 5
985 5
985 2
984 2
984 8
983 8
983 2
982 2
982 51
981 51
981 45
980 45
980 42
979 42
979 35
978 35
978 32
977 32
977 29
976 29
976 24
975 24
975 17
974 17
974 8
973 8
973 5
972 5
972 2
971 2
971 39
970 39
970 34
969 34
969 25
968 25
968 18
967 18
967 11
966 11
966 2
965 2
965 51
964 51
964 45
963 45
963 42
962 42
962 35
961 35
961 32
960 32
960 29
959 29
959 24
958 24
958 17
957 17
957 8
956 8
956 5
955 5
955 2
954 2
954 4
953 4
953 2
952 2
952 51
951 51
951 45
950 45
950 42
949 42
949 35
948 35
948 32
947 32
947 29
946 29
946 24
945 24
945 17
944 17
944 8
943 8
943 5
942 5
942 2
941 2
941 27
940 27
940 24
939 24
939 17
938 17
938 14
937 14
937 11
936 11
936 2
935 2
935 51
934 51
934 45
933 45
933 42
932 42
932 35
931 35
931 32
930 32
930 29
929 29
929 24
928 24
928 17
927 17
927 8
926 8
926 5
925 5
925 2
924 2
924 18
923 18
923 9
922 9
922 2
921 2
921 51
920 51
920 45
919 45
919 42
918 42
918 35
917 35
917 32
916 32
916 29
915 29
915 24
914 24
914 17
913 17
913 8
912 8
912 5
911 5
911 2
910 2
910 10
909 10
909 5
908 5
908 2
907 2
907 51
906 51
906 45
905 45
905 42
904 42
904 35
903 35
903 32
902 32
902 29
901 29
901 24
900 24
900 17
899 17
899 8
898 8
898 5
897 5
897 2
896 2
896 35
895 35
895 26
894 26
894 17
893 17
893 14
892 14
892 9
891 9
891 2
890 2
890 51
889 51
889 45
888 45
888 42
887 42
887 35
886 35
886 32
885 32
885 29
884 29
884 24
883 24
883 17
882 17
882 8
881 8
881 5
880 5
880 2
879 2
879 4
878 4
878 2
877 2
877 51
876 51
876 45
875 45
875 42
874 42
874 35
873 35
873 32
872 32
872 29
871 29
871 24
870 24
870 17
869 17
869 8
868 8
868 5
867 5
867 2
866 2
866 29
865 29
865 22
864 22
864 20
863 20
863 13
862 13
862 11
861 11
861 2
860 2
860 51
859 51
859 45
858 45
858 42
857 42
857 35
856 35
856 32
855 32
855 29
854 29
854 24
853 24
853 17
852 17
852 8
851 8
851 5
850 5
850 2
849 2
849 25
848 25
848 20
847 20
847 11
846 11
846 5
845 5
845 2
844 2
844 51
843 51
843 45
842 45
842 42
841 42
841 35
840 35
840 32
839 32
839 29
838 29
838 24
837 24
837 17
836 17
836 8
835 8
835 5
834 5
834 2
833 2
833 18
832 18
832 16
831 16
831 9
830 9
830 2
829 2
829 51
828 51
828 45
827 45
827 42
826 42
826 35
825 35
825 32
824 32
824 29
823 29
823 24
822 24
822 17
821 17
821 8
820 8
820 5
819 5
819 2
818 2
818 23
817 23
817 14
816 14
816 12
815 12
815 5
814 5
814 2
813 2
813 51
812 51
812 45
811 45
811 42
810 42
810 35
809 35
809 32
808 32
808 29
807 29
807 24
806 24
806 17
805 17
805 8
804 8
804 5
803 5
803 2
802 2
802 35
801 35
801 28
800 28
800 25
799 25
799 18
798 18
798 9
797 9
797 2
796 2
796 51
795 51
795 45
794 45
794 42
793 42
793 35
792 35
792 32
791 32
791 29
790 29
790 24
789 24
789 17
788 17
788 8
787 8
787 5
786 5
786 2
785 2
785 10
784 10
784 5
783 5
783 2
782 2
782 51
781 51
781 45
780 45
780 42
779 42
779 35
778 35
778 32
777 32
777 29
776 29
776 24
775 24
775 17
774 17
774 8
773 8
773 5
772 5
772 2
771 2
771 11
770 11
770 2
769 2
769 51
768 51
768 45
767 45
767 42
766 42
766 35
765 35
765 32
764 32
764 29
763 29
763 24
762 24
762 17
761 17
761 8
760 8
760 5
759 5
759 2
758 2
758 30
757 30
757 28
756 28
756 25
755 25
755 16
754 16
754 11
753 11
753 2
752 2
752 51
751 51
751 45
750 45
750 42
749 42
749 35
748 35
748 32
747 32
747 29
746 29
746 24
745 24
745 17
744 17
744 8
743 8
743 5
742 5
742 2
741 2
741 28
740 28
740 23
739 23
739 16
738 16
738 10
737 10
737 8
736 8
736 2
735 2
735 51
734 51
734 45
733 45
733 42
732 42
732 35
731 35
731 32
730 32
730 29
729 29
729 24
728 24
728 17
727 17
727 8
726 8
726 5
725 5
725 2
724 2
724 20
723 20
723 11
722 11
722 2
721 2
721 51
720 51
720 45
719 45
719 42
718 42
718 35
717 35
717 32
716 32
716 29
715 29
715 24
714 24
714 17
713 17
713 8
712 8
712 5
711 5
711 2
710 2
710 22
709 22
709 19
708 19
708 12
707 12
707 9
706 9
706 2
705 2
705 51
704 51
704 45
703 45
703 42
702 42
702 35
701 35
701 32
700 32
700 29
699 29
699 24
698 24
698 17
697 17
697 8
696 8
696 5
695 5
695 2
694 2
694 23
693 23
693 21
692 21
692 14
691 14
691 11
690 11
690 2
689 2
689 51
688 51
688 45
687 45
687 42
686 42
686 35
685 35
685 32
684 32
684 29
683 29
683 24
682 24
682 17
681 17
681 8
680 8
680 5
679 5
679 2
678 2
678 28
677 28
677 21
676 21
676 18
675 18
675 9
674 9
674 2
673 2
673 51
672 51
672 45
671 45
671 42
670 42
670 35
669 35
669 32
668 32
668 29
667 29
667 24
666 24
666 17
665 17
665 8
664 8
664 5
663 5
663 2
662 2
662 31
661 31
661 22
660 22
660 13
659 13
659 11
658 11
658 2
657 2
657 51
656 51
656 45
655 45
655 42
654 42
654 35
653 35
653 32
652 32
652 29
651 29
651 24
650 24
650 17
649 17
649 8
648 8
648 5
647 5
647 2
646 2
646 22
645 22
645 19
644 19
644 12
643 12
643 5
642 5
642 2
641 2
641 51
640 51
640 45
639 45
639 42
638 42
638 35
637 35
637 32
636 32
636 29
635 29
635 24
634 24
634 17
633 17
633 8
632 8
632 5
631 5
631 2
630 2
630 17
629 17
629 8
628 8
628 2
627 2
627 51
626 51
626 45
625 45
625 42
624 42
624 35
623 35
623 32
622 32
622 29
621 29
621 24
620 24
620 17
619 17
619 8
618 8
618 5
617 5
617 2
616 2
616 11
615 11
615 2
614 2
614 51
613 51
613 45
612 45
612 42
611 42
611 35
610 35
610 32
609 32
609 29
608 29
608 24
607 24
607 17
606 17
606 8
605 8
605 5
604 5
604 2
603 2
603 16
602 16
602 7
601 7
601 5
600 5
600 2
599 2
599 51
598 51
598 45
597 45
597 42
596 42
596 35
595 35
595 32
594 32
594 29
593 29
593 24
592 24
592 17
591 17
591 8
590 8
590 5
589 5
589 2
588 2
588 14
587 14
587 8
586 8
586 2
585 2
585 51
584 51
584 45
583 45
583 42
582 42
582 35
581 35
581 32
580 32
580 29
579 29
579 24
578 24
578 17
577 17
577 8
576 8
576 5
575 5
575 2
574 2
574 9
573 9
573 2
572 2
572 51
571 51
571 45
570 45
570 42
569 42
569 35
568 35
568 32
567 32
567 29
566 29
566 24
565 24
565 17
564 17
564 8
563 8
563 5
562 5
562 2
561 2
561 9
560 9
560 2
559 2
559 51
558 51
558 45
557 45
557 42
556 42
556 35
555 35
555 32
554 32
554 29
553 29
553 24
552 24
552 17
551 17
551 8
550 8
550 5
549 5
549 2
548 2
548 25
547 25
547 18
546 18
546 11
545 11
545 2
544 2
544 51
543 51
543 45
542 45
542 42
541 42
541 35
540 35
540 32
539 32
539 29
538 29
538 24
537 24
537 17
536 17
536 8
535 8
535 5
534 5
534 2
533 2
533 23
532 23
532 17
531 17
531 11
530 11
530 5
529 5
529 2
528 2
528 51
527 51
527 45
526 45
526 42
525 42
525 35
524 35
524 32
523 32
523 29
522 29
522 24
521 24
521 17
520 17
520 8
519 8
519 5
518 5
518 2
517 2
517 11
516 11
516 6
515 6
515 4
514 4
514 2
513 2
513 51
512 51
512 45
511 45
511 42
510 42
510 35
509 35
509 32
508 32
508 29
507 29
507 24
506 24
506 17
505 17
505 8
504 8
504 5
503 5
503 2
502 2
502 34
501 34
501 25
500 25
500 16
499 16
499 7
498 7
498 2
497 2
497 51
496 51
496 45
495 45
495 42
494 42
494 35
493 35
493 32
492 32
492 29
491 29
491 24
490 24
490 17
489 17
489 8
488 8
488 5
487 5
487 2
486 2
486 12
485 12
485 9
484 9
484 2
483 2
483 51
482 51
482 45
481 45
481 42
480 42
480 35
479 35
479 32
478 32
478 29
477 29
477 24
476 24
476 17
475 17
475 8
474 8
474 5
473 5
473 2
472 2
472 28
471 28
471 22
470 22
470 19
469 19
469 14
468 14
468 5
467 5
467 2
466 2
466 51
465 51
465 45
464 45
464 42
463 42
463 35
462 35
462 32
461 32
461 29
460 29
460 24
459 24
459 17
458 17
458 8
457 8
457 5
456 5
456 2
455 2
455 20
454 20
454 18
453 18
453 11
452 11
452 2
451 2
451 51
450 51
450 45
449 45
449 42
448 42
448 35
447 35
447 32
446 32
446 29
445 29
445 24
444 24
444 17
443 17
443 8
442 8
442 5
441 5
441 2
440 2
440 14
439 14
439 11
438 11
438 2
437 2
437 51
436 51
436 45
435 45
435 42
434 42
434 35
433 35
433 32
432 32
432 29
431 29
431 24
430 24
430 17
429 17
429 8
428 8
428 5
427 5
427 2
426 2
426 17
425 17
425 14
424 14
424 7
423 7
423 2
422 2
422 51
421 51
421 45
420 45
420 42
419 42
419 35
418 35
418 32
417 32
417 29
416 29
416 24
415 24
415 17
414 17
414 8
413 8
413 5
412 5
412 2
411 2
411 32
410 32
410 23
409 23
409 14
408 14
408 9
407 9
407 2
406 2
406 51
405 51
405 45
404 45
404 42
403 42
403 35
402 35
402 32
401 32
401 29
400 29
400 24
399 24
399 17
398 17
398 8
397 8
397 5
396 5
396 2
395 2
395 24
394 24
394 15
393 15
393 9
392 9
392 2
391 2
391 51
390 51
390 45
389 45
389 42
388 42
388 35
387 35
387 32
386 32
386 29
385 29
385 24
384 24
384 17
383 17
383 8
382 8
382 5
381 5
381 2
380 2
380 12
379 12
379 5
378 5
378 2
377 2
377 51
376 51
376 45
375 45
375 42
374 42
374 35
373 35
373 32
372 32
372 29
371 29
371 24
370 24
370 17
369 17
369 8
368 8
368 5
367 5
367 2
366 2
366 29
365 29
365 23
364 23
364 18
363 18
363 15
362 15
362 9
361 9
361 2
360 2
360 51
359 51
359 45
358 45
358 42
357 42
357 35
356 35
356 32
355 32
355 29
354 29
354 24
353 24
353 17
352 17
352 8
351 8
351 5
350 5
350 2
349 2
349 13
348 13
348 11
347 11
347 2
346 2
346 51
345 51
345 45
344 45
344 42
343 42
343 35
342 35
342 32
341 32
341 29
340 29
340 24
339 24
339 17
338 17
338 8
337 8
337 5
336 5
336 2
335 2
335 34
334 34
334 25
333 25
333 20
332 20
332 11
331 11
331 2
330 2
330 51
329 51
329 45
328 45
328 42
327 42
327 35
326 35
326 32
325 32
325 29
324 29
324 24
323 24
323 17
322 17
322 8
321 8
321 5
320 5
320 2
319 2
319 29
318 29
318 20
317 20
317 14
316 14
316 11
315 11
315 2
314 2
314 51
313 51
313 45
312 45
312 42
311 42
311 35
310 35
310 32
309 32
309 29
308 29
308 24
307 24
307 17
306 17
306 8
305 8
305 5
304 5
304 2
303 2
303 11
302 11
302 2
301 2
301 51
300 51
300 45
299 45
299 42
298 42
298 35
297 35
297 32
296 32
296 29
295 29
295 24
294 24
294 17
293 17
293 8
292 8
292 5
291 5
291 2
290 2
290 32
289 32
289 26
288 26
288 17
287 17
287 8
286 8
286 2
285 2
285 51
284 51
284 45
283 45
283 42
282 42
282 35
281 35
281 32
280 32
280 29
279 29
279 24
278 24
278 17
277 17
277 8
276 8
276 5
275 5
275 2
274 2
274 5
273 5
273 2
272 2
272 51
271 51
271 45
270 45
270 42
269 42
269 35
268 35
268 32
267 32
267 29
266 29
266 24
265 24
265 17
264 17
264 8
263 8
263 5
262 5
262 2
261 2
261 11
260 11
260 8
259 8
259 5
258 5
258 2
257 2
257 51
256 51
256 45
255 45
255 42
254 42
254 35
253 35
253 32
252 32
252 29
251 29
251 24
250 24
250 17
249 17
249 8
248 8
248 5
247 5
247 2
246 2
246 29
245 29
245 20
244 20
244 11
243 11
243 4
242 4
242 2
241 2
241 51
240 51
240 45
239 45
239 42
238 42
238 35
237 35
237 32
236 32
236 29
235 29
235 24
234 24
234 17
233 17
233 8
232 8
232 5
231 5
231 2
230 2
230 7
229 7
229 2
228 2
228 51
227 51
227 45
226 45
226 42
225 42
225 35
224 35
224 32
223 32
223 29
222 29
222 24
221 24
221 17
220 17
220 8
219 8
219 5
218 5
218 2
217 2
217 27
216 27
216 20
215 20
215 11
214 11
214 2
213 2
213 51
212 51
212 45
211 45
211 42
210 42
210 35
209 35
209 32
208 32
208 29
207 29
207 24
206 24
206 17
205 17
205 8
204 8
204 5
203 5
203 2
202 2
202 9
201 9
201 7
200 7
200 5
199 5
199 2
198 2
198 51
197 51
197 45
196 45
196 42
195 42
195 35
194 35
194 32
193 32
193 29
192 29
192 24
191 24
191 17
190 17
190 8
189 8
189 5
188 5
188 2
187 2
187 20
186 20
186 11
185 11
185 2
184 2
184 51
183 51
183 45
182 45
182 42
181 42
181 35
180 35
180 32
179 32
179 29
178 29
178 24
177 24
177 17
176 17
176 8
175 8
175 5
174 5
174 2
173 2
173 26
172 26
172 20
171 20
171 11
170 11
170 2
169 2
169 51
168 51
168 45
167 45
167 42
166 42
166 35
165 35
165 32
164 32
164 29
163 29
163 24
162 24
162 17
161 17
161 8
160 8
160 5
159 5
159 2
158 2
158 23
157 23
157 20
156 20
156 14
155 14
155 9
154 9
154 4
153 4
153 2
152 2
152 51
151 51
151 45
150 45
150 42
149 42
149 35
148 35
148 32
147 32
147 29
146 29
146 24
145 24
145 17
144 17
144 8
143 8
143 5
142 5
142 2
141 2
141 17
140 17
140 14
139 14
139 5
138 5
138 2
137 2
137 51
136 51
136 45
135 45
135 42
134 42
134 35
133 35
133 32
132 32
132 29
131 29
131 24
130 24
130 17
129 17
129 8
128 8
128 5
127 5
127 2
126 2
126 16
125 16
125 7
124 7
124 4
123 4
123 2
122 2
122 51
121 51
121 45
120 45
120 42
119 42
119 35
118 35
118 32
117 32
117 29
116 29
116 24
115 24
115 17
114 17
114 8
113 8
113 5
112 5
112 2
111 2
111 25
110 25
110 19
109 19
109 12
108 12
108 9
107 9
107 2
106 2
106 51
105 51
105 45
104 45
104 42
103 42
103 35
102 35
102 32
101 32
101 29
100 29
100 24
99 24
99 17
98 17
98 8
97 8
97 5
96 5
96 2
95 2
95 29
94 29
94 24
93 24
93 15
92 15
92 9
91 9
91 2
90 2
90 51
89 51
89 45
88 45
88 42
87 42
87 35
86 35
86 32
85 32
85 29
84 29
84 24
83 24
83 17
82 17
82 8
81 8
81 5
80 5
80 2
79 2
79 27
78 27
78 18
77 18
77 9
76 9
76 2
75 2
75 51
74 51
74 45
73 45
73 42
72 42
72 35
71 35
71 32
70 32
70 29
69 29
69 24
68 24
68 17
67 17
67 8
66 8
66 5
65 5
65 2
64 2
64 22
63 22
63 15
62 15
62 9
61 9
61 2
60 2
60 51
59 51
59 45
58 45
58 42
57 42
57 35
56 35
56 32
55 32
55 29
54 29
54 24
53 24
53 17
52 17
52 8
51 8
51 5
50 5
50 2
49 2
49 18
48 18
48 16
47 16
47 7
46 7
46 2
45 2
45 51
44 51
44 45
43 45
43 42
42 42
42 35
41 35
41 32
40 32
40 29
39 29
39 24
38 24
38 17
37 17
37 8
36 8
36 5
35 5
35 2
34 2
34 11
33 11
33 5
32 5
32 2
31 2
31 51
30 51
30 45
29 45
29 42
28 42
28 35
27 35
27 32
26 32
26 29
25 29
25 24
24 24
24 17
23 17
23 8
22 8
22 5
21 5
21 2
20 2
20 9
19 9
19 2
18 2
18 51
17 51
17 45
16 45
16 42
15 42
15 35
14 35
14 32
13 32
13 29
12 29
12 24
11 24
11 17
10 17
10 8
9 8
9 5
8 5
8 2
7 2
7 19
6 19
6 17
5 17
5 10
4 10
4 8
3 8
3 5
2 5
2 2
1 2
1 1
30
2 1
2 4
3 4
3 7
4 7
4 16
5 16
5 23
6 23
6 28
7 28
7 31
8 31
8 34
9 34
9 41
10 41
10 44
11 44
11 50
12 50
12 1
13 1
13 10
14 10
14 17
15 17
15 24
16 24
16 1
28
2 1
2 4
3 4
3 7
4 7
4 16
5 16
5 23
6 23
6 28
7 28
7 31
8 31
8 34
9 34
9 41
10 41
10 44
11 44
11 50
12 50
12 1
13 1
13 7
14 7
14 16
15 16
15 1
28
15 1
15 13
14 13
14 10
13 10
13 1
12 1
12 50
11 50
11 44
10 44
10 41
9 41
9 34
8 34
8 31
7 31
7 28
6 28
6 23
5 23
5 16
4 16
4 7
3 7
3 4
2 4
2 1
28
15 1
15 12
14 12
14 7
13 7
13 1
12 1
12 50
11 50
11 44
10 44
10 41
9 41
9 34
8 34
8 31
7 31
7 28
6 28
6 23
5 23
5 16
4 16
4 7
3 7
3 4
2 4
2 1
28
2 1
2 10
3 10
3 13
4 13
4 1
5 1
5 4
6 4
6 7
7 7
7 16
8 16
8 23
9 23
9 28
10 28
10 31
11 31
11 34
12 34
12 41
13 41
13 44
14 44
14 50
15 50
15 1
32
2 1
2 4
3 4
3 7
4 7
4 16
5 16
5 23
6 23
6 28
7 28
7 31
8 31
8 34
9 34
9 41
10 41
10 44
11 44
11 50
12 50
12 1
13 1
13 4
14 4
14 10
15 10
15 19
16 19
16 24
17 24
17 1
34
18 1
18 50
17 50
17 44
16 44
16 41
15 41
15 34
14 34
14 31
13 31
13 28
12 28
12 23
11 23
11 16
10 16
10 7
9 7
9 4
8 4
8 1
7 1
7 36
6 36
6 33
5 33
5 24
4 24
4 15
3 15
3 8
2 8
2 1
34
2 1
2 10
3 10
3 13
4 13
4 16
5 16
5 23
6 23
6 26
7 26
7 1
8 1
8 4
9 4
9 7
10 7
10 16
11 16
11 23
12 23
12 28
13 28
13 31
14 31
14 34
15 34
15 41
16 41
16 44
17 44
17 50
18 50
18 1
28
15 1
15 13
14 13
14 4
13 4
13 1
12 1
12 50
11 50
11 44
10 44
10 41
9 41
9 34
8 34
8 31
7 31
7 28
6 28
6 23
5 23
5 16
4 16
4 7
3 7
3 4
2 4
2 1
32
2 1
2 10
3 10
3 13
4 13
4 22
5 22
5 29
6 29
6 1
7 1
7 4
8 4
8 7
9 7
9 16
10 16
10 23
11 23
11 28
12 28
12 31
13 31
13 34
14 34
14 41
15 41
15 44
16 44
16 50
17 50
17 1
30
2 1
2 4
3 4
3 7
4 7
4 16
5 16
5 23
6 23
6 28
7 28
7 31
8 31
8 34
9 34
9 41
10 41
10 44
11 44
11 50
12 50
12 1
13 1
13 8
14 8
14 14
15 14
15 21
16 21
16 1
34
18 1
18 50
17 50
17 44
16 44
16 41
15 41
15 34
14 34
14 31
13 31
13 28
12 28
12 23
11 23
11 16
10 16
10 7
9 7
9 4
8 4
8 1
7 1
7 30
6 30
6 28
5 28
5 21
4 21
4 15
3 15
3 8
2 8
2 1
32
17 1
17 50
16 50
16 44
15 44
15 41
14 41
14 34
13 34
13 31
12 31
12 28
11 28
11 23
10 23
10 16
9 16
9 7
8 7
8 4
7 4
7 1
6 1
6 33
5 33
5 24
4 24
4 15
3 15
3 6
2 6
2 1
28
15 1
15 6
14 6
14 3
13 3
13 1
12 1
12 50
11 50
11 44
10 44
10 41
9 41
9 34
8 34
8 31
7 31
7 28
6 28
6 23
5 23
5 16
4 16
4 7
3 7
3 4
2 4
2 1
28
2 1
2 4
3 4
3 7
4 7
4 16
5 16
5 23
6 23
6 28
7 28
7 31
8 31
8 34
9 34
9 41
10 41
10 44
11 44
11 50
12 50
12 1
13 1
13 7
14 7
14 13
15 13
15 1
26
2 1
2 10
3 10
3 1
4 1
4 4
5 4
5 7
6 7
6 16
7 16
7 23
8 23
8 28
9 28
9 31
10 31
10 34
11 34
11 41
12 41
12 44
13 44
13 50
14 50
14 1
32
2 1
2 4
3 4
3 7
4 7
4 16
5 16
5 23
6 23
6 28
7 28
7 31
8 31
8 34
9 34
9 41
10 41
10 44
11 44
11 50
12 50
12 1
13 1
13 6
14 6
14 13
15 13
15 16
16 16
16 19
17 19
17 1
34
18 1
18 50
17 50
17 44
16 44
16 41
15 41
15 34
14 34
14 31
13 31
13 28
12 28
12 23
11 23
11 16
10 16
10 7
9 7
9 4
8 4
8 1
7 1
7 32
6 32
6 30
5 30
5 23
4 23
4 17
3 17
3 8
2 8
2 1
26
14 1
14 50
13 50
13 44
12 44
12 41
11 41
11 34
10 34
10 31
9 31
9 28
8 28
8 23
7 23
7 16
6 16
6 7
5 7
5 4
4 4
4 1
3 1
3 10
2 10
2 1
30
16 1
16 16
15 16
15 13
14 13
14 4
13 4
13 1
12 1
12 50
11 50
11 44
10 44
10 41
9 41
9 34
8 34
8 31
7 31
7 28
6 28
6 23
5 23
5 16
4 16
4 7
3 7
3 4
2 4
2 1
26
14 1
14 6
13 6
13 1
12 1
12 50
11 50
11 44
10 44
10 41
9 41
9 34
8 34
8 31
7 31
7 28
6 28
6 23
5 23
5 16
4 16
4 7
3 7
3 4
2 4
2 1
30
16 1
16 50
15 50
15 44
14 44
14 41
13 41
13 34
12 34
12 31
11 31
11 28
10 28
10 23
9 23
9 16
8 16
8 7
7 7
7 4
6 4
6 1
5 1
5 14
4 14
4 11
3 11
3 4
2 4
2 1
30
16 1
16 50
15 50
15 44
14 44
14 41
13 41
13 34
12 34
12 31
11 31
11 28
10 28
10 23
9 23
9 16
8 16
8 7
7 7
7 4
6 4
6 1
5 1
5 10
4 10
4 7
3 7
3 4
2 4
2 1
32
17 1
17 50
16 50
16 44
15 44
15 41
14 41
14 34
13 34
13 31
12 31
12 28
11 28
11 23
10 23
10 16
9 16
9 7
8 7
8 4
7 4
7 1
6 1
6 22
5 22
5 19
4 19
4 10
3 10
3 8
2 8
2 1
34
18 1
18 27
17 27
17 21
16 21
16 18
15 18
15 13
14 13
14 4
13 4
13 1
12 1
12 50
11 50
11 44
10 44
10 41
9 41
9 34
8 34
8 31
7 31
7 28
6 28
6 23
5 23
5 16
4 16
4 7
3 7
3 4
2 4
2 1
26
2 1
2 4
3 4
3 7
4 7
4 16
5 16
5 23
6 23
6 28
7 28
7 31
8 31
8 34
9 34
9 41
10 41
10 44
11 44
11 50
12 50
12 1
13 1
13 10
14 10
14 1
28
15 1
15 17
14 17
14 10
13 10
13 1
12 1
12 50
11 50
11 44
10 44
10 41
9 41
9 34
8 34
8 31
7 31
7 28
6 28
6 23
5 23
5 16
4 16
4 7
3 7
3 4
2 4
2 1
26
14 1
14 50
13 50
13 44
12 44
12 41
11 41
11 34
10 34
10 31
9 31
9 28
8 28
8 23
7 23
7 16
6 16
6 7
5 7
5 4
4 4
4 1
3 1
3 8
2 8
2 1
26
2 1
2 4
3 4
3 7
4 7
4 16
5 16
5 23
6 23
6 28
7 28
7 31
8 31
8 34
9 34
9 41
10 41
10 44
11 44
11 50
12 50
12 1
13 1
13 10
14 10
14 1
30
16 1
16 15
15 15
15 6
14 6
14 3
13 3
13 1
12 1
12 50
11 50
11 44
10 44
10 41
9 41
9 34
8 34
8 31
7 31
7 28
6 28
6 23
5 23
5 16
4 16
4 7
3 7
3 4
2 4
2 1
34
18 1
18 50
17 50
17 44
16 44
16 41
15 41
15 34
14 34
14 31
13 31
13 28
12 28
12 23
11 23
11 16
10 16
10 7
9 7
9 4
8 4
8 1
7 1
7 28
6 28
6 19
5 19
5 16
4 16
4 7
3 7
3 4
2 4
2 1
30
2 1
2 10
3 10
3 19
4 19
4 22
5 22
5 1
6 1
6 4
7 4
7 7
8 7
8 16
9 16
9 23
10 23
10 28
11 28
11 31
12 31
12 34
13 34
13 41
14 41
14 44
15 44
15 50
16 50
16 1
26
14 1
14 50
13 50
13 44
12 44
12 41
11 41
11 34
10 34
10 31
9 31
9 28
8 28
8 23
7 23
7 16
6 16
6 7
5 7
5 4
4 4
4 1
3 1
3 7
2 7
2 1
34
18 1
18 18
17 18
17 16
16 16
16 13
15 13
15 10
14 10
14 3
13 3
13 1
12 1
12 50
11 50
11 44
10 44
10 41
9 41
9 34
8 34
8 31
7 31
7 28
6 28
6 23
5 23
5 16
4 16
4 7
3 7
3 4
2 4
2 1
32
2 1
2 4
3 4
3 7
4 7
4 16
5 16
5 23
6 23
6 28
7 28
7 31
8 31
8 34
9 34
9 41
10 41
10 44
11 44
11 50
12 50
12 1
13 1
13 7
14 7
14 10
15 10
15 12
16 12
16 21
17 21
17 1
28
15 1
15 16
14 16
14 10
13 10
13 1
12 1
12 50
11 50
11 44
10 44
10 41
9 41
9 34
8 34
8 31
7 31
7 28
6 28
6 23
5 23
5 16
4 16
4 7
3 7
3 4
2 4
2 1
32
2 1
2 4
3 4
3 7
4 7
4 16
5 16
5 23
6 23
6 28
7 28
7 31
8 31
8 34
9 34
9 41
10 41
10 44
11 44
11 50
12 50
12 1
13 1
13 8
14 8
14 15
15 15
15 18
16 18
16 24
17 24
17 1
26
2 1
2 4
3 4
3 7
4 7
4 16
5 16
5 23
6 23
6 28
7 28
7 31
8 31
8 34
9 34
9 41
10 41
10 44
11 44
11 50
12 50
12 1
13 1
13 10
14 10
14 1
26
2 1
2 10
3 10
3 1
4 1
4 4
5 4
5 7
6 7
6 16
7 16
7 23
8 23
8 28
9 28
9 31
10 31
10 34
11 34
11 41
12 41
12 44
13 44
13 50
14 50
14 1
26
14 1
14 10
13 10
13 1
12 1
12 50
11 50
11 44
10 44
10 41
9 41
9 34
8 34
8 31
7 31
7 28
6 28
6 23
5 23
5 16
4 16
4 7
3 7
3 4
2 4
2 1
30
2 1
2 4
3 4
3 7
4 7
4 10
5 10
5 1
6 1
6 4
7 4
7 7
8 7
8 16
9 16
9 23
10 23
10 28
11 28
11 31
12 31
12 34
13 34
13 41
14 41
14 44
15 44
15 50
16 50
16 1
26
14 1
14 10
13 10
13 1
12 1
12 50
11 50
11 44
10 44
10 41
9 41
9 34
8 34
8 31
7 31
7 28
6 28
6 23
5 23
5 16
4 16
4 7
3 7
3 4
2 4
2 1
26
14 1
14 50
13 50
13 44
12 44
12 41
11 41
11 34
10 34
10 31
9 31
9 28
8 28
8 23
7 23
7 16
6 16
6 7
5 7
5 4
4 4
4 1
3 1
3 3
2 3
2 1
26
2 1
2 4
3 4
3 1
4 1
4 4
5 4
5 7
6 7
6 16
7 16
7 23
8 23
8 28
9 28
9 31
10 31
10 34
11 34
11 41
12 41
12 44
13 44
13 50
14 50
14 1
30
2 1
2 8
3 8
3 17
4 17
4 26
5 26
5 1
6 1
6 4
7 4
7 7
8 7
8 16
9 16
9 23
10 23
10 28
11 28
11 31
12 31
12 34
13 34
13 41
14 41
14 44
15 44
15 50
16 50
16 1
26
14 1
14 50
13 50
13 44
12 44
12 41
11 41
11 34
10 34
10 31
9 31
9 28
8 28
8 23
7 23
7 16
6 16
6 7
5 7
5 4
4 4
4 1
3 1
3 4
2 4
2 1
26
2 1
2 4
3 4
3 7
4 7
4 16
5 16
5 23
6 23
6 28
7 28
7 31
8 31
8 34
9 34
9 41
10 41
10 44
11 44
11 50
12 50
12 1
13 1
13 10
14 10
14 1
32
17 1
17 27
16 27
16 20
15 20
15 17
14 17
14 8
13 8
13 1
12 1
12 50
11 50
11 44
10 44
10 41
9 41
9 34
8 34
8 31
7 31
7 28
6 28
6 23
5 23
5 16
4 16
4 7
3 7
3 4
2 4
2 1
30
2 1
2 4
3 4
3 7
4 7
4 16
5 16
5 23
6 23
6 28
7 28
7 31
8 31
8 34
9 34
9 41
10 41
10 44
11 44
11 50
12 50
12 1
13 1
13 7
14 7
14 10
15 10
15 17
16 17
16 1
28
2 1
2 7
3 7
3 13
4 13
4 1
5 1
5 4
6 4
6 7
7 7
7 16
8 16
8 23
9 23
9 28
10 28
10 31
11 31
11 34
12 34
12 41
13 41
13 44
14 44
14 50
15 50
15 1
34
18 1
18 28
17 28
17 21
16 21
16 19
15 19
15 12
14 12
14 10
13 10
13 1
12 1
12 50
11 50
11 44
10 44
10 41
9 41
9 34
8 34
8 31
7 31
7 28
6 28
6 23
5 23
5 16
4 16
4 7
3 7
3 4
2 4
2 1
30
2 1
2 10
3 10
3 19
4 19
4 25
5 25
5 1
6 1
6 4
7 4
7 7
8 7
8 16
9 16
9 23
10 23
10 28
11 28
11 31
12 31
12 34
13 34
13 41
14 41
14 44
15 44
15 50
16 50
16 1
20
4 8
3 8
3 5
2 5
2 2
1 2
1 1
2978 1
2978 2
2977 2
2977 51
2976 51
2976 45
2975 45
2975 42
2974 42
2974 35
2973 35
2973 32
2972 32
32
17 1
17 50
16 50
16 44
15 44
15 41
14 41
14 34
13 34
13 31
12 31
12 28
11 28
11 23
10 23
10 16
9 16
9 7
8 7
8 4
7 4
7 1
6 1
6 33
5 33
5 24
4 24
4 19
3 19
3 10
2 10
2 1
28
2 1
2 4
3 4
3 7
4 7
4 16
5 16
5 23
6 23
6 28
7 28
7 31
8 31
8 34
9 34
9 41
10 41
10 44
11 44
11 50
12 50
12 1
13 1
13 4
14 4
14 13
15 13
15 1
30
16 1
16 16
15 16
15 7
14 7
14 4
13 4
13 1
12 1
12 50
11 50
11 44
10 44
10 41
9 41
9 34
8 34
8 31
7 31
7 28
6 28
6 23
5 23
5 16
4 16
4 7
3 7
3 4
2 4
2 1
32
17 1
17 17
16 17
16 8
15 8
15 6
14 6
14 4
13 4
13 1
12 1
12 50
11 50
11 44
10 44
10 41
9 41
9 34
8 34
8 31
7 31
7 28
6 28
6 23
5 23
5 16
4 16
4 7
3 7
3 4
2 4
2 1
34
18 1
18 50
17 50
17 44
16 44
16 41
15 41
15 34
14 34
14 31
13 31
13 28
12 28
12 23
11 23
11 16
10 16
10 7
9 7
9 4
8 4
8 1
7 1
7 32
6 32
6 23
5 23
5 20
4 20
4 15
3 15
3 6
2 6
2 1
32
2 1
2 4
3 4
3 10
4 10
4 16
5 16
5 22
6 22
6 1
7 1
7 4
8 4
8 7
9 7
9 16
10 16
10 23
11 23
11 28
12 28
12 31
13 31
13 34
14 34
14 41
15 41
15 44
16 44
16 50
17 50
17 1
30
16 1
16 50
15 50
15 44
14 44
14 41
13 41
13 34
12 34
12 31
11 31
11 28
10 28
10 23
9 23
9 16
8 16
8 7
7 7
7 4
6 4
6 1
5 1
5 17
4 17
4 14
3 14
3 8
2 8
2 1
32
17 1
17 28
16 28
16 23
15 23
15 14
14 14
14 8
13 8
13 1
12 1
12 50
11 50
11 44
10 44
10 41
9 41
9 34
8 34
8 31
7 31
7 28
6 28
6 23
5 23
5 16
4 16
4 7
3 7
3 4
2 4
2 1
30
2 1
2 4
3 4
3 7
4 7
4 16
5 16
5 23
6 23
6 28
7 28
7 31
8 31
8 34
9 34
9 41
10 41
10 44
11 44
11 50
12 50
12 1
13 1
13 4
14 4
14 11
15 11
15 16
16 16
16 1
28
2 1
2 4
3 4
3 7
4 7
4 1
5 1
5 4
6 4
6 7
7 7
7 16
8 16
8 23
9 23
9 28
10 28
10 31
11 31
11 34
12 34
12 41
13 41
13 44
14 44
14 50
15 50
15 1
26
14 1
14 50
13 50
13 44
12 44
12 41
11 41
11 34
10 34
10 31
9 31
9 28
8 28
8 23
7 23
7 16
6 16
6 7
5 7
5 4
4 4
4 1
3 1
3 7
2 7
2 1
28
2 1
2 4
3 4
3 7
4 7
4 16
5 16
5 23
6 23
6 28
7 28
7 31
8 31
8 34
9 34
9 41
10 41
10 44
11 44
11 50
12 50
12 1
13 1
13 8
14 8
14 11
15 11
15 1
34
18 1
18 33
17 33
17 30
16 30
16 21
15 21
15 12
14 12
14 6
13 6
13 1
12 1
12 50
11 50
11 44
10 44
10 41
9 41
9 34
8 34
8 31
7 31
7 28
6 28
6 23
5 23
5 16
4 16
4 7
3 7
3 4
2 4
2 1
34
2 1
2 4
3 4
3 7
4 7
4 16
5 16
5 23
6 23
6 28
7 28
7 31
8 31
8 34
9 34
9 41
10 41
10 44
11 44
11 50
12 50
12 1
13 1
13 8
14 8
14 17
15 17
15 24
16 24
16 27
17 27
17 34
18 34
18 1
28
2 1
2 4
3 4
3 11
4 11
4 1
5 1
5 4
6 4
6 7
7 7
7 16
8 16
8 23
9 23
9 28
10 28
10 31
11 31
11 34
12 34
12 41
13 41
13 44
14 44
14 50
15 50
15 1
32
17 1
17 19
16 19
16 17
15 17
15 12
14 12
14 6
13 6
13 1
12 1
12 50
11 50
11 44
10 44
10 41
9 41
9 34
8 34
8 31
7 31
7 28
6 28
6 23
5 23
5 16
4 16
4 7
3 7
3 4
2 4
2 1
32
17 1
17 50
16 50
16 44
15 44
15 41
14 41
14 34
13 34
13 31
12 31
12 28
11 28
11 23
10 23
10 16
9 16
9 7
8 7
8 4
7 4
7 1
6 1
6 27
5 27
5 22
4 22
4 13
3 13
3 10
2 10
2 1
28
2 1
2 4
3 4
3 11
4 11
4 1
5 1
5 4
6 4
6 7
7 7
7 16
8 16
8 23
9 23
9 28
10 28
10 31
11 31
11 34
12 34
12 41
13 41
13 44
14 44
14 50
15 50
15 1
30
2 1
2 4
3 4
3 7
4 7
4 16
5 16
5 23
6 23
6 28
7 28
7 31
8 31
8 34
9 34
9 41
10 41
10 44
11 44
11 50
12 50
12 1
13 1
13 3
14 3
14 5
15 5
15 10
16 10
16 1
28
2 1
2 7
3 7
3 16
4 16
4 1
5 1
5 4
6 4
6 7
7 7
7 16
8 16
8 23
9 23
9 28
10 28
10 31
11 31
11 34
12 34
12 41
13 41
13 44
14 44
14 50
15 50
15 1
26
14 1
14 8
13 8
13 1
12 1
12 50
11 50
11 44
10 44
10 41
9 41
9 34
8 34
8 31
7 31
7 28
6 28
6 23
5 23
5 16
4 16
4 7
3 7
3 4
2 4
2 1
32
2 1
2 7
3 7
3 16
4 16
4 25
5 25
5 31
6 31
6 1
7 1
7 4
8 4
8 7
9 7
9 16
10 16
10 23
11 23
11 28
12 28
12 31
13 31
13 34
14 34
14 41
15 41
15 44
16 44
16 50
17 50
17 1
30
2 1
2 4
3 4
3 7
4 7
4 16
5 16
5 23
6 23
6 28
7 28
7 31
8 31
8 34
9 34
9 41
10 41
10 44
11 44
11 50
12 50
12 1
13 1
13 4
14 4
14 9
15 9
15 18
16 18
16 1
32
17 1
17 23
16 23
16 21
15 21
15 12
14 12
14 3
13 3
13 1
12 1
12 50
11 50
11 44
10 44
10 41
9 41
9 34
8 34
8 31
7 31
7 28
6 28
6 23
5 23
5 16
4 16
4 7
3 7
3 4
2 4
2 1
28
2 1
2 4
3 4
3 7
4 7
4 16
5 16
5 23
6 23
6 28
7 28
7 31
8 31
8 34
9 34
9 41
10 41
10 44
11 44
11 50
12 50
12 1
13 1
13 8
14 8
14 15
15 15
15 1
26
14 1
14 50
13 50
13 44
12 44
12 41
11 41
11 34
10 34
10 31
9 31
9 28
8 28
8 23
7 23
7 16
6 16
6 7
5 7
5 4
4 4
4 1
3 1
3 3
2 3
2 1
30
2 1
2 10
3 10
3 16
4 16
4 25
5 25
5 1
6 1
6 4
7 4
7 7
8 7
8 16
9 16
9 23
10 23
10 28
11 28
11 31
12 31
12 34
13 34
13 41
14 41
14 44
15 44
15 50
16 50
16 1
26
14 1
14 50
13 50
13 44
12 44
12 41
11 41
11 34
10 34
10 31
9 31
9 28
8 28
8 23
7 23
7 16
6 16
6 7
5 7
5 4
4 4
4 1
3 1
3 10
2 10
2 1
34
2 1
2 4
3 4
3 7
4 7
4 16
5 16
5 23
6 23
6 28
7 28
7 31
8 31
8 34
9 34
9 41
10 41
10 44
11 44
11 50
12 50
12 1
13 1
13 8
14 8
14 14
15 14
15 17
16 17
16 22
17 22
17 28
18 28
18 1
30
2 1
2 4
3 4
3 7
4 7
4 16
5 16
5 23
6 23
6 28
7 28
7 31
8 31
8 34
9 34
9 41
10 41
10 44
11 44
11 50
12 50
12 1
13 1
13 4
14 4
14 13
15 13
15 16
16 16
16 1
30
2 1
2 7
3 7
3 16
4 16
4 19
5 19
5 1
6 1
6 4
7 4
7 7
8 7
8 16
9 16
9 23
10 23
10 28
11 28
11 31
12 31
12 34
13 34
13 41
14 41
14 44
15 44
15 50
16 50
16 1
26
14 1
14 3
13 3
13 1
12 1
12 50
11 50
11 44
10 44
10 41
9 41
9 34
8 34
8 31
7 31
7 28
6 28
6 23
5 23
5 16
4 16
4 7
3 7
3 4
2 4
2 1
32
2 1
2 4
3 4
3 7
4 7
4 16
5 16
5 23
6 23
6 28
7 28
7 31
8 31
8 34
9 34
9 41
10 41
10 44
11 44
11 50
12 50
12 1
13 1
13 8
14 8
14 13
15 13
15 22
16 22
16 31
17 31
17 1
30
2 1
2 4
3 4
3 10
4 10
4 13
5 13
5 1
6 1
6 4
7 4
7 7
8 7
8 16
9 16
9 23
10 23
10 28
11 28
11 31
12 31
12 34
13 34
13 41
14 41
14 44
15 44
15 50
16 50
16 1
32
17 1
17 50
16 50
16 44
15 44
15 41
14 41
14 34
13 34
13 31
12 31
12 28
11 28
11 23
10 23
10 16
9 16
9 7
8 7
8 4
7 4
7 1
6 1
6 34
5 34
5 25
4 25
4 16
3 16
3 7
2 7
2 1
28
2 1
2 4
3 4
3 9
4 9
4 1
5 1
5 4
6 4
6 7
7 7
7 16
8 16
8 23
9 23
9 28
10 28
10 31
11 31
11 34
12 34
12 41
13 41
13 44
14 44
14 50
15 50
15 1
32
17 1
17 50
16 50
16 44
15 44
15 41
14 41
14 34
13 34
13 31
12 31
12 28
11 28
11 23
10 23
10 16
9 16
9 7
8 7
8 4
7 4
7 1
6 1
6 37
5 37
5 28
4 28
4 19
3 19
3 10
2 10
2 1
30
16 1
16 50
15 50
15 44
14 44
14 41
13 41
13 34
12 34
12 31
11 31
11 28
10 28
10 23
9 23
9 16
8 16
8 7
7 7
7 4
6 4
6 1
5 1
5 28
4 28
4 19
3 19
3 10
2 10
2 1
30
2 1
2 4
3 4
3 7
4 7
4 16
5 16
5 23
6 23
6 28
7 28
7 31
8 31
8 34
9 34
9 41
10 41
10 44
11 44
11 50
12 50
12 1
13 1
13 8
14 8
14 17
15 17
15 26
16 26
16 1
26
14 1
14 4
13 4
13 1
12 1
12 50
11 50
11 44
10 44
10 41
9 41
9 34
8 34
8 31
7 31
7 28
6 28
6 23
5 23
5 16
4 16
4 7
3 7
3 4
2 4
2 1
28
15 1
15 50
14 50
14 44
13 44
13 41
12 41
12 34
11 34
11 31
10 31
10 28
9 28
9 23
8 23
8 16
7 16
7 7
6 7
6 4
5 4
5 1
4 1
4 14
3 14
3 8
2 8
2 1
26
14 1
14 50
13 50
13 44
12 44
12 41
11 41
11 34
10 34
10 31
9 31
9 28
8 28
8 23
7 23
7 16
6 16
6 7
5 7
5 4
4 4
4 1
3 1
3 10
2 10
2 1
28
2 1
2 10
3 10
3 12
4 12
4 1
5 1
5 4
6 4
6 7
7 7
7 16
8 16
8 23
9 23
9 28
10 28
10 31
11 31
11 34
12 34
12 41
13 41
13 44
14 44
14 50
15 50
15 1
28
2 1
2 6
3 6
3 15
4 15
4 1
5 1
5 4
6 4
6 7
7 7
7 16
8 16
8 23
9 23
9 28
10 28
10 31
11 31
11 34
12 34
12 41
13 41
13 44
14 44
14 50
15 50
15 1
26
2 1
2 8
3 8
3 1
4 1
4 4
5 4
5 7
6 7
6 16
7 16
7 23
8 23
8 28
9 28
9 31
10 31
10 34
11 34
11 41
12 41
12 44
13 44
13 50
14 50
14 1
32
2 1
2 4
3 4
3 7
4 7
4 14
5 14
5 23
6 23
6 1
7 1
7 4
8 4
8 7
9 7
9 16
10 16
10 23
11 23
11 28
12 28
12 31
13 31
13 34
14 34
14 41
15 41
15 44
16 44
16 50
17 50
17 1
34
18 1
18 32
17 32
17 25
16 25
16 18
15 18
15 12
14 12
14 7
13 7
13 1
12 1
12 50
11 50
11 44
10 44
10 41
9 41
9 34
8 34
8 31
7 31
7 28
6 28
6 23
5 23
5 16
4 16
4 7
3 7
3 4
2 4
2 1
32
2 1
2 4
3 4
3 11
4 11
4 20
5 20
5 29
6 29
6 1
7 1
7 4
8 4
8 7
9 7
9 16
10 16
10 23
11 23
11 28
12 28
12 31
13 31
13 34
14 34
14 41
15 41
15 44
16 44
16 50
17 50
17 1
32
17 1
17 26
16 26
16 19
15 19
15 10
14 10
14 8
13 8
13 1
12 1
12 50
11 50
11 44
10 44
10 41
9 41
9 34
8 34
8 31
7 31
7 28
6 28
6 23
5 23
5 16
4 16
4 7
3 7
3 4
2 4
2 1
34
2 1
2 4
3 4
3 7
4 7
4 16
5 16
5 23
6 23
6 28
7 28
7 31
8 31
8 34
9 34
9 41
10 41
10 44
11 44
11 50
12 50
12 1
13 1
13 3
14 3
14 8
15 8
15 13
16 13
16 19
17 19
17 22
18 22
18 1
34
2 1
2 4
3 4
3 7
4 7
4 16
5 16
5 23
6 23
6 28
7 28
7 31
8 31
8 34
9 34
9 41
10 41
10 44
11 44
11 50
12 50
12 1
13 1
13 6
14 6
14 11
15 11
15 20
16 20
16 23
17 23
17 32
18 32
18 1
28
2 1
2 4
3 4
3 7
4 7
4 16
5 16
5 23
6 23
6 28
7 28
7 31
8 31
8 34
9 34
9 41
10 41
10 44
11 44
11 50
12 50
12 1
13 1
13 7
14 7
14 10
15 10
15 1
32
17 1
17 50
16 50
16 44
15 44
15 41
14 41
14 34
13 34
13 31
12 31
12 28
11 28
11 23
10 23
10 16
9 16
9 7
8 7
8 4
7 4
7 1
6 1
6 29
5 29
5 22
4 22
4 13
3 13
3 4
2 4
2 1
26
14 1
14 6
13 6
13 1
12 1
12 50
11 50
11 44
10 44
10 41
9 41
9 34
8 34
8 31
7 31
7 28
6 28
6 23
5 23
5 16
4 16
4 7
3 7
3 4
2 4
2 1
34
2 1
2 4
3 4
3 7
4 7
4 16
5 16
5 23
6 23
6 28
7 28
7 31
8 31
8 34
9 34
9 41
10 41
10 44
11 44
11 50
12 50
12 1
13 1
13 7
14 7
14 16
15 16
15 21
16 21
16 24
17 24
17 31
18 31
18 1
30
16 1
16 22
15 22
15 13
14 13
14 10
13 10
13 1
12 1
12 50
11 50
11 44
10 44
10 41
9 41
9 34
8 34
8 31
7 31
7 28
6 28
6 23
5 23
5 16
4 16
4 7
3 7
3 4
2 4
2 1
30
16 1
16 8
15 8
15 6
14 6
14 4
13 4
13 1
12 1
12 50
11 50
11 44
10 44
10 41
9 41
9 34
8 34
8 31
7 31
7 28
6 28
6 23
5 23
5 16
4 16
4 7
3 7
3 4
2 4
2 1
26
2 1
2 4
3 4
3 7
4 7
4 16
5 16
5 23
6 23
6 28
7 28
7 31
8 31
8 34
9 34
9 41
10 41
10 44
11 44
11 50
12 50
12 1
13 1
13 4
14 4
14 1
30
16 1
16 50
15 50
15 44
14 44
14 41
13 41
13 34
12 34
12 31
11 31
11 28
10 28
10 23
9 23
9 16
8 16
8 7
7 7
7 4
6 4
6 1
5 1
5 20
4 20
4 14
3 14
3 7
2 7
2 1
30
16 1
16 19
15 19
15 17
14 17
14 10
13 10
13 1
12 1
12 50
11 50
11 44
10 44
10 41
9 41
9 34
8 34
8 31
7 31
7 28
6 28
6 23
5 23
5 16
4 16
4 7
3 7
3 4
2 4
2 1
26
14 1
14 50
13 50
13 44
12 44
12 41
11 41
11 34
10 34
10 31
9 31
9 28
8 28
8 23
7 23
7 16
6 16
6 7
5 7
5 4
4 4
4 1
3 1
3 4
2 4
2 1
28
2 1
2 10
3 10
3 19
4 19
4 1
5 1
5 4
6 4
6 7
7 7
7 16
8 16
8 23
9 23
9 28
10 28
10 31
11 31
11 34
12 34
12 41
13 41
13 44
14 44
14 50
15 50
15 1
28
2 1
2 4
3 4
3 7
4 7
4 16
5 16
5 23
6 23
6 28
7 28
7 31
8 31
8 34
9 34
9 41
10 41
10 44
11 44
11 50
12 50
12 1
13 1
13 4
14 4
14 6
15 6
15 1
28
2 1
2 3
3 3
3 12
4 12
4 1
5 1
5 4
6 4
6 7
7 7
7 16
8 16
8 23
9 23
9 28
10 28
10 31
11 31
11 34
12 34
12 41
13 41
13 44
14 44
14 50
15 50
15 1
26
2 1
2 4
3 4
3 7
4 7
4 16
5 16
5 23
6 23
6 28
7 28
7 31
8 31
8 34
9 34
9 41
10 41
10 44
11 44
11 50
12 50
12 1
13 1
13 7
14 7
14 1
32
17 1
17 22
16 22
16 20
15 20
15 13
14 13
14 10
13 10
13 1
12 1
12 50
11 50
11 44
10 44
10 41
9 41
9 34
8 34
8 31
7 31
7 28
6 28
6 23
5 23
5 16
4 16
4 7
3 7
3 4
2 4
2 1
28
15 1
15 50
14 50
14 44
13 44
13 41
12 41
12 34
11 34
11 31
10 31
10 28
9 28
9 23
8 23
8 16
7 16
7 7
6 7
6 4
5 4
5 1
4 1
4 13
3 13
3 4
2 4
2 1
28
2 1
2 10
3 10
3 17
4 17
4 1
5 1
5 4
6 4
6 7
7 7
7 16
8 16
8 23
9 23
9 28
10 28
10 31
11 31
11 34
12 34
12 41
13 41
13 44
14 44
14 50
15 50
15 1
34
18 1
18 50
17 50
17 44
16 44
16 41
15 41
15 34
14 34
14 31
13 31
13 28
12 28
12 23
11 23
11 16
10 16
10 7
9 7
9 4
8 4
8 1
7 1
7 36
6 36
6 27
5 27
5 18
4 18
4 16
3 16
3 10
2 10
2 1
28
2 1
2 8
3 8
3 15
4 15
4 1
5 1
5 4
6 4
6 7
7 7
7 16
8 16
8 23
9 23
9 28
10 28
10 31
11 31
11 34
12 34
12 41
13 41
13 44
14 44
14 50
15 50
15 1
34
2 1
2 4
3 4
3 7
4 7
4 16
5 16
5 23
6 23
6 28
7 28
7 31
8 31
8 34
9 34
9 41
10 41
10 44
11 44
11 50
12 50
12 1
13 1
13 7
14 7
14 9
15 9
15 15
16 15
16 22
17 22
17 27
18 27
18 1
32
17 1
17 22
16 22
16 20
15 20
15 13
14 13
14 4
13 4
13 1
12 1
12 50
11 50
11 44
10 44
10 41
9 41
9 34
8 34
8 31
7 31
7 28
6 28
6 23
5 23
5 16
4 16
4 7
3 7
3 4
2 4
2 1
32
2 1
2 10
3 10
3 16
4 16
4 22
5 22
5 31
6 31
6 1
7 1
7 4
8 4
8 7
9 7
9 16
10 16
10 23
11 23
11 28
12 28
12 31
13 31
13 34
14 34
14 41
15 41
15 44
16 44
16 50
17 50
17 1
26
2 1
2 4
3 4
3 7
4 7
4 16
5 16
5 23
6 23
6 28
7 28
7 31
8 31
8 34
9 34
9 41
10 41
10 44
11 44
11 50
12 50
12 1
13 1
13 10
14 10
14 1
34
2 1
2 10
3 10
3 13
4 13
4 20
5 20
5 25
6 25
6 34
7 34
7 1
8 1
8 4
9 4
9 7
10 7
10 16
11 16
11 23
12 23
12 28
13 28
13 31
14 31
14 34
15 34
15 41
16 41
16 44
17 44
17 50
18 50
18 1
26
2 1
2 4
3 4
3 7
4 7
4 16
5 16
5 23
6 23
6 28
7 28
7 31
8 31
8 34
9 34
9 41
10 41
10 44
11 44
11 50
12 50
12 1
13 1
13 7
14 7
14 1
26
14 1
14 10
13 10
13 1
12 1
12 50
11 50
11 44
10 44
10 41
9 41
9 34
8 34
8 31
7 31
7 28
6 28
6 23
5 23
5 16
4 16
4 7
3 7
3 4
2 4
2 1
34
18 1
18 34
17 34
17 25
16 25
16 16
15 16
15 13
14 13
14 8
13 8
13 1
12 1
12 50
11 50
11 44
10 44
10 41
9 41
9 34
8 34
8 31
7 31
7 28
6 28
6 23
5 23
5 16
4 16
4 7
3 7
3 4
2 4
2 1
2
1 1
2 1
26
14 1
14 6
13 6
13 1
12 1
12 50
11 50
11 44
10 44
10 41
9 41
9 34
8 34
8 31
7 31
7 28
6 28
6 23
5 23
5 16
4 16
4 7
3 7
3 4
2 4
2 1
30
16 1
16 50
15 50
15 44
14 44
14 41
13 41
13 34
12 34
12 31
11 31
11 28
10 28
10 23
9 23
9 16
8 16
8 7
7 7
7 4
6 4
6 1
5 1
5 15
4 15
4 6
3 6
3 4
2 4
2 1
28
15 1
15 13
14 13
14 10
13 10
13 1
12 1
12 50
11 50
11 44
10 44
10 41
9 41
9 34
8 34
8 31
7 31
7 28
6 28
6 23
5 23
5 16
4 16
4 7
3 7
3 4
2 4
2 1
30
2 1
2 8
3 8
3 11
4 11
4 18
5 18
5 1
6 1
6 4
7 4
7 7
8 7
8 16
9 16
9 23
10 23
10 28
11 28
11 31
12 31
12 34
13 34
13 41
14 41
14 44
15 44
15 50
16 50
16 1
28
2 1
2 4
3 4
3 13
4 13
4 1
5 1
5 4
6 4
6 7
7 7
7 16
8 16
8 23
9 23
9 28
10 28
10 31
11 31
11 34
12 34
12 41
13 41
13 44
14 44
14 50
15 50
15 1
32
2 1
2 10
3 10
3 12
4 12
4 19
5 19
5 28
6 28
6 1
7 1
7 4
8 4
8 7
9 7
9 16
10 16
10 23
11 23
11 28
12 28
12 31
13 31
13 34
14 34
14 41
15 41
15 44
16 44
16 50
17 50
17 1
34
18 1
18 18
17 18
17 16
16 16
16 9
15 9
15 7
14 7
14 4
13 4
13 1
12 1
12 50
11 50
11 44
10 44
10 41
9 41
9 34
8 34
8 31
7 31
7 28
6 28
6 23
5 23
5 16
4 16
4 7
3 7
3 4
2 4
2 1
28
15 1
15 12
14 12
14 10
13 10
13 1
12 1
12 50
11 50
11 44
10 44
10 41
9 41
9 34
8 34
8 31
7 31
7 28
6 28
6 23
5 23
5 16
4 16
4 7
3 7
3 4
2 4
2 1
30
16 1
16 17
15 17
15 15
14 15
14 6
13 6
13 1
12 1
12 50
11 50
11 44
10 44
10 41
9 41
9 34
8 34
8 31
7 31
7 28
6 28
6 23
5 23
5 16
4 16
4 7
3 7
3 4
2 4
2 1
34
2 1
2 4
3 4
3 7
4 7
4 16
5 16
5 23
6 23
6 28
7 28
7 31
8 31
8 34
9 34
9 41
10 41
10 44
11 44
11 50
12 50
12 1
13 1
13 3
14 3
14 12
15 12
15 18
16 18
16 23
17 23
17 30
18 30
18 1
32
2 1
2 4
3 4
3 7
4 7
4 16
5 16
5 23
6 23
6 28
7 28
7 31
8 31
8 34
9 34
9 41
10 41
10 44
11 44
11 50
12 50
12 1
13 1
13 4
14 4
14 13
15 13
15 19
16 19
16 24
17 24
17 1
26
14 1
14 8
13 8
13 1
12 1
12 50
11 50
11 44
10 44
10 41
9 41
9 34
8 34
8 31
7 31
7 28
6 28
6 23
5 23
5 16
4 16
4 7
3 7
3 4
2 4
2 1
32
2 1
2 4
3 4
3 7
4 7
4 16
5 16
5 23
6 23
6 28
7 28
7 31
8 31
8 34
9 34
9 41
10 41
10 44
11 44
11 50
12 50
12 1
13 1
13 10
14 10
14 12
15 12
15 21
16 21
16 30
17 30
17 1
30
2 1
2 8
3 8
3 15
4 15
4 17
5 17
5 1
6 1
6 4
7 4
7 7
8 7
8 16
9 16
9 23
10 23
10 28
11 28
11 31
12 31
12 34
13 34
13 41
14 41
14 44
15 44
15 50
16 50
16 1
32
2 1
2 4
3 4
3 7
4 7
4 16
5 16
5 23
6 23
6 28
7 28
7 31
8 31
8 34
9 34
9 41
10 41
10 44
11 44
11 50
12 50
12 1
13 1
13 10
14 10
14 16
15 16
15 19
16 19
16 28
17 28
17 1
26
2 1
2 10
3 10
3 1
4 1
4 4
5 4
5 7
6 7
6 16
7 16
7 23
8 23
8 28
9 28
9 31
10 31
10 34
11 34
11 41
12 41
12 44
13 44
13 50
14 50
14 1
28
15 1
15 50
14 50
14 44
13 44
13 41
12 41
12 34
11 34
11 31
10 31
10 28
9 28
9 23
8 23
8 16
7 16
7 7
6 7
6 4
5 4
5 1
4 1
4 10
3 10
3 4
2 4
2 1
28
2 1
2 6
3 6
3 15
4 15
4 1
5 1
5 4
6 4
6 7
7 7
7 16
8 16
8 23
9 23
9 28
10 28
10 31
11 31
11 34
12 34
12 41
13 41
13 44
14 44
14 50
15 50
15 1
30
2 1
2 4
3 4
3 7
4 7
4 16
5 16
5 23
6 23
6 28
7 28
7 31
8 31
8 34
9 34
9 41
10 41
10 44
11 44
11 50
12 50
12 1
13 1
13 4
14 4
14 7
15 7
15 13
16 13
16 1
30
16 1
16 50
15 50
15 44
14 44
14 41
13 41
13 34
12 34
12 31
11 31
11 28
10 28
10 23
9 23
9 16
8 16
8 7
7 7
7 4
6 4
6 1
5 1
5 26
4 26
4 17
3 17
3 8
2 8
2 1
30
2 1
2 4
3 4
3 7
4 7
4 16
5 16
5 23
6 23
6 28
7 28
7 31
8 31
8 34
9 34
9 41
10 41
10 44
11 44
11 50
12 50
12 1
13 1
13 4
14 4
14 13
15 13
15 19
16 19
16 1
34
18 1
18 50
17 50
17 44
16 44
16 41
15 41
15 34
14 34
14 31
13 31
13 28
12 28
12 23
11 23
11 16
10 16
10 7
9 7
9 4
8 4
8 1
7 1
7 36
6 36
6 31
5 31
5 25
4 25
4 19
3 19
3 10
2 10
2 1
34
2 1
2 4
3 4
3 7
4 7
4 16
5 16
5 23
6 23
6 28
7 28
7 31
8 31
8 34
9 34
9 41
10 41
10 44
11 44
11 50
12 50
12 1
13 1
13 8
14 8
14 15
15 15
15 22
16 22
16 29
17 29
17 31
18 31
18 1
26
14 1
14 8
13 8
13 1
12 1
12 50
11 50
11 44
10 44
10 41
9 41
9 34
8 34
8 31
7 31
7 28
6 28
6 23
5 23
5 16
4 16
4 7
3 7
3 4
2 4
2 1
32
17 1
17 50
16 50
16 44
15 44
15 41
14 41
14 34
13 34
13 31
12 31
12 28
11 28
11 23
10 23
10 16
9 16
9 7
8 7
8 4
7 4
7 1
6 1
6 25
5 25
5 20
4 20
4 11
3 11
3 4
2 4
2 1
28
2 1
2 4
3 4
3 7
4 7
4 16
5 16
5 23
6 23
6 28
7 28
7 31
8 31
8 34
9 34
9 41
10 41
10 44
11 44
11 50
12 50
12 1
13 1
13 10
14 10
14 19
15 19
15 1
32
17 1
17 22
16 22
16 13
15 13
15 11
14 11
14 4
13 4
13 1
12 1
12 50
11 50
11 44
10 44
10 41
9 41
9 34
8 34
8 31
7 31
7 28
6 28
6 23
5 23
5 16
4 16
4 7
3 7
3 4
2 4
2 1
34
18 1
18 29
17 29
17 27
16 27
16 24
15 24
15 15
14 15
14 10
13 10
13 1
12 1
12 50
11 50
11 44
10 44
10 41
9 41
9 34
8 34
8 31
7 31
7 28
6 28
6 23
5 23
5 16
4 16
4 7
3 7
3 4
2 4
2 1
34
18 1
18 50
17 50
17 44
16 44
16 41
15 41
15 34
14 34
14 31
13 31
13 28
12 28
12 23
11 23
11 16
10 16
10 7
9 7
9 4
8 4
8 1
7 1
7 39
6 39
6 32
5 32
5 26
4 26
4 17
3 17
3 10
2 10
2 1
30
16 1
16 26
15 26
15 19
14 19
14 10
13 10
13 1
12 1
12 50
11 50
11 44
10 44
10 41
9 41
9 34
8 34
8 31
7 31
7 28
6 28
6 23
5 23
5 16
4 16
4 7
3 7
3 4
2 4
2 1
30
16 1
16 50
15 50
15 44
14 44
14 41
13 41
13 34
12 34
12 31
11 31
11 28
10 28
10 23
9 23
9 16
8 16
8 7
7 7
7 4
6 4
6 1
5 1
5 26
4 26
4 17
3 17
3 10
2 10
2 1
26
2 1
2 8
3 8
3 1
4 1
4 4
5 4
5 7
6 7
6 16
7 16
7 23
8 23
8 28
9 28
9 31
10 31
10 34
11 34
11 41
12 41
12 44
13 44
13 50
14 50
14 1
34
2 1
2 6
3 6
3 8
4 8
4 17
5 17
5 26
6 26
6 32
7 32
7 1
8 1
8 4
9 4
9 7
10 7
10 16
11 16
11 23
12 23
12 28
13 28
13 31
14 31
14 34
15 34
15 41
16 41
16 44
17 44
17 50
18 50
18 1
26
14 1
14 8
13 8
13 1
12 1
12 50
11 50
11 44
10 44
10 41
9 41
9 34
8 34
8 31
7 31
7 28
6 28
6 23
5 23
5 16
4 16
4 7
3 7
3 4
2 4
2 1
32
2 1
2 10
3 10
3 19
4 19
4 26
5 26
5 33
6 33
6 1
7 1
7 4
8 4
8 7
9 7
9 16
10 16
10 23
11 23
11 28
12 28
12 31
13 31
13 34
14 34
14 41
15 41
15 44
16 44
16 50
17 50
17 1
34
2 1
2 4
3 4
3 7
4 7
4 16
5 16
5 23
6 23
6 28
7 28
7 31
8 31
8 34
9 34
9 41
10 41
10 44
11 44
11 50
12 50
12 1
13 1
13 3
14 3
14 10
15 10
15 16
16 16
16 18
17 18
17 21
18 21
18 1
30
2 1
2 10
3 10
3 16
4 16
4 19
5 19
5 1
6 1
6 4
7 4
7 7
8 7
8 16
9 16
9 23
10 23
10 28
11 28
11 31
12 31
12 34
13 34
13 41
14 41
14 44
15 44
15 50
16 50
16 1
30
2 1
2 4
3 4
3 7
4 7
4 16
5 16
5 23
6 23
6 28
7 28
7 31
8 31
8 34
9 34
9 41
10 41
10 44
11 44
11 50
12 50
12 1
13 1
13 3
14 3
14 12
15 12
15 19
16 19
16 1
34
18 1
18 38
17 38
17 35
16 35
16 26
15 26
15 17
14 17
14 8
13 8
13 1
12 1
12 50
11 50
11 44
10 44
10 41
9 41
9 34
8 34
8 31
7 31
7 28
6 28
6 23
5 23
5 16
4 16
4 7
3 7
3 4
2 4
2 1
32
2 1
2 3
3 3
3 10
4 10
4 19
5 19
5 28
6 28
6 1
7 1
7 4
8 4
8 7
9 7
9 16
10 16
10 23
11 23
11 28
12 28
12 31
13 31
13 34
14 34
14 41
15 41
15 44
16 44
16 50
17 50
17 1
32
2 1
2 8
3 8
3 17
4 17
4 26
5 26
5 35
6 35
6 1
7 1
7 4
8 4
8 7
9 7
9 16
10 16
10 23
11 23
11 28
12 28
12 31
13 31
13 34
14 34
14 41
15 41
15 44
16 44
16 50
17 50
17 1
32
17 1
17 21
16 21
16 14
15 14
15 7
14 7
14 4
13 4
13 1
12 1
12 50
11 50
11 44
10 44
10 41
9 41
9 34
8 34
8 31
7 31
7 28
6 28
6 23
5 23
5 16
4 16
4 7
3 7
3 4
2 4
2 1
26
2 1
2 4
3 4
3 7
4 7
4 16
5 16
5 23
6 23
6 28
7 28
7 31
8 31
8 34
9 34
9 41
10 41
10 44
11 44
11 50
12 50
12 1
13 1
13 7
14 7
14 1
30
2 1
2 8
3 8
3 17
4 17
4 26
5 26
5 1
6 1
6 4
7 4
7 7
8 7
8 16
9 16
9 23
10 23
10 28
11 28
11 31
12 31
12 34
13 34
13 41
14 41
14 44
15 44
15 50
16 50
16 1
30
2 1
2 10
3 10
3 12
4 12
4 21
5 21
5 1
6 1
6 4
7 4
7 7
8 7
8 16
9 16
9 23
10 23
10 28
11 28
11 31
12 31
12 34
13 34
13 41
14 41
14 44
15 44
15 50
16 50
16 1
28
15 1
15 16
14 16
14 10
13 10
13 1
12 1
12 50
11 50
11 44
10 44
10 41
9 41
9 34
8 34
8 31
7 31
7 28
6 28
6 23
5 23
5 16
4 16
4 7
3 7
3 4
2 4
2 1
26
14 1
14 7
13 7
13 1
12 1
12 50
11 50
11 44
10 44
10 41
9 41
9 34
8 34
8 31
7 31
7 28
6 28
6 23
5 23
5 16
4 16
4 7
3 7
3 4
2 4
2 1
32
17 1
17 24
16 24
16 18
15 18
15 11
14 11
14 8
13 8
13 1
12 1
12 50
11 50
11 44
10 44
10 41
9 41
9 34
8 34
8 31
7 31
7 28
6 28
6 23
5 23
5 16
4 16
4 7
3 7
3 4
2 4
2 1
30
2 1
2 4
3 4
3 7
4 7
4 16
5 16
5 23
6 23
6 28
7 28
7 31
8 31
8 34
9 34
9 41
10 41
10 44
11 44
11 50
12 50
12 1
13 1
13 8
14 8
14 14
15 14
15 23
16 23
16 1
32
2 1
2 4
3 4
3 11
4 11
4 18
5 18
5 21
6 21
6 1
7 1
7 4
8 4
8 7
9 7
9 16
10 16
10 23
11 23
11 28
12 28
12 31
13 31
13 34
14 34
14 41
15 41
15 44
16 44
16 50
17 50
17 1
28
2 1
2 4
3 4
3 13
4 13
4 1
5 1
5 4
6 4
6 7
7 7
7 16
8 16
8 23
9 23
9 28
10 28
10 31
11 31
11 34
12 34
12 41
13 41
13 44
14 44
14 50
15 50
15 1
28
15 1
15 9
14 9
14 4
13 4
13 1
12 1
12 50
11 50
11 44
10 44
10 41
9 41
9 34
8 34
8 31
7 31
7 28
6 28
6 23
5 23
5 16
4 16
4 7
3 7
3 4
2 4
2 1
28
2 1
2 4
3 4
3 7
4 7
4 16
5 16
5 23
6 23
6 28
7 28
7 31
8 31
8 34
9 34
9 41
10 41
10 44
11 44
11 50
12 50
12 1
13 1
13 7
14 7
14 16
15 16
15 1
30
2 1
2 4
3 4
3 7
4 7
4 16
5 16
5 23
6 23
6 28
7 28
7 31
8 31
8 34
9 34
9 41
10 41
10 44
11 44
11 50
12 50
12 1
13 1
13 7
14 7
14 13
15 13
15 20
16 20
16 1
28
15 1
15 7
14 7
14 4
13 4
13 1
12 1
12 50
11 50
11 44
10 44
10 41
9 41
9 34
8 34
8 31
7 31
7 28
6 28
6 23
5 23
5 16
4 16
4 7
3 7
3 4
2 4
2 1
28
15 1
15 50
14 50
14 44
13 44
13 41
12 41
12 34
11 34
11 31
10 31
10 28
9 28
9 23
8 23
8 16
7 16
7 7
6 7
6 4
5 4
5 1
4 1
4 10
3 10
3 4
2 4
2 1
26
2 1
2 10
3 10
3 1
4 1
4 4
5 4
5 7
6 7
6 16
7 16
7 23
8 23
8 28
9 28
9 31
10 31
10 34
11 34
11 41
12 41
12 44
13 44
13 50
14 50
14 1
28
2 1
2 4
3 4
3 7
4 7
4 16
5 16
5 23
6 23
6 28
7 28
7 31
8 31
8 34
9 34
9 41
10 41
10 44
11 44
11 50
12 50
12 1
13 1
13 8
14 8
14 11
15 11
15 1
30
16 1
16 16
15 16
15 13
14 13
14 6
13 6
13 1
12 1
12 50
11 50
11 44
10 44
10 41
9 41
9 34
8 34
8 31
7 31
7 28
6 28
6 23
5 23
5 16
4 16
4 7
3 7
3 4
2 4
2 1
34
18 1
18 50
17 50
17 44
16 44
16 41
15 41
15 34
14 34
14 31
13 31
13 28
12 28
12 23
11 23
11 16
10 16
10 7
9 7
9 4
8 4
8 1
7 1
7 38
6 38
6 33
5 33
5 24
4 24
4 17
3 17
3 10
2 10
2 1
32
2 1
2 10
3 10
3 13
4 13
4 19
5 19
5 28
6 28
6 1
7 1
7 4
8 4
8 7
9 7
9 16
10 16
10 23
11 23
11 28
12 28
12 31
13 31
13 34
14 34
14 41
15 41
15 44
16 44
16 50
17 50
17 1
32
2 1
2 4
3 4
3 7
4 7
4 16
5 16
5 23
6 23
6 28
7 28
7 31
8 31
8 34
9 34
9 41
10 41
10 44
11 44
11 50
12 50
12 1
13 1
13 8
14 8
14 11
15 11
15 18
16 18
16 21
17 21
17 1
30
16 1
16 15
15 15
15 6
14 6
14 4
13 4
13 1
12 1
12 50
11 50
11 44
10 44
10 41
9 41
9 34
8 34
8 31
7 31
7 28
6 28
6 23
5 23
5 16
4 16
4 7
3 7
3 4
2 4
2 1
28
15 1
15 50
14 50
14 44
13 44
13 41
12 41
12 34
11 34
11 31
10 31
10 28
9 28
9 23
8 23
8 16
7 16
7 7
6 7
6 4
5 4
5 1
4 1
4 10
3 10
3 8
2 8
2 1
28
15 1
15 17
14 17
14 8
13 8
13 1
12 1
12 50
11 50
11 44
10 44
10 41
9 41
9 34
8 34
8 31
7 31
7 28
6 28
6 23
5 23
5 16
4 16
4 7
3 7
3 4
2 4
2 1
26
2 1
2 6
3 6
3 1
4 1
4 4
5 4
5 7
6 7
6 16
7 16
7 23
8 23
8 28
9 28
9 31
10 31
10 34
11 34
11 41
12 41
12 44
13 44
13 50
14 50
14 1
26
2 1
2 4
3 4
3 7
4 7
4 16
5 16
5 23
6 23
6 28
7 28
7 31
8 31
8 34
9 34
9 41
10 41
10 44
11 44
11 50
12 50
12 1
13 1
13 10
14 10
14 1
32
17 1
17 23
16 23
16 20
15 20
15 17
14 17
14 8
13 8
13 1
12 1
12 50
11 50
11 44
10 44
10 41
9 41
9 34
8 34
8 31
7 31
7 28
6 28
6 23
5 23
5 16
4 16
4 7
3 7
3 4
2 4
2 1
30
2 1
2 4
3 4
3 7
4 7
4 16
5 16
5 23
6 23
6 28
7 28
7 31
8 31
8 34
9 34
9 41
10 41
10 44
11 44
11 50
12 50
12 1
13 1
13 6
14 6
14 9
15 9
15 16
16 16
16 1
