6002 202
3001 1
3001 2
3000 2
3000 60
2999 60
2999 56
2998 56
2998 48
2997 48
2997 45
2996 45
2996 40
2995 40
2995 36
2994 36
2994 27
2993 27
2993 24
2992 24
2992 20
2991 20
2991 11
2990 11
2990 2
2989 2
2989 21
2988 21
2988 17
2987 17
2987 14
2986 14
2986 6
2985 6
2985 5
2984 5
2984 2
2983 2
2983 60
2982 60
2982 56
2981 56
2981 48
2980 48
2980 45
2979 45
2979 40
2978 40
2978 36
2977 36
2977 27
2976 27
2976 24
2975 24
2975 20
2974 20
2974 11
2973 11
2973 2
2972 2
2972 8
2971 8
2971 2
2970 2
2970 60
2969 60
2969 56
2968 56
2968 48
2967 48
2967 45
2966 45
2966 40
2965 40
2965 36
2964 36
2964 27
2963 27
2963 24
2962 24
2962 20
2961 20
2961 11
2960 11
2960 2
2959 2
2959 26
2958 26
2958 22
2957 22
2957 13
2956 13
2956 10
2955 10
2955 2
2954 2
2954 60
2953 60
2953 56
2952 56
2952 48
2951 48
2951 45
2950 45
2950 40
2949 40
2949 36
2948 36
2948 27
2947 27
2947 24
2946 24
2946 20
2945 20
2945 11
2944 11
2944 2
2943 2
2943 27
2942 27
2942 23
2941 23
2941 17
2940 17
2940 8
2939 8
2939 3
2938 3
2938 2
2937 2
2937 60
2936 60
2936 56
2935 56
2935 48
2934 48
2934 45
2933 45
2933 40
2932 40
2932 36
2931 36
2931 27
2930 27
2930 24
2929 24
2929 20
2928 20
2928 11
2927 11
2927 2
2926 2
2926 11
2925 11
2925 7
2924 7
2924 2
2923 2
2923 60
2922 60
2922 56
2921 56
2921 48
2920 48
2920 45
2919 45
2919 40
2918 40
2918 36
2917 36
2917 27
2916 27
2916 24
2915 24
2915 20
2914 20
2914 11
2913 11
2913 2
2912 2
2912 27
2911 27
2911 22
2910 22
2910 13
2909 13
2909 5
2908 5
2908 2
2907 2
2907 60
2906 60
2906 56
2905 56
2905 48
2904 48
2904 45
2903 45
2903 40
2902 40
2902 36
2901 36
2901 27
2900 27
2900 24
2899 24
2899 20
2898 20
2898 11
2897 11
2897 2
2896 2
2896 5
2895 5
2895 2
2894 2
2894 60
2893 60
2893 56
2892 56
2892 48
2891 48
2891 45
2890 45
2890 40
2889 40
2889 36
2888 36
2888 27
2887 27
2887 24
2886 24
2886 20
2885 20
2885 11
2884 11
2884 2
2883 2
2883 11
2882 11
2882 7
2881 7
2881 2
2880 2
2880 60
2879 60
2879 56
2878 56
2878 48
2877 48
2877 45
2876 45
2876 40
2875 40
2875 36
2874 36
2874 27
2873 27
2873 24
2872 24
2872 20
2871 20
2871 11
2870 11
2870 2
2869 2
2869 16
2868 16
2868 8
2867 8
2867 2
2866 2
2866 60
2865 60
2865 56
2864 56
2864 48
2863 48
2863 45
2862 45
2862 40
2861 40
2861 36
2860 36
2860 27
2859 27
2859 24
2858 24
2858 20
2857 20
2857 11
2856 11
2856 2
2855 2
2855 8
2854 8
2854 2
2853 2
2853 60
2852 60
2852 56
2851 56
2851 48
2850 48
2850 45
2849 45
2849 40
2848 40
2848 36
2847 36
2847 27
2846 27
2846 24
2845 24
2845 20
2844 20
2844 11
2843 11
2843 2
2842 2
2842 8
2841 8
2841 2
2840 2
2840 60
2839 60
2839 56
2838 56
2838 48
2837 48
2837 45
2836 45
2836 40
2835 40
2835 36
2834 36
2834 27
2833 27
2833 24
2832 24
2832 20
2831 20
2831 11
2830 11
2830 2
2829 2
2829 12
2828 12
2828 8
2827 8
2827 2
2826 2
2826 60
2825 60
2825 56
2824 56
2824 48
2823 48
2823 45
2822 45
2822 40
2821 40
2821 36
2820 36
2820 27
2819 27
2819 24
2818 24
2818 20
2817 20
2817 11
2816 11
2816 2
2815 2
2815 21
2814 21
2814 17
2813 17
2813 11
2812 11
2812 2
2811 2
2811 60
2810 60
2810 56
2809 56
2809 48
2808 48
2808 45
2807 45
2807 40
2806 40
2806 36
2805 36
2805 27
2804 27
2804 24
2803 24
2803 20
2802 20
2802 11
2801 11
2801 2
2800 2
2800 15
2799 15
2799 6
2798 6
2798 2
2797 2
2797 60
2796 60
2796 56
2795 56
2795 48
2794 48
2794 45
2793 45
2793 40
2792 40
2792 36
2791 36
2791 27
2790 27
2790 24
2789 24
2789 20
2788 20
2788 11
2787 11
2787 2
2786 2
2786 13
2785 13
2785 10
2784 10
2784 6
2783 6
2783 2
2782 2
2782 60
2781 60
2781 56
2780 56
2780 48
2779 48
2779 45
2778 45
2778 40
2777 40
2777 36
2776 36
2776 27
2775 27
2775 24
2774 24
2774 20
2773 20
2773 11
2772 11
2772 2
2771 2
2771 14
2770 14
2770 6
2769 6
2769 2
2768 2
2768 60
2767 60
2767 56
2766 56
2766 48
2765 48
2765 45
2764 45
2764 40
2763 40
2763 36
2762 36
2762 27
2761 27
2761 24
2760 24
2760 20
2759 20
2759 11
2758 11
2758 2
2757 2
2757 11
2756 11
2756 7
2755 7
2755 6
2754 6
2754 2
2753 2
2753 60
2752 60
2752 56
2751 56
2751 48
2750 48
2750 45
2749 45
2749 40
2748 40
2748 36
2747 36
2747 27
2746 27
2746 24
2745 24
2745 20
2744 20
2744 11
2743 11
2743 2
2742 2
2742 8
2741 8
2741 2
2740 2
2740 60
2739 60
2739 56
2738 56
2738 48
2737 48
2737 45
2736 45
2736 40
2735 40
2735 36
2734 36
2734 27
2733 27
2733 24
2732 24
2732 20
2731 20
2731 11
2730 11
2730 2
2729 2
2729 16
2728 16
2728 11
2727 11
2727 2
2726 2
2726 60
2725 60
2725 56
2724 56
2724 48
2723 48
2723 45
2722 45
2722 40
2721 40
2721 36
2720 36
2720 27
2719 27
2719 24
2718 24
2718 20
2717 20
2717 11
2716 11
2716 2
2715 2
2715 14
2714 14
2714 10
2713 10
2713 9
2712 9
2712 5
2711 5
2711 2
2710 2
2710 60
2709 60
2709 56
2708 56
2708 48
2707 48
2707 45
2706 45
2706 40
2705 40
2705 36
2704 36
2704 27
2703 27
2703 24
2702 24
2702 20
2701 20
2701 11
2700 11
2700 2
2699 2
2699 12
2698 12
2698 11
2697 11
2697 8
2696 8
2696 2
2695 2
2695 60
2694 60
2694 56
2693 56
2693 48
2692 48
2692 45
2691 45
2691 40
2690 40
2690 36
2689 36
2689 27
2688 27
2688 24
2687 24
2687 20
2686 20
2686 11
2685 11
2685 2
2684 2
2684 10
2683 10
2683 9
2682 9
2682 3
2681 3
2681 2
2680 2
2680 60
2679 60
2679 56
2678 56
2678 48
2677 48
2677 45
2676 45
2676 40
2675 40
2675 36
2674 36
2674 27
2673 27
2673 24
2672 24
2672 20
2671 20
2671 11
2670 11
2670 2
2669 2
2669 8
2668 8
2668 2
2667 2
2667 60
2666 60
2666 56
2665 56
2665 48
2664 48
2664 45
2663 45
2663 40
2662 40
2662 36
2661 36
2661 27
2660 27
2660 24
2659 24
2659 20
2658 20
2658 11
2657 11
2657 2
2656 2
2656 19
2655 19
2655 15
2654 15
2654 6
2653 6
2653 2
2652 2
2652 60
2651 60
2651 56
2650 56
2650 48
2649 48
2649 45
2648 45
2648 40
2647 40
2647 36
2646 36
2646 27
2645 27
2645 24
2644 24
2644 20
2643 20
2643 11
2642 11
2642 2
2641 2
2641 6
2640 6
2640 3
2639 3
2639 2
2638 2
2638 60
2637 60
2637 56
2636 56
2636 48
2635 48
2635 45
2634 45
2634 40
2633 40
2633 36
2632 36
2632 27
2631 27
2631 24
2630 24
2630 20
2629 20
2629 11
2628 11
2628 2
2627 2
2627 27
2626 27
2626 23
2625 23
2625 19
2624 19
2624 11
2623 11
2623 7
2622 7
2622 2
2621 2
2621 60
2620 60
2620 56
2619 56
2619 48
2618 48
2618 45
2617 45
2617 40
2616 40
2616 36
2615 36
2615 27
2614 27
2614 24
2613 24
2613 20
2612 20
2612 11
2611 11
2611 2
2610 2
2610 15
2609 15
2609 10
2608 10
2608 2
2607 2
2607 60
2606 60
2606 56
2605 56
2605 48
2604 48
2604 45
2603 45
2603 40
2602 40
2602 36
2601 36
2601 27
2600 27
2600 24
2599 24
2599 20
2598 20
2598 11
2597 11
2597 2
2596 2
2596 3
2595 3
2595 2
2594 2
2594 60
2593 60
2593 56
2592 56
2592 48
2591 48
2591 45
2590 45
2590 40
2589 40
2589 36
2588 36
2588 27
2587 27
2587 24
2586 24
2586 20
2585 20
2585 11
2584 11
2584 2
2583 2
2583 20
2582 20
2582 11
2581 11
2581 7
2580 7
2580 2
2579 2
2579 60
2578 60
2578 56
2577 56
2577 48
2576 48
2576 45
2575 45
2575 40
2574 40
2574 36
2573 36
2573 27
2572 27
2572 24
2571 24
2571 20
2570 20
2570 11
2569 11
2569 2
2568 2
2568 18
2567 18
2567 10
2566 10
2566 6
2565 6
2565 2
2564 2
2564 60
2563 60
2563 56
2562 56
2562 48
2561 48
2561 45
2560 45
2560 40
2559 40
2559 36
2558 36
2558 27
2557 27
2557 24
2556 24
2556 20
2555 20
2555 11
2554 11
2554 2
2553 2
2553 8
2552 8
2552 2
2551 2
2551 60
2550 60
2550 56
2549 56
2549 48
2548 48
2548 45
2547 45
2547 40
2546 40
2546 36
2545 36
2545 27
2544 27
2544 24
2543 24
2543 20
2542 20
2542 11
2541 11
2541 2
2540 2
2540 14
2539 14
2539 10
2538 10
2538 2
2537 2
2537 60
2536 60
2536 56
2535 56
2535 48
2534 48
2534 45
2533 45
2533 40
2532 40
2532 36
2531 36
2531 27
2530 27
2530 24
2529 24
2529 20
2528 20
2528 11
2527 11
2527 2
2526 2
2526 34
2525 34
2525 29
2524 29
2524 24
2523 24
2523 15
2522 15
2522 7
2521 7
2521 2
2520 2
2520 60
2519 60
2519 56
2518 56
2518 48
2517 48
2517 45
2516 45
2516 40
2515 40
2515 36
2514 36
2514 27
2513 27
2513 24
2512 24
2512 20
2511 20
2511 11
2510 11
2510 2
2509 2
2509 20
2508 20
2508 14
2507 14
2507 10
2506 10
2506 6
2505 6
2505 2
2504 2
2504 60
2503 60
2503 56
2502 56
2502 48
2501 48
2501 45
2500 45
2500 40
2499 40
2499 36
2498 36
2498 27
2497 27
2497 24
2496 24
2496 20
2495 20
2495 11
2494 11
2494 2
2493 2
2493 16
2492 16
2492 12
2491 12
2491 8
2490 8
2490 2
2489 2
2489 60
2488 60
2488 56
2487 56
2487 48
2486 48
2486 45
2485 45
2485 40
2484 40
2484 36
2483 36
2483 27
2482 27
2482 24
2481 24
2481 20
2480 20
2480 11
2479 11
2479 2
2478 2
2478 7
2477 7
2477 2
2476 2
2476 60
2475 60
2475 56
2474 56
2474 48
2473 48
2473 45
2472 45
2472 40
2471 40
2471 36
2470 36
2470 27
2469 27
2469 24
2468 24
2468 20
2467 20
2467 11
2466 11
2466 2
2465 2
2465 16
2464 16
2464 10
2463 10
2463 2
2462 2
2462 60
2461 60
2461 56
2460 56
2460 48
2459 48
2459 45
2458 45
2458 40
2457 40
2457 36
2456 36
2456 27
2455 27
2455 24
2454 24
2454 20
2453 20
2453 11
2452 11
2452 2
2451 2
2451 32
2450 32
2450 23
2449 23
2449 17
2448 17
2448 11
2447 11
2447 2
2446 2
2446 60
2445 60
2445 56
2444 56
2444 48
2443 48
2443 45
2442 45
2442 40
2441 40
2441 36
2440 36
2440 27
2439 27
2439 24
2438 24
2438 20
2437 20
2437 11
2436 11
2436 2
2435 2
2435 12
2434 12
2434 8
2433 8
2433 2
2432 2
2432 60
2431 60
2431 56
2430 56
2430 48
2429 48
2429 45
2428 45
2428 40
2427 40
2427 36
2426 36
2426 27
2425 27
2425 24
2424 24
2424 20
2423 20
2423 11
2422 11
2422 2
2421 2
2421 42
2420 42
2420 34
2419 34
2419 25
2418 25
2418 16
2417 16
2417 8
2416 8
2416 2
2415 2
2415 60
2414 60
2414 56
2413 56
2413 48
2412 48
2412 45
2411 45
2411 40
2410 40
2410 36
2409 36
2409 27
2408 27
2408 24
2407 24
2407 20
2406 20
2406 11
2405 11
2405 2
2404 2
2404 14
2403 14
2403 10
2402 10
2402 2
2401 2
2401 60
2400 60
2400 56
2399 56
2399 48
2398 48
2398 45
2397 45
2397 40
2396 40
2396 36
2395 36
2395 27
2394 27
2394 24
2393 24
2393 20
2392 20
2392 11
2391 11
2391 2
2390 2
2390 10
2389 10
2389 2
2388 2
2388 60
2387 60
2387 56
2386 56
2386 48
2385 48
2385 45
2384 45
2384 40
2383 40
2383 36
2382 36
2382 27
2381 27
2381 24
2380 24
2380 20
2379 20
2379 11
2378 11
2378 2
2377 2
2377 12
2376 12
2376 6
2375 6
2375 2
2374 2
2374 60
2373 60
2373 56
2372 56
2372 48
2371 48
2371 45
2370 45
2370 40
2369 40
2369 36
2368 36
2368 27
2367 27
2367 24
2366 24
2366 20
2365 20
2365 11
2364 11
2364 2
2363 2
2363 6
2362 6
2362 2
2361 2
2361 60
2360 60
2360 56
2359 56
2359 48
2358 48
2358 45
2357 45
2357 40
2356 40
2356 36
2355 36
2355 27
2354 27
2354 24
2353 24
2353 20
2352 20
2352 11
2351 11
2351 2
2350 2
2350 15
2349 15
2349 11
2348 11
2348 2
2347 2
2347 60
2346 60
2346 56
2345 56
2345 48
2344 48
2344 45
2343 45
2343 40
2342 40
2342 36
2341 36
2341 27
2340 27
2340 24
2339 24
2339 20
2338 20
2338 11
2337 11
2337 2
2336 2
2336 30
2335 30
2335 26
2334 26
2334 22
2333 22
2333 13
2332 13
2332 5
2331 5
2331 2
2330 2
2330 60
2329 60
2329 56
2328 56
2328 48
2327 48
2327 45
2326 45
2326 40
2325 40
2325 36
2324 36
2324 27
2323 27
2323 24
2322 24
2322 20
2321 20
2321 11
2320 11
2320 2
2319 2
2319 3
2318 3
2318 2
2317 2
2317 60
2316 60
2316 56
2315 56
2315 48
2314 48
2314 45
2313 45
2313 40
2312 40
2312 36
2311 36
2311 27
2310 27
2310 24
2309 24
2309 20
2308 20
2308 11
2307 11
2307 2
2306 2
2306 14
2305 14
2305 9
2304 9
2304 5
2303 5
2303 2
2302 2
2302 60
2301 60
2301 56
2300 56
2300 48
2299 48
2299 45
2298 45
2298 40
2297 40
2297 36
2296 36
2296 27
2295 27
2295 24
2294 24
2294 20
2293 20
2293 11
2292 11
2292 2
2291 2
2291 30
2290 30
2290 26
2289 26
2289 20
2288 20
2288 14
2287 14
2287 8
2286 8
2286 2
2285 2
2285 60
2284 60
2284 56
2283 56
2283 48
2282 48
2282 45
2281 45
2281 40
2280 40
2280 36
2279 36
2279 27
2278 27
2278 24
2277 24
2277 20
2276 20
2276 11
2275 11
2275 2
2274 2
2274 8
2273 8
2273 2
2272 2
2272 60
2271 60
2271 56
2270 56
2270 48
2269 48
2269 45
2268 45
2268 40
2267 40
2267 36
2266 36
2266 27
2265 27
2265 24
2264 24
2264 20
2263 20
2263 11
2262 11
2262 2
2261 2
2261 15
2260 15
2260 11
2259 11
2259 8
2258 8
2258 2
2257 2
2257 60
2256 60
2256 56
2255 56
2255 48
2254 48
2254 45
2253 45
2253 40
2252 40
2252 36
2251 36
2251 27
2250 27
2250 24
2249 24
2249 20
2248 20
2248 11
2247 11
2247 2
2246 2
2246 21
2245 21
2245 18
2244 18
2244 13
2243 13
2243 10
2242 10
2242 2
2241 2
2241 60
2240 60
2240 56
2239 56
2239 48
2238 48
2238 45
2237 45
2237 40
2236 40
2236 36
2235 36
2235 27
2234 27
2234 24
2233 24
2233 20
2232 20
2232 11
2231 11
2231 2
2230 2
2230 21
2229 21
2229 12
2228 12
2228 8
2227 8
2227 2
2226 2
2226 60
2225 60
2225 56
2224 56
2224 48
2223 48
2223 45
2222 45
2222 40
2221 40
2221 36
2220 36
2220 27
2219 27
2219 24
2218 24
2218 20
2217 20
2217 11
2216 11
2216 2
2215 2
2215 24
2214 24
2214 18
2213 18
2213 15
2212 15
2212 14
2211 14
2211 8
2210 8
2210 2
2209 2
2209 60
2208 60
2208 56
2207 56
2207 48
2206 48
2206 45
2205 45
2205 40
2204 40
2204 36
2203 36
2203 27
2202 27
2202 24
2201 24
2201 20
2200 20
2200 11
2199 11
2199 2
2198 2
2198 14
2197 14
2197 5
2196 5
2196 2
2195 2
2195 60
2194 60
2194 56
2193 56
2193 48
2192 48
2192 45
2191 45
2191 40
2190 40
2190 36
2189 36
2189 27
2188 27
2188 24
2187 24
2187 20
2186 20
2186 11
2185 11
2185 2
2184 2
2184 19
2183 19
2183 15
2182 15
2182 9
2181 9
2181 3
2180 3
2180 2
2179 2
2179 60
2178 60
2178 56
2177 56
2177 48
2176 48
2176 45
2175 45
2175 40
2174 40
2174 36
2173 36
2173 27
2172 27
2172 24
2171 24
2171 20
2170 20
2170 11
2169 11
2169 2
2168 2
2168 16
2167 16
2167 12
2166 12
2166 6
2165 6
2165 2
2164 2
2164 60
2163 60
2163 56
2162 56
2162 48
2161 48
2161 45
2160 45
2160 40
2159 40
2159 36
2158 36
2158 27
2157 27
2157 24
2156 24
2156 20
2155 20
2155 11
2154 11
2154 2
2153 2
2153 15
2152 15
2152 11
2151 11
2151 2
2150 2
2150 60
2149 60
2149 56
2148 56
2148 48
2147 48
2147 45
2146 45
2146 40
2145 40
2145 36
2144 36
2144 27
2143 27
2143 24
2142 24
2142 20
2141 20
2141 11
2140 11
2140 2
2139 2
2139 16
2138 16
2138 12
2137 12
2137 11
2136 11
2136 2
2135 2
2135 60
2134 60
2134 56
2133 56
2133 48
2132 48
2132 45
2131 45
2131 40
2130 40
2130 36
2129 36
2129 27
2128 27
2128 24
2127 24
2127 20
2126 20
2126 11
2125 11
2125 2
2124 2
2124 19
2123 19
2123 16
2122 16
2122 12
2121 12
2121 6
2120 6
2120 2
2119 2
2119 60
2118 60
2118 56
2117 56
2117 48
2116 48
2116 45
2115 45
2115 40
2114 40
2114 36
2113 36
2113 27
2112 27
2112 24
2111 24
2111 20
2110 20
2110 11
2109 11
2109 2
2108 2
2108 18
2107 18
2107 14
2106 14
2106 11
2105 11
2105 10
2104 10
2104 2
2103 2
2103 60
2102 60
2102 56
2101 56
2101 48
2100 48
2100 45
2099 45
2099 40
2098 40
2098 36
2097 36
2097 27
2096 27
2096 24
2095 24
2095 20
2094 20
2094 11
2093 11
2093 2
2092 2
2092 15
2091 15
2091 6
2090 6
2090 2
2089 2
2089 60
2088 60
2088 56
2087 56
2087 48
2086 48
2086 45
2085 45
2085 40
2084 40
2084 36
2083 36
2083 27
2082 27
2082 24
2081 24
2081 20
2080 20
2080 11
2079 11
2079 2
2078 2
2078 3
2077 3
2077 2
2076 2
2076 60
2075 60
2075 56
2074 56
2074 48
2073 48
2073 45
2072 45
2072 40
2071 40
2071 36
2070 36
2070 27
2069 27
2069 24
2068 24
2068 20
2067 20
2067 11
2066 11
2066 2
2065 2
2065 16
2064 16
2064 12
2063 12
2063 8
2062 8
2062 3
2061 3
2061 2
2060 2
2060 60
2059 60
2059 56
2058 56
2058 48
2057 48
2057 45
2056 45
2056 40
2055 40
2055 36
2054 36
2054 27
2053 27
2053 24
2052 24
2052 20
2051 20
2051 11
2050 11
2050 2
2049 2
2049 14
2048 14
2048 8
2047 8
2047 2
2046 2
2046 60
2045 60
2045 56
2044 56
2044 48
2043 48
2043 45
2042 45
2042 40
2041 40
2041 36
2040 36
2040 27
2039 27
2039 24
2038 24
2038 20
2037 20
2037 11
2036 11
2036 2
2035 2
2035 23
2034 23
2034 17
2033 17
2033 8
2032 8
2032 2
2031 2
2031 60
2030 60
2030 56
2029 56
2029 48
2028 48
2028 45
2027 45
2027 40
2026 40
2026 36
2025 36
2025 27
2024 27
2024 24
2023 24
2023 20
2022 20
2022 11
2021 11
2021 2
2020 2
2020 11
2019 11
2019 2
2018 2
2018 60
2017 60
2017 56
2016 56
2016 48
2015 48
2015 45
2014 45
2014 40
2013 40
2013 36
2012 36
2012 27
2011 27
2011 24
2010 24
2010 20
2009 20
2009 11
2008 11
2008 2
2007 2
2007 36
2006 36
2006 27
2005 27
2005 21
2004 21
2004 20
2003 20
2003 11
2002 11
2002 2
2001 2
2001 60
2000 60
2000 56
1999 56
1999 48
1998 48
1998 45
1997 45
1997 40
1996 40
1996 36
1995 36
1995 27
1994 27
1994 24
1993 24
1993 20
1992 20
1992 11
1991 11
1991 2
1990 2
1990 19
1989 19
1989 18
1988 18
1988 14
1987 14
1987 9
1986 9
1986 6
1985 6
1985 2
1984 2
1984 60
1983 60
1983 56
1982 56
1982 48
1981 48
1981 45
1980 45
1980 40
1979 40
1979 36
1978 36
1978 27
1977 27
1977 24
1976 24
1976 20
1975 20
1975 11
1974 11
1974 2
1973 2
1973 26
1972 26
1972 17
1971 17
1971 11
1970 11
1970 7
1969 7
1969 3
1968 3
1968 2
1967 2
1967 60
1966 60
1966 56
1965 56
1965 48
1964 48
1964 45
1963 45
1963 40
1962 40
1962 36
1961 36
1961 27
1960 27
1960 24
1959 24
1959 20
1958 20
1958 11
1957 11
1957 2
1956 2
1956 25
1955 25
1955 21
1954 21
1954 16
1953 16
1953 7
1952 7
1952 2
1951 2
1951 60
1950 60
1950 56
1949 56
1949 48
1948 48
1948 45
1947 45
1947 40
1946 40
1946 36
1945 36
1945 27
1944 27
1944 24
1943 24
1943 20
1942 20
1942 11
1941 11
1941 2
1940 2
1940 19
1939 19
1939 15
1938 15
1938 9
1937 9
1937 6
1936 6
1936 2
1935 2
1935 60
1934 60
1934 56
1933 56
1933 48
1932 48
1932 45
1931 45
1931 40
1930 40
1930 36
1929 36
1929 27
1928 27
1928 24
1927 24
1927 20
1926 20
1926 11
1925 11
1925 2
1924 2
1924 14
1923 14
1923 10
1922 10
1922 2
1921 2
1921 60
1920 60
1920 56
1919 56
1919 48
1918 48
1918 45
1917 45
1917 40
1916 40
1916 36
1915 36
1915 27
1914 27
1914 24
1913 24
1913 20
1912 20
1912 11
1911 11
1911 2
1910 2
1910 29
1909 29
1909 21
1908 21
1908 17
1907 17
1907 13
1906 13
1906 7
1905 7
1905 2
1904 2
1904 60
1903 60
1903 56
1902 56
1902 48
1901 48
1901 45
1900 45
1900 40
1899 40
1899 36
1898 36
1898 27
1897 27
1897 24
1896 24
1896 20
1895 20
1895 11
1894 11
1894 2
1893 2
1893 33
1892 33
1892 30
1891 30
1891 21
1890 21
1890 12
1889 12
1889 7
1888 7
1888 2
1887 2
1887 60
1886 60
1886 56
1885 56
1885 48
1884 48
1884 45
1883 45
1883 40
1882 40
1882 36
1881 36
1881 27
1880 27
1880 24
1879 24
1879 20
1878 20
1878 11
1877 11
1877 2
1876 2
1876 5
1875 5
1875 2
1874 2
1874 60
1873 60
1873 56
1872 56
1872 48
1871 48
1871 45
1870 45
1870 40
1869 40
1869 36
1868 36
1868 27
1867 27
1867 24
1866 24
1866 20
1865 20
1865 11
1864 11
1864 2
1863 2
1863 8
1862 8
1862 2
1861 2
1861 60
1860 60
1860 56
1859 56
1859 48
1858 48
1858 45
1857 45
1857 40
1856 40
1856 36
1855 36
1855 27
1854 27
1854 24
1853 24
1853 20
1852 20
1852 11
1851 11
1851 2
1850 2
1850 6
1849 6
1849 2
1848 2
1848 60
1847 60
1847 56
1846 56
1846 48
1845 48
1845 45
1844 45
1844 40
1843 40
1843 36
1842 36
1842 27
1841 27
1841 24
1840 24
1840 20
1839 20
1839 11
1838 11
1838 2
1837 2
1837 8
1836 8
1836 3
1835 3
1835 2
1834 2
1834 60
1833 60
1833 56
1832 56
1832 48
1831 48
1831 45
1830 45
1830 40
1829 40
1829 36
1828 36
1828 27
1827 27
1827 24
1826 24
1826 20
1825 20
1825 11
1824 11
1824 2
1823 2
1823 8
1822 8
1822 2
1821 2
1821 60
1820 60
1820 56
1819 56
1819 48
1818 48
1818 45
1817 45
1817 40
1816 40
1816 36
1815 36
1815 27
1814 27
1814 24
1813 24
1813 20
1812 20
1812 11
1811 11
1811 2
1810 2
1810 14
1809 14
1809 10
1808 10
1808 6
1807 6
1807 2
1806 2
1806 60
1805 60
1805 56
1804 56
1804 48
1803 48
1803 45
1802 45
1802 40
1801 40
1801 36
1800 36
1800 27
1799 27
1799 24
1798 24
1798 20
1797 20
1797 11
1796 11
1796 2
1795 2
1795 3
1794 3
1794 2
1793 2
1793 60
1792 60
1792 56
1791 56
1791 48
1790 48
1790 45
1789 45
1789 40
1788 40
1788 36
1787 36
1787 27
1786 27
1786 24
1785 24
1785 20
1784 20
1784 11
1783 11
1783 2
1782 2
1782 31
1781 31
1781 26
1780 26
1780 21
1779 21
1779 17
1778 17
1778 11
1777 11
1777 2
1776 2
1776 60
1775 60
1775 56
1774 56
1774 48
1773 48
1773 45
1772 45
1772 40
1771 40
1771 36
1770 36
1770 27
1769 27
1769 24
1768 24
1768 20
1767 20
1767 11
1766 11
1766 2
1765 2
1765 22
1764 22
1764 19
1763 19
1763 18
1762 18
1762 12
1761 12
1761 6
1760 6
1760 2
1759 2
1759 60
1758 60
1758 56
1757 56
1757 48
1756 48
1756 45
1755 45
1755 40
1754 40
1754 36
1753 36
1753 27
1752 27
1752 24
1751 24
1751 20
1750 20
1750 11
1749 11
1749 2
1748 2
1748 35
1747 35
1747 29
1746 29
1746 21
1745 21
1745 13
1744 13
1744 7
1743 7
1743 2
1742 2
1742 60
1741 60
1741 56
1740 56
1740 48
1739 48
1739 45
1738 45
1738 40
1737 40
1737 36
1736 36
1736 27
1735 27
1735 24
1734 24
1734 20
1733 20
1733 11
1732 11
1732 2
1731 2
1731 23
1730 23
1730 15
1729 15
1729 11
1728 11
1728 5
1727 5
1727 2
1726 2
1726 60
1725 60
1725 56
1724 56
1724 48
1723 48
1723 45
1722 45
1722 40
1721 40
1721 36
1720 36
1720 27
1719 27
1719 24
1718 24
1718 20
1717 20
1717 11
1716 11
1716 2
1715 2
1715 29
1714 29
1714 28
1713 28
1713 23
1712 23
1712 15
1711 15
1711 7
1710 7
1710 2
1709 2
1709 60
1708 60
1708 56
1707 56
1707 48
1706 48
1706 45
1705 45
1705 40
1704 40
1704 36
1703 36
1703 27
1702 27
1702 24
1701 24
1701 20
1700 20
1700 11
1699 11
1699 2
1698 2
1698 34
1697 34
1697 26
1696 26
1696 18
1695 18
1695 10
1694 10
1694 2
1693 2
1693 60
1692 60
1692 56
1691 56
1691 48
1690 48
1690 45
1689 45
1689 40
1688 40
1688 36
1687 36
1687 27
1686 27
1686 24
1685 24
1685 20
1684 20
1684 11
1683 11
1683 2
1682 2
1682 10
1681 10
1681 2
1680 2
1680 60
1679 60
1679 56
1678 56
1678 48
1677 48
1677 45
1676 45
1676 40
1675 40
1675 36
1674 36
1674 27
1673 27
1673 24
1672 24
1672 20
1671 20
1671 11
1670 11
1670 2
1669 2
1669 7
1668 7
1668 2
1667 2
1667 60
1666 60
1666 56
1665 56
1665 48
1664 48
1664 45
1663 45
1663 40
1662 40
1662 36
1661 36
1661 27
1660 27
1660 24
1659 24
1659 20
1658 20
1658 11
1657 11
1657 2
1656 2
1656 24
1655 24
1655 18
1654 18
1654 14
1653 14
1653 10
1652 10
1652 2
1651 2
1651 60
1650 60
1650 56
1649 56
1649 48
1648 48
1648 45
1647 45
1647 40
1646 40
1646 36
1645 36
1645 27
1644 27
1644 24
1643 24
1643 20
1642 20
1642 11
1641 11
1641 2
1640 2
1640 21
1639 21
1639 20
1638 20
1638 16
1637 16
1637 7
1636 7
1636 2
1635 2
1635 60
1634 60
1634 56
1633 56
1633 48
1632 48
1632 45
1631 45
1631 40
1630 40
1630 36
1629 36
1629 27
1628 27
1628 24
1627 24
1627 20
1626 20
1626 11
1625 11
1625 2
1624 2
1624 23
1623 23
1623 19
1622 19
1622 15
1621 15
1621 9
1620 9
1620 5
1619 5
1619 2
1618 2
1618 60
1617 60
1617 56
1616 56
1616 48
1615 48
1615 45
1614 45
1614 40
1613 40
1613 36
1612 36
1612 27
1611 27
1611 24
1610 24
1610 20
1609 20
1609 11
1608 11
1608 2
1607 2
1607 20
1606 20
1606 19
1605 19
1605 15
1604 15
1604 7
1603 7
1603 3
1602 3
1602 2
1601 2
1601 60
1600 60
1600 56
1599 56
1599 48
1598 48
1598 45
1597 45
1597 40
1596 40
1596 36
1595 36
1595 27
1594 27
1594 24
1593 24
1593 20
1592 20
1592 11
1591 11
1591 2
1590 2
1590 8
1589 8
1589 2
1588 2
1588 60
1587 60
1587 56
1586 56
1586 48
1585 48
1585 45
1584 45
1584 40
1583 40
1583 36
1582 36
1582 27
1581 27
1581 24
1580 24
1580 20
1579 20
1579 11
1578 11
1578 2
1577 2
1577 22
1576 22
1576 16
1575 16
1575 11
1574 11
1574 7
1573 7
1573 2
1572 2
1572 60
1571 60
1571 56
1570 56
1570 48
1569 48
1569 45
1568 45
1568 40
1567 40
1567 36
1566 36
1566 27
1565 27
1565 24
1564 24
1564 20
1563 20
1563 11
1562 11
1562 2
1561 2
1561 25
1560 25
1560 19
1559 19
1559 13
1558 13
1558 10
1557 10
1557 6
1556 6
1556 2
1555 2
1555 60
1554 60
1554 56
1553 56
1553 48
1552 48
1552 45
1551 45
1551 40
1550 40
1550 36
1549 36
1549 27
1548 27
1548 24
1547 24
1547 20
1546 20
1546 11
1545 11
1545 2
1544 2
1544 26
1543 26
1543 20
1542 20
1542 16
1541 16
1541 7
1540 7
1540 2
1539 2
1539 60
1538 60
1538 56
1537 56
1537 48
1536 48
1536 45
1535 45
1535 40
1534 40
1534 36
1533 36
1533 27
1532 27
1532 24
1531 24
1531 20
1530 20
1530 11
1529 11
1529 2
1528 2
1528 20
1527 20
1527 11
1526 11
1526 6
1525 6
1525 2
1524 2
1524 60
1523 60
1523 56
1522 56
1522 48
1521 48
1521 45
1520 45
1520 40
1519 40
1519 36
1518 36
1518 27
1517 27
1517 24
1516 24
1516 20
1515 20
1515 11
1514 11
1514 2
1513 2
1513 10
1512 10
1512 6
1511 6
1511 2
1510 2
1510 60
1509 60
1509 56
1508 56
1508 48
1507 48
1507 45
1506 45
1506 40
1505 40
1505 36
1504 36
1504 27
1503 27
1503 24
1502 24
1502 20
1501 20
1501 11
1500 11
1500 2
1499 2
1499 26
1498 26
1498 18
1497 18
1497 10
1496 10
1496 6
1495 6
1495 2
1494 2
1494 60
1493 60
1493 56
1492 56
1492 48
1491 48
1491 45
1490 45
1490 40
1489 40
1489 36
1488 36
1488 27
1487 27
1487 24
1486 24
1486 20
1485 20
1485 11
1484 11
1484 2
1483 2
1483 20
1482 20
1482 14
1481 14
1481 10
1480 10
1480 7
1479 7
1479 2
1478 2
1478 60
1477 60
1477 56
1476 56
1476 48
1475 48
1475 45
1474 45
1474 40
1473 40
1473 36
1472 36
1472 27
1471 27
1471 24
1470 24
1470 20
1469 20
1469 11
1468 11
1468 2
1467 2
1467 11
1466 11
1466 2
1465 2
1465 60
1464 60
1464 56
1463 56
1463 48
1462 48
1462 45
1461 45
1461 40
1460 40
1460 36
1459 36
1459 27
1458 27
1458 24
1457 24
1457 20
1456 20
1456 11
1455 11
1455 2
1454 2
1454 23
1453 23
1453 20
1452 20
1452 14
1451 14
1451 8
1450 8
1450 2
1449 2
1449 60
1448 60
1448 56
1447 56
1447 48
1446 48
1446 45
1445 45
1445 40
1444 40
1444 36
1443 36
1443 27
1442 27
1442 24
1441 24
1441 20
1440 20
1440 11
1439 11
1439 2
1438 2
1438 19
1437 19
1437 16
1436 16
1436 12
1435 12
1435 6
1434 6
1434 2
1433 2
1433 60
1432 60
1432 56
1431 56
1431 48
1430 48
1430 45
1429 45
1429 40
1428 40
1428 36
1427 36
1427 27
1426 27
1426 24
1425 24
1425 20
1424 20
1424 11
1423 11
1423 2
1422 2
1422 18
1421 18
1421 10
1420 10
1420 6
1419 6
1419 2
1418 2
1418 60
1417 60
1417 56
1416 56
1416 48
1415 48
1415 45
1414 45
1414 40
1413 40
1413 36
1412 36
1412 27
1411 27
1411 24
1410 24
1410 20
1409 20
1409 11
1408 11
1408 2
1407 2
1407 18
1406 18
1406 17
1405 17
1405 9
1404 9
1404 6
1403 6
1403 3
1402 3
1402 2
1401 2
1401 60
1400 60
1400 56
1399 56
1399 48
1398 48
1398 45
1397 45
1397 40
1396 40
1396 36
1395 36
1395 27
1394 27
1394 24
1393 24
1393 20
1392 20
1392 11
1391 11
1391 2
1390 2
1390 11
1389 11
1389 2
1388 2
1388 60
1387 60
1387 56
1386 56
1386 48
1385 48
1385 45
1384 45
1384 40
1383 40
1383 36
1382 36
1382 27
1381 27
1381 24
1380 24
1380 20
1379 20
1379 11
1378 11
1378 2
1377 2
1377 29
1376 29
1376 21
1375 21
1375 17
1374 17
1374 8
1373 8
1373 2
1372 2
1372 60
1371 60
1371 56
1370 56
1370 48
1369 48
1369 45
1368 45
1368 40
1367 40
1367 36
1366 36
1366 27
1365 27
1365 24
1364 24
1364 20
1363 20
1363 11
1362 11
1362 2
1361 2
1361 11
1360 11
1360 7
1359 7
1359 3
1358 3
1358 2
1357 2
1357 60
1356 60
1356 56
1355 56
1355 48
1354 48
1354 45
1353 45
1353 40
1352 40
1352 36
1351 36
1351 27
1350 27
1350 24
1349 24
1349 20
1348 20
1348 11
1347 11
1347 2
1346 2
1346 10
1345 10
1345 6
1344 6
1344 2
1343 2
1343 60
1342 60
1342 56
1341 56
1341 48
1340 48
1340 45
1339 45
1339 40
1338 40
1338 36
1337 36
1337 27
1336 27
1336 24
1335 24
1335 20
1334 20
1334 11
1333 11
1333 2
1332 2
1332 23
1331 23
1331 19
1330 19
1330 11
1329 11
1329 8
1328 8
1328 2
1327 2
1327 60
1326 60
1326 56
1325 56
1325 48
1324 48
1324 45
1323 45
1323 40
1322 40
1322 36
1321 36
1321 27
1320 27
1320 24
1319 24
1319 20
1318 20
1318 11
1317 11
1317 2
1316 2
1316 19
1315 19
1315 15
1314 15
1314 10
1313 10
1313 5
1312 5
1312 2
1311 2
1311 60
1310 60
1310 56
1309 56
1309 48
1308 48
1308 45
1307 45
1307 40
1306 40
1306 36
1305 36
1305 27
1304 27
1304 24
1303 24
1303 20
1302 20
1302 11
1301 11
1301 2
1300 2
1300 8
1299 8
1299 2
1298 2
1298 60
1297 60
1297 56
1296 56
1296 48
1295 48
1295 45
1294 45
1294 40
1293 40
1293 36
1292 36
1292 27
1291 27
1291 24
1290 24
1290 20
1289 20
1289 11
1288 11
1288 2
1287 2
1287 21
1286 21
1286 13
1285 13
1285 7
1284 7
1284 2
1283 2
1283 60
1282 60
1282 56
1281 56
1281 48
1280 48
1280 45
1279 45
1279 40
1278 40
1278 36
1277 36
1277 27
1276 27
1276 24
1275 24
1275 20
1274 20
1274 11
1273 11
1273 2
1272 2
1272 33
1271 33
1271 25
1270 25
1270 21
1269 21
1269 13
1268 13
1268 7
1267 7
1267 2
1266 2
1266 60
1265 60
1265 56
1264 56
1264 48
1263 48
1263 45
1262 45
1262 40
1261 40
1261 36
1260 36
1260 27
1259 27
1259 24
1258 24
1258 20
1257 20
1257 11
1256 11
1256 2
1255 2
1255 16
1254 16
1254 12
1253 12
1253 9
1252 9
1252 8
1251 8
1251 2
1250 2
1250 60
1249 60
1249 56
1248 56
1248 48
1247 48
1247 45
1246 45
1246 40
1245 40
1245 36
1244 36
1244 27
1243 27
1243 24
1242 24
1242 20
1241 20
1241 11
1240 11
1240 2
1239 2
1239 29
1238 29
1238 26
1237 26
1237 17
1236 17
1236 16
1235 16
1235 11
1234 11
1234 2
1233 2
1233 60
1232 60
1232 56
1231 56
1231 48
1230 48
1230 45
1229 45
1229 40
1228 40
1228 36
1227 36
1227 27
1226 27
1226 24
1225 24
1225 20
1224 20
1224 11
1223 11
1223 2
1222 2
1222 29
1221 29
1221 20
1220 20
1220 16
1219 16
1219 8
1218 8
1218 2
1217 2
1217 60
1216 60
1216 56
1215 56
1215 48
1214 48
1214 45
1213 45
1213 40
1212 40
1212 36
1211 36
1211 27
1210 27
1210 24
1209 24
1209 20
1208 20
1208 11
1207 11
1207 2
1206 2
1206 16
1205 16
1205 12
1204 12
1204 8
1203 8
1203 2
1202 2
1202 60
1201 60
1201 56
1200 56
1200 48
1199 48
1199 45
1198 45
1198 40
1197 40
1197 36
1196 36
1196 27
1195 27
1195 24
1194 24
1194 20
1193 20
1193 11
1192 11
1192 2
1191 2
1191 12
1190 12
1190 8
1189 8
1189 2
1188 2
1188 60
1187 60
1187 56
1186 56
1186 48
1185 48
1185 45
1184 45
1184 40
1183 40
1183 36
1182 36
1182 27
1181 27
1181 24
1180 24
1180 20
1179 20
1179 11
1178 11
1178 2
1177 2
1177 18
1176 18
1176 14
1175 14
1175 10
1174 10
1174 6
1173 6
1173 2
1172 2
1172 60
1171 60
1171 56
1170 56
1170 48
1169 48
1169 45
1168 45
1168 40
1167 40
1167 36
1166 36
1166 27
1165 27
1165 24
1164 24
1164 20
1163 20
1163 11
1162 11
1162 2
1161 2
1161 11
1160 11
1160 6
1159 6
1159 2
1158 2
1158 60
1157 60
1157 56
1156 56
1156 48
1155 48
1155 45
1154 45
1154 40
1153 40
1153 36
1152 36
1152 27
1151 27
1151 24
1150 24
1150 20
1149 20
1149 11
1148 11
1148 2
1147 2
1147 16
1146 16
1146 12
1145 12
1145 9
1144 9
1144 8
1143 8
1143 5
1142 5
1142 2
1141 2
1141 60
1140 60
1140 56
1139 56
1139 48
1138 48
1138 45
1137 45
1137 40
1136 40
1136 36
1135 36
1135 27
1134 27
1134 24
1133 24
1133 20
1132 20
1132 11
1131 11
1131 2
1130 2
1130 6
1129 6
1129 2
1128 2
1128 60
1127 60
1127 56
1126 56
1126 48
1125 48
1125 45
1124 45
1124 40
1123 40
1123 36
1122 36
1122 27
1121 27
1121 24
1120 24
1120 20
1119 20
1119 11
1118 11
1118 2
1117 2
1117 29
1116 29
1116 20
1115 20
1115 15
1114 15
1114 7
1113 7
1113 6
1112 6
1112 2
1111 2
1111 60
1110 60
1110 56
1109 56
1109 48
1108 48
1108 45
1107 45
1107 40
1106 40
1106 36
1105 36
1105 27
1104 27
1104 24
1103 24
1103 20
1102 20
1102 11
1101 11
1101 2
1100 2
1100 16
1099 16
1099 11
1098 11
1098 7
1097 7
1097 3
1096 3
1096 2
1095 2
1095 60
1094 60
1094 56
1093 56
1093 48
1092 48
1092 45
1091 45
1091 40
1090 40
1090 36
1089 36
1089 27
1088 27
1088 24
1087 24
1087 20
1086 20
1086 11
1085 11
1085 2
1084 2
1084 27
1083 27
1083 23
1082 23
1082 19
1081 19
1081 11
1080 11
1080 2
1079 2
1079 60
1078 60
1078 56
1077 56
1077 48
1076 48
1076 45
1075 45
1075 40
1074 40
1074 36
1073 36
1073 27
1072 27
1072 24
1071 24
1071 20
1070 20
1070 11
1069 11
1069 2
1068 2
1068 18
1067 18
1067 17
1066 17
1066 13
1065 13
1065 12
1064 12
1064 7
1063 7
1063 2
1062 2
1062 60
1061 60
1061 56
1060 56
1060 48
1059 48
1059 45
1058 45
1058 40
1057 40
1057 36
1056 36
1056 27
1055 27
1055 24
1054 24
1054 20
1053 20
1053 11
1052 11
1052 2
1051 2
1051 16
1050 16
1050 10
1049 10
1049 2
1048 2
1048 60
1047 60
1047 56
1046 56
1046 48
1045 48
1045 45
1044 45
1044 40
1043 40
1043 36
1042 36
1042 27
1041 27
1041 24
1040 24
1040 20
1039 20
1039 11
1038 11
1038 2
1037 2
1037 30
1036 30
1036 21
1035 21
1035 15
1034 15
1034 6
1033 6
1033 2
1032 2
1032 60
1031 60
1031 56
1030 56
1030 48
1029 48
1029 45
1028 45
1028 40
1027 40
1027 36
1026 36
1026 27
1025 27
1025 24
1024 24
1024 20
1023 20
1023 11
1022 11
1022 2
1021 2
1021 6
1020 6
1020 2
1019 2
1019 60
1018 60
1018 56
1017 56
1017 48
1016 48
1016 45
1015 45
1015 40
1014 40
1014 36
1013 36
1013 27
1012 27
1012 24
1011 24
1011 20
1010 20
1010 11
1009 11
1009 2
1008 2
1008 22
1007 22
1007 18
1006 18
1006 14
1005 14
1005 11
1004 11
1004 2
1003 2
1003 60
1002 60
1002 56
1001 56
1001 48
1000 48
1000 45
999 45
999 40
998 40
998 36
997 36
997 27
996 27
996 24
995 24
995 20
994 20
994 11
993 11
993 2
992 2
992 30
991 30
991 21
990 21
990 17
989 17
989 8
988 8
988 2
987 2
987 60
986 60
986 56
985 56
985 48
984 48
984 45
983 45
983 40
982 40
982 36
981 36
981 27
980 27
980 24
979 24
979 20
978 20
978 11
977 11
977 2
976 2
976 25
975 25
975 21
974 21
974 20
973 20
973 14
972 14
972 8
971 8
971 2
970 2
970 60
969 60
969 56
968 56
968 48
967 48
967 45
966 45
966 40
965 40
965 36
964 36
964 27
963 27
963 24
962 24
962 20
961 20
961 11
960 11
960 2
959 2
959 13
958 13
958 10
957 10
957 6
956 6
956 3
955 3
955 2
954 2
954 60
953 60
953 56
952 56
952 48
951 48
951 45
950 45
950 40
949 40
949 36
948 36
948 27
947 27
947 24
946 24
946 20
945 20
945 11
944 11
944 2
943 2
943 27
942 27
942 23
941 23
941 14
940 14
940 5
939 5
939 2
938 2
938 60
937 60
937 56
936 56
936 48
935 48
935 45
934 45
934 40
933 40
933 36
932 36
932 27
931 27
931 24
930 24
930 20
929 20
929 11
928 11
928 2
927 2
927 24
926 24
926 16
925 16
925 10
924 10
924 6
923 6
923 2
922 2
922 60
921 60
921 56
920 56
920 48
919 48
919 45
918 45
918 40
917 40
917 36
916 36
916 27
915 27
915 24
914 24
914 20
913 20
913 11
912 11
912 2
911 2
911 20
910 20
910 16
909 16
909 7
908 7
908 2
907 2
907 60
906 60
906 56
905 56
905 48
904 48
904 45
903 45
903 40
902 40
902 36
901 36
901 27
900 27
900 24
899 24
899 20
898 20
898 11
897 11
897 2
896 2
896 29
895 29
895 21
894 21
894 17
893 17
893 11
892 11
892 2
891 2
891 60
890 60
890 56
889 56
889 48
888 48
888 45
887 45
887 40
886 40
886 36
885 36
885 27
884 27
884 24
883 24
883 20
882 20
882 11
881 11
881 2
880 2
880 3
879 3
879 2
878 2
878 60
877 60
877 56
876 56
876 48
875 48
875 45
874 45
874 40
873 40
873 36
872 36
872 27
871 27
871 24
870 24
870 20
869 20
869 11
868 11
868 2
867 2
867 15
866 15
866 14
865 14
865 11
864 11
864 7
863 7
863 2
862 2
862 60
861 60
861 56
860 56
860 48
859 48
859 45
858 45
858 40
857 40
857 36
856 36
856 27
855 27
855 24
854 24
854 20
853 20
853 11
852 11
852 2
851 2
851 32
850 32
850 28
849 28
849 24
848 24
848 15
847 15
847 11
846 11
846 2
845 2
845 60
844 60
844 56
843 56
843 48
842 48
842 45
841 45
841 40
840 40
840 36
839 36
839 27
838 27
838 24
837 24
837 20
836 20
836 11
835 11
835 2
834 2
834 12
833 12
833 6
832 6
832 2
831 2
831 60
830 60
830 56
829 56
829 48
828 48
828 45
827 45
827 40
826 40
826 36
825 36
825 27
824 27
824 24
823 24
823 20
822 20
822 11
821 11
821 2
820 2
820 25
819 25
819 17
818 17
818 8
817 8
817 2
816 2
816 60
815 60
815 56
814 56
814 48
813 48
813 45
812 45
812 40
811 40
811 36
810 36
810 27
809 27
809 24
808 24
808 20
807 20
807 11
806 11
806 2
805 2
805 16
804 16
804 13
803 13
803 5
802 5
802 2
801 2
801 60
800 60
800 56
799 56
799 48
798 48
798 45
797 45
797 40
796 40
796 36
795 36
795 27
794 27
794 24
793 24
793 20
792 20
792 11
791 11
791 2
790 2
790 6
789 6
789 2
788 2
788 60
787 60
787 56
786 56
786 48
785 48
785 45
784 45
784 40
783 40
783 36
782 36
782 27
781 27
781 24
780 24
780 20
779 20
779 11
778 11
778 2
777 2
777 24
776 24
776 16
775 16
775 10
774 10
774 6
773 6
773 2
772 2
772 60
771 60
771 56
770 56
770 48
769 48
769 45
768 45
768 40
767 40
767 36
766 36
766 27
765 27
765 24
764 24
764 20
763 20
763 11
762 11
762 2
761 2
761 5
760 5
760 2
759 2
759 60
758 60
758 56
757 56
757 48
756 48
756 45
755 45
755 40
754 40
754 36
753 36
753 27
752 27
752 24
751 24
751 20
750 20
750 11
749 11
749 2
748 2
748 8
747 8
747 2
746 2
746 60
745 60
745 56
744 56
744 48
743 48
743 45
742 45
742 40
741 40
741 36
740 36
740 27
739 27
739 24
738 24
738 20
737 20
737 11
736 11
736 2
735 2
735 18
734 18
734 13
733 13
733 9
732 9
732 5
731 5
731 2
730 2
730 60
729 60
729 56
728 56
728 48
727 48
727 45
726 45
726 40
725 40
725 36
724 36
724 27
723 27
723 24
722 24
722 20
721 20
721 11
720 11
720 2
719 2
719 27
718 27
718 22
717 22
717 18
716 18
716 10
715 10
715 2
714 2
714 60
713 60
713 56
712 56
712 48
711 48
711 45
710 45
710 40
709 40
709 36
708 36
708 27
707 27
707 24
706 24
706 20
705 20
705 11
704 11
704 2
703 2
703 7
702 7
702 2
701 2
701 60
700 60
700 56
699 56
699 48
698 48
698 45
697 45
697 40
696 40
696 36
695 36
695 27
694 27
694 24
693 24
693 20
692 20
692 11
691 11
691 2
690 2
690 20
689 20
689 19
688 19
688 10
687 10
687 6
686 6
686 2
685 2
685 60
684 60
684 56
683 56
683 48
682 48
682 45
681 45
681 40
680 40
680 36
679 36
679 27
678 27
678 24
677 24
677 20
676 20
676 11
675 11
675 2
674 2
674 7
673 7
673 6
672 6
672 2
671 2
671 60
670 60
670 56
669 56
669 48
668 48
668 45
667 45
667 40
666 40
666 36
665 36
665 27
664 27
664 24
663 24
663 20
662 20
662 11
661 11
661 2
660 2
660 12
659 12
659 6
658 6
658 2
657 2
657 60
656 60
656 56
655 56
655 48
654 48
654 45
653 45
653 40
652 40
652 36
651 36
651 27
650 27
650 24
649 24
649 20
648 20
648 11
647 11
647 2
646 2
646 30
645 30
645 24
644 24
644 19
643 19
643 11
642 11
642 2
641 2
641 60
640 60
640 56
639 56
639 48
638 48
638 45
637 45
637 40
636 40
636 36
635 36
635 27
634 27
634 24
633 24
633 20
632 20
632 11
631 11
631 2
630 2
630 16
629 16
629 8
628 8
628 2
627 2
627 60
626 60
626 56
625 56
625 48
624 48
624 45
623 45
623 40
622 40
622 36
621 36
621 27
620 27
620 24
619 24
619 20
618 20
618 11
617 11
617 2
616 2
616 15
615 15
615 12
614 12
614 6
613 6
613 2
612 2
612 60
611 60
611 56
610 56
610 48
609 48
609 45
608 45
608 40
607 40
607 36
606 36
606 27
605 27
605 24
604 24
604 20
603 20
603 11
602 11
602 2
601 2
601 21
600 21
600 17
599 17
599 8
598 8
598 7
597 7
597 2
596 2
596 60
595 60
595 56
594 56
594 48
593 48
593 45
592 45
592 40
591 40
591 36
590 36
590 27
589 27
589 24
588 24
588 20
587 20
587 11
586 11
586 2
585 2
585 11
584 11
584 2
583 2
583 60
582 60
582 56
581 56
581 48
580 48
580 45
579 45
579 40
578 40
578 36
577 36
577 27
576 27
576 24
575 24
575 20
574 20
574 11
573 11
573 2
572 2
572 5
571 5
571 2
570 2
570 60
569 60
569 56
568 56
568 48
567 48
567 45
566 45
566 40
565 40
565 36
564 36
564 27
563 27
563 24
562 24
562 20
561 20
561 11
560 11
560 2
559 2
559 7
558 7
558 2
557 2
557 60
556 60
556 56
555 56
555 48
554 48
554 45
553 45
553 40
552 40
552 36
551 36
551 27
550 27
550 24
549 24
549 20
548 20
548 11
547 11
547 2
546 2
546 27
545 27
545 22
544 22
544 16
543 16
543 12
542 12
542 6
541 6
541 2
540 2
540 60
539 60
539 56
538 56
538 48
537 48
537 45
536 45
536 40
535 40
535 36
534 36
534 27
533 27
533 24
532 24
532 20
531 20
531 11
530 11
530 2
529 2
529 14
528 14
528 6
527 6
527 2
526 2
526 60
525 60
525 56
524 56
524 48
523 48
523 45
522 45
522 40
521 40
521 36
520 36
520 27
519 27
519 24
518 24
518 20
517 20
517 11
516 11
516 2
515 2
515 27
514 27
514 19
513 19
513 10
512 10
512 2
511 2
511 60
510 60
510 56
509 56
509 48
508 48
508 45
507 45
507 40
506 40
506 36
505 36
505 27
504 27
504 24
503 24
503 20
502 20
502 11
501 11
501 2
500 2
500 23
499 23
499 22
498 22
498 16
497 16
497 10
496 10
496 7
495 7
495 2
494 2
494 60
493 60
493 56
492 56
492 48
491 48
491 45
490 45
490 40
489 40
489 36
488 36
488 27
487 27
487 24
486 24
486 20
485 20
485 11
484 11
484 2
483 2
483 28
482 28
482 24
481 24
481 21
480 21
480 12
479 12
479 8
478 8
478 2
477 2
477 60
476 60
476 56
475 56
475 48
474 48
474 45
473 45
473 40
472 40
472 36
471 36
471 27
470 27
470 24
469 24
469 20
468 20
468 11
467 11
467 2
466 2
466 5
465 5
465 2
464 2
464 60
463 60
463 56
462 56
462 48
461 48
461 45
460 45
460 40
459 40
459 36
458 36
458 27
457 27
457 24
456 24
456 20
455 20
455 11
454 11
454 2
453 2
453 9
452 9
452 3
451 3
451 2
450 2
450 60
449 60
449 56
448 56
448 48
447 48
447 45
446 45
446 40
445 40
445 36
444 36
444 27
443 27
443 24
442 24
442 20
441 20
441 11
440 11
440 2
439 2
439 10
438 10
438 2
437 2
437 60
436 60
436 56
435 56
435 48
434 48
434 45
433 45
433 40
432 40
432 36
431 36
431 27
430 27
430 24
429 24
429 20
428 20
428 11
427 11
427 2
426 2
426 25
425 25
425 17
424 17
424 11
423 11
423 2
422 2
422 60
421 60
421 56
420 56
420 48
419 48
419 45
418 45
418 40
417 40
417 36
416 36
416 27
415 27
415 24
414 24
414 20
413 20
413 11
412 11
412 2
411 2
411 8
410 8
410 2
409 2
409 60
408 60
408 56
407 56
407 48
406 48
406 45
405 45
405 40
404 40
404 36
403 36
403 27
402 27
402 24
401 24
401 20
400 20
400 11
399 11
399 2
398 2
398 12
397 12
397 7
396 7
396 3
395 3
395 2
394 2
394 60
393 60
393 56
392 56
392 48
391 48
391 45
390 45
390 40
389 40
389 36
388 36
388 27
387 27
387 24
386 24
386 20
385 20
385 11
384 11
384 2
383 2
383 25
382 25
382 19
381 19
381 13
380 13
380 7
379 7
379 6
378 6
378 2
377 2
377 60
376 60
376 56
375 56
375 48
374 48
374 45
373 45
373 40
372 40
372 36
371 36
371 27
370 27
370 24
369 24
369 20
368 20
368 11
367 11
367 2
366 2
366 24
365 24
365 20
364 20
364 15
363 15
363 12
362 12
362 6
361 6
361 2
360 2
360 60
359 60
359 56
358 56
358 48
357 48
357 45
356 45
356 40
355 40
355 36
354 36
354 27
353 27
353 24
352 24
352 20
351 20
351 11
350 11
350 2
349 2
349 7
348 7
348 3
347 3
347 2
346 2
346 60
345 60
345 56
344 56
344 48
343 48
343 45
342 45
342 40
341 40
341 36
340 36
340 27
339 27
339 24
338 24
338 20
337 20
337 11
336 11
336 2
335 2
335 23
334 23
334 14
333 14
333 6
332 6
332 2
331 2
331 60
330 60
330 56
329 56
329 48
328 48
328 45
327 45
327 40
326 40
326 36
325 36
325 27
324 27
324 24
323 24
323 20
322 20
322 11
321 11
321 2
320 2
320 8
319 8
319 2
318 2
318 60
317 60
317 56
316 56
316 48
315 48
315 45
314 45
314 40
313 40
313 36
312 36
312 27
311 27
311 24
310 24
310 20
309 20
309 11
308 11
308 2
307 2
307 6
306 6
306 2
305 2
305 60
304 60
304 56
303 56
303 48
302 48
302 45
301 45
301 40
300 40
300 36
299 36
299 27
298 27
298 24
297 24
297 20
296 20
296 11
295 11
295 2
294 2
294 5
293 5
293 2
292 2
292 60
291 60
291 56
290 56
290 48
289 48
289 45
288 45
288 40
287 40
287 36
286 36
286 27
285 27
285 24
284 24
284 20
283 20
283 11
282 11
282 2
281 2
281 16
280 16
280 8
279 8
279 2
278 2
278 60
277 60
277 56
276 56
276 48
275 48
275 45
274 45
274 40
273 40
273 36
272 36
272 27
271 27
271 24
270 24
270 20
269 20
269 11
268 11
268 2
267 2
267 25
266 25
266 22
265 22
265 16
264 16
264 7
263 7
263 2
262 2
262 60
261 60
261 56
260 56
260 48
259 48
259 45
258 45
258 40
257 40
257 36
256 36
256 27
255 27
255 24
254 24
254 20
253 20
253 11
252 11
252 2
251 2
251 7
250 7
250 2
249 2
249 60
248 60
248 56
247 56
247 48
246 48
246 45
245 45
245 40
244 40
244 36
243 36
243 27
242 27
242 24
241 24
241 20
240 20
240 11
239 11
239 2
238 2
238 29
237 29
237 25
236 25
236 21
235 21
235 16
234 16
234 8
233 8
233 2
232 2
232 60
231 60
231 56
230 56
230 48
229 48
229 45
228 45
228 40
227 40
227 36
226 36
226 27
225 27
225 24
224 24
224 20
223 20
223 11
222 11
222 2
221 2
221 15
220 15
220 11
219 11
219 10
218 10
218 2
217 2
217 60
216 60
216 56
215 56
215 48
214 48
214 45
213 45
213 40
212 40
212 36
211 36
211 27
210 27
210 24
209 24
209 20
208 20
208 11
207 11
207 2
206 2
206 26
205 26
205 25
204 25
204 21
203 21
203 17
202 17
202 11
201 11
201 2
200 2
200 60
199 60
199 56
198 56
198 48
197 48
197 45
196 45
196 40
195 40
195 36
194 36
194 27
193 27
193 24
192 24
192 20
191 20
191 11
190 11
190 2
189 2
189 23
188 23
188 20
187 20
187 16
186 16
186 12
185 12
185 8
184 8
184 2
183 2
183 60
182 60
182 56
181 56
181 48
180 48
180 45
179 45
179 40
178 40
178 36
177 36
177 27
176 27
176 24
175 24
175 20
174 20
174 11
173 11
173 2
172 2
172 35
171 35
171 29
170 29
170 25
169 25
169 20
168 20
168 11
167 11
167 2
166 2
166 60
165 60
165 56
164 56
164 48
163 48
163 45
162 45
162 40
161 40
161 36
160 36
160 27
159 27
159 24
158 24
158 20
157 20
157 11
156 11
156 2
155 2
155 11
154 11
154 10
153 10
153 2
152 2
152 60
151 60
151 56
150 56
150 48
149 48
149 45
148 45
148 40
147 40
147 36
146 36
146 27
145 27
145 24
144 24
144 20
143 20
143 11
142 11
142 2
141 2
141 13
140 13
140 9
139 9
139 3
138 3
138 2
137 2
137 60
136 60
136 56
135 56
135 48
134 48
134 45
133 45
133 40
132 40
132 36
131 36
131 27
130 27
130 24
129 24
129 20
128 20
128 11
127 11
127 2
126 2
126 24
125 24
125 21
124 21
124 13
123 13
123 7
122 7
122 2
121 2
121 60
120 60
120 56
119 56
119 48
118 48
118 45
117 45
117 40
116 40
116 36
115 36
115 27
114 27
114 24
113 24
113 20
112 20
112 11
111 11
111 2
110 2
110 22
109 22
109 18
108 18
108 13
107 13
107 7
106 7
106 2
105 2
105 60
104 60
104 56
103 56
103 48
102 48
102 45
101 45
101 40
100 40
100 36
99 36
99 27
98 27
98 24
97 24
97 20
96 20
96 11
95 11
95 2
94 2
94 29
93 29
93 20
92 20
92 11
91 11
91 7
90 7
90 2
89 2
89 60
88 60
88 56
87 56
87 48
86 48
86 45
85 45
85 40
84 40
84 36
83 36
83 27
82 27
82 24
81 24
81 20
80 20
80 11
79 11
79 2
78 2
78 8
77 8
77 2
76 2
76 60
75 60
75 56
74 56
74 48
73 48
73 45
72 45
72 40
71 40
71 36
70 36
70 27
69 27
69 24
68 24
68 20
67 20
67 11
66 11
66 2
65 2
65 15
64 15
64 11
63 11
63 2
62 2
62 60
61 60
61 56
60 56
60 48
59 48
59 45
58 45
58 40
57 40
57 36
56 36
56 27
55 27
55 24
54 24
54 20
53 20
53 11
52 11
52 2
51 2
51 25
50 25
50 21
49 21
49 13
48 13
48 12
47 12
47 6
46 6
46 2
45 2
45 60
44 60
44 56
43 56
43 48
42 48
42 45
41 45
41 40
40 40
40 36
39 36
39 27
38 27
38 24
37 24
37 20
36 20
36 11
35 11
35 2
34 2
34 9
33 9
33 5
32 5
32 2
31 2
31 60
30 60
30 56
29 56
29 48
28 48
28 45
27 45
27 40
26 40
26 36
25 36
25 27
24 27
24 24
23 24
23 20
22 20
22 11
21 11
21 2
20 2
20 14
19 14
19 10
18 10
18 6
17 6
17 2
16 2
16 60
15 60
15 56
14 56
14 48
13 48
13 45
12 45
12 40
11 40
11 36
10 36
10 27
9 27
9 24
8 24
8 20
7 20
7 11
6 11
6 2
5 2
5 13
4 13
4 7
3 7
3 3
2 3
2 2
1 2
1 1
30
16 1
16 22
15 22
15 13
14 13
14 5
13 5
13 1
12 1
12 59
11 59
11 55
10 55
10 47
9 47
9 44
8 44
8 39
7 39
7 35
6 35
6 26
5 26
5 23
4 23
4 19
3 19
3 10
2 10
2 1
32
2 1
2 10
3 10
3 19
4 19
4 23
5 23
5 26
6 26
6 35
7 35
7 39
8 39
8 44
9 44
9 47
10 47
10 55
11 55
11 59
12 59
12 1
13 1
13 10
14 10
14 16
15 16
15 20
16 20
16 28
17 28
17 1
26
2 1
2 10
3 10
3 19
4 19
4 23
5 23
5 26
6 26
6 35
7 35
7 39
8 39
8 44
9 44
9 47
10 47
10 55
11 55
11 59
12 59
12 1
13 1
13 9
14 9
14 1
34
18 1
18 59
17 59
17 55
16 55
16 47
15 47
15 44
14 44
14 39
13 39
13 35
12 35
12 26
11 26
11 23
10 23
10 19
9 19
9 10
8 10
8 1
7 1
7 25
6 25
6 16
5 16
5 10
4 10
4 6
3 6
3 2
2 2
2 1
30
2 1
2 10
3 10
3 19
4 19
4 23
5 23
5 26
6 26
6 35
7 35
7 39
8 39
8 44
9 44
9 47
10 47
10 55
11 55
11 59
12 59
12 1
13 1
13 5
14 5
14 11
15 11
15 14
16 14
16 1
32
17 1
17 59
16 59
16 55
15 55
15 47
14 47
14 44
13 44
13 39
12 39
12 35
11 35
11 26
10 26
10 23
9 23
9 19
8 19
8 10
7 10
7 1
6 1
6 29
5 29
5 20
4 20
4 16
3 16
3 7
2 7
2 1
30
2 1
2 5
3 5
3 6
4 6
4 10
5 10
5 1
6 1
6 10
7 10
7 19
8 19
8 23
9 23
9 26
10 26
10 35
11 35
11 39
12 39
12 44
13 44
13 47
14 47
14 55
15 55
15 59
16 59
16 1
28
15 1
15 59
14 59
14 55
13 55
13 47
12 47
12 44
11 44
11 39
10 39
10 35
9 35
9 26
8 26
8 23
7 23
7 19
6 19
6 10
5 10
5 1
4 1
4 14
3 14
3 9
2 9
2 1
30
16 1
16 59
15 59
15 55
14 55
14 47
13 47
13 44
12 44
12 39
11 39
11 35
10 35
10 26
9 26
9 23
8 23
8 19
7 19
7 10
6 10
6 1
5 1
5 15
4 15
4 12
3 12
3 4
2 4
2 1
30
16 1
16 59
15 59
15 55
14 55
14 47
13 47
13 44
12 44
12 39
11 39
11 35
10 35
10 26
9 26
9 23
8 23
8 19
7 19
7 10
6 10
6 1
5 1
5 20
4 20
4 16
3 16
3 10
2 10
2 1
30
16 1
16 59
15 59
15 55
14 55
14 47
13 47
13 44
12 44
12 39
11 39
11 35
10 35
10 26
9 26
9 23
8 23
8 19
7 19
7 10
6 10
6 1
5 1
5 17
4 17
4 9
3 9
3 5
2 5
2 1
26
2 1
2 2
3 2
3 1
4 1
4 10
5 10
5 19
6 19
6 23
7 23
7 26
8 26
8 35
9 35
9 39
10 39
10 44
11 44
11 47
12 47
12 55
13 55
13 59
14 59
14 1
32
2 1
2 5
3 5
3 11
4 11
4 15
5 15
5 18
6 18
6 1
7 1
7 10
8 10
8 19
9 19
9 23
10 23
10 26
11 26
11 35
12 35
12 39
13 39
13 44
14 44
14 47
15 47
15 55
16 55
16 59
17 59
17 1
28
15 1
15 59
14 59
14 55
13 55
13 47
12 47
12 44
11 44
11 39
10 39
10 35
9 35
9 26
8 26
8 23
7 23
7 19
6 19
6 10
5 10
5 1
4 1
4 11
3 11
3 5
2 5
2 1
34
2 1
2 10
3 10
3 19
4 19
4 23
5 23
5 26
6 26
6 35
7 35
7 39
8 39
8 44
9 44
9 47
10 47
10 55
11 55
11 59
12 59
12 1
13 1
13 4
14 4
14 7
15 7
15 8
16 8
16 11
17 11
17 15
18 15
18 1
34
18 1
18 59
17 59
17 55
16 55
16 47
15 47
15 44
14 44
14 39
13 39
13 35
12 35
12 26
11 26
11 23
10 23
10 19
9 19
9 10
8 10
8 1
7 1
7 23
6 23
6 19
5 19
5 14
4 14
4 11
3 11
3 5
2 5
2 1
30
16 1
16 11
15 11
15 6
14 6
14 2
13 2
13 1
12 1
12 59
11 59
11 55
10 55
10 47
9 47
9 44
8 44
8 39
7 39
7 35
6 35
6 26
5 26
5 23
4 23
4 19
3 19
3 10
2 10
2 1
34
18 1
18 59
17 59
17 55
16 55
16 47
15 47
15 44
14 44
14 39
13 39
13 35
12 35
12 26
11 26
11 23
10 23
10 19
9 19
9 10
8 10
8 1
7 1
7 22
6 22
6 19
5 19
5 15
4 15
4 11
3 11
3 7
2 7
2 1
32
17 1
17 26
16 26
16 22
15 22
15 13
14 13
14 4
13 4
13 1
12 1
12 59
11 59
11 55
10 55
10 47
9 47
9 44
8 44
8 39
7 39
7 35
6 35
6 26
5 26
5 23
4 23
4 19
3 19
3 10
2 10
2 1
32
2 1
2 10
3 10
3 19
4 19
4 23
5 23
5 26
6 26
6 35
7 35
7 39
8 39
8 44
9 44
9 47
10 47
10 55
11 55
11 59
12 59
12 1
13 1
13 2
14 2
14 8
15 8
15 14
16 14
16 18
17 18
17 1
32
2 1
2 6
3 6
3 10
4 10
4 13
5 13
5 14
6 14
6 1
7 1
7 10
8 10
8 19
9 19
9 23
10 23
10 26
11 26
11 35
12 35
12 39
13 39
13 44
14 44
14 47
15 47
15 55
16 55
16 59
17 59
17 1
26
2 1
2 10
3 10
3 19
4 19
4 23
5 23
5 26
6 26
6 35
7 35
7 39
8 39
8 44
9 44
9 47
10 47
10 55
11 55
11 59
12 59
12 1
13 1
13 7
14 7
14 1
30
2 1
2 10
3 10
3 19
4 19
4 23
5 23
5 26
6 26
6 35
7 35
7 39
8 39
8 44
9 44
9 47
10 47
10 55
11 55
11 59
12 59
12 1
13 1
13 6
14 6
14 12
15 12
15 20
16 20
16 1
28
2 1
2 10
3 10
3 14
4 14
4 1
5 1
5 10
6 10
6 19
7 19
7 23
8 23
8 26
9 26
9 35
10 35
10 39
11 39
11 44
12 44
12 47
13 47
13 55
14 55
14 59
15 59
15 1
26
14 1
14 7
13 7
13 1
12 1
12 59
11 59
11 55
10 55
10 47
9 47
9 44
8 44
8 39
7 39
7 35
6 35
6 26
5 26
5 23
4 23
4 19
3 19
3 10
2 10
2 1
28
2 1
2 10
3 10
3 19
4 19
4 23
5 23
5 26
6 26
6 35
7 35
7 39
8 39
8 44
9 44
9 47
10 47
10 55
11 55
11 59
12 59
12 1
13 1
13 7
14 7
14 11
15 11
15 1
34
2 1
2 10
3 10
3 19
4 19
4 23
5 23
5 26
6 26
6 35
7 35
7 39
8 39
8 44
9 44
9 47
10 47
10 55
11 55
11 59
12 59
12 1
13 1
13 6
14 6
14 12
15 12
15 20
16 20
16 24
17 24
17 32
18 32
18 1
32
17 1
17 23
16 23
16 20
15 20
15 12
14 12
14 6
13 6
13 1
12 1
12 59
11 59
11 55
10 55
10 47
9 47
9 44
8 44
8 39
7 39
7 35
6 35
6 26
5 26
5 23
4 23
4 19
3 19
3 10
2 10
2 1
28
15 1
15 13
14 13
14 5
13 5
13 1
12 1
12 59
11 59
11 55
10 55
10 47
9 47
9 44
8 44
8 39
7 39
7 35
6 35
6 26
5 26
5 23
4 23
4 19
3 19
3 10
2 10
2 1
26
2 1
2 7
3 7
3 1
4 1
4 10
5 10
5 19
6 19
6 23
7 23
7 26
8 26
8 35
9 35
9 39
10 39
10 44
11 44
11 47
12 47
12 55
13 55
13 59
14 59
14 1
26
14 1
14 59
13 59
13 55
12 55
12 47
11 47
11 44
10 44
10 39
9 39
9 35
8 35
8 26
7 26
7 23
6 23
6 19
5 19
5 10
4 10
4 1
3 1
3 10
2 10
2 1
26
14 1
14 2
13 2
13 1
12 1
12 59
11 59
11 55
10 55
10 47
9 47
9 44
8 44
8 39
7 39
7 35
6 35
6 26
5 26
5 23
4 23
4 19
3 19
3 10
2 10
2 1
28
2 1
2 5
3 5
3 14
4 14
4 1
5 1
5 10
6 10
6 19
7 19
7 23
8 23
8 26
9 26
9 35
10 35
10 39
11 39
11 44
12 44
12 47
13 47
13 55
14 55
14 59
15 59
15 1
34
18 1
18 59
17 59
17 55
16 55
16 47
15 47
15 44
14 44
14 39
13 39
13 35
12 35
12 26
11 26
11 23
10 23
10 19
9 19
9 10
8 10
8 1
7 1
7 20
6 20
6 16
5 16
5 13
4 13
4 5
3 5
3 4
2 4
2 1
28
15 1
15 11
14 11
14 7
13 7
13 1
12 1
12 59
11 59
11 55
10 55
10 47
9 47
9 44
8 44
8 39
7 39
7 35
6 35
6 26
5 26
5 23
4 23
4 19
3 19
3 10
2 10
2 1
26
14 1
14 59
13 59
13 55
12 55
12 47
11 47
11 44
10 44
10 39
9 39
9 35
8 35
8 26
7 26
7 23
6 23
6 19
5 19
5 10
4 10
4 1
3 1
3 6
2 6
2 1
28
2 1
2 10
3 10
3 19
4 19
4 23
5 23
5 26
6 26
6 35
7 35
7 39
8 39
8 44
9 44
9 47
10 47
10 55
11 55
11 59
12 59
12 1
13 1
13 9
14 9
14 13
15 13
15 1
30
16 1
16 59
15 59
15 55
14 55
14 47
13 47
13 44
12 44
12 39
11 39
11 35
10 35
10 26
9 26
9 23
8 23
8 19
7 19
7 10
6 10
6 1
5 1
5 15
4 15
4 11
3 11
3 7
2 7
2 1
28
15 1
15 59
14 59
14 55
13 55
13 47
12 47
12 44
11 44
11 39
10 39
10 35
9 35
9 26
8 26
8 23
7 23
7 19
6 19
6 10
5 10
5 1
4 1
4 15
3 15
3 7
2 7
2 1
28
15 1
15 59
14 59
14 55
13 55
13 47
12 47
12 44
11 44
11 39
10 39
10 35
9 35
9 26
8 26
8 23
7 23
7 19
6 19
6 10
5 10
5 1
4 1
4 15
3 15
3 7
2 7
2 1
26
14 1
14 9
13 9
13 1
12 1
12 59
11 59
11 55
10 55
10 47
9 47
9 44
8 44
8 39
7 39
7 35
6 35
6 26
5 26
5 23
4 23
4 19
3 19
3 10
2 10
2 1
28
2 1
2 10
3 10
3 15
4 15
4 1
5 1
5 10
6 10
6 19
7 19
7 23
8 23
8 26
9 26
9 35
10 35
10 39
11 39
11 44
12 44
12 47
13 47
13 55
14 55
14 59
15 59
15 1
34
2 1
2 10
3 10
3 19
4 19
4 23
5 23
5 26
6 26
6 35
7 35
7 39
8 39
8 44
9 44
9 47
10 47
10 55
11 55
11 59
12 59
12 1
13 1
13 6
14 6
14 11
15 11
15 12
16 12
16 16
17 16
17 17
18 17
18 1
32
2 1
2 7
3 7
3 15
4 15
4 19
5 19
5 28
6 28
6 1
7 1
7 10
8 10
8 19
9 19
9 23
10 23
10 26
11 26
11 35
12 35
12 39
13 39
13 44
14 44
14 47
15 47
15 55
16 55
16 59
17 59
17 1
32
17 1
17 59
16 59
16 55
15 55
15 47
14 47
14 44
13 44
13 39
12 39
12 35
11 35
11 26
10 26
10 23
9 23
9 19
8 19
8 10
7 10
7 1
6 1
6 15
5 15
5 11
4 11
4 8
3 8
3 7
2 7
2 1
34
2 1
2 10
3 10
3 19
4 19
4 23
5 23
5 26
6 26
6 35
7 35
7 39
8 39
8 44
9 44
9 47
10 47
10 55
11 55
11 59
12 59
12 1
13 1
13 5
14 5
14 9
15 9
15 12
16 12
16 18
17 18
17 24
18 24
18 1
34
2 1
2 6
3 6
3 11
4 11
4 20
5 20
5 29
6 29
6 32
7 32
7 1
8 1
8 10
9 10
9 19
10 19
10 23
11 23
11 26
12 26
12 35
13 35
13 39
14 39
14 44
15 44
15 47
16 47
16 55
17 55
17 59
18 59
18 1
34
18 1
18 34
17 34
17 28
16 28
16 20
15 20
15 12
14 12
14 6
13 6
13 1
12 1
12 59
11 59
11 55
10 55
10 47
9 47
9 44
8 44
8 39
7 39
7 35
6 35
6 26
5 26
5 23
4 23
4 19
3 19
3 10
2 10
2 1
32
2 1
2 2
3 2
3 5
4 5
4 9
5 9
5 12
6 12
6 1
7 1
7 10
8 10
8 19
9 19
9 23
10 23
10 26
11 26
11 35
12 35
12 39
13 39
13 44
14 44
14 47
15 47
15 55
16 55
16 59
17 59
17 1
34
2 1
2 7
3 7
3 13
4 13
4 14
5 14
5 17
6 17
6 23
7 23
7 1
8 1
8 10
9 10
9 19
10 19
10 23
11 23
11 26
12 26
12 35
13 35
13 39
14 39
14 44
15 44
15 47
16 47
16 55
17 55
17 59
18 59
18 1
32
17 1
17 59
16 59
16 55
15 55
15 47
14 47
14 44
13 44
13 39
12 39
12 35
11 35
11 26
10 26
10 23
9 23
9 19
8 19
8 10
7 10
7 1
6 1
6 19
5 19
5 18
4 18
4 9
3 9
3 5
2 5
2 1
28
2 1
2 10
3 10
3 19
4 19
4 23
5 23
5 26
6 26
6 35
7 35
7 39
8 39
8 44
9 44
9 47
10 47
10 55
11 55
11 59
12 59
12 1
13 1
13 7
14 7
14 13
15 13
15 1
34
18 1
18 59
17 59
17 55
16 55
16 47
15 47
15 44
14 44
14 39
13 39
13 35
12 35
12 26
11 26
11 23
10 23
10 19
9 19
9 10
8 10
8 1
7 1
7 26
6 26
6 22
5 22
5 18
4 18
4 10
3 10
3 6
2 6
2 1
32
2 1
2 10
3 10
3 19
4 19
4 23
5 23
5 26
6 26
6 35
7 35
7 39
8 39
8 44
9 44
9 47
10 47
10 55
11 55
11 59
12 59
12 1
13 1
13 6
14 6
14 9
15 9
15 13
16 13
16 19
17 19
17 1
34
18 1
18 59
17 59
17 55
16 55
16 47
15 47
15 44
14 44
14 39
13 39
13 35
12 35
12 26
11 26
11 23
10 23
10 19
9 19
9 10
8 10
8 1
7 1
7 19
6 19
6 18
5 18
5 14
4 14
4 6
3 6
3 2
2 2
2 1
34
2 1
2 10
3 10
3 19
4 19
4 23
5 23
5 26
6 26
6 35
7 35
7 39
8 39
8 44
9 44
9 47
10 47
10 55
11 55
11 59
12 59
12 1
13 1
13 5
14 5
14 8
15 8
15 13
16 13
16 17
17 17
17 18
18 18
18 1
30
2 1
2 10
3 10
3 19
4 19
4 23
5 23
5 26
6 26
6 35
7 35
7 39
8 39
8 44
9 44
9 47
10 47
10 55
11 55
11 59
12 59
12 1
13 1
13 6
14 6
14 15
15 15
15 19
16 19
16 1
30
2 1
2 5
3 5
3 9
4 9
4 13
5 13
5 1
6 1
6 10
7 10
7 19
8 19
8 23
9 23
9 26
10 26
10 35
11 35
11 39
12 39
12 44
13 44
13 47
14 47
14 55
15 55
15 59
16 59
16 1
32
2 1
2 4
3 4
3 8
4 8
4 9
5 9
5 13
6 13
6 1
7 1
7 10
8 10
8 19
9 19
9 23
10 23
10 26
11 26
11 35
12 35
12 39
13 39
13 44
14 44
14 47
15 47
15 55
16 55
16 59
17 59
17 1
34
18 1
18 59
17 59
17 55
16 55
16 47
15 47
15 44
14 44
14 39
13 39
13 35
12 35
12 26
11 26
11 23
10 23
10 19
9 19
9 10
8 10
8 1
7 1
7 31
6 31
6 27
5 27
5 23
4 23
4 14
3 14
3 10
2 10
2 1
34
2 1
2 5
3 5
3 6
4 6
4 12
5 12
5 18
6 18
6 24
7 24
7 1
8 1
8 10
9 10
9 19
10 19
10 23
11 23
11 26
12 26
12 35
13 35
13 39
14 39
14 44
15 44
15 47
16 47
16 55
17 55
17 59
18 59
18 1
32
2 1
2 7
3 7
3 16
4 16
4 20
5 20
5 28
6 28
6 1
7 1
7 10
8 10
8 19
9 19
9 23
10 23
10 26
11 26
11 35
12 35
12 39
13 39
13 44
14 44
14 47
15 47
15 55
16 55
16 59
17 59
17 1
26
14 1
14 7
13 7
13 1
12 1
12 59
11 59
11 55
10 55
10 47
9 47
9 44
8 44
8 39
7 39
7 35
6 35
6 26
5 26
5 23
4 23
4 19
3 19
3 10
2 10
2 1
28
15 1
15 59
14 59
14 55
13 55
13 47
12 47
12 44
11 44
11 39
10 39
10 35
9 35
9 26
8 26
8 23
7 23
7 19
6 19
6 10
5 10
5 1
4 1
4 9
3 9
3 5
2 5
2 1
32
2 1
2 4
3 4
3 10
4 10
4 14
5 14
5 22
6 22
6 1
7 1
7 10
8 10
8 19
9 19
9 23
10 23
10 26
11 26
11 35
12 35
12 39
13 39
13 44
14 44
14 47
15 47
15 55
16 55
16 59
17 59
17 1
32
17 1
17 18
16 18
16 15
15 15
15 11
14 11
14 5
13 5
13 1
12 1
12 59
11 59
11 55
10 55
10 47
9 47
9 44
8 44
8 39
7 39
7 35
6 35
6 26
5 26
5 23
4 23
4 19
3 19
3 10
2 10
2 1
34
2 1
2 7
3 7
3 15
4 15
4 20
5 20
5 24
6 24
6 28
7 28
7 1
8 1
8 10
9 10
9 19
10 19
10 23
11 23
11 26
12 26
12 35
13 35
13 39
14 39
14 44
15 44
15 47
16 47
16 55
17 55
17 59
18 59
18 1
32
17 1
17 18
16 18
16 14
15 14
15 9
14 9
14 4
13 4
13 1
12 1
12 59
11 59
11 55
10 55
10 47
9 47
9 44
8 44
8 39
7 39
7 35
6 35
6 26
5 26
5 23
4 23
4 19
3 19
3 10
2 10
2 1
30
2 1
2 10
3 10
3 19
4 19
4 23
5 23
5 26
6 26
6 35
7 35
7 39
8 39
8 44
9 44
9 47
10 47
10 55
11 55
11 59
12 59
12 1
13 1
13 7
14 7
14 10
15 10
15 14
16 14
16 1
20
2995 40
2996 40
2996 45
2997 45
2997 48
2998 48
2998 56
2999 56
2999 60
3000 60
3000 2
3001 2
3001 1
1 1
1 2
2 2
2 3
3 3
3 7
4 7
32
17 1
17 59
16 59
16 55
15 55
15 47
14 47
14 44
13 44
13 39
12 39
12 35
11 35
11 26
10 26
10 23
9 23
9 19
8 19
8 10
7 10
7 1
6 1
6 33
5 33
5 25
4 25
4 17
3 17
3 9
2 9
2 1
32
17 1
17 28
16 28
16 19
15 19
15 10
14 10
14 6
13 6
13 1
12 1
12 59
11 59
11 55
10 55
10 47
9 47
9 44
8 44
8 39
7 39
7 35
6 35
6 26
5 26
5 23
4 23
4 19
3 19
3 10
2 10
2 1
26
14 1
14 59
13 59
13 55
12 55
12 47
11 47
11 44
10 44
10 39
9 39
9 35
8 35
8 26
7 26
7 23
6 23
6 19
5 19
5 10
4 10
4 1
3 1
3 7
2 7
2 1
28
2 1
2 4
3 4
3 13
4 13
4 1
5 1
5 10
6 10
6 19
7 19
7 23
8 23
8 26
9 26
9 35
10 35
10 39
11 39
11 44
12 44
12 47
13 47
13 55
14 55
14 59
15 59
15 1
26
2 1
2 2
3 2
3 1
4 1
4 10
5 10
5 19
6 19
6 23
7 23
7 26
8 26
8 35
9 35
9 39
10 39
10 44
11 44
11 47
12 47
12 55
13 55
13 59
14 59
14 1
28
15 1
15 59
14 59
14 55
13 55
13 47
12 47
12 44
11 44
11 39
10 39
10 35
9 35
9 26
8 26
8 23
7 23
7 19
6 19
6 10
5 10
5 1
4 1
4 6
3 6
3 5
2 5
2 1
32
2 1
2 10
3 10
3 18
4 18
4 23
5 23
5 29
6 29
6 1
7 1
7 10
8 10
8 19
9 19
9 23
10 23
10 26
11 26
11 35
12 35
12 39
13 39
13 44
14 44
14 47
15 47
15 55
16 55
16 59
17 59
17 1
34
2 1
2 4
3 4
3 8
4 8
4 14
5 14
5 18
6 18
6 22
7 22
7 1
8 1
8 10
9 10
9 19
10 19
10 23
11 23
11 26
12 26
12 35
13 35
13 39
14 39
14 44
15 44
15 47
16 47
16 55
17 55
17 59
18 59
18 1
30
2 1
2 10
3 10
3 19
4 19
4 23
5 23
5 26
6 26
6 35
7 35
7 39
8 39
8 44
9 44
9 47
10 47
10 55
11 55
11 59
12 59
12 1
13 1
13 7
14 7
14 16
15 16
15 22
16 22
16 1
32
17 1
17 20
16 20
16 16
15 16
15 7
14 7
14 6
13 6
13 1
12 1
12 59
11 59
11 55
10 55
10 47
9 47
9 44
8 44
8 39
7 39
7 35
6 35
6 26
5 26
5 23
4 23
4 19
3 19
3 10
2 10
2 1
28
15 1
15 10
14 10
14 6
13 6
13 1
12 1
12 59
11 59
11 55
10 55
10 47
9 47
9 44
8 44
8 39
7 39
7 35
6 35
6 26
5 26
5 23
4 23
4 19
3 19
3 10
2 10
2 1
32
17 1
17 25
16 25
16 17
15 17
15 9
14 9
14 5
13 5
13 1
12 1
12 59
11 59
11 55
10 55
10 47
9 47
9 44
8 44
8 39
7 39
7 35
6 35
6 26
5 26
5 23
4 23
4 19
3 19
3 10
2 10
2 1
26
14 1
14 6
13 6
13 1
12 1
12 59
11 59
11 55
10 55
10 47
9 47
9 44
8 44
8 39
7 39
7 35
6 35
6 26
5 26
5 23
4 23
4 19
3 19
3 10
2 10
2 1
32
17 1
17 59
16 59
16 55
15 55
15 47
14 47
14 44
13 44
13 39
12 39
12 35
11 35
11 26
10 26
10 23
9 23
9 19
8 19
8 10
7 10
7 1
6 1
6 17
5 17
5 12
4 12
4 8
3 8
3 4
2 4
2 1
26
14 1
14 6
13 6
13 1
12 1
12 59
11 59
11 55
10 55
10 47
9 47
9 44
8 44
8 39
7 39
7 35
6 35
6 26
5 26
5 23
4 23
4 19
3 19
3 10
2 10
2 1
30
2 1
2 5
3 5
3 9
4 9
4 13
5 13
5 1
6 1
6 10
7 10
7 19
8 19
8 23
9 23
9 26
10 26
10 35
11 35
11 39
12 39
12 44
13 44
13 47
14 47
14 55
15 55
15 59
16 59
16 1
26
2 1
2 10
3 10
3 19
4 19
4 23
5 23
5 26
6 26
6 35
7 35
7 39
8 39
8 44
9 44
9 47
10 47
10 55
11 55
11 59
12 59
12 1
13 1
13 7
14 7
14 1
30
16 1
16 59
15 59
15 55
14 55
14 47
13 47
13 44
12 44
12 39
11 39
11 35
10 35
10 26
9 26
9 23
8 23
8 19
7 19
7 10
6 10
6 1
5 1
5 18
4 18
4 14
3 14
3 5
2 5
2 1
32
2 1
2 5
3 5
3 9
4 9
4 13
5 13
5 17
6 17
6 1
7 1
7 10
8 10
8 19
9 19
9 23
10 23
10 26
11 26
11 35
12 35
12 39
13 39
13 44
14 44
14 47
15 47
15 55
16 55
16 59
17 59
17 1
34
18 1
18 59
17 59
17 55
16 55
16 47
15 47
15 44
14 44
14 39
13 39
13 35
12 35
12 26
11 26
11 23
10 23
10 19
9 19
9 10
8 10
8 1
7 1
7 24
6 24
6 20
5 20
5 12
4 12
4 11
3 11
3 5
2 5
2 1
28
15 1
15 59
14 59
14 55
13 55
13 47
12 47
12 44
11 44
11 39
10 39
10 35
9 35
9 26
8 26
8 23
7 23
7 19
6 19
6 10
5 10
5 1
4 1
4 14
3 14
3 10
2 10
2 1
32
17 1
17 23
16 23
16 17
15 17
15 13
14 13
14 9
13 9
13 1
12 1
12 59
11 59
11 55
10 55
10 47
9 47
9 44
8 44
8 39
7 39
7 35
6 35
6 26
5 26
5 23
4 23
4 19
3 19
3 10
2 10
2 1
26
14 1
14 7
13 7
13 1
12 1
12 59
11 59
11 55
10 55
10 47
9 47
9 44
8 44
8 39
7 39
7 35
6 35
6 26
5 26
5 23
4 23
4 19
3 19
3 10
2 10
2 1
32
2 1
2 9
3 9
3 17
4 17
4 21
5 21
5 26
6 26
6 1
7 1
7 10
8 10
8 19
9 19
9 23
10 23
10 26
11 26
11 35
12 35
12 39
13 39
13 44
14 44
14 47
15 47
15 55
16 55
16 59
17 59
17 1
26
14 1
14 7
13 7
13 1
12 1
12 59
11 59
11 55
10 55
10 47
9 47
9 44
8 44
8 39
7 39
7 35
6 35
6 26
5 26
5 23
4 23
4 19
3 19
3 10
2 10
2 1
28
2 1
2 2
3 2
3 5
4 5
4 1
5 1
5 10
6 10
6 19
7 19
7 23
8 23
8 26
9 26
9 35
10 35
10 39
11 39
11 44
12 44
12 47
13 47
13 55
14 55
14 59
15 59
15 1
34
18 1
18 34
17 34
17 28
16 28
16 24
15 24
15 19
14 19
14 10
13 10
13 1
12 1
12 59
11 59
11 55
10 55
10 47
9 47
9 44
8 44
8 39
7 39
7 35
6 35
6 26
5 26
5 23
4 23
4 19
3 19
3 10
2 10
2 1
28
2 1
2 7
3 7
3 15
4 15
4 1
5 1
5 10
6 10
6 19
7 19
7 23
8 23
8 26
9 26
9 35
10 35
10 39
11 39
11 44
12 44
12 47
13 47
13 55
14 55
14 59
15 59
15 1
26
2 1
2 10
3 10
3 19
4 19
4 23
5 23
5 26
6 26
6 35
7 35
7 39
8 39
8 44
9 44
9 47
10 47
10 55
11 55
11 59
12 59
12 1
13 1
13 7
14 7
14 1
30
16 1
16 15
15 15
15 11
14 11
14 7
13 7
13 1
12 1
12 59
11 59
11 55
10 55
10 47
9 47
9 44
8 44
8 39
7 39
7 35
6 35
6 26
5 26
5 23
4 23
4 19
3 19
3 10
2 10
2 1
30
16 1
16 15
15 15
15 11
14 11
14 5
13 5
13 1
12 1
12 59
11 59
11 55
10 55
10 47
9 47
9 44
8 44
8 39
7 39
7 35
6 35
6 26
5 26
5 23
4 23
4 19
3 19
3 10
2 10
2 1
28
15 1
15 8
14 8
14 4
13 4
13 1
12 1
12 59
11 59
11 55
10 55
10 47
9 47
9 44
8 44
8 39
7 39
7 35
6 35
6 26
5 26
5 23
4 23
4 19
3 19
3 10
2 10
2 1
28
2 1
2 5
3 5
3 13
4 13
4 1
5 1
5 10
6 10
6 19
7 19
7 23
8 23
8 26
9 26
9 35
10 35
10 39
11 39
11 44
12 44
12 47
13 47
13 55
14 55
14 59
15 59
15 1
26
2 1
2 10
3 10
3 19
4 19
4 23
5 23
5 26
6 26
6 35
7 35
7 39
8 39
8 44
9 44
9 47
10 47
10 55
11 55
11 59
12 59
12 1
13 1
13 7
14 7
14 1
32
17 1
17 19
16 19
16 13
15 13
15 9
14 9
14 5
13 5
13 1
12 1
12 59
11 59
11 55
10 55
10 47
9 47
9 44
8 44
8 39
7 39
7 35
6 35
6 26
5 26
5 23
4 23
4 19
3 19
3 10
2 10
2 1
30
16 1
16 59
15 59
15 55
14 55
14 47
13 47
13 44
12 44
12 39
11 39
11 35
10 35
10 26
9 26
9 23
8 23
8 19
7 19
7 10
6 10
6 1
5 1
5 20
4 20
4 11
3 11
3 7
2 7
2 1
34
2 1
2 7
3 7
3 13
4 13
4 19
5 19
5 25
6 25
6 29
7 29
7 1
8 1
8 10
9 10
9 19
10 19
10 23
11 23
11 26
12 26
12 35
13 35
13 39
14 39
14 44
15 44
15 47
16 47
16 55
17 55
17 59
18 59
18 1
26
14 1
14 4
13 4
13 1
12 1
12 59
11 59
11 55
10 55
10 47
9 47
9 44
8 44
8 39
7 39
7 35
6 35
6 26
5 26
5 23
4 23
4 19
3 19
3 10
2 10
2 1
26
2 1
2 10
3 10
3 19
4 19
4 23
5 23
5 26
6 26
6 35
7 35
7 39
8 39
8 44
9 44
9 47
10 47
10 55
11 55
11 59
12 59
12 1
13 1
13 5
14 5
14 1
26
2 1
2 10
3 10
3 19
4 19
4 23
5 23
5 26
6 26
6 35
7 35
7 39
8 39
8 44
9 44
9 47
10 47
10 55
11 55
11 59
12 59
12 1
13 1
13 4
14 4
14 1
34
2 1
2 5
3 5
3 11
4 11
4 15
5 15
5 21
6 21
6 26
7 26
7 1
8 1
8 10
9 10
9 19
10 19
10 23
11 23
11 26
12 26
12 35
13 35
13 39
14 39
14 44
15 44
15 47
16 47
16 55
17 55
17 59
18 59
18 1
32
17 1
17 24
16 24
16 20
15 20
15 15
14 15
14 6
13 6
13 1
12 1
12 59
11 59
11 55
10 55
10 47
9 47
9 44
8 44
8 39
7 39
7 35
6 35
6 26
5 26
5 23
4 23
4 19
3 19
3 10
2 10
2 1
30
16 1
16 59
15 59
15 55
14 55
14 47
13 47
13 44
12 44
12 39
11 39
11 35
10 35
10 26
9 26
9 23
8 23
8 19
7 19
7 10
6 10
6 1
5 1
5 26
4 26
4 18
3 18
3 9
2 9
2 1
28
2 1
2 10
3 10
3 19
4 19
4 23
5 23
5 26
6 26
6 35
7 35
7 39
8 39
8 44
9 44
9 47
10 47
10 55
11 55
11 59
12 59
12 1
13 1
13 2
14 2
14 7
15 7
15 1
34
18 1
18 21
17 21
17 18
16 18
16 17
15 17
15 11
14 11
14 5
13 5
13 1
12 1
12 59
11 59
11 55
10 55
10 47
9 47
9 44
8 44
8 39
7 39
7 35
6 35
6 26
5 26
5 23
4 23
4 19
3 19
3 10
2 10
2 1
32
2 1
2 2
3 2
3 6
4 6
4 10
5 10
5 15
6 15
6 1
7 1
7 10
8 10
8 19
9 19
9 23
10 23
10 26
11 26
11 35
12 35
12 39
13 39
13 44
14 44
14 47
15 47
15 55
16 55
16 59
17 59
17 1
28
15 1
15 10
14 10
14 6
13 6
13 1
12 1
12 59
11 59
11 55
10 55
10 47
9 47
9 44
8 44
8 39
7 39
7 35
6 35
6 26
5 26
5 23
4 23
4 19
3 19
3 10
2 10
2 1
26
14 1
14 59
13 59
13 55
12 55
12 47
11 47
11 44
10 44
10 39
9 39
9 35
8 35
8 26
7 26
7 23
6 23
6 19
5 19
5 10
4 10
4 1
3 1
3 6
2 6
2 1
34
2 1
2 10
3 10
3 19
4 19
4 23
5 23
5 26
6 26
6 35
7 35
7 39
8 39
8 44
9 44
9 47
10 47
10 55
11 55
11 59
12 59
12 1
13 1
13 10
14 10
14 19
15 19
15 20
16 20
16 26
17 26
17 35
18 35
18 1
32
17 1
17 22
16 22
16 18
15 18
15 10
14 10
14 7
13 7
13 1
12 1
12 59
11 59
11 55
10 55
10 47
9 47
9 44
8 44
8 39
7 39
7 35
6 35
6 26
5 26
5 23
4 23
4 19
3 19
3 10
2 10
2 1
26
2 1
2 5
3 5
3 1
4 1
4 10
5 10
5 19
6 19
6 23
7 23
7 26
8 26
8 35
9 35
9 39
10 39
10 44
11 44
11 47
12 47
12 55
13 55
13 59
14 59
14 1
32
17 1
17 18
16 18
16 14
15 14
15 8
14 8
14 5
13 5
13 1
12 1
12 59
11 59
11 55
10 55
10 47
9 47
9 44
8 44
8 39
7 39
7 35
6 35
6 26
5 26
5 23
4 23
4 19
3 19
3 10
2 10
2 1
28
2 1
2 9
3 9
3 10
4 10
4 1
5 1
5 10
6 10
6 19
7 19
7 23
8 23
8 26
9 26
9 35
10 35
10 39
11 39
11 44
12 44
12 47
13 47
13 55
14 55
14 59
15 59
15 1
28
15 1
15 8
14 8
14 2
13 2
13 1
12 1
12 59
11 59
11 55
10 55
10 47
9 47
9 44
8 44
8 39
7 39
7 35
6 35
6 26
5 26
5 23
4 23
4 19
3 19
3 10
2 10
2 1
32
17 1
17 21
16 21
16 15
15 15
15 10
14 10
14 6
13 6
13 1
12 1
12 59
11 59
11 55
10 55
10 47
9 47
9 44
8 44
8 39
7 39
7 35
6 35
6 26
5 26
5 23
4 23
4 19
3 19
3 10
2 10
2 1
28
2 1
2 7
3 7
3 11
4 11
4 1
5 1
5 10
6 10
6 19
7 19
7 23
8 23
8 26
9 26
9 35
10 35
10 39
11 39
11 44
12 44
12 47
13 47
13 55
14 55
14 59
15 59
15 1
26
2 1
2 10
3 10
3 1
4 1
4 10
5 10
5 19
6 19
6 23
7 23
7 26
8 26
8 35
9 35
9 39
10 39
10 44
11 44
11 47
12 47
12 55
13 55
13 59
14 59
14 1
32
2 1
2 10
3 10
3 19
4 19
4 23
5 23
5 26
6 26
6 35
7 35
7 39
8 39
8 44
9 44
9 47
10 47
10 55
11 55
11 59
12 59
12 1
13 1
13 9
14 9
14 12
15 12
15 17
16 17
16 20
17 20
17 1
26
2 1
2 7
3 7
3 1
4 1
4 10
5 10
5 19
6 19
6 23
7 23
7 26
8 26
8 35
9 35
9 39
10 39
10 44
11 44
11 47
12 47
12 55
13 55
13 59
14 59
14 1
26
2 1
2 10
3 10
3 19
4 19
4 23
5 23
5 26
6 26
6 35
7 35
7 39
8 39
8 44
9 44
9 47
10 47
10 55
11 55
11 59
12 59
12 1
13 1
13 4
14 4
14 1
28
2 1
2 10
3 10
3 19
4 19
4 23
5 23
5 26
6 26
6 35
7 35
7 39
8 39
8 44
9 44
9 47
10 47
10 55
11 55
11 59
12 59
12 1
13 1
13 5
14 5
14 11
15 11
15 1
26
2 1
2 4
3 4
3 1
4 1
4 10
5 10
5 19
6 19
6 23
7 23
7 26
8 26
8 35
9 35
9 39
10 39
10 44
11 44
11 47
12 47
12 55
13 55
13 59
14 59
14 1
34
18 1
18 33
17 33
17 28
16 28
16 23
15 23
15 14
14 14
14 6
13 6
13 1
12 1
12 59
11 59
11 55
10 55
10 47
9 47
9 44
8 44
8 39
7 39
7 35
6 35
6 26
5 26
5 23
4 23
4 19
3 19
3 10
2 10
2 1
30
16 1
16 59
15 59
15 55
14 55
14 47
13 47
13 44
12 44
12 39
11 39
11 35
10 35
10 26
9 26
9 23
8 23
8 19
7 19
7 10
6 10
6 1
5 1
5 17
4 17
4 9
3 9
3 5
2 5
2 1
34
2 1
2 5
3 5
3 6
4 6
4 14
5 14
5 19
6 19
6 28
7 28
7 1
8 1
8 10
9 10
9 19
10 19
10 23
11 23
11 26
12 26
12 35
13 35
13 39
14 39
14 44
15 44
15 47
16 47
16 55
17 55
17 59
18 59
18 1
30
2 1
2 2
3 2
3 8
4 8
4 9
5 9
5 1
6 1
6 10
7 10
7 19
8 19
8 23
9 23
9 26
10 26
10 35
11 35
11 39
12 39
12 44
13 44
13 47
14 47
14 55
15 55
15 59
16 59
16 1
2
2 1
1 1
34
2 1
2 10
3 10
3 16
4 16
4 20
5 20
5 25
6 25
6 30
7 30
7 1
8 1
8 10
9 10
9 19
10 19
10 23
11 23
11 26
12 26
12 35
13 35
13 39
14 39
14 44
15 44
15 47
16 47
16 55
17 55
17 59
18 59
18 1
28
2 1
2 10
3 10
3 19
4 19
4 23
5 23
5 26
6 26
6 35
7 35
7 39
8 39
8 44
9 44
9 47
10 47
10 55
11 55
11 59
12 59
12 1
13 1
13 5
14 5
14 10
15 10
15 1
32
17 1
17 22
16 22
16 19
15 19
15 13
14 13
14 7
13 7
13 1
12 1
12 59
11 59
11 55
10 55
10 47
9 47
9 44
8 44
8 39
7 39
7 35
6 35
6 26
5 26
5 23
4 23
4 19
3 19
3 10
2 10
2 1
26
14 1
14 7
13 7
13 1
12 1
12 59
11 59
11 55
10 55
10 47
9 47
9 44
8 44
8 39
7 39
7 35
6 35
6 26
5 26
5 23
4 23
4 19
3 19
3 10
2 10
2 1
26
2 1
2 10
3 10
3 19
4 19
4 23
5 23
5 26
6 26
6 35
7 35
7 39
8 39
8 44
9 44
9 47
10 47
10 55
11 55
11 59
12 59
12 1
13 1
13 7
14 7
14 1
34
2 1
2 6
3 6
3 12
4 12
4 16
5 16
5 20
6 20
6 28
7 28
7 1
8 1
8 10
9 10
9 19
10 19
10 23
11 23
11 26
12 26
12 35
13 35
13 39
14 39
14 44
15 44
15 47
16 47
16 55
17 55
17 59
18 59
18 1
30
16 1
16 15
15 15
15 11
14 11
14 10
13 10
13 1
12 1
12 59
11 59
11 55
10 55
10 47
9 47
9 44
8 44
8 39
7 39
7 35
6 35
6 26
5 26
5 23
4 23
4 19
3 19
3 10
2 10
2 1
34
18 1
18 17
17 17
17 16
16 16
16 8
15 8
15 5
14 5
14 2
13 2
13 1
12 1
12 59
11 59
11 55
10 55
10 47
9 47
9 44
8 44
8 39
7 39
7 35
6 35
6 26
5 26
5 23
4 23
4 19
3 19
3 10
2 10
2 1
30
2 1
2 7
3 7
3 10
4 10
4 11
5 11
5 1
6 1
6 10
7 10
7 19
8 19
8 23
9 23
9 26
10 26
10 35
11 35
11 39
12 39
12 44
13 44
13 47
14 47
14 55
15 55
15 59
16 59
16 1
32
17 1
17 59
16 59
16 55
15 55
15 47
14 47
14 44
13 44
13 39
12 39
12 35
11 35
11 26
10 26
10 23
9 23
9 19
8 19
8 10
7 10
7 1
6 1
6 24
5 24
5 21
4 21
4 15
3 15
3 6
2 6
2 1
32
17 1
17 59
16 59
16 55
15 55
15 47
14 47
14 44
13 44
13 39
12 39
12 35
11 35
11 26
10 26
10 23
9 23
9 19
8 19
8 10
7 10
7 1
6 1
6 26
5 26
5 21
4 21
4 12
3 12
3 4
2 4
2 1
32
17 1
17 26
16 26
16 22
15 22
15 18
14 18
14 10
13 10
13 1
12 1
12 59
11 59
11 55
10 55
10 47
9 47
9 44
8 44
8 39
7 39
7 35
6 35
6 26
5 26
5 23
4 23
4 19
3 19
3 10
2 10
2 1
26
2 1
2 2
3 2
3 1
4 1
4 10
5 10
5 19
6 19
6 23
7 23
7 26
8 26
8 35
9 35
9 39
10 39
10 44
11 44
11 47
12 47
12 55
13 55
13 59
14 59
14 1
32
17 1
17 29
16 29
16 20
15 20
15 14
14 14
14 5
13 5
13 1
12 1
12 59
11 59
11 55
10 55
10 47
9 47
9 44
8 44
8 39
7 39
7 35
6 35
6 26
5 26
5 23
4 23
4 19
3 19
3 10
2 10
2 1
26
2 1
2 7
3 7
3 1
4 1
4 10
5 10
5 19
6 19
6 23
7 23
7 26
8 26
8 35
9 35
9 39
10 39
10 44
11 44
11 47
12 47
12 55
13 55
13 59
14 59
14 1
28
2 1
2 10
3 10
3 19
4 19
4 23
5 23
5 26
6 26
6 35
7 35
7 39
8 39
8 44
9 44
9 47
10 47
10 55
11 55
11 59
12 59
12 1
13 1
13 5
14 5
14 14
15 14
15 1
26
2 1
2 10
3 10
3 1
4 1
4 10
5 10
5 19
6 19
6 23
7 23
7 26
8 26
8 35
9 35
9 39
10 39
10 44
11 44
11 47
12 47
12 55
13 55
13 59
14 59
14 1
32
2 1
2 9
3 9
3 12
4 12
4 21
5 21
5 25
6 25
6 1
7 1
7 10
8 10
8 19
9 19
9 23
10 23
10 26
11 26
11 35
12 35
12 39
13 39
13 44
14 44
14 47
15 47
15 55
16 55
16 59
17 59
17 1
28
2 1
2 10
3 10
3 19
4 19
4 23
5 23
5 26
6 26
6 35
7 35
7 39
8 39
8 44
9 44
9 47
10 47
10 55
11 55
11 59
12 59
12 1
13 1
13 9
14 9
14 15
15 15
15 1
26
14 1
14 6
13 6
13 1
12 1
12 59
11 59
11 55
10 55
10 47
9 47
9 44
8 44
8 39
7 39
7 35
6 35
6 26
5 26
5 23
4 23
4 19
3 19
3 10
2 10
2 1
34
18 1
18 59
17 59
17 55
16 55
16 47
15 47
15 44
14 44
14 39
13 39
13 35
12 35
12 26
11 26
11 23
10 23
10 19
9 19
9 10
8 10
8 1
7 1
7 28
6 28
6 25
5 25
5 16
4 16
4 15
3 15
3 10
2 10
2 1
28
15 1
15 59
14 59
14 55
13 55
13 47
12 47
12 44
11 44
11 39
10 39
10 35
9 35
9 26
8 26
8 23
7 23
7 19
6 19
6 10
5 10
5 1
4 1
4 11
3 11
3 5
2 5
2 1
26
2 1
2 10
3 10
3 19
4 19
4 23
5 23
5 26
6 26
6 35
7 35
7 39
8 39
8 44
9 44
9 47
10 47
10 55
11 55
11 59
12 59
12 1
13 1
13 4
14 4
14 1
26
14 1
14 10
13 10
13 1
12 1
12 59
11 59
11 55
10 55
10 47
9 47
9 44
8 44
8 39
7 39
7 35
6 35
6 26
5 26
5 23
4 23
4 19
3 19
3 10
2 10
2 1
30
16 1
16 10
15 10
15 6
14 6
14 2
13 2
13 1
12 1
12 59
11 59
11 55
10 55
10 47
9 47
9 44
8 44
8 39
7 39
7 35
6 35
6 26
5 26
5 23
4 23
4 19
3 19
3 10
2 10
2 1
32
2 1
2 2
3 2
3 7
4 7
4 11
5 11
5 15
6 15
6 1
7 1
7 10
8 10
8 19
9 19
9 23
10 23
10 26
11 26
11 35
12 35
12 39
13 39
13 44
14 44
14 47
15 47
15 55
16 55
16 59
17 59
17 1
32
17 1
17 23
16 23
16 15
15 15
15 9
14 9
14 5
13 5
13 1
12 1
12 59
11 59
11 55
10 55
10 47
9 47
9 44
8 44
8 39
7 39
7 35
6 35
6 26
5 26
5 23
4 23
4 19
3 19
3 10
2 10
2 1
28
15 1
15 59
14 59
14 55
13 55
13 47
12 47
12 44
11 44
11 39
10 39
10 35
9 35
9 26
8 26
8 23
7 23
7 19
6 19
6 10
5 10
5 1
4 1
4 9
3 9
3 5
2 5
2 1
32
17 1
17 59
16 59
16 55
15 55
15 47
14 47
14 44
13 44
13 39
12 39
12 35
11 35
11 26
10 26
10 23
9 23
9 19
8 19
8 10
7 10
7 1
6 1
6 21
5 21
5 17
4 17
4 12
3 12
3 6
2 6
2 1
26
14 1
14 5
13 5
13 1
12 1
12 59
11 59
11 55
10 55
10 47
9 47
9 44
8 44
8 39
7 39
7 35
6 35
6 26
5 26
5 23
4 23
4 19
3 19
3 10
2 10
2 1
30
16 1
16 59
15 59
15 55
14 55
14 47
13 47
13 44
12 44
12 39
11 39
11 35
10 35
10 26
9 26
9 23
8 23
8 19
7 19
7 10
6 10
6 1
5 1
5 12
4 12
4 6
3 6
3 2
2 2
2 1
32
2 1
2 5
3 5
3 9
4 9
4 15
5 15
5 23
6 23
6 1
7 1
7 10
8 10
8 19
9 19
9 23
10 23
10 26
11 26
11 35
12 35
12 39
13 39
13 44
14 44
14 47
15 47
15 55
16 55
16 59
17 59
17 1
34
18 1
18 59
17 59
17 55
16 55
16 47
15 47
15 44
14 44
14 39
13 39
13 35
12 35
12 26
11 26
11 23
10 23
10 19
9 19
9 10
8 10
8 1
7 1
7 22
6 22
6 21
5 21
5 15
4 15
4 9
3 9
3 6
2 6
2 1
34
18 1
18 28
17 28
17 27
16 27
16 22
15 22
15 14
14 14
14 6
13 6
13 1
12 1
12 59
11 59
11 55
10 55
10 47
9 47
9 44
8 44
8 39
7 39
7 35
6 35
6 26
5 26
5 23
4 23
4 19
3 19
3 10
2 10
2 1
30
2 1
2 4
3 4
3 8
4 8
4 13
5 13
5 1
6 1
6 10
7 10
7 19
8 19
8 23
9 23
9 26
10 26
10 35
11 35
11 39
12 39
12 44
13 44
13 47
14 47
14 55
15 55
15 59
16 59
16 1
26
14 1
14 59
13 59
13 55
12 55
12 47
11 47
11 44
10 44
10 39
9 39
9 35
8 35
8 26
7 26
7 23
6 23
6 19
5 19
5 10
4 10
4 1
3 1
3 4
2 4
2 1
32
17 1
17 21
16 21
16 17
15 17
15 13
14 13
14 10
13 10
13 1
12 1
12 59
11 59
11 55
10 55
10 47
9 47
9 44
8 44
8 39
7 39
7 35
6 35
6 26
5 26
5 23
4 23
4 19
3 19
3 10
2 10
2 1
34
18 1
18 27
17 27
17 23
16 23
16 20
15 20
15 11
14 11
14 7
13 7
13 1
12 1
12 59
11 59
11 55
10 55
10 47
9 47
9 44
8 44
8 39
7 39
7 35
6 35
6 26
5 26
5 23
4 23
4 19
3 19
3 10
2 10
2 1
34
18 1
18 29
17 29
17 25
16 25
16 21
15 21
15 12
14 12
14 4
13 4
13 1
12 1
12 59
11 59
11 55
10 55
10 47
9 47
9 44
8 44
8 39
7 39
7 35
6 35
6 26
5 26
5 23
4 23
4 19
3 19
3 10
2 10
2 1
26
2 1
2 7
3 7
3 1
4 1
4 10
5 10
5 19
6 19
6 23
7 23
7 26
8 26
8 35
9 35
9 39
10 39
10 44
11 44
11 47
12 47
12 55
13 55
13 59
14 59
14 1
28
2 1
2 9
3 9
3 15
4 15
4 1
5 1
5 10
6 10
6 19
7 19
7 23
8 23
8 26
9 26
9 35
10 35
10 39
11 39
11 44
12 44
12 47
13 47
13 55
14 55
14 59
15 59
15 1
32
17 1
17 20
16 20
16 19
15 19
15 15
14 15
14 6
13 6
13 1
12 1
12 59
11 59
11 55
10 55
10 47
9 47
9 44
8 44
8 39
7 39
7 35
6 35
6 26
5 26
5 23
4 23
4 19
3 19
3 10
2 10
2 1
26
14 1
14 59
13 59
13 55
12 55
12 47
11 47
11 44
10 44
10 39
9 39
9 35
8 35
8 26
7 26
7 23
6 23
6 19
5 19
5 10
4 10
4 1
3 1
3 5
2 5
2 1
30
16 1
16 59
15 59
15 55
14 55
14 47
13 47
13 44
12 44
12 39
11 39
11 35
10 35
10 26
9 26
9 23
8 23
8 19
7 19
7 10
6 10
6 1
5 1
5 12
4 12
4 9
3 9
3 5
2 5
2 1
34
2 1
2 10
3 10
3 19
4 19
4 23
5 23
5 26
6 26
6 35
7 35
7 39
8 39
8 44
9 44
9 47
10 47
10 55
11 55
11 59
12 59
12 1
13 1
13 7
14 7
14 13
15 13
15 19
16 19
16 20
17 20
17 24
18 24
18 1
28
2 1
2 10
3 10
3 19
4 19
4 23
5 23
5 26
6 26
6 35
7 35
7 39
8 39
8 44
9 44
9 47
10 47
10 55
11 55
11 59
12 59
12 1
13 1
13 2
14 2
14 6
15 6
15 1
34
18 1
18 59
17 59
17 55
16 55
16 47
15 47
15 44
14 44
14 39
13 39
13 35
12 35
12 26
11 26
11 23
10 23
10 19
9 19
9 10
8 10
8 1
7 1
7 26
6 26
6 22
5 22
5 16
4 16
4 7
3 7
3 2
2 2
2 1
28
2 1
2 9
3 9
3 13
4 13
4 1
5 1
5 10
6 10
6 19
7 19
7 23
8 23
8 26
9 26
9 35
10 35
10 39
11 39
11 44
12 44
12 47
13 47
13 55
14 55
14 59
15 59
15 1
34
18 1
18 59
17 59
17 55
16 55
16 47
15 47
15 44
14 44
14 39
13 39
13 35
12 35
12 26
11 26
11 23
10 23
10 19
9 19
9 10
8 10
8 1
7 1
7 41
6 41
6 33
5 33
5 24
4 24
4 15
3 15
3 7
2 7
2 1
32
17 1
17 17
16 17
16 13
15 13
15 10
14 10
14 9
13 9
13 1
12 1
12 59
11 59
11 55
10 55
10 47
9 47
9 44
8 44
8 39
7 39
7 35
6 35
6 26
5 26
5 23
4 23
4 19
3 19
3 10
2 10
2 1
30
2 1
2 2
3 2
3 8
4 8
4 12
5 12
5 1
6 1
6 10
7 10
7 19
8 19
8 23
9 23
9 26
10 26
10 35
11 35
11 39
12 39
12 44
13 44
13 47
14 47
14 55
15 55
15 59
16 59
16 1
28
2 1
2 10
3 10
3 19
4 19
4 23
5 23
5 26
6 26
6 35
7 35
7 39
8 39
8 44
9 44
9 47
10 47
10 55
11 55
11 59
12 59
12 1
13 1
13 9
14 9
14 13
15 13
15 1
30
16 1
16 59
15 59
15 55
14 55
14 47
13 47
13 44
12 44
12 39
11 39
11 35
10 35
10 26
9 26
9 23
8 23
8 19
7 19
7 10
6 10
6 1
5 1
5 24
4 24
4 16
3 16
3 10
2 10
2 1
26
14 1
14 2
13 2
13 1
12 1
12 59
11 59
11 55
10 55
10 47
9 47
9 44
8 44
8 39
7 39
7 35
6 35
6 26
5 26
5 23
4 23
4 19
3 19
3 10
2 10
2 1
30
16 1
16 14
15 14
15 10
14 10
14 9
13 9
13 1
12 1
12 59
11 59
11 55
10 55
10 47
9 47
9 44
8 44
8 39
7 39
7 35
6 35
6 26
5 26
5 23
4 23
4 19
3 19
3 10
2 10
2 1
26
2 1
2 9
3 9
3 1
4 1
4 10
5 10
5 19
6 19
6 23
7 23
7 26
8 26
8 35
9 35
9 39
10 39
10 44
11 44
11 47
12 47
12 55
13 55
13 59
14 59
14 1
28
15 1
15 14
14 14
14 10
13 10
13 1
12 1
12 59
11 59
11 55
10 55
10 47
9 47
9 44
8 44
8 39
7 39
7 35
6 35
6 26
5 26
5 23
4 23
4 19
3 19
3 10
2 10
2 1
34
2 1
2 10
3 10
3 19
4 19
4 23
5 23
5 26
6 26
6 35
7 35
7 39
8 39
8 44
9 44
9 47
10 47
10 55
11 55
11 59
12 59
12 1
13 1
13 10
14 10
14 16
15 16
15 20
16 20
16 24
17 24
17 25
18 25
18 1
30
2 1
2 5
3 5
3 10
4 10
4 19
5 19
5 1
6 1
6 10
7 10
7 19
8 19
8 23
9 23
9 26
10 26
10 35
11 35
11 39
12 39
12 44
13 44
13 47
14 47
14 55
15 55
15 59
16 59
16 1
32
17 1
17 25
16 25
16 19
15 19
15 15
14 15
14 6
13 6
13 1
12 1
12 59
11 59
11 55
10 55
10 47
9 47
9 44
8 44
8 39
7 39
7 35
6 35
6 26
5 26
5 23
4 23
4 19
3 19
3 10
2 10
2 1
30
2 1
2 7
3 7
3 16
4 16
4 24
5 24
5 1
6 1
6 10
7 10
7 19
8 19
8 23
9 23
9 26
10 26
10 35
11 35
11 39
12 39
12 44
13 44
13 47
14 47
14 55
15 55
15 59
16 59
16 1
26
14 1
14 59
13 59
13 55
12 55
12 47
11 47
11 44
10 44
10 39
9 39
9 35
8 35
8 26
7 26
7 23
6 23
6 19
5 19
5 10
4 10
4 1
3 1
3 5
2 5
2 1
30
16 1
16 19
15 19
15 10
14 10
14 6
13 6
13 1
12 1
12 59
11 59
11 55
10 55
10 47
9 47
9 44
8 44
8 39
7 39
7 35
6 35
6 26
5 26
5 23
4 23
4 19
3 19
3 10
2 10
2 1
26
14 1
14 5
13 5
13 1
12 1
12 59
11 59
11 55
10 55
10 47
9 47
9 44
8 44
8 39
7 39
7 35
6 35
6 26
5 26
5 23
4 23
4 19
3 19
3 10
2 10
2 1
32
2 1
2 10
3 10
3 19
4 19
4 23
5 23
5 26
6 26
6 35
7 35
7 39
8 39
8 44
9 44
9 47
10 47
10 55
11 55
11 59
12 59
12 1
13 1
13 10
14 10
14 16
15 16
15 22
16 22
16 31
17 31
17 1
