32 30
2 3
3 3
3 1
4 1
4 4
2 4
2 5
5 5
5 3
7 3
7 2
5 2
5 1
8 1
8 4
6 4
6 5
8 5
8 8
5 8
5 7
7 7
7 6
4 6
4 8
1 8
1 7
3 7
3 6
1 6
1 1
2 1
14
5 7
7 7
7 6
4 6
4 8
1 8
1 7
3 7
3 6
1 6
1 1
2 1
2 3
3 3
8
7 6
7 7
5 7
5 8
8 8
8 5
6 5
6 4
19
8 4
6 4
6 5
8 5
8 8
5 8
5 7
7 7
7 6
4 6
4 8
1 8
1 7
3 7
3 6
1 6
1 1
2 1
2 3
6
8 1
8 4
6 4
6 5
8 5
8 8
12
4 4
4 1
3 1
3 3
2 3
2 1
1 1
1 6
3 6
3 7
1 7
1 8
31
1 1
2 1
2 3
3 3
3 1
4 1
4 4
2 4
2 5
5 5
5 3
7 3
7 2
5 2
5 1
8 1
8 4
6 4
6 5
8 5
8 8
5 8
5 7
7 7
7 6
4 6
4 8
1 8
1 7
3 7
3 6
30
2 5
5 5
5 3
7 3
7 2
5 2
5 1
8 1
8 4
6 4
6 5
8 5
8 8
5 8
5 7
7 7
7 6
4 6
4 8
1 8
1 7
3 7
3 6
1 6
1 1
2 1
2 3
3 3
3 1
4 1
2
2 4
4 4
5
7 6
7 7
5 7
5 8
8 8
28
5 5
2 5
2 4
4 4
4 1
3 1
3 3
2 3
2 1
1 1
1 6
3 6
3 7
1 7
1 8
4 8
4 6
7 6
7 7
5 7
5 8
8 8
8 5
6 5
6 4
8 4
8 1
5 1
26
7 3
7 2
5 2
5 1
8 1
8 4
6 4
6 5
8 5
8 8
5 8
5 7
7 7
7 6
4 6
4 8
1 8
1 7
3 7
3 6
1 6
1 1
2 1
2 3
3 3
3 1
11
4 8
1 8
1 7
3 7
3 6
1 6
1 1
2 1
2 3
3 3
3 1
3
2 1
1 1
1 6
10
5 7
7 7
7 6
4 6
4 8
1 8
1 7
3 7
3 6
1 6
18
4 8
1 8
1 7
3 7
3 6
1 6
1 1
2 1
2 3
3 3
3 1
4 1
4 4
2 4
2 5
5 5
5 3
7 3
25
1 8
4 8
4 6
7 6
7 7
5 7
5 8
8 8
8 5
6 5
6 4
8 4
8 1
5 1
5 2
7 2
7 3
5 3
5 5
2 5
2 4
4 4
4 1
3 1
3 3
22
5 5
5 3
7 3
7 2
5 2
5 1
8 1
8 4
6 4
6 5
8 5
8 8
5 8
5 7
7 7
7 6
4 6
4 8
1 8
1 7
3 7
3 6
20
2 1
1 1
1 6
3 6
3 7
1 7
1 8
4 8
4 6
7 6
7 7
5 7
5 8
8 8
8 5
6 5
6 4
8 4
8 1
5 1
24
7 2
7 3
5 3
5 5
2 5
2 4
4 4
4 1
3 1
3 3
2 3
2 1
1 1
1 6
3 6
3 7
1 7
1 8
4 8
4 6
7 6
7 7
5 7
5 8
9
3 7
3 6
1 6
1 1
2 1
2 3
3 3
3 1
4 1
29
5 8
8 8
8 5
6 5
6 4
8 4
8 1
5 1
5 2
7 2
7 3
5 3
5 5
2 5
2 4
4 4
4 1
3 1
3 3
2 3
2 1
1 1
1 6
3 6
3 7
1 7
1 8
4 8
4 6
16
3 7
3 6
1 6
1 1
2 1
2 3
3 3
3 1
4 1
4 4
2 4
2 5
5 5
5 3
7 3
7 2
17
4 1
4 4
2 4
2 5
5 5
5 3
7 3
7 2
5 2
5 1
8 1
8 4
6 4
6 5
8 5
8 8
5 8
4
1 7
3 7
3 6
1 6
13
1 8
4 8
4 6
7 6
7 7
5 7
5 8
8 8
8 5
6 5
6 4
8 4
8 1
23
8 1
8 4
6 4
6 5
8 5
8 8
5 8
5 7
7 7
7 6
4 6
4 8
1 8
1 7
3 7
3 6
1 6
1 1
2 1
2 3
3 3
3 1
4 1
7
4 8
4 6
7 6
7 7
5 7
5 8
8 8
27
1 1
1 6
3 6
3 7
1 7
1 8
4 8
4 6
7 6
7 7
5 7
5 8
8 8
8 5
6 5
6 4
8 4
8 1
5 1
5 2
7 2
7 3
5 3
5 5
2 5
2 4
4 4
21
5 1
5 2
7 2
7 3
5 3
5 5
2 5
2 4
4 4
4 1
3 1
3 3
2 3
2 1
1 1
1 6
3 6
3 7
1 7
1 8
4 8
15
6 5
6 4
8 4
8 1
5 1
5 2
7 2
7 3
5 3
5 5
2 5
2 4
4 4
4 1
3 1
