8 5 44
7 3 528097731
1 6 904031717
6 8 312890265
8 7 424466273
3 5 482880705
6 4 306680993
2 8 751454511
1 8 971459285
5 1 375434995
7 6 269804734
3 6 490887255
3 1 369393380
2 3 556840169
4 2 45871513
2 1 899609962
6 5 414454699
7 1 700155993
3 2 884248665
5 2 820626993
3 4 871374976
8 6 258434819
3 8 631650343
4 8 555099642
8 3 677371301
7 5 449588690
8 2 12058660
6 3 211019169
7 4 705175870
6 1 509159242
7 8 401297634
8 5 912900133
2 6 352865387
1 3 711347083
4 5 447427955
6 7 680120716
2 5 191284911
2 7 170163073
1 7 151040565
4 7 646770590
4 3 769372180
6 2 220505416
3 7 747670225
8 7 499427558
5 7 241916260
8 4 414508588
5 6 368284989
7 3 280828601
5 3 119062085
5 4 751554926
