8 1 42
2 4 75116851
3 2 718437972
4 5 948101759
7 8 729661422
4 3 980212379
2 1 648650399
6 5 387973643
7 1 646488139
6 3 840775705
4 8 420606028
1 5 464049452
8 1 168654872
4 1 921923736
8 4 591604767
7 2 941726821
1 2 746192646
3 4 810503291
6 4 516148454
3 6 238726358
2 6 558057663
3 1 402543802
8 5 29577930
7 6 491986203
8 7 818665528
1 6 477867497
4 6 186264841
1 3 73833654
3 7 383362035
7 3 810270415
2 7 85336
1 7 515894602
6 7 978044293
8 3 226268427
5 6 708799469
5 3 902004846
5 4 630826501
2 3 301752095
6 1 678007461
8 6 118855521
5 8 849989595
1 8 438585797
6 8 723575238
5 7 135118186
