16 136 230
11 14 206196722
7 14 321270730
13 3 672550165
9 10 586931736
10 7 230780701
9 12 170758242
5 10 424611263
4 2 849265552
9 5 514828003
3 14 924330654
14 15 799401798
11 3 451636212
2 1 511946936
13 10 279224288
8 11 990205100
6 2 467508728
7 2 658513028
7 15 648972799
8 7 566378368
12 7 675451658
11 15 119312641
6 9 791949311
11 12 796051386
1 7 848575729
7 12 90046967
3 2 734432159
1 14 30916511
8 3 781282951
9 15 920926552
8 14 28435623
13 8 541118497
13 15 281775272
13 6 813264719
13 5 857114655
15 5 713139280
5 16 192248419
15 8 53234521
15 10 944120059
15 16 385720512
4 15 842185119
1 2 437899084
6 11 878710917
4 1 212979214
4 7 827930013
16 12 655058182
2 5 389677670
14 16 655208631
8 15 713795458
14 5 173301804
14 11 736116642
10 5 719799115
12 1 261626727
11 10 219937906
4 6 331953790
15 6 970272206
14 3 649732919
4 9 520108272
10 14 14146186
3 11 367371472
2 4 741151272
14 4 635825705
8 2 795697564
2 13 378598773
6 15 848766474
2 6 842990981
15 9 933959868
9 1 393300206
15 2 898540672
12 16 181578254
8 13 199826021
15 3 587554350
6 4 96146586
2 14 609255149
1 3 718485208
6 14 116271201
1 5 252534059
2 7 28670534
10 3 884362165
1 15 744054292
12 3 771734056
15 12 494464301
3 6 510320211
13 12 634828448
9 11 381652848
8 1 780527350
3 13 149759747
13 9 451813848
5 11 508668002
6 1 918103297
2 12 497773161
14 13 108588584
11 4 242368580
5 3 989099434
1 8 693473346
10 4 359991542
14 7 8196591
7 5 884359307
9 16 901997106
2 9 679116987
10 9 669498076
10 8 787401
10 12 317760117
2 16 412759760
11 8 591210170
9 4 863347609
10 13 387577336
8 9 925915915
5 15 7712245
5 9 816793859
4 16 397901621
5 7 218821806
7 9 597195712
12 11 925986045
13 1 632209254
9 14 682013148
15 13 943342646
3 1 623563027
10 16 534226745
16 10 610874803
16 9 915997106
15 11 236319641
12 2 616337047
16 15 355316296
1 12 75316742
14 1 209599981
9 6 770156952
13 4 34743028
6 5 789548897
1 16 631201803
6 16 527607683
9 8 561073370
3 10 150891555
10 11 605075632
14 12 948097832
15 14 660578363
7 13 793580483
1 8 486589694
15 8 987520114
4 8 860725779
8 12 898937067
11 15 400886918
7 10 990405981
4 7 793653217
2 3 941083924
15 9 106174966
11 12 460154718
5 13 577321064
13 9 844748316
5 2 369357849
6 8 854928286
13 8 72737894
3 12 234451205
3 5 775405420
6 1 587911035
10 9 658777498
10 3 978177430
9 7 664521356
15 13 963090200
7 12 752648174
13 14 94689014
13 11 78792092
2 4 862171666
2 14 278733824
12 1 183861765
15 12 182119564
8 9 22471708
5 9 170417287
10 7 315494283
8 6 212504023
3 9 889852940
2 11 897422870
14 4 163168052
14 1 244119034
6 9 404738632
3 7 384078021
15 5 755767454
9 4 716401737
6 10 151636178
12 8 597468362
5 14 493723879
6 16 801003959
8 14 601432075
9 3 525821085
4 13 95748845
2 12 480525659
12 3 876901245
1 13 364277166
11 10 414820396
10 16 338183507
3 10 403635005
3 16 137733705
7 4 712354208
3 6 768679263
4 1 516211562
4 5 345737906
9 1 51002433
15 3 871350120
7 16 504034027
3 1 545311897
16 12 240623350
3 15 976440125
2 6 226516470
14 10 68653690
5 3 530493541
2 10 25051231
10 15 112353286
2 15 695677142
16 3 507871338
6 3 886191304
1 14 42554563
10 13 836121006
7 5 939287292
16 13 905939111
14 2 593151802
14 15 294968025
12 2 762986549
9 11 694962746
1 6 817916446
10 5 919247692
8 1 429555589
1 5 786485972
5 6 911490729
14 8 79089798
5 12 504719034
11 3 774891171
8 13 971842142
5 7 980375655
15 7 488126560
9 2 797755072
14 3 744726781
12 7 106159889
12 11 952824520
5 4 955150137
9 5 672976408
11 14 63235831
10 4 762192688
10 2 7131634
11 5 749478303
8 15 645441359
11 8 655870016
4 9 326256116
1 3 550767050
11 6 22762327
2 9 199388161
7 1 689422651
7 9 49189161
15 4 170353107
4 10 477475530
13 3 84874861
14 12 968690626
6 12 509473019
6 2 288898418
13 7 189241941
5 10 169338114
5 1 61258946
1 15 833393898
13 6 92972307
7 14 52441907
4 11 407819209
3 2 753407367
2 16 531458381
11 4 815953725
16 5 54284543
5 15 912155193
15 6 326291702
9 12 191820744
14 13 302313020
9 10 652333736
12 10 719319901
15 14 340343241
1 4 18185957
1 12 730113810
13 16 158853704
3 14 94649601
8 4 66685558
13 2 652422763
4 14 705130845
1 2 499331836
8 7 288124100
16 1 771122558
7 13 136877285
6 15 436739186
13 12 139072451
11 1 498407518
1 9 409803633
6 5 79870159
4 6 144046880
1 7 605594657
9 16 557570289
15 2 334702901
16 7 18196670
10 14 962060073
15 11 94587358
7 15 250349172
15 16 81826225
8 5 870189591
5 16 629253558
3 4 352211370
13 4 754409641
12 6 965723502
7 3 702589576
7 8 591179659
1 16 410312750
14 5 194977300
13 10 171315107
13 5 737501210
7 11 866115704
6 14 956706428
8 16 828800136
16 2 768757162
9 6 424045894
11 16 287306322
16 10 419739531
5 11 812384382
9 8 591099897
6 13 649293982
2 5 980710981
4 3 366299148
3 8 288941911
14 7 991642566
4 2 753358313
12 9 485634812
9 15 134304242
15 1 748237656
12 13 919476832
16 15 568631913
12 5 732921276
15 10 318089799
10 11 134826837
10 8 571401946
10 12 869388771
4 16 253197566
10 1 830835008
13 15 352749166
9 13 800920126
16 4 112084217
2 13 290149709
11 7 506570417
9 14 498380269
6 11 897710352
12 4 188258058
10 6 240680628
12 15 743077642
16 9 719789093
14 6 103714776
16 6 599793249
16 8 235648961
4 15 942167545
16 11 121455186
14 9 685621121
8 11 723916738
6 4 315383891
3 13 435981166
4 12 724333707
11 13 809453333
11 9 990705180
5 8 220672131
16 14 632936135
1 10 912339775
8 3 908774713
13 1 18982196
7 6 228997244
12 16 373541849
1 11 805427151
8 2 906442507
3 11 948216380
