16 164 196
11 3 537461827
13 5 636870958
14 3 440546542
6 2 370066263
3 14 452944751
13 11 132943805
16 11 839160389
16 4 366216404
1 12 761186766
4 12 87477154
13 16 184122311
9 15 345278496
4 16 601912861
13 6 521920582
3 16 60501423
9 10 208845338
11 12 135878865
6 7 972996752
3 15 267856795
12 9 775206344
1 13 904625230
3 4 537836827
14 12 314943292
7 5 809086193
11 8 388987465
15 9 954336883
10 16 115973495
7 12 53578226
2 11 638207262
7 9 510767970
4 2 831885497
14 8 15165880
6 10 998538479
14 4 118427651
10 6 731693532
6 9 518646497
15 8 203462474
2 3 710851353
9 16 367409689
6 3 946861311
15 13 346698400
4 9 819443272
1 4 149641383
7 10 6032249
1 9 121414093
1 3 346825206
3 6 913421539
10 3 602215804
3 5 744395211
9 8 847832930
10 8 90937364
5 7 654232855
3 8 848899505
15 16 205268903
4 8 231285748
13 3 86048992
11 6 70638512
13 7 418172388
2 16 105524680
4 13 225205782
1 16 578222523
13 12 493823617
8 12 4407739
1 6 455846671
8 10 696205045
6 4 769896748
15 7 545361550
16 7 862353092
15 4 130662272
9 7 514709496
6 1 163685633
5 1 122481520
15 2 732038099
9 13 239794481
15 11 69427537
12 15 447371054
1 5 42897042
12 7 524701433
13 8 231704763
12 14 370800019
6 16 195895762
14 13 745753373
8 13 147954239
9 12 708604582
9 11 168829995
8 11 673258822
3 11 495424039
3 13 397163818
12 1 904968023
11 2 57462773
6 11 986445064
12 4 733486603
5 11 282658589
1 15 305022899
10 7 604087059
2 14 717974666
6 5 460348887
9 3 220878858
13 9 610567048
2 12 378791345
6 12 787323432
15 10 807262296
8 7 381880143
12 16 856582575
12 10 484030343
7 16 158922592
10 4 246324258
4 15 816926392
11 16 294279496
9 5 752713632
8 3 816692641
3 12 857525013
4 6 441833728
16 9 837811331
9 2 472944223
5 3 182558666
13 1 745796693
7 13 156291702
9 4 291454580
9 6 669375071
10 2 919494228
11 14 380832833
1 14 365065757
14 6 999492763
14 7 342739127
11 15 498100238
10 11 188929654
16 13 409977089
11 7 7952450
2 9 415681758
2 1 604236653
10 5 438033127
5 9 849823569
12 8 244714156
6 15 515368645
13 2 698396590
7 1 601812880
4 3 773565116
14 9 15252517
3 1 558924677
7 3 55179106
11 1 64360789
14 1 329613217
8 6 987073685
11 4 374658446
6 14 827860041
14 10 490666848
7 8 646965892
15 1 596576805
13 10 60547837
11 5 389991513
15 12 449016103
14 5 707991237
4 5 117736516
13 15 19591371
1 7 330697421
12 2 62624008
1 10 888544136
5 13 455480984
10 9 324123763
16 3 675035632
12 11 477369302
15 5 987747937
14 11 250062204
14 12 817492644
4 12 698051315
13 10 137631330
1 11 384104384
6 1 891873738
2 12 320617955
1 4 285978068
11 7 304180061
6 7 813176400
5 7 929195263
16 1 893367952
15 9 883379536
3 5 964894524
15 8 561960976
3 15 628296899
13 7 615117047
2 3 949068893
4 10 967046809
2 13 353930409
3 9 322894096
12 14 971146127
3 8 549435727
16 2 308923212
11 9 765373013
8 2 674687603
10 4 504337417
12 9 777621461
9 3 898459291
2 5 720200365
4 1 537698797
7 9 59746474
1 7 94927880
3 16 435256975
15 1 271831680
16 8 589409554
7 8 278686423
9 16 329772843
7 14 899325724
10 14 506940979
9 6 894466171
8 5 935418843
4 13 480333555
12 6 707242624
12 2 374745279
12 13 328785413
14 15 13720725
2 10 360058196
10 7 726910226
8 3 389831459
14 5 589959753
15 5 5931021
11 4 105491097
8 10 496210565
13 8 845356906
4 11 594621229
10 6 796105408
12 8 796731789
3 11 358780805
5 3 311033192
14 9 449389125
1 8 506655528
6 11 406723806
9 15 126062481
8 14 436377887
15 6 135080004
2 15 357973847
6 2 916529494
12 1 232119299
7 2 878351636
6 16 335425496
10 8 413854801
15 13 376739022
9 5 175156375
3 7 415571539
6 9 165148678
3 4 344560364
11 16 344543055
2 11 967444344
10 11 830138078
4 7 829538064
6 10 289072086
6 15 409197876
16 12 400420240
1 15 50383247
5 11 611987954
9 11 614806059
4 6 248107537
6 4 568048858
13 1 103240415
12 7 893056965
11 13 225989046
3 14 122816997
10 5 836222361
11 8 511903998
9 13 869922779
4 9 476802951
5 6 912351180
5 4 879134616
1 16 783347160
14 11 329564351
12 10 205994314
8 13 435354041
13 14 794194885
13 5 617458216
11 10 712627236
6 12 754374501
5 1 188048109
16 14 173929822
14 7 986723972
9 8 437627048
3 10 850952653
2 6 202493412
9 4 112860959
11 14 298292489
4 3 177551052
1 10 692749617
16 10 298126466
3 2 131007505
16 5 474209142
10 9 134735112
11 6 7738293
4 16 429252818
13 3 865747360
7 11 927020542
11 1 204131169
8 6 514168917
15 7 727419519
10 1 592362601
13 16 357859606
13 6 755287524
5 14 919611049
10 12 983624609
14 4 376546095
11 5 211470763
9 10 80105617
6 3 641560104
14 16 761530829
16 13 379195386
11 15 480597695
7 13 223541498
7 10 165913146
7 12 115764423
12 15 596282209
13 2 938608746
12 4 274861578
11 3 898786155
16 15 266605296
10 2 75845367
12 5 790430866
3 12 247935591
8 7 454230003
4 2 362386959
2 7 253916213
13 12 698497181
7 5 959909969
16 4 567800441
16 11 371696385
4 5 548679175
11 2 139199944
7 16 531630986
5 8 797989814
12 3 3156881
3 13 886197126
11 12 122549233
15 12 687554951
8 9 144841088
7 6 958000169
1 2 448838407
3 1 23397984
5 15 771003549
2 1 546790916
10 15 742029036
16 9 98976342
9 12 622092822
5 10 183574286
5 2 13415445
15 3 74435235
9 7 690543059
7 15 45879226
2 8 926612871
8 15 378789293
2 16 303162216
1 14 778295607
16 3 727679272
2 9 158767233
4 15 315051107
14 1 615697441
1 3 406410424
15 2 711877939
13 4 397550774
14 6 465087599
1 12 246608010
15 14 477960125
9 2 335369775
1 9 704471809
10 16 316740382
