16 45 222
4 8 157276763
11 12 481060337
9 14 959331409
13 7 554145064
6 3 321665495
9 11 337808055
12 15 862876060
7 13 934693242
2 11 983692720
4 15 102570291
15 4 803620252
8 12 403774287
15 13 780604552
11 16 501160423
12 16 248376280
11 10 628988694
6 12 542810213
4 6 186261941
16 2 597697486
15 10 492265358
3 8 601450546
15 14 897730374
14 11 744497483
8 7 46315734
2 4 865460078
1 14 681059904
4 5 200390088
11 5 319415607
9 12 741546860
11 15 61337479
12 11 238869077
10 7 82640780
15 1 789145531
10 13 423217161
7 6 739269096
16 13 917372959
1 6 307415994
9 1 783044487
6 1 73528579
1 2 975510291
10 12 872535080
12 3 638254127
1 8 665872796
7 16 924114624
14 1 199988734
10 2 830456545
1 3 330618840
9 4 50184463
10 13 998054356
7 3 836358175
10 4 878530615
8 10 167390521
14 12 587478318
6 14 899976703
3 10 325999057
2 3 819152762
15 8 235251759
2 13 275046924
2 6 699353489
16 2 611171459
10 16 985240427
7 13 797456124
2 15 723848931
5 8 694911869
5 2 107478786
15 14 809990869
16 9 107753854
11 7 568974059
8 15 964345143
8 13 903486430
5 6 58924299
15 2 363626939
2 9 29724152
2 14 500864900
1 7 854996093
2 12 240693159
16 6 219495487
8 9 429721302
10 5 903946052
8 4 901393300
13 1 147863581
2 16 668817033
13 11 654851279
3 14 415910715
7 1 591013420
6 8 960882941
15 1 854145206
11 12 943675460
15 10 187580312
9 6 752711601
13 15 36705719
4 13 8971677
3 9 33553236
6 5 540832305
5 10 499365232
4 12 785438309
8 7 191859937
15 12 488267213
15 9 973523096
10 12 254895432
6 16 630923512
3 7 612012671
13 16 23758059
10 8 492598152
11 14 850585005
16 1 690485276
16 11 454929399
12 11 593905781
3 13 448297444
10 11 139416892
6 4 79212769
13 9 492159980
15 11 683996521
3 4 693913261
4 10 988769433
11 9 60767603
4 1 807174184
7 2 464464218
13 6 192122183
16 15 873159225
15 16 390625980
6 1 8408960
16 8 854736585
3 16 696921900
7 4 459629084
8 1 552691241
15 5 411316777
14 6 124112829
3 6 380887902
10 6 980883071
4 3 29520241
12 9 960353988
12 15 492291096
1 16 85788338
14 1 561003714
8 3 208536518
5 7 801766328
14 2 380939971
2 7 878251656
7 15 342730677
15 7 821204044
8 6 489223989
9 15 600156719
1 11 595243185
10 1 459897626
12 4 902181477
14 16 361853081
9 3 708266912
8 12 826924246
4 15 346728224
8 11 7442149
3 15 999425281
4 7 410396874
6 10 392512048
13 10 433487606
11 5 104545004
5 4 696484135
1 8 390369780
16 5 214620266
1 14 899300337
4 11 673039426
5 14 854934563
14 15 551466331
9 14 765041776
13 8 765763026
13 14 11532541
2 5 320567507
3 2 918677940
4 14 671054848
13 5 638124524
1 6 237083250
11 16 176088824
7 9 938303273
3 8 444241412
5 9 425626185
12 6 869047913
14 8 807251300
3 12 286977463
3 1 911728818
12 2 265532331
1 13 97414709
9 16 652764869
4 2 405207002
12 16 618916191
10 15 57281123
7 8 535430092
10 9 619520688
14 7 551109811
9 7 857427525
14 3 374622650
16 3 331409005
2 8 769370386
13 12 284671873
4 9 946939251
14 9 251393446
6 13 919267710
12 1 152979218
11 10 194559707
6 15 76771927
8 5 972746440
11 13 908743641
15 3 842276444
16 7 850183259
9 5 565693872
15 13 645800045
10 7 399222512
1 9 204917832
16 12 166248346
12 3 565961411
12 5 984577748
11 1 783359421
10 14 879449387
16 10 349852081
12 10 739807594
15 6 791509455
1 15 254054524
9 10 533825939
7 14 901097502
13 3 483694623
2 4 879050684
6 7 473501194
1 12 571170609
5 13 337689718
1 2 240747825
6 9 756137163
1 10 605394246
9 11 788891701
11 3 549433863
5 15 634274774
5 12 518749567
12 7 689430733
9 13 353700747
9 12 455960418
12 13 627380387
1 4 220068897
14 5 358405315
2 11 766356428
13 7 793474400
7 12 708479387
11 8 638944011
11 15 52481921
7 5 577911813
12 8 667173323
16 4 362338631
9 1 187170446
14 13 956631660
5 11 244563256
4 6 857681583
8 2 619073100
3 5 891802267
4 16 483988523
16 14 625477588
7 11 663906995
6 11 155945442
9 8 379459195
14 11 111562644
7 6 78140719
11 6 389618910
1 5 394103663
12 14 644532093
11 4 631601702
4 5 284773529
6 3 27527808
3 11 438248653
9 2 579791801
5 16 994079642
6 12 336017031
