32 354 443
18 5 684095084
6 23 680806255
1 29 426848054
8 13 406913799
4 8 708745052
4 9 982507083
7 1 780098784
15 28 908290477
29 26 720848527
28 6 338389746
15 13 363868738
15 29 781143717
28 30 108866167
13 5 126017343
18 21 39851059
25 12 14317238
2 1 171137808
14 9 217140450
10 5 269285941
19 4 232159377
4 17 108367507
31 32 703934033
7 13 987878868
20 31 290496395
30 11 73258928
2 13 438061999
13 18 301582819
28 8 806469477
5 1 772768606
29 8 513083587
26 27 205138530
28 22 372390501
23 25 47948770
14 27 25156477
5 16 726349896
31 28 818336964
18 2 28281753
12 9 493809279
5 9 956955815
10 7 788623584
4 18 164574997
24 26 197133085
5 2 821892644
3 26 572145934
28 9 18613642
2 30 31620239
18 11 547593697
11 31 653532673
12 30 215897707
3 22 71839501
17 4 731838624
27 21 837849238
17 3 683831013
25 1 892074237
7 29 293184237
6 17 285788913
25 8 1706934
23 16 692430712
2 29 241372251
26 12 814263008
9 10 156826051
14 16 116434684
14 29 908810525
21 25 993162007
7 2 414588783
20 24 345311618
26 16 32388576
2 31 696248688
28 26 86555655
31 19 539350960
8 5 480113188
7 10 796134804
32 16 66220556
22 24 37637123
1 25 139345686
1 14 987383748
24 5 396788662
4 13 383555625
17 19 395769430
8 31 569840878
23 29 923412820
28 15 444817986
15 6 505324629
21 2 189548954
13 30 933654475
8 22 980177715
12 7 534189307
23 14 432392720
18 23 241518613
14 18 388380619
28 23 196766246
23 22 990708408
23 13 115176013
10 23 232287853
16 23 15417034
17 27 261967116
20 4 213672082
20 9 617778031
14 25 801154666
18 12 203907261
26 28 63257993
27 23 396469524
19 25 565338525
29 22 146235127
6 24 93560891
31 17 158874562
22 7 149332678
20 7 936746558
26 10 488468488
2 19 701929114
1 10 572763216
18 6 63437344
4 23 236979425
24 30 864721224
25 14 768712116
9 19 764909514
9 20 741796012
16 19 709191757
32 27 803727732
9 17 591669021
9 18 563536670
31 14 40411019
17 12 712831754
28 7 45529205
6 27 193259000
23 11 202319660
8 24 862186672
6 8 284746717
6 15 504552864
24 9 136833261
27 2 730444882
12 19 745588918
16 32 708582055
30 28 231694687
25 5 451419315
4 12 899626825
7 16 555832229
5 31 238788652
7 27 865277774
32 5 921814357
2 26 785603049
32 6 361425325
6 26 541484576
31 1 888493530
30 17 610994421
27 5 197139757
26 25 139549474
31 13 364770335
7 22 873602605
27 24 718977207
20 12 208834783
21 10 973539904
16 28 571065337
5 22 299328893
7 18 753752512
18 30 279346875
31 6 470907835
16 17 509662014
21 3 102815497
22 23 184222621
1 2 238293534
12 1 955834519
11 19 51978942
3 25 327635650
31 25 139128593
3 15 357147591
30 19 442024647
21 13 528108769
5 15 706679407
19 31 19075681
28 17 49991743
14 20 126913405
28 31 98470302
20 5 247792905
17 25 113537414
3 10 763704801
4 3 998361769
29 4 552096190
10 8 994569941
15 18 429310203
12 27 608339394
26 24 259197772
21 6 814728101
13 28 334933107
15 17 933297346
26 13 278512731
13 2 129925056
20 32 58657919
19 3 444308412
14 23 423969813
29 20 725769446
6 13 852835337
26 5 148439518
26 11 639206604
14 6 94287528
5 27 279504592
25 4 253800698
27 19 295650089
12 21 967710361
1 21 743887065
22 19 667290606
19 24 129858588
19 14 438138985
4 11 255240951
15 10 867212363
6 19 758176044
26 21 749856426
21 12 970801240
3 27 359796704
28 27 933825545
14 12 889421050
27 15 315556560
4 20 247146796
25 22 700378338
11 27 73436937
6 21 672018336
31 2 661021021
5 19 213702204
25 15 57223580
1 16 170805492
4 14 232866029
16 27 798515877
27 7 467863506
26 23 8555322
5 26 179037610
23 28 174106719
22 26 1870060
12 22 511954579
9 1 149393527
27 3 83734125
32 12 967211274
7 9 705367698
23 17 330284173
1 3 732236311
10 2 296369699
15 32 469835357
24 15 33984459
21 28 15845518
16 9 55810450
26 4 767202596
13 7 85457766
24 6 957668074
1 12 761189403
11 32 106831791
1 6 572972695
6 4 458070959
32 26 910421175
21 9 764768892
30 29 178378583
29 19 803463254
30 20 955115710
3 17 110603865
20 16 464938653
24 13 859805725
10 28 368135295
11 28 402417379
12 4 245750807
24 2 827927075
7 28 309488539
24 19 400178524
10 25 367734326
5 7 571080123
32 30 802721697
28 10 199590366
32 17 805202595
18 17 674397523
23 31 503533761
13 29 669550879
32 19 482637009
15 12 970814372
25 11 429206467
30 4 756276738
14 22 544436804
21 24 352807280
26 19 632012691
24 3 944916782
14 28 826237359
25 29 478285978
9 12 964944463
12 25 942646601
11 1 974766954
13 8 66376358
31 26 104383839
30 32 667643919
12 3 813346616
2 32 403631850
13 27 438662924
16 30 428885108
19 21 822848954
12 18 329725094
17 1 917444062
1 27 510656255
6 18 35279233
30 9 429356339
10 11 827698347
17 6 326044116
24 4 455892095
25 26 944257931
20 26 973213177
20 2 931537417
1 15 758129226
15 19 428088190
9 13 669023398
3 32 878080068
17 2 323301959
32 25 263207471
21 26 669601869
32 9 314044528
32 7 519905438
24 14 21166795
23 7 109743394
17 14 331792439
23 12 314222562
20 30 479692158
4 19 548728740
17 20 963634610
12 8 847833667
18 10 8758024
27 10 819794409
25 27 23013268
17 26 595191636
14 15 643981603
4 6 620032968
13 24 723409270
24 32 807944988
6 30 803532912
23 10 290881848
23 30 520760957
28 4 715228884
22 11 31344946
20 14 356941976
16 4 933595368
32 13 266670179
18 31 409595690
16 26 692513803
6 32 481172475
11 5 17512653
29 28 985465155
6 31 916199645
3 16 688964820
18 25 556834821
6 2 579734524
15 22 447190516
7 25 55579674
19 29 926644741
18 20 866176727
2 10 911413619
31 20 378381318
22 14 766118494
25 19 934607578
9 31 657315678
28 11 11022879
28 2 142688871
3 14 241371827
6 13 799345779
12 14 379665691
14 19 235196701
31 20 137329861
26 20 524398198
26 10 873224808
17 30 677021671
16 2 253120759
4 31 969970450
16 24 477579717
24 1 446030604
31 29 754384251
18 16 552275089
5 20 283946947
12 24 629357945
25 8 170364013
15 18 873294210
31 17 970897133
22 11 534901576
10 30 228063750
26 1 916673188
14 12 303271341
27 17 519596413
31 22 942068331
29 5 951439226
27 28 316499229
28 3 184775145
24 19 71748149
23 31 953253834
21 3 747112622
13 25 80526236
18 13 119506448
20 12 96539531
29 21 821486828
26 5 411744636
10 14 87314945
21 29 526495456
22 26 949256146
25 9 506829319
2 1 236585825
29 27 559826296
5 17 542708764
8 15 368016627
26 16 90002424
9 10 898356593
23 32 195988760
24 30 2180331
4 12 494828280
3 7 637200339
21 24 819210574
17 25 260923285
1 10 290186723
6 30 99803682
26 25 639901194
20 22 932442450
9 4 350612432
18 15 241094448
2 29 178677014
11 2 344194897
14 30 768672059
7 14 492187415
11 12 93326880
9 23 245184909
5 28 646996805
16 8 625173344
31 11 723311515
8 22 559048284
4 7 372256101
20 11 286294676
14 23 183268397
6 21 389664209
9 3 690121891
27 15 232179410
14 22 410192143
21 31 998088216
29 31 325450519
29 11 255249061
26 21 219623374
26 32 252010522
1 28 475996556
14 26 316213617
18 7 448115759
8 14 918748898
21 17 340544523
31 28 372244090
10 24 382891965
18 32 48389501
26 12 159938986
14 20 226810951
25 1 168358717
24 28 312397313
14 5 974219925
10 26 862017273
24 18 176697410
25 15 981057436
18 25 557162074
10 2 27400251
22 14 921060512
17 9 250067107
14 29 5364918
1 22 953337862
4 16 807827169
29 14 164238750
27 29 600787160
30 27 432755762
4 9 947408786
10 28 279097990
13 32 122839359
11 3 840832475
10 18 17395581
4 15 943317803
31 6 409486181
13 22 749419607
21 10 885373771
21 11 11783560
1 31 144053721
23 25 208556243
6 9 498734340
16 31 115188922
15 20 342492440
26 7 918906923
30 20 269117446
32 13 100517438
12 23 51855285
21 27 9715363
2 5 58324759
9 22 500810303
6 16 239572149
12 22 922535270
11 4 827948709
22 10 279591306
24 11 903850812
22 23 163718336
6 32 168924895
28 8 787886794
4 26 216782786
17 2 290215780
27 3 333269377
11 14 121057227
16 18 503293626
23 20 380011418
13 20 819672294
30 3 704344827
26 8 999117940
6 15 978559723
2 12 619721852
2 26 836163494
6 1 604783861
22 27 100226100
32 11 790651220
10 13 61091394
6 25 25184799
25 2 742620292
21 30 541401758
18 4 966098091
32 27 42286541
4 21 450657862
27 9 89234076
3 27 145311178
10 32 92430897
8 4 562620971
21 8 420339174
28 15 510117122
17 15 463183116
17 14 579747988
21 19 343472854
21 6 725969001
3 30 920453660
30 19 581408104
27 10 124703857
30 31 482704094
10 5 344204502
13 16 442514598
29 7 905010758
23 27 138608490
31 15 814909157
16 25 505518538
20 25 484894925
10 23 522900739
16 9 787205732
27 30 289812217
11 7 619888870
31 8 220848351
28 9 403285744
18 8 729474991
26 4 336862004
8 6 888367133
29 1 541905190
21 13 383672792
4 6 54053306
32 4 955546118
29 20 447643829
7 25 977479778
30 25 204822220
28 18 527684022
31 32 477763354
12 6 928218814
2 32 432114833
17 28 175513578
23 5 311326920
17 6 536303235
8 7 295423286
3 21 129233924
25 20 719039210
21 15 179818985
27 13 993803805
6 18 622805908
21 1 39068084
5 7 664897994
11 25 981260822
14 21 414838866
6 14 274631112
22 8 642790167
10 16 178150000
30 29 906972929
18 31 564881653
11 13 176278463
6 31 205265853
13 30 251672494
31 14 73579143
17 31 435575190
19 8 237745470
28 16 139933620
8 13 146787185
17 22 410940719
25 10 578546584
15 22 821689456
23 28 667886502
25 29 579757156
3 18 856607976
27 14 416533220
27 16 602469341
12 13 905829086
20 9 383467854
19 17 549963332
30 18 980946748
1 6 966674949
26 18 480319501
11 28 136894156
24 25 757093378
17 7 937817720
13 19 428313570
31 16 635567533
31 25 475672912
9 8 45046174
2 6 682862174
22 32 929663605
16 4 795307035
12 27 372265367
10 7 888707718
23 30 849950973
10 21 849909057
13 7 496755485
24 26 972197864
27 26 78800891
31 12 868879099
7 19 795261974
10 15 675445366
19 15 586871857
30 23 628744208
13 8 94263935
32 1 166533995
20 2 297854309
14 17 229020968
16 17 335619228
15 28 300671201
4 3 305143397
21 4 43930554
3 20 409259598
9 14 279681367
20 23 948895350
30 13 692269423
18 5 89334103
5 21 281634650
24 7 132740667
7 2 638698302
30 12 292983303
3 5 807603964
25 17 569535651
15 30 314972055
8 29 901106336
19 28 907681295
9 19 274201719
4 14 680687703
2 28 642347561
20 1 897942060
20 14 758831677
9 13 346346363
13 3 225621532
16 3 544632312
22 28 24058205
4 18 933617909
8 11 889919121
30 7 776133954
15 16 391746693
7 5 497855069
27 8 91031829
31 3 607745852
9 30 724175101
7 4 410114164
30 28 319393442
32 17 279497449
15 9 908673702
11 9 491103543
23 1 700376755
15 7 532602624
6 27 123413833
11 32 775938832
16 28 831844803
5 26 600197415
20 6 365932555
20 8 456256553
7 3 990675277
17 24 846038245
11 10 88197979
2 31 819036460
32 15 657064549
19 18 511033636
32 22 355678500
28 25 579845505
12 19 873332058
7 27 822754837
6 28 10762685
1 14 252881842
25 6 712166563
26 13 653486614
4 27 982475784
32 10 608752818
4 10 372300518
12 3 386111837
26 2 953009218
31 23 842264972
1 11 736054899
7 18 78617029
25 5 478247718
17 26 806231126
2 11 66052802
15 32 35653180
26 15 316682294
6 22 902026941
8 17 768372342
16 26 113456379
22 3 381060722
8 20 242282489
19 1 947934296
24 9 674937834
24 21 351310349
3 1 575914401
22 29 563099329
21 7 820011264
14 10 523188774
9 24 689231497
8 19 949809725
7 30 428295761
31 10 193927096
2 9 533182843
23 6 448628099
13 2 797862917
22 15 43750687
14 25 379639130
20 31 194275059
16 6 554501048
4 20 250466307
12 18 342544798
15 24 419547779
5 14 786769674
3 14 310092799
16 7 141755281
18 9 728511794
18 24 669098504
1 20 157116754
14 11 91578334
24 3 388452927
30 22 909261682
14 24 724345376
24 29 384757239
10 6 307008136
7 29 760053654
26 29 808928592
23 16 649213637
4 25 251103904
31 21 356427776
15 17 656503086
20 5 10534722
27 4 263426389
27 31 777469766
20 29 582419711
1 17 774016192
24 17 384641130
25 30 848001486
32 30 568055461
8 5 14102412
32 20 301175920
29 32 555741080
11 17 618264102
6 3 806596451
18 6 964491984
30 17 193962555
17 29 337337017
22 24 872244052
26 11 210477801
13 5 514052705
12 28 923786401
7 22 699689450
3 16 429014411
3 31 721499049
11 31 980194072
25 21 570579621
8 31 768939939
20 4 728360387
15 23 422418875
12 17 334895432
19 2 101713592
17 10 620437879
4 24 634415107
26 28 107480602
14 3 577690056
3 28 478146271
24 23 747890546
32 21 431264194
3 4 785311838
27 25 941572466
20 13 42216396
1 12 603709534
27 23 619590943
24 20 583705289
8 26 83787764
16 11 621720641
29 28 661804725
29 18 316109874
10 17 768630714
2 13 868119761
3 26 842692231
15 12 197891350
15 25 944990134
9 18 842705998
10 12 849540375
15 8 951282669
4 11 452396791
31 13 560405628
20 19 245727575
22 18 229108767
7 13 962362090
