32 399 819
2 32 102947059
13 18 308747045
8 30 280425910
25 22 952006702
30 26 215358268
12 11 696568889
30 4 111959021
6 4 319801839
32 13 213067711
7 26 199319425
31 14 915795403
6 12 363271528
28 3 520276836
11 27 322194178
5 32 661840501
29 25 735105696
7 22 923071690
15 29 810058292
6 16 901563499
17 8 557702265
20 21 439379118
24 18 839887050
4 15 582273711
1 32 770971882
32 12 745172785
17 28 595429502
29 31 63092891
13 32 195476427
10 13 75224131
1 22 430380603
10 18 655890556
21 16 283633886
11 7 150025727
6 11 26419364
25 19 202842577
12 22 585545363
11 19 663147653
14 23 239514916
32 5 585828248
22 3 664311859
6 20 11606597
20 2 392442129
24 7 926964356
3 8 254520914
26 2 781321830
24 4 836369883
13 24 568880828
12 23 419652062
31 32 234784660
4 23 394836827
2 8 260993452
19 6 722493439
22 18 157195387
15 12 911904660
27 24 830185901
7 27 306747651
18 24 51120298
19 26 138616835
32 2 691096635
9 10 714301242
23 2 918371838
25 14 66004718
4 28 571180026
12 28 961888418
15 23 707086206
4 12 661742256
17 10 571375706
18 23 632138610
20 9 666975801
31 27 211755916
32 21 849315142
32 15 72933527
3 11 955890954
15 24 762026923
31 17 137367411
11 28 281091016
29 17 928843402
17 13 441078287
17 26 996669995
23 22 151200535
25 3 670572568
12 10 60437530
11 13 511662491
22 17 108809068
19 18 708209631
29 13 76974145
6 32 431646708
6 26 713946010
32 11 590417470
32 16 541684267
8 27 733032016
24 25 377361718
23 3 869169161
32 4 888821492
10 14 872090534
13 4 590745935
16 15 415592082
14 18 190727976
27 1 179237084
25 23 60485379
30 19 373549412
16 29 231735320
21 32 314342484
18 8 600914425
5 14 485759060
8 16 807844407
7 19 244461404
19 32 703921728
4 1 788850404
11 23 46740325
29 21 483879384
24 20 567702502
19 30 615617573
25 29 125654205
26 20 845947508
26 28 202411636
25 30 472441870
32 10 352086794
8 14 434473831
23 1 715676280
7 4 403564306
11 24 614893818
4 32 688181481
6 25 513948284
30 12 206845752
1 20 296201284
27 18 683254838
23 6 935345389
31 19 270475043
6 7 799969555
28 26 737467886
26 23 809919185
6 17 893536864
15 6 978387574
15 25 393244912
30 23 535832211
20 23 84628578
27 32 475326773
15 19 308399418
14 20 116511346
17 12 880632031
29 16 505870717
17 3 332999990
32 24 704359779
16 4 892896888
12 32 754310762
26 6 930744921
7 31 994989416
5 4 785582833
19 21 549478020
18 10 144472878
7 9 945206154
17 31 122858512
10 24 886680350
27 3 289273078
30 5 68103373
16 3 545760539
15 4 218804231
10 1 34631248
26 9 731589073
23 24 809649823
25 4 767082191
32 7 327576436
10 16 94591340
21 8 134617418
13 16 523134121
18 20 152991149
14 26 349881418
2 19 492493091
27 7 485034958
2 10 755313789
1 8 348963116
1 24 617790548
5 3 890102486
1 27 687828676
10 19 605618809
1 5 526514442
31 16 902782461
32 25 511359629
30 10 992072264
5 11 272289851
7 20 339234904
13 6 667745823
21 25 186489174
28 29 95365851
3 29 810819915
19 9 754568442
17 19 946551938
2 13 87423342
26 10 927011578
16 20 382680034
24 3 964046042
10 31 998946266
31 13 947173897
31 25 684963019
30 31 99524346
23 28 230982859
26 11 483970640
2 16 317972961
2 30 193257449
3 7 849553735
18 9 764864308
21 13 669215888
29 14 560241212
1 2 89952092
27 26 606046394
13 1 507667848
12 8 559350271
2 20 6739045
8 11 730185024
14 11 493165864
19 2 484523412
24 10 956892721
27 22 73119627
8 10 64234799
15 14 732935993
15 11 425951943
26 18 516891214
4 17 266756305
4 19 985567283
13 19 118509768
24 16 560073816
32 22 702552157
18 6 491919906
32 28 453522565
29 23 990159468
19 13 223634758
2 12 455296801
4 10 625798502
22 12 396836340
14 22 973924278
11 32 723287636
31 8 992582015
20 22 613571480
2 3 160984584
22 21 421090609
18 29 910746833
9 25 481111121
29 2 62506304
27 4 808835558
2 29 909688039
25 26 2196687
24 13 297365592
18 11 342871447
14 1 54248004
16 11 622121304
27 23 239564382
27 12 459242133
8 20 635497647
3 16 771203255
21 12 701062660
30 6 860265089
29 15 931656520
14 27 758546578
3 15 924800433
13 23 732621875
31 23 128427987
25 21 248516682
25 24 372082481
7 6 786052699
10 8 462379634
18 14 784710924
9 4 742600329
1 18 103555122
31 20 453816646
23 26 20995205
8 13 546256921
19 24 662285544
12 26 698448424
27 30 921432365
3 9 544311605
5 7 717566743
31 6 361583101
1 9 935067202
30 18 644710136
5 18 824626013
2 26 386310543
28 16 350263584
30 7 598449038
23 14 703187930
29 6 206316851
23 16 746439108
14 25 77537292
28 9 781249417
1 16 357700572
31 10 862199939
13 7 222003742
8 4 628462955
11 16 126925873
6 3 606239402
30 8 49538300
10 27 507180788
1 3 582456949
27 8 164308175
24 19 755932406
20 30 259943388
23 29 955906036
16 5 504871340
3 25 90228747
9 29 744006607
30 21 206518287
21 2 981961041
26 15 379070964
22 29 689442093
29 7 485091869
14 5 868914796
10 25 818474937
3 10 12954170
25 17 425951855
18 12 663364961
13 31 90361452
9 2 945720015
31 5 862692063
31 18 321274140
22 14 525778036
27 28 659351393
13 26 876900900
27 21 71678851
24 32 100434387
12 6 933657125
14 8 44628685
18 16 309007152
24 26 286952759
31 2 48352873
1 31 856546541
28 7 841616110
15 28 654830670
28 1 248960879
24 22 763256640
15 9 400630736
32 20 563050932
17 5 657964767
15 22 394605115
12 24 980852897
14 32 935579710
2 11 886730633
13 8 348372759
30 29 594702565
6 18 806430840
32 18 162782695
20 28 298043536
3 14 431513345
11 29 794453823
29 12 91055945
30 1 618300673
4 29 956665066
8 9 737573008
6 24 757225541
31 9 283557190
2 15 674122566
1 14 374231412
26 27 859001331
29 27 688841944
24 23 342606145
1 17 771019853
30 11 862566904
26 32 315092767
30 9 747979424
15 20 141462354
21 6 575156361
31 4 877673739
13 2 96421939
3 31 547794715
10 23 537500585
3 1 702942394
28 30 710129831
12 29 608170911
18 5 705969268
2 6 908694039
28 14 913640361
29 1 345620471
11 18 642930412
17 25 699720049
3 2 15090770
19 16 867205135
11 26 234869999
14 16 234131640
13 12 660563538
2 31 800316441
23 17 411088236
30 3 579649751
30 14 446968444
16 14 813801487
28 2 603103380
2 22 61018964
17 20 497821211
27 20 928797729
3 27 418410849
19 20 928717129
9 32 578069006
12 27 292278633
20 17 293126734
13 29 593679630
22 31 627681530
31 12 647349207
25 10 871094138
27 13 960558215
32 27 720760383
28 8 754528097
20 8 717529843
9 7 437381418
15 18 860145027
27 15 887791681
27 17 703620296
1 19 275529725
9 15 135251481
12 15 376819983
21 6 300626709
17 25 987220633
7 5 488098191
11 4 911495479
3 1 53017437
32 26 863365421
24 22 427870293
14 26 656135210
14 10 159947410
25 19 578281367
7 26 997721894
16 12 162463894
26 16 75556818
10 28 3141071
15 5 464362154
5 16 892131954
22 10 701944761
23 6 468938958
9 30 941676024
19 27 948674644
11 13 158026604
32 21 883671684
5 13 233981559
9 8 787647990
11 26 929563599
7 2 862067083
3 18 384717854
25 8 759127539
20 17 63906685
16 28 231425846
27 22 690534203
16 5 930165919
18 19 293558213
4 3 538742784
1 30 128614804
6 19 538455659
22 4 635655183
14 7 697457481
2 15 887919557
15 12 272736359
3 2 845600911
2 9 251957893
15 28 476581667
2 30 142157556
10 8 328597541
27 20 424272231
28 7 433504849
7 24 142407375
26 28 1731356
22 31 914588229
6 25 538196740
5 9 350574975
5 15 799721558
31 18 237038530
31 28 179129815
9 10 175318244
11 24 51879564
6 16 257477885
1 3 409641041
21 31 786783427
26 8 547904499
26 21 471201215
26 19 846225077
30 28 696708648
24 25 431160933
19 13 212089721
4 29 81006948
12 17 511038157
4 19 90989514
8 15 954297788
25 24 256943110
24 9 460911475
3 4 347404002
32 17 745272690
6 26 489529447
31 1 543528809
10 21 73647781
7 10 671890246
11 18 74845667
10 30 465969321
7 4 355879445
8 1 218204907
28 1 139565199
20 6 642855903
31 17 504258864
22 18 735342291
3 8 449625822
26 1 854265115
15 20 718128051
1 18 289164575
17 3 207497425
17 23 60331845
23 8 637961595
28 9 996848758
32 18 947088689
21 32 935999457
8 18 248450102
27 3 337097793
15 31 424288421
30 32 113876043
23 9 696698847
18 25 993064221
28 23 986554873
20 9 42304208
22 26 302401236
9 25 73219708
13 24 732531604
2 25 57211197
17 18 179013127
16 17 144595811
14 22 299929507
3 14 208599237
1 31 38012580
8 27 616031260
1 16 7480210
9 24 365484801
22 32 454097365
5 10 800729373
18 10 296113414
10 17 478613939
13 15 946533000
20 30 159398838
29 1 333065275
31 11 672373197
22 19 970668301
14 31 753895533
18 3 257182027
16 10 58158576
32 31 390353701
22 29 215356189
11 20 766406219
27 21 825661331
22 5 83124526
6 12 193698490
15 2 321196359
16 4 7010089
2 13 832416474
25 1 849701435
19 14 648945873
2 8 77344572
10 15 953438294
24 23 797188324
5 3 52087184
25 27 691104410
10 16 575182797
22 28 940508415
13 30 477446239
5 32 195221472
30 5 132221284
27 2 955975421
15 8 479408498
6 31 76716054
5 17 983293864
6 32 232473826
12 13 3913119
3 32 784783511
26 18 657614160
10 4 523139596
21 2 422636775
20 31 980984965
11 6 850641481
31 23 386318350
18 22 675285675
8 13 733122534
15 1 448023492
28 15 837340649
18 13 105393524
24 30 980678708
32 25 543010521
11 17 543765949
11 31 180768450
10 25 549440511
32 29 364005934
13 22 148892338
5 14 304878105
11 27 288977062
9 17 101123816
29 25 81099811
16 24 1171098
10 1 727888017
21 26 634594858
15 24 808314651
23 31 796473813
29 2 749301866
5 30 414275841
23 21 408920668
14 15 278815404
15 16 546737248
21 19 768590044
18 27 871909397
12 19 326873884
6 17 301214263
23 1 340238170
21 4 925499930
25 22 85107830
29 9 590096135
4 26 571942955
13 16 622592378
10 13 47448960
20 7 659762019
32 2 779435475
6 7 247370081
6 29 619738529
28 14 415954512
2 24 601043018
5 22 905834937
27 24 714513566
15 3 637221863
10 3 559377296
11 2 268916161
19 23 706027640
12 31 251258883
15 29 838885573
29 30 302044231
31 9 702662928
6 24 48020709
30 20 667770619
23 10 790761448
13 14 222545731
2 31 2804168
6 1 799061880
13 21 31970194
29 13 953117467
17 2 687486403
3 7 990291051
32 13 485090602
24 31 425045855
27 16 107682986
20 14 714847082
23 32 305150836
15 30 473130065
7 21 794622813
2 17 980899893
17 26 435899310
17 16 792655513
26 5 474153272
6 2 884500778
10 23 115822458
12 32 939393833
21 14 537707503
23 7 975871333
23 19 649824460
7 32 74275696
2 5 814674899
19 6 708628654
18 30 507332780
15 22 605244666
18 6 966645404
12 30 800158784
6 5 464557145
5 21 987902034
22 6 3084109
18 28 652246412
2 26 479839557
16 2 141537564
11 8 518468957
12 21 481107392
7 23 863519087
19 26 522867221
1 10 317825338
21 30 245046546
2 6 403073463
22 24 720683266
30 16 8686851
27 28 468457810
27 32 661342794
29 32 983697834
14 1 125072123
9 12 113501254
14 27 22213925
4 22 981693524
5 29 822779881
18 29 263030089
32 14 15283986
31 20 880792244
27 7 596125967
4 30 200414228
16 31 334323184
25 6 637032494
18 17 671203252
6 13 172118021
22 9 832407242
14 32 127708985
21 23 95989910
20 32 564266186
12 4 125163196
4 14 239770003
21 20 963849262
19 3 755874705
14 16 3359807
27 6 886129814
12 28 526236949
18 5 605927563
31 29 414478691
17 20 586786160
15 7 230460193
32 22 668672030
4 21 727825194
17 13 249519346
16 9 384939254
4 28 526926428
22 16 653544267
8 3 944730235
1 15 670315741
31 30 952388212
3 23 771342031
24 17 750863942
17 9 468069870
21 17 870465559
31 10 28907906
25 9 409622096
25 28 194880071
20 24 992705727
9 22 455825028
5 28 508886992
26 2 825372830
18 2 409728331
28 21 641884362
10 11 599864549
15 25 707737205
17 8 106460393
23 4 873759621
3 19 941503605
17 12 735520952
28 25 726940978
10 12 446069402
32 5 493972783
7 31 554594211
12 24 554632878
25 26 878599109
31 4 603710094
15 9 164056109
30 10 72112125
22 3 590317150
20 25 757798919
2 18 10945150
3 15 440875961
25 7 887444048
2 1 541570718
12 25 190591038
3 5 58508061
20 3 354934192
3 20 915026435
31 5 127518364
4 31 466996231
6 30 783572158
28 16 558528921
31 8 434159207
5 24 319450811
14 18 83041224
19 22 11152325
20 5 765892348
27 30 520916367
19 32 443560308
10 32 460984656
18 9 75269562
23 18 139406530
8 4 137821506
21 15 989105788
10 5 575412324
29 17 83744797
21 22 417196609
20 27 757678429
25 13 177305475
4 17 596350476
22 15 12210492
10 18 560384474
20 11 85393626
32 24 536768735
23 26 412152178
30 12 859901468
23 11 697504686
24 27 707822252
15 23 782983507
11 7 649108090
7 3 42822518
1 22 524963173
8 14 962106808
10 20 528311464
1 14 287385641
6 27 560127149
16 1 58379349
19 12 803492249
27 12 596142944
32 7 81086495
5 11 381531472
29 10 558430888
6 3 737100106
27 23 567202320
1 27 800977214
13 31 896811713
7 1 434973687
3 10 959212775
4 11 940757855
22 13 99536521
12 10 101550315
21 25 655730028
15 14 167993629
13 17 476625312
3 25 848105795
8 2 79295009
16 14 927395185
8 28 599444423
2 20 383547990
10 24 128168235
32 20 281475197
28 12 138479851
12 2 549948094
15 19 776829289
32 28 940517794
16 23 886904317
20 23 284896919
25 12 573629517
23 12 956957993
11 23 176687714
1 4 230123453
25 2 466872972
11 9 127229302
5 1 798080973
3 6 717244807
22 23 178261485
19 5 895568853
32 6 54039896
5 23 22959824
23 17 365203276
16 19 182393135
14 11 135772784
12 6 454169391
31 13 915802696
22 12 259260917
19 28 972495682
8 12 204823055
4 25 790917267
24 6 98517988
27 25 753995581
16 32 615362327
31 19 266747580
13 18 896054480
9 27 104888809
19 16 293311713
14 19 213449131
27 9 529149665
18 14 283953145
23 14 2842845
6 15 194556792
11 5 283183939
31 27 783627713
1 29 304255945
9 6 148670651
23 25 525404087
3 24 411797711
19 17 957650396
13 11 357491734
18 26 138813719
24 11 314014536
26 22 616160459
17 30 550073256
4 16 507291846
25 32 563663642
23 27 17958621
32 8 350038129
20 19 250904325
22 14 865627816
28 17 929668129
27 19 917494370
16 26 441829118
2 4 327808585
14 4 526150645
5 19 570754106
32 3 247647828
4 13 87087606
4 5 570978729
30 8 400726148
24 26 634908723
10 31 67121182
8 24 674487643
12 5 99825836
29 28 72157645
9 32 992561204
24 28 343954112
28 5 940497716
16 15 879761957
10 7 488522075
19 10 556881629
15 10 581543789
5 7 488104745
9 20 579357274
15 26 292767199
17 19 539155328
31 22 980853794
21 5 161444351
28 22 775951982
28 24 67675815
10 9 767521714
32 16 763345985
9 19 617128347
4 7 775847048
1 20 3251454
30 9 956821736
30 24 635049131
21 16 359711919
22 30 78088127
13 1 729414161
7 27 985985395
28 2 906328919
19 1 836598449
27 5 43184693
24 5 241882636
17 4 335745768
27 29 795237621
23 3 865087046
8 20 322145517
22 21 851274434
24 20 349522666
8 5 660704999
5 27 723512947
21 29 112478046
1 32 295898229
16 27 553933866
29 27 646480555
1 25 537415057
9 26 993175073
7 8 797964449
29 31 665534688
30 11 535627189
31 14 1023618
20 29 322958319
15 32 647007359
19 31 459194503
9 28 93996408
29 3 781213967
20 26 389151046
28 20 716559349
7 12 98696444
11 29 634243581
1 12 226561581
26 7 898078231
12 8 111922023
25 16 475129721
24 3 661836077
19 29 752066785
1 24 15044255
24 21 752187341
11 16 512102532
13 27 872949204
14 23 243829178
9 18 983956576
11 15 805311014
3 16 452202895
8 21 345635674
21 7 257730592
8 22 539082506
14 30 460926773
25 11 799262538
4 1 363872826
13 4 320392595
21 3 941062628
21 9 717129577
11 32 12367681
28 4 990083755
13 6 478376620
9 5 920176759
18 16 122516084
18 15 341351044
6 22 631840456
20 2 787813034
10 19 61202076
7 15 71256107
29 7 18074731
32 27 550997254
6 18 25688268
4 9 782660707
16 21 345638269
26 31 15242245
8 23 681594555
13 10 794244746
32 1 223150802
24 14 833970496
29 26 596911462
15 6 85739143
19 24 289583580
15 13 517719356
24 16 322335592
1 6 347514978
19 9 54972802
4 10 233142032
25 30 725516822
15 27 99554035
7 29 81292892
12 7 393727312
23 30 871588663
18 1 875277644
14 5 633073943
30 23 420684727
11 21 415697719
21 24 737603657
30 21 183800830
12 3 660575625
31 21 487435702
18 7 998956764
8 16 580133792
9 4 872233792
28 8 269755583
19 21 228449303
30 2 754501816
19 15 282976340
31 6 271954967
16 7 897585463
4 18 472484440
29 12 901089842
30 19 195495009
4 23 412146839
20 18 461882035
16 11 862511959
29 4 997087690
31 2 512569496
13 26 103699904
21 27 79589130
22 7 153737964
16 13 283811317
8 19 882466527
24 8 782973863
24 10 987647707
15 4 383934151
9 2 506159748
3 28 585970898
26 10 263161934
9 23 49698979
10 26 682572332
30 17 780816643
8 31 809680368
20 15 146058470
27 10 132008506
24 29 574395509
6 11 154869840
32 23 553228324
26 13 136569427
25 29 824818289
31 24 529258365
14 12 798342330
30 1 558681948
21 18 919672608
5 20 208157119
23 24 889721
4 20 275147796
2 22 869277454
29 19 467684309
11 19 273718548
28 30 248896992
17 27 533483770
3 21 772945790
30 22 958532958
29 16 471243688
13 32 392208627
28 31 744028109
30 6 535281758
6 10 539739277
17 15 611279159
9 3 398932781
2 23 628293795
10 22 897230097
11 22 532319673
3 12 876580433
25 23 19919984
16 22 640082694
23 29 789249114
24 18 488458271
15 11 820116198
4 2 19806101
5 26 465138980
20 12 565213682
17 11 847413651
20 22 884082341
28 3 678108818
8 26 207959151
7 13 856324964
26 27 904717018
2 7 970700953
28 10 386586063
5 25 804128888
25 14 141618790
18 31 802323238
3 13 312388891
2 16 844292725
4 24 280861026
26 23 964118436
3 26 618578470
8 29 100040289
12 9 631477542
13 5 56371440
1 9 708614545
18 23 34006531
3 17 937683471
18 4 272632835
7 11 357868339
15 21 274992324
27 4 27999500
17 24 352435490
27 1 591729473
30 3 867725001
29 20 680427496
20 10 952826323
18 32 850334624
10 6 777477846
9 1 410422744
23 16 429290522
7 14 183905764
19 30 694915014
11 1 805512029
17 5 129386239
26 17 895130938
32 11 842459939
12 29 213664166
31 7 873343455
12 14 519362562
20 4 747907109
7 30 190613968
7 25 629752462
23 28 342671466
21 13 867618514
21 10 909075355
32 12 503737696
26 6 513105839
11 3 278935470
25 15 128581647
26 30 905623953
13 23 289108526
3 11 339779420
24 15 105248267
3 29 510275773
7 19 471929377
13 8 384506122
6 4 638866525
20 1 161675560
24 7 946723569
28 29 285778486
14 25 250313621
13 19 506687202
7 18 864214794
8 17 415669056
29 24 682135886
31 25 697389763
12 11 953932383
26 14 790381671
17 14 80433863
12 18 190750671
14 28 5839599
29 14 75050113
4 15 693131193
23 5 317931177
30 27 571101193
18 12 74907059
2 12 178355152
9 31 11040582
31 26 45638542
30 29 858617945
21 11 266677230
2 10 366612707
29 23 707313772
13 2 783816444
28 19 798278665
6 21 423138804
5 6 269244750
16 30 610931718
13 3 986632265
14 13 566030209
31 12 198456634
17 22 593076123
25 5 159055114
13 28 258617981
25 21 958416266
22 2 712168994
23 2 580246405
20 13 947981338
6 9 657647310
25 4 814620014
17 7 298969156
4 6 481551935
31 15 440556556
2 14 210556875
22 1 691229250
26 3 16295539
6 8 179716477
20 28 159772190
29 5 43633675
25 18 613818123
21 12 899846587
6 20 904491981
25 17 19448758
6 28 379563113
14 8 238979110
9 16 621385020
16 20 49434355
26 15 54037689
20 16 369147586
32 15 54848704
24 12 366122884
22 20 615699727
32 9 918137589
21 28 157691116
32 19 621119721
1 28 738778363
2 27 48564602
7 9 294720110
1 7 503477458
25 31 457965398
19 4 340088495
12 20 56463546
1 11 534538172
11 30 991065824
31 32 209875861
