32 686 248
20 14 366198441
22 9 970390752
26 7 817168183
10 7 485568746
6 5 130044263
29 28 945889044
20 16 349805000
10 19 163309370
16 7 200036564
23 20 933228117
29 24 270830693
19 25 696745429
29 12 850493841
21 15 375841025
24 15 706833688
28 13 866271238
9 26 722777173
11 4 36544154
30 19 516285925
24 22 176658194
15 6 361583399
5 32 872813508
26 6 252080747
11 2 276091377
4 32 100089847
8 32 797332264
5 2 243964003
22 18 867130389
11 25 925703102
1 32 959143851
2 4 40683607
5 9 772207540
6 2 283534173
1 28 720885873
3 17 191457692
21 8 53095497
25 23 728584024
12 3 10874301
30 10 41717813
16 24 143938903
24 29 666954441
14 22 764616053
6 13 765416173
20 23 214959269
20 2 526989646
14 28 969025198
22 26 577959987
5 11 189801535
13 5 484042166
24 11 747042811
24 23 981794420
5 14 772199335
32 1 959743836
25 15 285599662
4 9 922918288
1 4 197906686
13 29 83708316
9 13 960457742
21 10 88124463
24 31 981247781
22 19 234545291
13 1 170770526
6 9 353390277
10 5 144006924
4 2 144742051
6 12 855197026
9 23 283029881
14 3 427049827
14 4 168955572
31 28 109286873
15 20 5291812
20 3 670754939
8 7 865381078
12 6 779572957
5 22 841261218
17 16 209950998
23 31 693099803
5 26 816173615
1 27 969724710
25 11 190316953
2 15 467855338
21 22 516583723
15 5 270846009
28 7 663611370
4 19 795103336
16 20 218337416
8 9 302155961
20 19 97614415
10 30 579791295
5 19 849030880
31 17 951876636
7 13 596985831
3 11 534866107
3 18 334291130
22 11 636693510
27 14 541373064
32 24 845527243
18 12 80326402
22 12 657808632
19 7 993980871
26 14 965683885
9 21 597138208
19 16 458702185
18 9 719397775
28 23 244232180
26 16 813063236
26 29 472391457
21 2 918178552
13 7 996324411
31 16 942738365
18 4 264071638
31 19 109891337
21 24 198708188
25 17 921283638
16 27 884263004
27 10 853272114
31 12 396509651
14 31 964935360
2 28 169422567
11 31 780220798
16 3 310709034
12 10 891712575
16 1 819801698
1 22 282948939
18 5 116549096
30 17 858912675
2 24 692753490
27 22 611105196
30 4 389392925
15 28 336656201
30 16 986558094
1 17 14111710
20 7 990852208
7 14 825851974
17 11 769254930
26 22 789956605
13 30 635044226
3 19 524263650
29 4 733056302
2 22 62578015
26 17 84567044
6 30 995637304
29 3 596195333
17 29 397340466
27 13 94547071
19 12 505539977
29 23 525007244
12 5 627003388
1 19 992260064
15 7 831666053
14 32 422925781
12 4 260311683
9 25 876981167
25 22 177929094
19 6 433720396
1 6 751564781
24 8 92846083
19 32 374763589
10 14 315977517
2 10 789543734
18 21 308745248
12 14 45625478
2 20 107865183
29 32 18608819
7 26 262552024
13 32 154629970
11 29 530221516
32 27 714532675
30 32 501559342
32 2 368248562
14 23 996557342
24 25 617055553
26 5 209892983
5 12 679100590
15 12 38986710
2 6 606285049
28 8 346871501
21 23 225113527
13 22 292637325
10 25 996715509
10 16 406112817
3 13 93663043
11 21 636707910
16 11 497363151
25 30 847376272
18 22 914130864
16 9 112043077
11 13 274041536
28 6 174772430
7 17 3473129
25 18 345032390
16 31 938122294
8 19 79500435
28 19 948058749
15 31 112276286
24 20 47972156
4 21 159042336
26 15 152633257
29 18 574281009
11 23 318951478
31 21 758520933
5 16 982866065
31 6 472233917
25 2 479481346
24 12 854208350
11 26 245889429
17 14 849552440
18 8 97124553
17 15 841272405
22 28 869434725
11 6 91427478
10 6 731520981
9 8 686353388
1 7 330121293
6 3 862007518
1 18 931993224
6 16 950671308
4 7 416901141
27 23 268282367
14 1 465121216
18 3 494762411
30 28 436198673
32 17 481635908
15 21 969448916
17 13 752034280
4 17 718776278
28 2 400731927
16 22 348488280
20 6 282561689
6 10 816720079
16 4 343707667
14 20 644768758
21 11 952402547
24 19 599988669
28 30 778971985
7 29 686694852
9 6 426675178
2 3 473732212
20 27 569630779
29 7 689015987
25 10 668367113
2 12 333855637
26 8 414455353
9 7 758952295
8 25 93552219
2 8 933080000
27 4 614316185
17 18 212134136
25 7 390647556
20 10 246386704
20 29 72487774
25 31 51587535
26 32 134638541
13 9 760391230
32 20 270571869
19 9 117877913
26 19 700938535
21 14 597732251
24 3 671933797
19 27 273918275
9 30 526193570
15 13 847420418
19 17 518365552
6 21 520982320
11 10 409216042
10 18 99605357
25 28 563906821
15 27 813873672
5 23 319458260
24 30 71354605
6 32 428782852
6 31 653316657
7 6 935860785
24 27 821662187
15 18 90712330
5 3 615436046
7 4 66725164
8 24 639299834
22 23 153806976
7 15 950421719
23 21 37544708
17 5 384149654
5 30 613177393
32 5 556878704
23 6 97814421
6 8 280732258
21 32 652033686
4 5 660822677
3 15 284421379
8 23 24490737
24 32 524433117
5 27 428774532
30 18 461442787
4 22 571933278
29 15 664380625
3 1 854166783
19 13 79567417
3 14 882712404
21 3 702253397
26 30 445357272
13 25 233725712
30 1 399584502
29 22 434086002
9 12 623188137
32 26 954980395
25 14 476273579
22 24 907778894
7 18 858896454
32 7 754134681
28 15 445927768
22 7 77454812
30 3 545954136
13 24 320894243
4 27 134087674
6 29 370752604
13 31 322016510
18 27 658268357
7 20 655042561
17 32 933736240
17 2 462828788
20 21 102038396
2 23 216746026
29 27 150658961
9 5 520709526
32 31 966424621
3 8 782357558
16 21 510091590
26 12 755940963
11 20 397212137
18 25 229532207
13 6 845001082
21 25 47267520
3 6 157972794
11 1 620295569
23 3 414822331
2 19 231999351
14 12 95356062
20 1 966088474
30 12 474150660
30 31 315676157
1 20 209908613
2 27 366448224
27 5 924180379
28 16 3626234
29 17 814914961
31 11 69969833
8 14 986745255
1 12 509663512
5 29 996290909
3 26 412653563
22 8 250699628
28 17 173047755
29 26 451237233
32 10 28577195
6 18 673295884
32 16 386187690
29 8 275164819
8 3 405502025
31 15 987192300
11 14 459198895
19 18 529125699
30 6 687140962
19 1 650580668
9 22 507534095
9 4 250783378
29 31 938393098
17 26 55557494
30 20 468915025
10 20 583494742
7 3 390200171
28 26 158994869
20 8 47497153
29 1 904623351
5 25 852469895
26 11 375228516
8 12 476232937
12 20 877386307
22 16 825112677
12 28 278330741
20 18 175210130
16 19 239928726
1 24 33391551
7 23 298195602
30 7 925470948
10 1 939125769
18 24 813873299
14 16 626024702
29 25 790609747
18 20 838323992
2 30 581922825
14 18 52342802
12 19 321614516
26 20 503711873
7 30 375231297
27 19 766344351
22 15 476533259
9 15 374389884
1 5 361924324
5 20 160844614
12 27 525967601
28 9 159543010
32 9 572523542
21 18 39518401
13 10 555643352
2 32 261748026
30 21 34867644
31 24 720824269
18 28 397035165
10 9 218934824
1 23 677994399
5 24 246558905
7 10 19618417
7 19 48929524
27 25 721373910
27 15 731288252
14 26 869862147
6 4 651973591
30 23 270053727
19 24 314798055
12 31 739094070
3 30 872392671
28 24 166083276
8 4 555974564
5 31 777114452
2 31 615467647
7 16 510171822
6 26 734285150
3 12 858800613
9 32 572595941
21 6 988561639
20 11 669387341
23 18 574851559
12 24 603376740
29 11 367747942
26 24 943401519
27 7 917767311
6 17 642157294
27 31 436122011
8 10 44778596
6 23 280951556
7 1 610234756
15 16 351140756
8 1 823988125
8 27 304682046
26 2 221642791
20 24 301447771
16 30 431514515
19 10 450752936
14 29 447650265
10 32 552107758
28 18 665703570
3 24 606365255
15 19 618931032
31 5 933430678
12 25 282476693
8 31 560259640
8 17 340490522
9 17 221962383
16 15 782924759
15 10 744691060
32 21 251132516
15 11 396333599
31 26 13178204
22 31 929782310
3 32 33231138
22 25 690037190
4 12 68837041
11 9 921921748
26 23 1762417
8 21 137976222
19 31 525158632
28 4 743133265
23 24 929454940
28 22 852148442
6 28 816980398
4 11 92348059
3 4 56100644
4 6 304066927
16 17 271795643
31 1 587476527
11 18 412776044
23 15 306077744
17 20 745482862
27 17 727385337
15 30 274387361
3 22 264309346
28 31 909130902
17 10 585355704
19 23 456371809
22 21 482277754
24 13 167352981
32 15 988263620
1 14 68158557
31 25 19206741
10 23 655495059
21 16 520130190
11 24 934478980
15 3 82590029
4 10 641983105
12 2 885412657
25 24 969829419
27 28 352407016
18 29 532126043
9 27 147611136
15 1 937934991
8 2 472709668
30 2 407182934
12 30 283807539
5 17 301230652
23 17 549733411
19 4 217115038
13 14 583413776
2 13 416161286
21 26 694981507
31 4 532476842
15 29 648865097
9 2 399992048
27 6 708464514
20 31 577170464
17 19 733426093
31 8 959454661
8 5 834374227
7 2 835674570
30 27 955268114
10 29 861692563
12 32 850658480
26 1 317195275
27 16 731476469
9 1 597801586
18 1 445368050
10 13 886577653
11 12 321001249
19 28 69699291
28 20 600362149
23 9 340967093
8 20 281370842
9 11 174406716
12 23 97762166
8 16 753664529
26 25 800929784
23 19 563682720
29 16 956608434
21 12 55162918
4 25 524962907
23 28 69790680
17 12 301588399
12 8 845132864
20 12 751839313
7 25 56734353
32 11 339392321
11 22 748759460
4 28 121907857
25 8 523782149
22 6 369650048
30 29 544486973
24 28 109827844
26 9 658099929
1 16 284352454
31 29 948451800
30 22 720362844
27 8 423419192
8 18 547997690
6 20 36157816
31 9 20696009
26 13 888300427
2 9 112231201
1 9 271006197
22 32 672708151
32 12 712751567
4 3 586463027
22 13 413058022
18 17 594897204
12 18 6650975
21 1 729672496
11 15 837123958
15 22 735553341
18 7 775077299
13 28 934804564
17 4 500308630
27 12 479765417
11 8 658396222
20 25 745366698
7 8 597042548
19 22 536354447
14 13 632269462
31 2 500223422
7 9 457367464
16 6 68283125
28 29 660416625
20 30 23442361
24 14 579976120
18 15 57800400
2 11 820386333
9 14 805805013
2 21 460313297
8 15 38036979
13 17 706611738
26 3 73229423
23 1 997611279
6 11 541530041
18 30 650870255
4 31 519963992
6 27 852766627
22 30 286710514
17 27 208048402
1 3 859052490
25 9 19785787
18 23 633585588
27 20 968634607
12 9 292870927
3 27 149944719
28 12 272551046
12 16 113066985
26 27 794980856
31 20 622179469
26 31 127328800
23 10 976997704
9 19 80725019
19 30 826540447
22 10 434637869
32 13 738793004
16 18 606997977
10 26 718538695
9 18 927865230
18 26 715811403
16 5 784214868
5 7 673642135
18 31 113069113
10 12 424552878
24 9 525268058
31 30 62738260
4 1 548915755
30 9 336463029
16 8 63669528
20 9 98775356
8 6 894115112
12 21 311816632
16 25 411167038
23 25 77479779
25 19 302845246
2 17 57988910
28 1 652538293
24 10 574291091
14 9 642178966
8 30 645080742
20 4 62217832
28 5 588327429
14 11 895679761
10 11 225553926
28 32 341079773
3 28 186900548
22 17 740330192
16 12 147921233
31 22 987919588
22 5 33859424
25 32 919198922
5 1 97756792
6 24 344071067
27 9 227529510
14 25 50940107
16 32 937809908
23 14 124224199
27 30 803805673
17 31 811012409
5 21 905167564
27 32 856942680
2 18 209767049
16 29 790454817
4 13 227042068
12 13 429119743
5 4 645790990
13 3 313050551
23 22 461798949
5 6 223171273
5 10 845149389
8 26 478137714
1 10 646833283
6 22 174776446
3 31 807068078
11 32 590761570
29 5 677406621
24 16 603476214
2 25 952214687
25 20 675730608
10 21 193645863
17 21 215485208
11 19 282065509
6 29 325505352
22 27 783989617
28 18 448867492
27 32 378056714
30 24 509878729
29 5 965387820
7 27 769853184
6 2 135754636
8 23 16090723
11 4 151224298
9 13 725528513
7 28 723994811
7 31 111798152
31 11 10457000
14 10 492521626
13 30 56754098
22 8 999538155
11 6 575685553
28 2 51148158
4 1 682215898
15 1 193774006
5 10 301747042
16 21 890966984
11 24 774470659
23 25 275413287
31 12 912900335
15 24 398252767
5 12 139322740
15 3 739537534
15 8 740839999
2 30 906539195
10 24 916284102
24 25 401307539
22 1 408759637
1 29 295246157
23 8 616041299
7 6 817076382
20 3 902419735
13 9 210480290
3 15 308302669
23 28 753671220
24 13 163639412
29 23 21605242
26 24 124988887
17 26 328273833
24 18 396934777
8 13 222325967
8 24 167235746
9 10 463928663
4 21 659568865
27 7 346603844
6 16 186406606
8 22 736716910
27 12 145683980
16 12 737531337
29 10 879463008
23 24 732046194
19 26 390826807
16 20 938937738
18 13 630791975
8 15 713841927
26 22 430193856
12 5 867362413
28 23 8998120
1 24 131694521
19 10 517915437
11 3 208783778
9 16 743087671
28 19 752596668
27 4 544257679
20 23 789228619
32 31 790890960
5 30 713844307
5 23 186845351
15 6 200530590
31 29 405459412
22 20 470858785
2 7 495838470
28 29 456058018
18 12 818125005
25 26 569682974
20 2 344114334
16 30 321576109
18 9 804174475
9 17 644410080
12 27 556883365
32 16 730507569
7 22 502203062
10 9 101415374
24 16 292733421
25 13 560913308
1 31 719207302
32 4 681237115
3 25 784843835
16 3 700733085
16 2 312429424
3 6 555729158
6 1 737570531
32 27 888225195
31 22 858662791
24 5 582387681
2 22 809651151
12 16 503835891
6 30 441699584
14 29 632174763
10 21 226862478
13 25 163547271
18 19 462675171
29 16 229205670
2 18 740898897
18 22 356364766
30 32 771912989
18 1 358314818
13 15 183693389
15 22 335630310
22 32 771430749
32 11 270589068
15 27 944230202
15 30 762907243
29 22 381879137
9 2 726962975
15 5 312458333
2 20 180025341
17 4 569857403
28 11 93321033
18 11 901195501
3 9 281669780
12 23 868470413
7 26 533413336
30 2 273021017
13 18 103831817
2 27 129829469
7 32 654375881
25 6 907777092
28 21 256803804
28 16 842363467
25 18 845957146
25 15 435328409
9 12 710900953
3 16 638348980
13 6 194745417
21 25 605503827
32 1 297118442
32 3 613715273
21 5 370366036
17 25 554126911
32 26 869199993
30 25 457704998
19 30 976765133
29 21 820757671
7 1 571170886
17 7 587753228
11 23 879347446
24 30 551339467
20 13 549643487
23 3 615471056
6 13 174159551
6 3 470469521
25 17 10415847
5 22 295447707
6 27 139082321
29 31 990753287
24 14 924627963
20 15 323527575
4 26 28536292
32 6 794084867
11 7 597821376
20 28 617071525
19 5 234223641
9 5 479063422
4 31 145479449
4 15 385715920
32 13 614552961
13 3 70728764
13 27 278121962
1 12 233956034
22 17 634630831
16 7 510406597
28 26 207240315
8 9 815840125
19 7 732997839
23 12 206541275
9 32 985539820
11 29 640068096
20 1 331392376
12 30 113136664
19 13 229309761
30 7 739496309
2 6 846856869
28 10 697407966
9 30 165397822
5 2 25037599
9 19 671067638
2 21 569410108
3 4 147914708
18 14 786490946
9 29 274024467
13 5 508528715
10 11 331192383
24 11 346819103
5 14 216873681
17 14 418301025
25 31 104839458
8 32 173741185
27 31 510849804
26 32 214471204
11 10 399073134
1 7 633649908
13 16 953966095
6 26 724668324
6 14 520825679
31 6 587864827
16 1 442405630
28 17 856586453
23 10 902388997
29 18 298962917
26 3 395068630
16 8 252275701
23 11 193924294
14 8 453787567
8 12 280397590
3 22 490122913
7 2 488861329
20 24 501588952
30 14 669472608
11 17 254430086
16 10 213745168
4 25 323939564
23 31 359201974
27 20 134858257
21 32 874024076
14 22 301229484
31 28 964517838
19 2 749554651
9 14 409280061
32 10 221417937
14 6 745386026
32 28 76415808
13 14 579626837
21 24 608608177
3 2 612302287
6 9 590536745
4 12 226290535
4 3 269979791
14 1 711087172
30 3 592252385
27 18 523345197
