50 1150 1284
32 2 6443515
9 50 99204610
21 19 54462949
39 2 611136494
45 38 533699879
28 7 985784443
43 22 504948551
16 15 313309727
22 4 637779676
35 3 875414483
34 7 518871049
13 46 935440857
34 23 639952850
21 24 204622226
39 36 224551098
1 33 266570360
15 4 776143946
37 29 165413068
24 22 500463533
16 7 713774201
46 41 588577034
10 18 952404776
16 49 214695298
34 29 269699411
8 13 447525058
30 15 507575531
26 40 691012437
26 3 410219749
33 17 721371122
32 48 591571807
30 16 610078465
46 21 386312696
35 19 450362959
23 46 573923410
44 50 323245840
29 38 312440094
47 45 664055530
28 31 444296475
37 14 931409055
33 29 507142042
33 28 976548454
44 9 738153805
4 28 781668269
1 49 955972377
15 24 748068958
48 43 265533260
16 18 202427296
42 45 690115883
6 36 816994795
17 26 339703640
45 19 751604891
36 33 879432386
30 37 222894311
31 16 457722914
29 42 128126021
50 7 952626260
27 18 606790697
20 38 950446141
28 46 458892209
49 38 588480777
11 35 19237963
50 49 679998546
46 30 151289722
9 3 78223893
48 16 844598510
48 4 623786575
38 29 166919500
43 36 497878027
22 44 382113567
22 28 973455192
39 48 791061504
17 19 63221363
41 31 913713964
20 12 313406969
17 37 669842900
6 50 449020138
21 14 277593848
4 50 286388617
23 49 230771526
17 7 582213115
22 29 932988281
2 47 111837246
35 15 586464018
16 47 235014318
46 23 493750204
8 9 573175796
30 27 586998569
43 18 302430622
23 32 644713510
4 43 922677323
15 2 720357991
25 26 32703996
9 35 132327550
12 33 617122567
8 26 794566401
43 35 142495018
6 46 731202217
39 45 398024789
30 20 68448546
19 30 806588965
16 35 892926890
21 45 781991336
48 6 84148998
31 32 480614880
23 3 456380208
21 22 126789800
14 34 935562215
26 14 329493831
35 36 176012404
3 16 61456504
16 19 241370882
47 6 131616128
35 49 15103114
34 35 468662536
21 25 328466354
42 21 76962039
23 35 507823393
35 32 877229008
40 37 315200296
41 17 366604027
32 38 452951939
35 1 621141607
34 18 691331868
6 12 287305787
45 39 550665739
39 3 801005416
6 1 152050235
2 40 108266498
15 42 632730663
47 19 459779409
7 35 270090508
5 34 87775561
48 25 84826234
5 30 940916915
30 5 786832546
27 13 93887772
50 33 276397007
6 24 705927953
42 13 754226776
49 48 735295260
10 31 946163892
30 50 320218256
1 16 463277511
46 22 273164405
9 12 762355126
4 36 181103401
41 37 463358007
21 9 519816723
5 28 871190846
37 45 173491791
26 12 775635633
49 50 726560927
41 6 801694643
39 46 177713085
1 28 131593656
28 23 499440840
32 26 437154352
48 44 975040980
32 9 514562648
27 30 517557547
21 10 521224353
49 23 221412778
33 1 633657033
13 22 223596369
43 15 333393514
3 8 399156911
38 12 615535723
28 14 165685768
7 30 654051920
2 49 834128040
21 18 844203530
1 22 732154875
42 35 884799521
29 21 486684611
5 3 536654500
19 29 826501073
29 31 378717482
36 20 547923977
6 29 800359365
46 10 318124679
10 44 790107280
48 31 103101411
41 35 925919876
44 21 785515590
8 42 183077445
12 38 287842463
42 38 696870016
11 36 429052862
29 44 183293051
6 38 112152855
21 8 88597540
44 47 139567988
17 18 320870234
43 20 117138970
45 42 17198154
12 10 682638245
28 47 700121159
11 30 491091396
11 26 960811111
4 19 504651306
41 1 467328070
49 6 755082857
4 29 771854906
45 21 467666105
31 50 277624891
4 41 565691833
24 23 377071571
20 22 287342761
38 20 447863451
7 23 143753493
10 40 93388501
8 25 696926701
21 30 141715882
3 13 589114371
23 21 937069782
47 25 394570400
37 36 838460012
18 40 133164221
18 11 317226059
33 9 800550740
15 34 578124545
12 18 600360775
29 20 146419339
7 37 381639545
29 3 389255217
11 34 104505157
9 5 316316146
6 5 238763385
13 7 810193359
34 42 12143024
14 16 730192145
10 36 169407038
24 44 548924226
25 16 594254586
32 47 265966959
31 24 227290764
42 28 834936654
28 34 889884954
22 17 843659369
2 15 324159509
40 50 259472839
47 48 450185735
25 20 214939993
47 16 100336303
32 27 438172023
49 13 592195203
9 24 214794446
27 9 835568862
1 15 709597732
4 1 583295943
2 3 808795077
20 10 33484085
4 27 335866164
18 22 475342316
18 13 94082763
10 50 99424448
46 39 711080594
30 31 31150180
27 37 782781021
9 43 343330718
7 24 216336894
47 43 168921587
20 45 515572104
41 50 99796285
24 14 965519366
15 30 708581519
26 48 674562441
29 9 789896732
18 23 891526861
25 39 432754394
14 17 80844601
5 4 364476563
19 25 72688563
39 32 283117971
12 36 464217622
44 48 482488876
34 41 173972946
3 37 106907125
14 35 289273273
21 38 502715745
21 48 585836629
35 46 789594108
42 30 789675360
42 33 892346229
33 34 582588777
22 21 434647797
32 40 849285488
27 4 327201002
47 24 215143378
11 7 28127524
13 31 926540712
2 39 536991210
16 1 697866293
41 45 591882278
49 9 790661941
3 42 320005786
36 26 498856316
34 26 986584978
3 33 206401929
36 1 545788221
24 28 380405260
21 50 452492733
9 16 319493742
31 46 986222594
39 40 450756624
15 31 590678541
1 13 753711824
17 6 198191237
49 2 301268629
26 2 176977687
12 20 499481762
34 28 19553468
44 35 457837222
44 29 180513690
41 32 497297378
28 45 266567911
42 31 805859105
26 9 37894792
4 48 703542001
33 6 349141438
5 29 58309700
44 3 857320728
42 18 345285246
35 10 254909877
40 41 447218217
2 24 686594107
3 24 267523598
36 11 912513305
5 22 341334264
24 45 147880760
48 42 771869309
39 41 952804102
7 16 394558502
4 3 601021502
17 42 574460958
26 23 994335264
21 11 866163627
31 10 302625501
33 46 630445315
17 13 15785674
16 25 12462111
48 8 194781152
33 40 168491537
4 10 421578149
38 23 865956594
48 20 699527737
15 14 158646098
26 43 813113764
2 32 495538372
18 2 733203262
27 46 718312176
24 4 721642213
21 28 53585207
41 12 895277123
24 5 310920352
32 24 201963489
9 39 811497162
50 41 459777084
41 10 965398312
8 24 981418912
28 3 979079200
12 1 790774594
40 6 751357612
1 29 821893730
31 48 163585211
37 42 374624522
49 39 495750015
31 15 258108982
13 8 350500765
37 38 721365292
48 2 131656931
10 45 652774107
22 19 998620161
30 22 459565852
46 32 455616302
25 10 689133353
23 25 2771543
19 1 476686495
15 47 967209953
42 8 615533699
31 8 281728736
27 31 893603492
4 16 15390570
36 32 597190657
9 19 997576250
26 41 346904037
3 32 523828855
2 5 245660060
46 12 789753795
47 3 250356604
42 9 913302161
29 25 984175055
7 42 212523320
25 31 698113463
27 39 794449935
24 25 585374661
12 19 801334476
28 13 815701710
29 6 92685325
19 21 398618237
34 33 451224400
22 2 90241842
48 1 180744395
14 30 417352422
45 29 517362783
36 45 666099557
31 35 843926199
44 15 348736769
5 15 101474430
35 21 664498498
49 20 81621843
45 46 499356662
27 41 311266103
27 28 360958792
47 39 592645513
43 23 390716542
40 15 265172294
7 38 576776343
33 47 659824893
31 11 653982440
35 37 399705812
2 14 758074951
46 19 996057237
39 5 345197016
13 33 933204677
47 2 89104610
44 32 209379446
30 25 794489996
32 44 217328985
7 19 330306877
15 1 259951357
13 11 452038328
16 27 60347360
10 12 566237440
6 21 953848299
21 33 849108461
22 13 770979819
16 40 217544943
38 30 408366282
49 21 303447314
15 8 640605301
14 15 883171115
27 29 37586523
14 43 708675046
35 47 886325945
17 10 382306029
36 25 730881914
10 8 455404950
15 9 348753475
32 30 85355827
20 25 676901916
20 3 740044725
29 35 117557851
44 37 168679978
29 7 682643798
33 18 199885730
5 38 819469016
23 45 493942742
3 46 625574127
29 48 674718618
16 20 296268510
12 31 408525235
46 47 806313829
1 4 132041892
7 1 849637802
17 36 591535942
43 37 524604140
42 39 693425573
2 37 863973903
41 46 531637084
13 50 299442577
7 6 903747475
34 20 818075184
30 7 921569512
39 31 240581414
50 31 766997840
7 3 766354448
19 49 685155764
12 35 334972594
48 10 407333829
24 21 128961391
41 43 269259898
32 22 502240855
5 12 90117534
29 41 657692405
29 17 775913141
5 32 41539555
34 6 279898874
42 43 915174434
40 17 327161085
38 18 164810345
20 48 79972183
11 48 293875277
38 1 641655204
7 9 507192945
10 46 316192168
5 13 192651684
27 44 73201248
28 16 641025273
37 30 785681790
11 22 311933483
25 38 497430274
14 37 142644961
20 35 225777059
36 6 199375452
8 43 753986171
34 46 160824531
20 30 369144373
10 2 653399425
20 41 811738134
45 22 462721826
12 37 964675873
45 35 547248331
11 23 622454758
36 3 832939030
16 26 318739643
45 11 308350617
47 28 116147364
48 26 679577284
31 28 991632448
17 39 202878602
26 24 789310936
43 26 840980001
46 6 599309339
49 24 659382077
38 39 762978666
29 33 826973910
8 27 880856646
8 37 895252842
49 32 475830629
44 1 889829793
18 26 26049761
29 46 648430479
9 10 872728666
24 31 990119971
48 47 701428718
27 49 546926499
23 1 106140410
49 26 151301410
25 34 134581562
12 5 56589705
23 17 905249273
38 43 290882612
8 44 10756758
47 26 440893436
17 34 245230362
6 13 488289794
23 27 693991069
44 10 351915818
45 13 438089846
42 5 626830127
17 49 231334134
12 16 278400782
32 4 771337472
41 2 221842309
6 35 807537513
23 50 55236284
46 49 646019498
48 24 472939153
39 21 281190793
15 46 116600827
26 5 656709303
42 11 578653144
8 33 876803580
4 9 372004668
30 35 782365758
13 40 359279223
13 48 398266309
5 24 113259198
45 27 482522459
42 20 347978056
17 15 178840934
28 15 58445432
31 36 855080123
45 14 919498105
16 41 483018414
30 46 451623490
2 43 708949522
12 27 226549172
44 17 599369639
8 29 944164530
27 1 580222439
30 43 335315318
3 23 973639477
36 50 486486182
24 29 862425502
42 23 892386668
19 20 177327015
25 45 781312968
37 48 734537230
3 44 429545150
35 12 520200055
35 5 569484261
11 15 910970328
17 20 560622090
31 41 818664471
25 32 551254617
43 24 469469686
26 22 945389195
16 10 912006313
10 27 396189092
6 4 247514706
25 49 89584417
9 38 300755545
1 2 6325616
29 28 43589218
21 20 165943606
20 47 927858141
22 39 163219291
5 36 741432880
28 39 862443054
45 47 597339261
12 44 277188767
25 46 539915639
47 40 765275949
34 40 522648995
6 23 781662690
34 36 743010910
7 14 270413679
27 20 153552508
46 8 267333324
45 48 373374331
21 35 440214292
5 43 37006763
43 13 339519898
32 16 375582455
23 24 483663668
2 10 451466848
6 31 634012892
19 26 750377688
10 23 8452283
33 43 45623135
45 8 696138777
12 17 82742081
10 26 133718362
39 15 493694385
46 1 49565951
49 37 993366016
38 37 587284421
6 33 146189222
49 29 479380368
37 17 496115552
47 46 656607914
1 9 588830688
25 12 635162123
6 22 767334644
6 27 439616464
19 43 185716949
37 8 403382098
9 20 994851915
44 33 342438935
49 30 796838687
4 35 933140676
11 19 942954553
18 14 506870198
46 13 125016803
2 16 610196587
10 35 413004541
11 49 40520622
1 40 541409596
47 8 617791637
26 46 775540465
22 14 720075428
40 13 8004576
38 13 657293692
30 6 563026769
21 31 180942610
36 43 568632377
23 20 505446988
1 27 661585875
42 14 364008379
21 42 286458654
50 9 146691004
38 33 878127361
8 15 944936370
41 29 350417131
43 42 420749816
47 34 957252428
5 9 951843331
49 27 459559838
9 46 545729654
18 49 822421729
31 12 556922389
22 23 750434000
49 22 527519515
31 7 816617880
44 11 385656632
27 17 211222469
44 39 280294770
41 4 502670824
3 43 970887366
3 27 46413998
11 13 31234845
8 23 909428996
36 42 807265366
44 42 429523814
9 33 13619615
24 6 590496550
24 16 442562225
7 26 28239866
20 9 781972403
50 6 894183431
15 7 744920606
23 13 506102774
32 49 824618893
13 2 17713062
23 18 944660229
46 37 658378177
22 48 677809706
10 33 702598695
10 30 990799480
42 50 558816713
11 42 657215923
48 30 155832529
36 13 714289947
43 40 216267295
4 6 332367153
18 24 119452760
13 47 279005533
10 32 911838843
29 27 196735720
27 33 47310839
4 45 778515345
28 27 704338619
19 7 339612354
46 26 962132441
3 22 461942365
40 22 614619647
36 48 346200774
3 6 107098527
32 18 821943261
6 3 373079729
14 22 358678071
25 37 36411267
8 16 92206287
30 4 50796170
30 32 870720706
24 37 107935495
13 30 45729201
27 2 756342826
10 16 637976567
20 1 805723266
2 7 868871784
22 47 709962396
6 34 301406087
37 5 220163246
25 44 979359479
39 50 72152429
50 1 383880822
2 35 659015050
25 11 553769702
29 12 70262709
11 10 267156786
43 10 621643603
31 26 544102609
16 50 198689694
1 41 645184298
16 24 672465849
45 28 853722841
27 35 24966493
43 28 947678685
25 17 924176279
5 50 384251150
32 17 109610824
47 29 22524764
18 7 60914710
24 8 701156256
46 45 331062446
44 31 157916271
17 5 62448387
26 7 145980473
20 14 174604652
31 6 869361174
8 46 356302063
41 33 762949273
41 18 544374818
26 13 939951375
14 23 171701689
22 11 917497284
2 46 607809694
7 27 396737388
6 32 900758555
39 49 214131500
3 25 156172665
15 33 109043212
19 36 548984269
13 17 638646012
10 39 645926808
19 4 82293580
6 28 42511791
50 19 921859538
31 49 964873033
24 32 9805831
26 21 497351290
30 9 163157424
43 45 37312110
43 34 244284088
8 45 16796931
47 31 642488569
14 20 192167798
31 5 209993960
42 19 962902731
39 30 661931990
19 48 350847033
31 40 580744137
49 18 508077624
38 47 395145836
29 16 862258954
22 46 574836490
18 33 784379164
26 15 557046047
3 48 769331597
4 7 209177465
25 50 721127049
20 21 658281737
49 41 245918741
47 27 483220737
18 37 642188523
22 32 872751265
12 13 309169975
4 21 451761231
36 18 352376197
44 16 315024771
24 13 924419885
14 31 191678697
48 46 932421273
38 35 380355630
8 39 234211549
28 1 574074991
31 17 699139436
15 17 42213512
45 20 668521639
22 9 845311604
27 11 754771276
36 30 81824991
32 13 926310808
36 12 16079430
5 39 885794808
28 41 782215904
36 27 828442589
20 37 720045199
15 20 692676185
33 2 636827683
33 35 117202151
46 14 865541893
14 29 154417486
36 34 946753257
16 37 850732682
9 45 394976353
14 48 566867908
27 45 704108460
7 21 594598109
6 16 449590391
42 6 213455579
33 30 457290898
4 22 513303277
12 26 159608690
43 27 467806674
41 23 991998328
9 1 797548450
2 31 388571705
19 2 793736795
44 5 329388590
17 40 508560346
46 48 41188154
14 28 488405277
17 50 593888083
28 19 754108969
40 16 252261348
37 26 937013425
16 29 463536401
18 10 776780311
19 12 614520336
3 34 436322632
6 42 623065564
32 37 919531480
9 30 796707052
49 40 428293227
21 46 356679312
6 14 187487298
19 15 764353771
48 37 507228345
1 3 181348174
20 5 828624626
16 4 944304148
20 50 747639758
9 44 259577916
13 23 713719054
38 27 781304924
11 28 758341159
4 24 322960379
17 27 990698945
28 12 817608868
19 41 171923122
34 11 650787522
37 20 436666555
41 3 843603387
41 47 290031118
23 36 925483079
7 17 503358972
9 28 812547114
9 2 712156120
40 31 715906197
37 50 928511155
4 8 342647880
18 38 967826217
16 46 821208643
26 25 381574078
45 50 777285633
38 19 240661596
23 16 458486361
48 50 371158348
48 45 893637446
41 5 140062124
17 47 729488049
43 5 351297118
50 15 545130182
2 45 531432470
38 22 195001385
39 7 995504532
6 47 140580859
16 22 588106903
29 8 204170787
33 26 903478648
1 37 16731660
16 42 222779183
3 26 332457615
47 1 966643001
19 8 312637002
26 44 19602921
31 39 54049115
45 34 141646476
6 8 132949883
8 5 455419776
35 17 248398262
14 25 899089722
45 30 822230100
48 38 582993852
26 4 581526382
37 16 444480656
46 50 79059453
25 33 36291707
11 5 712334665
28 40 945734884
43 16 711540480
43 19 814271687
5 35 721377517
46 36 445470793
8 10 939733769
2 38 820487773
49 4 731135894
49 44 266022645
22 10 145740666
49 1 300646949
20 17 549228809
32 29 157885513
7 40 670250993
48 7 712782168
46 16 379468686
18 41 440204962
21 15 916314991
40 2 117431261
32 41 457783980
6 43 632784215
13 29 921036540
1 18 311437322
13 27 889528665
5 42 575104711
18 31 997845690
48 5 261166227
4 42 232057176
20 39 573195014
43 4 665982530
15 12 561020261
44 38 199796737
1 19 757600305
17 11 603727334
32 35 345125343
36 24 39132599
41 36 373378844
46 15 809718043
18 47 236270364
11 38 935535756
29 30 843379867
26 17 795593284
43 32 391370531
33 14 919386443
5 44 58307658
17 22 164224600
19 13 591949544
15 22 71029125
48 15 724125025
50 23 209270314
50 36 701948033
41 30 679220585
13 12 356649670
28 42 617571822
19 10 121711782
32 14 846182960
16 12 250072506
46 38 211636630
41 48 778227233
32 50 265428261
37 9 859209136
40 25 931697447
14 33 635692303
1 31 309275460
42 25 35091485
43 29 197497628
3 12 865920504
41 19 195173204
7 41 552874315
11 39 671804860
46 17 512280206
42 7 332083833
11 18 16309312
12 24 875515613
30 24 793771571
31 20 70651125
31 13 826021921
46 43 277868762
30 40 701229700
21 27 570212764
49 19 916960314
1 10 229960792
26 11 988825441
1 47 64210603
48 40 943152177
12 45 607149625
23 44 677216975
49 34 189976929
33 19 442345053
35 33 3356677
1 25 154014094
13 35 131664770
45 10 1294483
14 1 544603100
29 36 883694640
23 33 970026724
23 15 992625619
14 5 854445263
11 41 868849860
45 23 736176179
44 13 495241368
4 18 892988755
48 9 769638724
28 29 124514763
3 4 622809952
33 16 46564456
20 24 968202750
46 5 663014862
9 15 244766902
26 38 384015655
22 33 941016047
2 34 388754773
38 16 703617196
17 30 106862772
12 8 753781362
42 46 513605433
28 21 390500415
45 31 655063146
23 28 536176675
34 47 705176318
46 28 325045400
35 24 213308294
28 4 779260197
23 38 253327282
28 5 517876224
19 50 966843905
22 7 453786120
26 31 247267400
6 15 768786982
28 33 875568882
36 14 394322256
37 31 57661163
50 45 535453103
4 25 397444021
7 15 888386305
25 40 734832497
39 19 791978211
49 7 162698637
10 3 770150586
17 32 209284201
14 38 417833488
10 7 245730274
44 2 878496303
24 20 72956480
28 37 735381271
4 31 686428298
34 16 313315866
15 6 521881466
41 8 955283192
50 42 345794875
47 42 418872113
26 1 265385148
35 14 832275319
26 37 849195427
8 11 741862642
21 3 261073652
16 36 472067466
22 6 627397562
40 45 950927102
4 40 573430451
21 17 140392872
24 41 77870694
5 1 144431594
27 23 673174490
13 6 33473372
28 26 829960914
37 43 16909380
31 23 204646258
32 25 333553054
3 2 894043078
17 31 827897146
15 48 200892474
39 9 723467465
37 21 893534230
17 12 520558999
10 14 420430043
7 13 239530072
13 3 92862466
4 17 177466851
11 44 255950111
33 32 453035497
8 2 969339368
21 47 542143984
24 27 934005036
17 46 670459516
13 45 950894103
24 3 323469177
5 37 830871935
20 27 971392050
40 32 111333800
34 31 137744021
50 43 395542833
23 19 266282125
45 7 555691988
31 42 308957075
28 18 840879579
38 46 715690028
50 47 657214587
6 49 99600002
19 24 74544825
11 40 640896790
34 25 316720850
3 5 247827456
47 30 609612797
16 2 403802697
3 30 993961055
23 7 595865935
45 7 975340441
50 27 157692596
33 14 642372073
7 3 886488720
15 44 411112635
34 49 919257067
40 38 859849154
13 17 936895521
6 21 554275647
10 8 127331922
11 50 336681566
35 20 565949882
42 16 62099654
46 20 926185718
50 21 546565753
36 3 513702801
39 22 879744763
31 34 488768699
44 7 869227770
2 27 952273317
33 30 493582024
49 5 931418782
22 50 794732757
19 37 914351417
44 16 607793064
13 10 520827228
38 49 354609105
9 12 59722379
38 44 638713688
32 10 529653295
34 32 256838453
16 19 683264239
20 7 820726596
47 50 663106563
44 18 635214526
47 28 862007452
12 36 958680799
45 36 912795003
9 35 769574164
6 33 809219238
12 26 129183257
18 45 724396457
45 40 715496232
10 13 445744557
49 11 834440378
10 47 748990773
3 36 413450587
18 2 125662292
22 32 258003574
14 17 745543115
50 42 232793438
50 29 482990781
15 40 391179367
38 18 741417341
25 13 909463333
25 29 517043269
14 2 494896400
41 33 34163853
5 11 926650169
6 41 197141197
42 19 124365525
19 30 220270244
18 26 258832240
43 37 702503622
2 31 610958881
4 8 160637599
17 19 647798546
13 16 522547288
39 24 639370997
28 5 216386925
21 9 553205220
20 40 25415619
14 35 53440567
47 42 873300056
7 31 178020736
34 42 853638196
47 1 479952541
18 3 39281122
16 3 833813325
25 20 824900497
30 8 884812256
5 7 4412808
49 46 696387337
47 8 13741256
8 38 228184278
39 7 105260027
39 30 306289481
36 5 384589467
49 36 381204442
46 19 155147823
32 49 278667826
29 50 904736108
3 34 966558428
3 15 616111985
8 10 125588306
34 23 196999749
6 36 35317946
37 13 529274261
25 22 481391799
17 28 244228781
43 6 251887357
39 45 238134025
26 42 451882594
16 21 310250027
34 14 529211874
36 23 2964195
7 44 420373180
38 23 957124425
30 31 387800707
8 48 953668394
40 23 858442210
11 10 145241147
2 41 493947096
38 11 704541432
28 37 610666213
39 34 944193009
44 29 440776549
29 25 65599758
26 29 465415308
5 37 168223344
44 17 169327911
32 39 431886380
41 48 516146105
39 27 311062418
11 4 143256050
49 3 759690869
3 50 618000364
39 42 161968443
34 17 315137970
20 47 734674310
6 7 227330579
46 30 397040128
5 25 935334436
50 32 153986920
1 24 818697502
16 8 597964689
19 17 757698260
31 15 963110267
49 40 52040692
13 46 110341093
22 37 303462342
35 7 716951720
45 12 826149140
2 32 190397542
14 6 235929777
4 3 248298149
12 25 488744475
37 48 515219848
40 33 548068409
32 13 447632530
22 38 128972989
11 46 888843767
45 48 136537888
32 43 211706879
30 18 280107442
19 24 432853632
3 37 21910143
17 11 567450141
38 17 61008045
13 1 845471008
18 15 676828234
8 39 533247170
41 38 994030161
31 45 774583528
21 3 952483448
26 12 480216699
8 46 323510735
43 12 865632040
19 26 967572011
27 17 337028872
5 17 741583961
11 30 392957468
28 8 402951635
6 26 267999016
4 49 753509215
4 29 410965353
17 4 387532401
5 20 239767027
22 33 785828085
13 5 984826110
34 10 357243697
20 48 521135832
11 40 221260267
34 35 736468839
23 27 939474245
36 40 705456238
33 10 821577661
49 25 521970972
5 15 889345030
40 21 747152431
29 36 676148758
10 15 695348426
44 30 436333655
30 2 934377202
34 47 881391392
23 44 87958953
36 26 882747141
24 9 396688243
39 26 100932754
2 47 160180637
7 48 729011035
40 36 318277456
36 41 699032588
8 4 958370156
23 30 658428835
45 5 494361811
12 45 655215816
19 42 227878690
25 30 811786474
9 44 547921153
34 25 938416368
47 23 323513797
19 35 949819898
14 13 955163951
27 9 450778391
32 40 609552698
3 41 770331478
43 20 301612055
14 23 376114207
36 34 437176150
37 14 500784881
9 50 700578702
26 17 993401707
20 8 562579134
30 9 792388722
3 45 767527725
49 12 828955964
24 50 559394895
40 34 764362491
6 12 103982575
40 29 908244690
6 48 351107888
22 6 117040600
50 49 461447509
38 6 993309189
14 45 812773730
5 42 594751183
39 9 840299743
39 35 672404341
34 41 355826177
29 9 736421766
37 12 469813383
18 4 304033956
40 32 203488513
25 48 9174231
46 4 674518518
4 13 444953246
12 6 439175035
48 46 791287367
11 35 52598322
17 41 419028186
31 30 243350090
46 16 394361015
31 26 520762990
1 25 392749799
2 25 693127669
40 30 597355606
13 3 397548447
2 23 238205639
12 27 303758358
21 22 485070147
50 28 343814505
17 18 599342028
10 31 418958364
39 50 80188635
26 4 904196783
48 4 444938480
10 12 987430834
2 43 493392053
2 16 137569056
25 39 220150610
1 18 828536209
14 11 403002706
3 35 764144234
6 19 83511246
5 49 792265968
6 42 361568037
11 28 216830193
40 13 358109879
15 33 869449039
5 21 66580129
10 22 502813344
21 20 524223632
2 6 437546123
19 46 214563
14 31 705871890
8 27 188064744
50 2 216758102
44 40 585292568
35 31 603147205
2 50 619676777
33 2 556829651
11 39 843280022
43 33 584302228
46 23 668178373
5 29 173387351
32 41 887849496
28 40 550537255
31 24 678333013
11 16 760513325
17 22 509054403
10 3 611386759
46 1 718596221
32 4 492123966
25 1 949955965
32 38 407741676
38 4 491190031
44 39 75612604
28 34 963843053
15 16 382527674
48 20 998189526
46 22 968440486
33 19 652992664
18 1 354456127
6 34 734946888
7 25 16521300
49 14 526710377
32 8 195311392
42 6 285221215
6 8 258482637
1 43 475485508
43 32 494611595
27 40 422826431
30 27 28660530
8 35 259655470
4 32 43695869
14 28 367353548
10 17 375148739
21 1 743440076
26 45 12738165
24 39 395372828
31 18 114672519
37 29 546425935
28 6 375673916
6 4 119958552
6 5 286581966
44 47 807310952
18 39 715983962
39 32 804337827
37 19 256024711
45 21 932550563
48 30 345401563
28 18 631208160
16 36 330430822
29 22 120868010
35 5 210094825
10 43 610087553
44 46 337981088
35 49 476422372
45 20 311508797
7 26 287698296
11 29 558469153
7 13 844558388
41 47 59765903
24 21 811073068
21 29 124868190
27 24 799530230
30 47 934208571
12 2 435605207
27 30 143155675
11 2 375033789
28 17 247917542
45 31 807983597
42 24 443033255
37 18 642320494
1 40 567681751
4 18 825652376
7 30 547082448
1 3 873437149
27 34 642501985
10 11 473904444
21 13 640368870
1 48 535798196
19 43 538333658
32 27 74821021
47 11 717821811
44 15 769891266
3 28 193231664
42 3 246713117
30 7 325423882
35 13 961705450
9 7 996765101
18 27 967658224
29 13 74212415
8 41 143408888
42 36 529872064
39 43 986491863
28 2 752524413
15 22 744349136
6 9 427413357
31 21 779416297
27 29 61216000
43 13 940110873
37 1 878486112
5 22 735919792
18 23 623979064
50 48 840026330
47 49 601421176
23 50 545933456
8 2 402415018
20 31 539537166
23 9 328719779
44 5 653812747
23 29 492105862
39 2 71112847
33 8 74946304
42 41 80614765
2 11 949571218
1 36 783501461
2 22 452962933
45 27 762058123
29 6 380788650
41 43 269493144
48 47 204137398
15 34 950274101
40 7 712592699
6 49 295832552
31 2 216340136
10 9 187476065
47 6 376071450
8 21 669728240
1 49 307651948
15 49 882675119
34 12 337751825
38 3 511710815
36 21 699854973
16 32 972011617
34 33 142935921
48 37 707076692
37 8 274946816
14 20 858727892
15 32 741578947
39 10 993609571
49 45 194970757
1 17 861132220
11 20 699083757
26 40 485280591
35 46 315509344
23 36 457549527
40 8 909137304
39 48 381016725
25 5 993729925
28 25 583489448
31 17 505884648
31 8 982437332
35 17 4783799
50 46 733182287
22 16 952986848
22 46 51079408
28 41 268819020
29 17 767927236
1 33 667497648
42 25 916546550
42 37 655308984
19 9 391668961
21 47 373540418
49 8 807950625
19 16 386954824
10 38 392227784
9 4 453493125
40 42 828253683
11 44 160753696
43 28 345061333
39 25 895217629
46 15 840265353
16 39 168942654
21 24 464074615
24 30 403350374
6 45 695500645
41 31 185687714
43 41 547501766
22 21 574092508
45 25 41737677
17 38 189994773
8 30 537575421
7 39 276296926
29 20 348729473
23 40 224420938
3 27 145241742
4 19 162722033
17 16 91691823
49 24 348192504
2 46 31785931
14 30 983165412
47 25 547764679
29 24 254675415
42 35 241971609
6 25 117353615
47 20 959019115
28 38 914932128
45 13 319884357
48 22 750654886
21 14 342751296
12 20 896567441
19 14 866304327
2 24 285827833
45 29 990545634
16 26 677327550
49 20 90842253
37 33 331452554
25 21 124366659
9 20 663202103
36 17 713701279
7 37 662657362
42 47 911706857
40 4 385653815
44 25 110432611
31 47 348362727
41 22 441796310
47 38 103286830
16 17 93176027
19 36 368208851
14 7 924581278
23 19 287460702
32 26 480355184
4 17 950508996
19 7 999266902
30 33 285223427
39 49 506791266
46 3 735813760
3 7 906142384
38 28 847304071
31 32 567983432
8 34 751390361
23 41 777612953
4 43 884543648
21 28 381616022
37 28 314783382
22 17 921607171
46 36 940702683
43 14 28751990
39 21 259051051
22 5 802829346
47 24 642726634
3 19 945268920
44 20 582266714
26 32 167428529
30 36 638470940
1 21 63175865
29 47 752782551
36 49 943700861
45 9 79598081
18 20 808133020
16 1 112921062
43 19 206725342
47 29 2611155
28 35 375066260
24 14 990257567
17 37 153193999
6 50 156399909
35 45 848544910
4 21 504627202
6 14 167193711
15 9 360640144
29 34 63515877
13 38 234604526
28 13 244005986
41 49 241831625
14 47 319704416
38 8 159639848
35 38 638615383
50 45 691655436
43 30 893336402
50 10 842253795
43 36 999545700
9 48 157376067
42 39 273679611
41 27 116912105
41 8 19539636
12 48 978716911
20 26 561485290
11 31 410712806
18 21 237358142
45 8 841015392
28 29 40457728
15 28 122039422
29 19 383064905
3 26 439505059
50 1 831079883
39 15 967792682
7 24 315164723
28 3 788701763
35 26 472694974
6 32 148542670
16 15 464303867
28 24 655711524
38 7 882575638
22 1 217769880
27 19 749984518
46 47 307140267
28 26 571469261
33 40 56900693
42 1 235829124
16 29 678863515
49 6 923850471
26 34 939958019
37 17 790219706
38 22 662398069
19 29 385929903
24 1 206574858
15 4 392051008
17 48 781755052
14 10 536807796
6 37 503787034
16 49 451353427
38 39 192900830
48 24 411030502
8 32 123213705
16 12 163409185
14 38 889317706
6 13 786492956
3 44 306031376
4 40 155607206
17 30 407416225
28 33 189323815
5 16 450299194
16 46 99113404
5 12 884214710
4 38 79485897
12 42 436303327
18 24 280317478
4 34 539205461
8 12 30314042
2 9 784815632
9 37 418035987
33 15 958741174
18 19 531267178
7 14 407755490
14 34 760837511
42 30 814808058
35 40 445201607
2 40 433729740
45 16 827672534
35 28 159739194
33 18 18414373
36 7 877088554
38 34 625003410
23 48 351122232
25 24 555507236
49 9 510372068
18 40 333257867
26 7 568478790
29 41 530315102
6 29 62410175
14 41 297196070
33 5 739684759
18 47 25149832
21 46 362827731
17 14 85466667
5 40 333283228
37 23 51100057
50 8 339551938
13 2 680295653
45 2 697279884
1 22 30855580
38 31 518885957
43 9 937900473
39 12 697875120
17 12 909366156
24 3 875406309
12 34 642664780
25 23 286688547
35 2 438207689
27 39 925026613
35 44 388535678
50 19 888439187
10 29 445413928
41 1 836529267
30 25 474138251
1 26 515487397
35 15 47390026
36 28 233789449
28 10 698370798
20 41 494248683
22 29 142634965
37 5 831411950
40 48 204273039
16 2 933660182
15 19 281218270
13 19 294219230
24 13 343382247
40 3 369384430
8 33 639230633
46 38 548329195
6 11 268898527
42 28 825996775
30 49 900988427
29 3 114288797
25 8 57507615
14 3 657704543
15 10 710658125
49 29 569115708
17 42 642970000
46 41 276288818
9 14 353065783
3 5 848808850
43 38 19453265
48 5 250326825
2 44 19861748
22 30 791579501
33 12 711719794
41 24 347981771
39 19 155540244
32 2 19402372
18 12 649497856
2 20 214676915
6 15 157236752
45 17 639999786
30 29 39190790
24 49 38423584
44 13 487429854
37 22 722177046
23 8 851471911
35 22 954146412
43 42 243522197
9 46 13372144
46 32 123266606
31 37 484846800
8 50 245366023
25 35 297886523
47 2 982938480
22 20 143592946
18 41 502211505
8 26 112109201
24 27 593470418
38 9 477793898
34 13 362475489
11 19 337531904
37 41 677472472
12 29 989962778
5 36 537673203
29 15 363470514
37 15 455367863
16 41 2645289
12 10 108801982
12 21 709021732
3 43 424925779
2 12 964578903
21 23 418105823
45 28 50473354
29 5 532733886
23 24 551397561
19 11 90216511
21 42 510987250
17 10 552201034
15 35 984320145
33 11 885374880
35 24 187910451
8 31 450151097
46 45 600146144
38 35 762108206
43 39 214496120
46 39 870243194
44 28 896221436
22 15 930455174
22 11 518924038
5 4 444634952
33 29 40369624
43 5 309676227
42 5 339616822
29 10 649910024
50 44 963002710
43 29 803410571
32 11 393680981
2 29 9424221
46 13 254493920
37 16 494440125
20 24 604869519
27 50 846493471
2 49 244291799
27 49 510567287
34 27 281409479
24 2 645084811
22 26 859384577
4 16 97111996
28 21 842348082
46 24 346941637
39 16 955805302
22 40 59494263
5 48 542160751
45 35 731268816
25 28 38928069
28 47 263467249
13 20 518802499
25 40 373815553
3 42 694200715
22 34 337578608
41 19 830558688
39 17 944675354
37 42 46106232
39 37 385504601
16 22 31289494
34 5 146522143
1 19 497883437
45 1 867756448
15 17 427523934
28 50 944801635
44 26 266029749
50 43 467145168
22 43 811700839
4 14 146991625
6 30 894667913
42 43 942521441
44 35 534926808
49 2 746278016
8 36 355265919
48 27 513449163
39 3 554277568
36 15 421015833
30 17 300725391
35 39 614772847
24 23 638637649
10 40 874458659
39 33 692164008
8 18 880930281
2 34 226549878
13 39 519536393
4 5 718522582
26 3 710319794
5 45 872299386
1 30 286220821
37 24 353506631
4 9 97775475
45 22 46532402
39 6 784761197
34 22 893554008
38 24 537287975
44 4 318865450
20 16 313856761
45 30 582314670
6 10 20079766
24 11 208089867
25 41 29412387
43 47 406001162
50 16 229890975
3 17 558703769
34 8 964781730
10 46 811429957
19 27 926909272
49 22 762896187
7 29 224216888
14 15 897621728
35 29 131130190
8 17 981810416
43 25 91005447
24 4 783630016
34 20 539459627
7 21 552096937
23 18 83344712
3 21 788130259
35 21 148032682
17 7 401605341
8 43 234826339
37 43 631168629
5 2 204003599
4 27 350537027
38 20 846868589
21 50 4086890
21 35 892454845
1 42 951236807
50 34 632996588
18 33 834500926
25 7 414201979
41 5 727761748
42 38 637075158
24 37 93367144
41 12 180300448
49 32 966255715
33 23 549177352
41 21 561236741
34 1 376581867
21 17 440312316
25 31 100687612
30 26 923234558
34 21 400356787
50 15 295107738
23 37 301141531
8 49 380027722
24 6 97708212
32 19 684740785
3 25 943429937
40 50 781077596
38 42 247859666
24 19 729543430
5 44 490682068
4 30 538785834
32 34 570613772
13 30 135951622
37 36 558771150
9 17 431594697
32 20 169085458
16 14 121746288
36 11 918122322
50 17 997047705
33 20 353987568
40 44 172354494
24 41 93943961
21 10 38322251
44 42 514742562
20 18 406828196
17 33 502293398
42 34 301288392
50 47 412004115
36 10 756093555
24 12 344203983
10 1 652126591
38 37 249021688
32 24 844328879
21 32 65410918
13 49 623353184
17 6 667223025
50 6 622713560
2 30 354682168
48 45 176721161
39 5 26012323
17 35 317009279
21 45 349810791
14 49 739703138
41 44 726403000
23 17 533750553
25 46 861847330
27 38 538972979
3 47 961887768
12 8 840361134
7 18 475095477
41 34 973545803
30 13 442865307
50 35 683341553
30 34 1111146
46 31 514007578
31 12 267524526
33 35 50767782
12 4 801960715
48 33 301416958
7 32 362154222
34 44 412826311
21 26 166231763
26 22 751433047
33 47 103516625
18 37 359763601
22 3 814382366
31 48 537557809
2 39 522354934
37 45 817803082
17 49 782527201
9 21 910791326
17 1 923349902
36 43 561482066
2 35 206639220
28 36 432031692
1 9 143814051
18 13 621165849
32 37 579720755
7 34 713089954
25 36 661809476
7 38 506494984
12 11 68590215
16 31 395361362
10 49 489355271
44 23 793807252
41 32 691207494
28 46 532563119
4 12 677072765
45 46 672395311
28 20 515221538
33 46 813482043
11 15 552745574
10 23 453890017
18 10 814808994
18 14 548963567
23 5 460196207
17 20 797830343
9 47 110575683
43 35 651096529
21 15 598140221
25 10 739821204
49 19 966010620
22 28 529595313
45 6 231102443
3 29 267688948
17 44 178419155
30 19 621234925
27 6 994033437
24 17 223866450
25 37 148000877
37 50 862264243
15 46 49908122
33 25 998025709
8 44 24430917
5 30 155381211
1 12 832002211
1 46 177634946
34 50 737966282
41 39 434103360
9 5 905689893
29 37 355297235
4 45 805993735
30 39 79842798
43 3 398750823
25 12 251250404
15 26 381997209
26 15 111585425
18 42 104160582
28 49 229181073
14 25 362926098
29 42 949588047
7 35 565766513
10 32 201236442
25 16 829207102
49 39 361367352
24 5 95151912
26 18 529293331
3 40 826308137
43 15 143090414
8 7 11905221
35 11 265932711
28 12 601544983
29 33 186180055
43 1 680367886
36 32 562384261
45 44 239398298
17 40 936146377
36 6 426390880
9 43 41777403
11 47 573022303
27 11 785473665
42 11 974928798
32 3 273517932
15 2 301564622
37 2 996321870
38 26 742252712
5 41 471460614
27 36 85119809
18 48 97805049
3 4 872209545
18 32 358158539
6 1 320000471
34 19 804317181
2 15 43349445
32 14 530003529
36 46 531000880
31 3 264955788
34 38 465769150
11 8 136693216
48 11 681358902
42 2 420013962
5 6 820670527
19 20 308207233
33 44 701794273
12 28 623569099
21 39 943891985
4 39 772455605
29 38 364088667
28 32 600067944
30 48 900997691
49 4 617014725
33 32 556924304
36 22 208779547
42 49 176441154
15 24 556843916
2 36 216594044
29 49 168810191
8 1 796314249
24 18 373060611
33 34 364772612
6 17 915000307
13 9 159820646
18 38 427847470
35 16 325641035
17 23 52368261
7 23 3000130
42 31 862000106
45 41 168293811
14 19 752929939
33 36 488141207
23 13 445404215
17 46 886480159
14 1 947007908
45 19 478574272
45 34 385818380
31 42 504039010
14 39 403631201
3 31 176494292
40 6 150779266
39 18 618808156
40 15 205231110
9 49 613898278
8 25 405251567
35 30 15003426
41 29 933072057
3 23 891194098
7 15 667665734
34 9 283767797
3 9 724061919
48 7 897136672
41 16 958207421
30 14 981230859
29 23 939834088
27 15 962134251
34 30 935369574
5 33 852440371
7 41 980906688
48 9 502057298
34 40 612812101
32 22 318543189
31 25 820761878
41 50 478855285
44 8 553524057
42 46 979389639
43 31 246851150
19 32 555699544
19 4 169246676
48 25 581757285
45 4 173919620
35 4 221179294
48 50 139811876
44 11 533913251
13 15 965796668
30 21 477037855
15 25 278417366
27 48 106739234
43 26 886097470
25 27 712714654
18 22 548881929
18 43 70595178
10 16 824129591
10 37 261317216
33 1 431249921
33 24 86087029
14 12 685105376
5 34 232120910
42 22 633958081
17 27 478828286
36 25 987483387
11 1 603836944
3 22 14937516
41 25 968785896
13 29 243622594
13 48 967404851
48 21 282223157
19 49 277089702
26 8 2622605
31 16 465193591
31 7 603192594
47 4 82032797
23 20 859099917
40 20 846183770
43 45 932986563
2 7 522936533
38 45 171601209
16 7 594608740
4 6 479142120
9 30 973450448
31 33 475798588
44 31 371283267
49 37 287856074
25 26 369872793
32 36 842770419
11 38 547571984
10 33 410693693
45 24 62085460
27 47 72907027
17 3 730414236
41 10 250015350
19 48 75141495
44 6 379564359
46 28 401568335
15 42 344772278
35 50 779028909
50 25 991130626
38 2 890340455
15 47 292211906
12 38 370116619
46 27 793733975
48 28 564851618
5 28 796689502
24 42 245286883
17 15 689691237
35 48 62024329
42 50 159619026
1 4 162280535
27 26 992058858
47 30 688146244
34 24 247155151
1 11 872368159
20 36 722940472
26 24 247929640
34 18 161750026
1 32 446892394
3 2 525489052
9 38 289389740
29 12 319641607
21 33 498210344
12 1 703147472
31 27 606243862
33 41 253430692
29 8 754170899
43 4 559303809
40 9 623520256
12 30 409359288
23 38 64642006
41 36 46540742
10 14 799706477
43 48 603957926
28 27 823795370
23 42 811829306
48 10 533628358
19 44 702244438
25 17 405849433
30 23 370513241
6 31 217351228
40 22 229668813
40 2 168611307
46 18 903569387
47 48 984014410
26 13 102104384
11 42 550415515
17 2 435339975
49 10 558058814
45 37 761233198
12 43 334835996
37 3 506156369
19 6 160341390
18 28 287789332
26 41 19507590
36 45 912796617
4 28 861864174
38 33 543611515
7 8 379563745
2 3 428568441
49 1 728491742
26 37 165917528
31 29 885394340
36 16 940749317
23 45 771879215
35 12 78233684
35 14 335853175
26 30 610128772
19 8 866112265
42 21 451993143
5 8 773273202
18 6 572636247
34 29 982433853
27 31 631623849
28 4 149660716
35 10 234253015
15 1 537116041
22 44 47184746
33 39 990447235
10 44 71718553
13 41 789227179
44 34 431431156
2 19 894712821
26 19 305067948
43 27 20445590
47 27 881107463
43 10 41761828
26 50 289953327
27 44 18607176
33 28 961046773
7 46 596416856
49 38 154239165
38 47 425429320
37 30 653453928
25 33 365454137
30 32 176079816
39 38 28471140
4 41 718696865
49 26 295850725
38 19 154925706
47 9 114450961
45 3 834800941
38 50 370485122
40 35 204345430
40 24 747299081
28 42 754423994
24 22 486899117
5 39 985821987
1 45 884839801
44 12 791985678
49 33 497573255
11 18 759300903
16 25 838110965
50 30 789185741
