50 384 343
46 3 893651804
30 32 38668116
41 35 492782921
19 9 186648409
10 29 918009453
18 4 382403963
25 47 67096720
22 10 828873738
40 25 200036359
7 36 686168636
26 9 287831977
14 33 811596600
44 32 150796260
31 29 43238889
6 47 800609088
24 42 76908262
11 23 392523358
42 38 92763146
16 29 573775964
9 49 56968108
41 18 425400931
7 50 329830129
14 6 822674260
18 17 447005033
25 23 498948812
39 41 999618512
18 14 361260560
48 12 594423385
18 30 318608857
27 1 314828252
45 32 608489530
44 40 896040033
12 31 894076354
13 27 879552703
20 46 645692440
43 33 985158104
10 42 874118061
18 49 855895714
38 3 863972819
1 22 259617211
2 25 712022520
30 8 641795248
40 33 930347076
29 41 952236255
15 42 451006651
32 48 880882471
7 28 98201120
48 46 391926872
46 42 402364411
25 6 179065256
48 40 336460552
50 39 419074150
1 36 341765536
9 41 858354933
27 45 182359596
21 24 242556210
24 46 831667728
24 45 711315141
43 34 143189932
7 45 225860105
10 45 678526390
42 18 232029397
42 7 305591775
43 4 866019783
23 4 454232453
3 12 136231483
28 8 181360680
10 6 266622270
21 16 990402212
6 10 964365128
19 17 706468619
33 49 422265766
29 38 774536306
7 32 271121527
15 8 166998019
44 47 133029615
33 42 655911635
16 36 727937376
44 46 547614014
10 20 469012941
11 4 174672166
41 19 487670394
13 12 218519323
7 48 884847998
1 19 362104726
24 7 215338574
4 13 536294508
31 32 425201380
9 42 825797980
46 14 577026473
3 47 58711984
9 14 339403549
14 36 8374799
2 43 24086561
35 36 729191558
42 1 748089160
36 3 862987569
1 17 226648094
43 26 128950050
46 8 527609877
17 5 558952393
34 3 548714770
33 15 114354649
36 11 632207558
39 8 410008377
11 18 517842897
43 19 802429314
10 34 690609834
8 18 443269347
25 2 78057081
31 8 512974270
47 46 857484523
45 43 33103716
25 21 775018455
44 28 117910550
6 28 8425755
18 25 265129542
35 22 17786474
48 49 47398051
9 19 278382723
28 47 357270505
32 36 529532128
22 15 923404005
19 36 891563519
36 49 29777490
32 30 713362510
48 13 206573788
26 30 538624378
14 47 179487661
35 27 866743774
17 49 304831401
4 21 365110578
39 36 117486213
35 24 378740110
31 37 956101461
15 28 740785794
3 10 279389226
14 26 855963743
25 4 460298989
35 48 41351773
12 13 166769661
46 37 764593508
13 26 652332656
49 25 352352502
14 11 853679246
3 7 728586890
28 24 106115465
38 4 84571685
40 6 779973300
35 9 554526121
38 10 557523908
27 6 867274399
6 43 318979232
16 27 856218525
19 50 5986203
4 32 91204050
14 39 278055916
44 38 511529601
39 18 827241835
33 36 189988273
48 17 630267567
6 9 630606318
16 5 187303987
30 50 647895265
22 14 748323416
38 20 353850759
37 22 800603817
40 3 445232567
31 23 591780259
40 44 891077560
18 32 316882444
25 17 270981074
47 36 368224003
7 12 289915614
9 6 582844127
37 11 421799029
27 16 310322254
24 16 225347263
40 34 877434351
42 48 672860499
37 46 682289150
26 11 375364324
2 50 16633290
16 31 957370471
47 40 780615379
37 15 222258082
19 20 455012700
44 3 817216690
29 14 952191494
14 30 599981594
31 49 636389727
26 28 943103754
46 28 671337571
27 49 631109038
13 7 467171662
12 27 626463374
17 18 158516179
13 33 585113242
25 35 859221320
32 49 288559220
50 28 533366396
39 15 730464411
49 24 624295396
27 11 828830980
15 31 803114476
22 25 154304795
12 19 600388190
41 4 699924571
41 5 225076197
6 2 940167853
22 19 46397024
34 23 520984190
35 15 608281697
41 45 363633506
46 34 881737901
12 29 429905947
39 25 741223786
9 15 916266260
42 14 459823717
12 1 293548306
43 23 8753545
45 40 810589471
10 40 934893153
10 43 513624279
29 26 93146863
45 12 593569762
11 40 252859887
26 38 619856366
25 24 284949608
22 33 329389684
14 16 116190522
12 5 254617015
24 20 237480640
50 11 239444910
50 42 372704965
34 11 972845469
48 23 204918421
2 30 707802608
8 20 210350898
44 27 829395077
23 5 773024118
28 15 675704495
10 49 837492114
24 3 51401742
42 23 794593746
43 47 534480413
40 17 674555085
22 5 434487297
6 45 597524561
41 11 261732630
40 10 191726572
7 8 747522623
18 9 398856150
48 42 923420079
10 21 374149603
50 14 544409966
3 32 36259411
2 48 416356948
15 29 106999483
9 13 222139665
3 18 790039124
40 36 920024546
25 50 910609465
26 16 955266111
40 15 566821065
2 40 853359516
29 33 598378954
12 44 520754666
20 2 491941247
11 2 449535067
5 47 843879636
15 22 918020777
42 8 820504197
14 46 861968990
10 50 76097367
8 36 617561469
17 35 107946973
26 7 923918493
31 21 810116803
37 12 249078103
20 38 9680599
31 46 107596679
49 22 478423628
21 8 559200281
19 4 196941023
46 50 495111815
18 37 794544413
26 23 239219125
22 41 687294898
49 9 650681221
38 23 528431284
3 46 583807793
13 47 674031937
6 5 575171717
43 30 371583045
3 35 339257723
1 33 633225550
1 37 37712055
2 39 76398320
28 38 883268451
16 43 806114829
23 15 921504585
16 42 201833699
22 36 644023824
35 5 505714286
44 23 237384309
12 11 976739333
35 29 832635572
1 21 798743131
46 17 601107235
30 9 503820055
44 5 897378452
1 20 691359602
47 27 955316942
1 27 323841118
41 47 568012790
28 21 326455904
34 14 513697444
4 37 762301255
38 49 811224528
20 23 470229587
13 10 448011272
46 30 749575937
13 6 682795493
20 50 722193743
40 41 756702941
23 11 295375237
45 39 628442237
9 18 624515291
47 13 733719087
6 4 908348247
4 2 585280464
11 29 793471056
8 2 343731926
33 44 301404047
38 11 559478123
13 19 476991282
21 49 128186787
37 45 949382073
9 12 369286778
11 47 786953744
50 2 332581080
25 19 523321453
39 9 95230850
30 11 319308247
50 8 952079790
49 45 237320476
16 1 610196843
28 49 893828769
37 26 941260843
31 22 87210483
13 49 771773658
22 34 315937529
45 21 978412115
7 1 130083438
35 7 185821672
45 18 969951734
34 32 832255242
37 16 66398416
38 19 510858368
42 28 989319223
50 22 414909958
22 38 5407766
26 4 163801613
31 20 188944425
30 35 475224267
45 46 422239760
23 6 331155222
35 50 539972598
32 3 320962522
4 15 788791554
40 1 158189140
47 31 444416426
31 3 40684592
18 48 101887429
30 18 157560133
23 47 889688376
20 32 53249929
16 15 247904664
30 2 389947740
16 21 805752225
5 12 701420664
48 7 994826356
37 29 282761031
27 32 148278063
9 48 583148212
15 22 732765936
27 28 712060481
19 7 35758859
17 24 531974448
4 9 247802079
43 17 848498150
41 46 388751680
47 2 617864448
35 48 448313517
4 38 651812590
41 24 27995971
16 4 729189313
28 45 613646306
31 10 997817368
9 3 229346094
10 7 291283719
23 46 130700439
23 49 586650646
14 29 153084239
24 19 885447425
23 27 31614946
10 42 515689025
31 33 513782103
45 21 41909306
27 39 474607230
4 39 177560575
33 27 933298984
1 45 974308688
3 42 168635770
8 35 761506606
28 6 575284642
31 32 49131839
42 37 668217396
38 29 798552774
11 13 959043112
10 44 393336893
6 9 617705361
16 20 236262351
10 39 185693703
42 23 411074442
47 24 85312947
42 20 436699778
30 5 495915986
36 31 185186705
47 7 614278183
7 23 57752199
14 47 879051110
35 40 12073024
33 43 812932005
37 2 13530939
26 37 303631647
21 26 946233867
33 40 705565558
48 39 200292352
47 31 880890349
26 5 815299150
44 34 980714670
15 1 280333660
4 7 525167639
46 3 965969325
36 9 662312408
11 15 805049194
13 46 674669465
6 3 687900753
28 37 238756665
43 29 388758651
31 6 779430054
29 43 265519190
43 19 60429821
13 28 813758276
1 48 223610440
36 37 73661263
6 49 944961583
33 20 793609584
18 49 660747652
20 29 607489814
47 11 214378910
35 19 980425574
28 14 824976993
22 44 32959067
21 9 335679687
22 14 63696810
33 32 312768465
41 7 844156813
25 48 129498581
4 30 911373958
42 11 372268185
14 25 713287469
14 9 583003322
45 35 441547678
2 44 457413798
12 28 350109304
28 49 187031100
14 43 135128319
19 32 380153812
40 47 395314846
15 18 723995319
48 14 174388070
40 36 449197645
41 44 521326827
17 44 967095644
30 12 400688911
2 14 254884081
4 41 493606096
29 40 839144452
38 17 78460781
19 3 682769261
30 27 317024218
3 25 109410661
7 5 751909270
25 5 888923348
32 5 145990794
34 35 300190602
48 41 887743375
26 10 154638377
8 12 296167754
2 34 177120719
29 42 929039822
42 50 724552302
17 6 804284993
38 27 703575077
23 43 755568452
43 39 615496644
31 34 586828069
21 32 447777636
16 45 24195070
45 19 813106601
29 49 218421972
6 22 908289182
1 23 909543996
31 29 782993013
7 32 826618611
32 12 516754125
46 20 678406859
40 11 848104271
5 46 916122699
28 24 608207097
49 22 241022615
2 29 178519304
46 12 226514502
1 12 207388671
41 11 833075735
42 47 951691077
10 4 621147033
49 35 59756748
36 13 513886376
14 46 799613017
35 49 129775997
9 10 278086043
23 38 287212499
19 50 180631184
37 44 203221582
6 10 787725227
22 39 311297442
45 38 870975236
28 50 675619871
35 10 531010815
13 30 317816399
37 16 830072160
6 15 717646554
27 42 521478452
45 44 797594209
9 16 19412238
39 50 291596316
2 36 611006730
42 34 21246098
45 17 976617296
15 13 555630968
31 28 21993369
25 30 868407355
34 26 422209252
44 7 848945155
42 45 598687857
50 5 632630334
30 24 366992749
21 38 470313503
33 47 195212924
45 7 540986442
29 11 231101300
6 11 94920572
32 27 165640077
19 41 805534777
44 6 200065775
20 8 954314595
40 13 922622083
23 34 533165254
11 33 149259225
25 24 891732895
3 12 719449722
36 42 563229292
8 45 980630893
8 16 789736666
50 23 604775735
25 11 933050495
12 37 551045527
30 1 723771904
9 38 967867322
41 26 894989999
6 26 866289157
43 50 954516432
37 21 858302526
19 1 499166265
29 26 317146022
7 8 585458304
10 24 516551833
9 14 866098993
41 32 710239592
12 1 905363439
48 35 865194586
24 37 96261643
45 42 752424799
16 8 171695721
33 48 551117351
37 40 867424094
48 23 578838949
27 5 516500340
21 16 736796030
23 17 523123897
45 46 234879873
31 48 244532450
34 14 538019299
23 47 797215921
48 38 363017568
41 1 561881932
17 8 832580218
28 40 810596362
10 3 519850345
14 8 457963192
36 17 482101761
3 46 66635676
3 49 87858143
2 23 808167783
41 14 88490789
34 17 615818168
1 7 171413774
9 24 371343056
11 42 896269200
8 25 730014017
32 7 628014933
10 22 801121754
48 34 33456849
23 18 900139403
5 10 314358216
20 37 407823270
31 30 347742329
5 18 158657561
15 40 442820783
2 43 174667644
8 50 503098364
20 39 345314579
11 38 988816272
35 42 760856793
22 1 424723657
4 16 431519716
10 40 542861041
43 9 392039172
2 4 495169058
39 18 835686733
21 33 888823211
10 45 313414267
31 47 918668174
22 43 213902296
45 3 892954393
22 31 991523409
48 2 49549405
16 5 629269263
3 18 424609994
5 42 966748150
47 13 130534749
6 36 117608201
4 11 991559043
39 29 172372469
9 46 233704471
20 45 907681647
47 34 146995297
32 22 161825923
15 4 268922427
21 50 655920080
25 50 739091084
29 30 538966743
13 33 841362800
31 49 127891442
46 28 887769360
33 41 97054849
15 3 606208804
13 40 439726859
24 15 276029920
42 4 12391475
28 42 378542711
18 3 537045645
11 4 600643071
48 19 677627248
1 5 57835056
10 14 189265828
36 49 492668380
48 10 158105957
18 34 675556894
9 21 611942292
32 16 188383046
34 2 143821178
43 30 836282343
27 12 538832305
1 19 832404716
37 24 783262845
30 43 912064459
7 25 11496387
17 43 20178496
29 28 26347272
1 2 890070291
20 47 751688992
11 14 389764442
27 9 14237612
30 18 361844805
17 3 808148674
10 46 575239191
22 27 38330455
33 6 628488334
11 44 157835128
4 23 970268987
17 34 84005289
5 25 366352029
50 16 413968130
32 43 144881877
44 5 774353873
25 9 496212814
15 45 685063855
19 24 408177239
29 36 232457793
25 4 409385073
36 26 557998341
8 23 867782123
20 22 258894212
18 5 986489896
8 28 66503992
43 10 882171819
16 24 18293393
15 25 640357908
45 34 435288364
32 11 338643040
12 49 880284506
25 17 844425475
