50 2367 1499
27 49 501060146
32 27 62686943
33 44 676333065
46 27 444441414
11 12 329316203
11 29 238676362
16 38 545020645
25 21 236206838
49 20 805513027
17 22 909217073
32 13 635817755
4 36 228073246
50 33 787046787
19 15 56080928
16 9 229112960
10 15 37995720
29 25 360989703
34 24 288742898
5 29 231601652
9 23 925715801
17 10 625187587
1 12 800694756
48 34 242003744
24 29 447300081
26 22 626619039
14 45 217870414
25 50 495781410
46 12 917753031
18 16 796201140
16 36 275054347
8 28 353635820
31 5 256642832
12 39 895515737
18 44 670708039
31 49 468560302
35 50 94121693
10 44 609973772
16 1 862244513
5 12 112517469
32 9 648515156
7 31 803746768
20 11 561694672
38 44 846058379
21 24 861490263
43 4 885206672
36 5 164055189
31 4 678881347
44 11 302686222
38 9 570430379
12 17 868990447
32 37 130533506
48 40 19985697
15 43 686993747
17 8 624630061
38 22 733341803
25 14 461685339
10 48 877979846
41 46 689065067
39 17 661438032
7 23 280504698
30 3 690293200
21 10 225181995
46 28 106843930
43 33 59685023
37 13 869994889
50 28 466629324
8 38 94715439
21 17 757310282
19 24 651551841
35 15 472709260
32 39 963018004
17 6 907750321
43 25 910078178
39 30 19701495
26 24 976487993
42 45 475466330
5 42 363820777
4 10 763198867
33 14 774268684
18 27 310117726
17 47 284838627
26 19 724479942
44 33 156849546
19 8 749412961
25 12 32228551
5 9 580037673
39 35 790759519
27 32 749658046
32 17 168004138
14 25 661328406
24 38 495518845
48 37 126216083
46 16 215847339
23 33 514357912
24 43 384073774
36 26 550466482
41 15 875799765
47 42 113558750
50 26 606183466
44 22 313445992
16 28 235583854
38 27 758361974
21 33 788175560
6 26 224837149
46 19 783250415
21 15 812035968
44 4 929510559
48 24 105412716
26 17 831243639
33 39 859069974
36 4 82433757
38 6 460044335
33 17 75600839
20 36 277697015
17 14 281602641
7 39 24485082
47 4 618379503
17 29 895806454
40 13 219649173
9 48 229361844
14 24 999360821
3 33 661944551
43 40 92534740
5 34 968978516
40 10 284753496
35 16 593847548
43 18 805972221
46 8 460086040
34 13 557072283
28 11 321260431
8 31 232813220
13 19 19575932
37 9 71616591
37 50 375783402
29 11 987588276
18 46 547331769
22 40 16861836
2 33 898388849
27 43 289588446
23 8 544776267
12 37 611618070
20 27 301764303
10 38 295640929
24 40 593447480
48 35 560754187
13 20 549240703
36 50 75633506
36 25 313495970
50 41 526117360
16 10 48822871
35 8 538734930
42 49 169755966
44 15 343922600
2 1 155653683
26 13 761173358
26 11 243465428
44 38 30411001
50 3 385964798
30 49 801728719
36 31 114428380
27 36 695793293
18 37 189774840
47 5 972131052
3 38 247610101
9 47 142521892
2 22 600197994
42 22 89528971
17 48 453923104
31 12 729289222
36 17 60144203
3 21 605871474
36 13 632313965
1 46 911058732
8 49 812321081
13 48 933610098
33 35 435911198
43 37 610232971
12 29 749291251
9 2 202126803
17 5 406277539
34 2 987862617
34 6 624180426
10 24 318983681
32 50 312458394
4 9 435728473
36 32 389480525
17 27 336649514
46 42 692990378
14 32 19205331
32 2 26778060
6 42 227238744
28 7 201450776
33 18 410963051
2 25 616991653
48 36 88916575
2 36 373152461
27 37 227680387
6 3 428782493
22 27 622644834
12 48 578908740
35 32 798942283
50 8 371335748
38 37 353428066
12 7 48902000
40 27 243688692
43 32 125999413
50 15 623398890
28 14 911401765
6 13 540228936
20 9 541676299
40 22 185006160
1 28 766605316
2 9 814961748
25 32 374312567
23 40 622221313
5 45 519584425
36 34 296112052
1 19 68610358
30 9 2953604
1 45 66913408
9 34 200380322
39 34 801784186
18 6 932186715
29 39 240982201
23 31 991817728
47 22 724386744
36 49 264380595
44 34 687847820
47 12 175278942
41 49 419803417
19 34 496608188
47 1 416508599
30 38 718152752
37 47 514522021
28 31 265202879
21 1 539933663
26 43 85352800
24 4 163035581
9 14 599107087
3 47 206944563
16 22 265520342
10 31 957974885
9 8 796281135
1 15 235594897
16 23 220712082
5 19 197975649
31 27 516134821
1 6 367860271
1 49 205744076
32 4 762893446
46 7 869630568
30 28 384976275
2 14 401606272
10 22 9441196
49 17 672205770
21 47 468157425
32 40 611613223
44 29 883387483
48 50 174678368
31 32 571163440
11 49 597558518
36 30 45323637
29 31 20976132
12 2 554977389
13 17 941096076
34 22 457423087
16 4 666175306
5 43 639325371
38 49 901048896
9 18 487376087
38 2 984640586
5 27 915692377
24 46 616404877
23 6 180832156
50 30 850023539
10 23 637483734
7 43 391159654
47 14 565334531
30 16 333345396
9 38 789668370
16 3 873800077
8 24 441035755
46 43 375325057
28 1 971692857
39 32 155667406
28 35 471637290
49 45 382097423
42 15 924562183
8 12 357247547
31 29 143541231
7 4 481762402
30 22 840537582
24 27 355034605
40 7 4498723
25 37 104526923
16 7 183385440
43 20 431445312
27 1 697133914
8 9 622814102
46 23 57759703
18 32 227485876
19 43 869035305
34 32 463871863
42 7 418703776
27 47 473381825
4 50 843442260
12 50 338051778
10 29 574240080
23 35 920986999
20 6 22059322
28 37 737548052
33 32 256419545
17 20 694421533
45 37 717141667
13 10 256813658
14 47 457365509
14 8 514487994
40 39 833520191
20 18 351690644
30 18 779666325
24 7 22691333
36 6 703122036
38 17 65148398
1 5 372528060
24 17 668448243
31 33 573367485
40 32 875515657
17 25 13483890
7 22 738706107
46 18 306396899
16 35 774214103
42 33 664806481
39 6 970722684
27 26 852258051
25 44 307844665
15 17 293292055
42 46 782508016
46 30 912958199
5 24 847633044
49 12 537747992
48 45 197260895
29 14 8611691
12 25 732641082
22 7 66419208
10 26 846841887
45 46 832975219
30 24 958321202
47 6 617421294
42 27 709169542
26 10 121946678
8 11 790854787
25 48 68961961
16 42 20619100
19 28 53598073
35 29 692492498
47 30 986003989
40 35 108209151
43 3 372271736
27 14 623765820
44 30 252814886
35 20 532101611
35 46 781461112
25 16 107792375
26 14 410418432
38 47 809296650
50 20 296005755
15 8 277956942
37 10 222298366
13 11 935065152
16 40 184170410
34 40 659448219
44 20 486486637
13 9 953963802
42 25 70016647
23 27 764328878
7 6 844088966
35 1 725915820
22 41 182647110
4 5 85444681
15 5 290261018
42 12 625563031
24 15 591391657
2 43 85970871
49 33 397855254
31 17 378431168
1 34 178842389
37 7 138875279
34 36 98872600
29 37 994594475
31 46 222257514
40 11 121185213
35 21 254595407
1 29 293681174
28 40 863794227
35 24 517706194
48 6 126746350
19 18 12803130
8 26 527533106
11 4 239276747
40 44 247626260
44 6 309205677
13 35 532382047
44 9 541187965
13 45 196281781
21 37 38198119
50 13 337885751
34 4 342687099
15 4 832197393
43 24 91506403
35 13 759823550
26 50 371509656
37 42 985819330
32 16 248680392
50 36 968251184
17 26 837581196
33 5 681126332
31 40 400370267
49 37 235619264
24 6 133736079
22 14 998932376
45 22 268779368
1 33 154298018
32 31 17633814
45 7 675154592
27 40 718214874
40 14 361355718
22 3 38780878
21 41 572485422
27 8 718207754
5 3 519044195
50 44 22221222
48 27 76831619
1 3 278887346
44 28 771095582
42 11 919871244
10 40 469244135
39 49 460643446
25 28 906185025
11 16 823661847
24 1 752133636
23 12 863681443
29 3 20109243
3 13 803731816
13 42 512201366
23 37 939037760
17 38 744945815
31 9 784066560
21 46 309711299
5 38 54915499
14 21 203060456
33 24 726805121
37 19 417745409
31 30 717589056
29 33 36799719
11 44 151299436
34 15 146747516
31 41 979206132
23 46 228200026
10 27 584920487
45 47 615515300
35 38 988523816
31 45 672800202
27 50 281139813
30 4 318541088
49 22 656221599
5 10 168295935
29 36 724873638
15 40 958952028
46 39 570350550
17 30 251127190
9 16 154952918
37 45 696651097
22 50 391339994
1 31 866561962
1 13 524676924
26 5 132212175
6 49 202998233
29 23 453298037
33 1 181662694
29 12 941273269
34 44 175588779
40 9 274007855
32 19 841577452
10 33 949265461
13 15 748716081
43 45 696395173
18 17 653647780
39 31 831349286
21 27 395045472
18 10 697560219
18 3 223223929
7 32 535947332
18 39 3701980
19 38 799401046
20 30 979945175
14 48 270434264
21 40 426616019
32 7 187606116
31 16 420533838
19 13 153981944
20 35 783952481
5 18 70699135
45 27 24454124
24 34 433200634
30 23 713564102
39 8 502247876
38 34 830877912
19 30 768370553
12 1 612486563
38 16 94755183
12 3 126699027
19 14 102542011
24 35 417269692
8 30 203848364
31 21 316336932
21 49 734855614
39 25 326497860
12 30 447495230
2 12 1362698
7 35 224759756
19 12 927421785
43 1 355735306
26 36 332564346
24 11 830371338
27 23 460132984
46 10 835775563
50 10 340855144
13 22 979277200
44 5 371177598
11 20 620437491
28 48 975511095
38 15 764402132
46 45 386295286
27 24 236714194
15 34 177024914
20 2 537352738
6 44 888343550
48 39 136074080
48 31 23377734
42 40 890943988
18 11 366112166
21 11 399351305
44 43 829048054
32 11 387647370
8 48 541110863
3 15 921816565
19 41 100561115
13 30 330877969
1 50 866385679
12 22 660915038
6 27 417127584
12 23 527640114
3 29 968472755
20 40 227404190
40 48 542084117
10 12 118380694
13 8 907556064
8 41 332850008
10 32 546958820
15 36 9451743
15 24 674538584
41 24 615313174
42 41 102851598
20 8 178293598
18 42 747128595
46 13 580494164
2 35 310796405
2 30 760758307
37 12 800025526
8 20 729981704
9 42 818188772
37 5 74300049
17 32 991831397
12 43 610764616
22 4 728084380
50 46 560882581
35 47 825934525
7 19 386150811
10 8 245884075
7 14 863594294
28 44 652352033
33 15 589763445
9 46 567789972
10 2 734364256
2 10 972420404
28 16 996845869
32 6 813598202
28 33 83568010
19 46 927715089
32 46 512483582
14 9 1644788
31 8 715470343
39 19 944478666
40 2 585180669
35 12 412277977
27 13 183754208
26 39 783922367
11 3 862780479
26 4 710128893
8 4 50796888
17 44 218555333
27 22 16217727
22 33 661584964
45 13 418621990
19 1 48103941
26 47 87487226
20 10 916806845
17 13 679970024
10 13 694558830
36 1 213916992
18 4 544546432
41 42 733906941
50 19 743488546
40 38 174373544
38 42 605123642
34 19 106867416
3 23 585000970
5 25 96563236
49 48 583254690
27 25 548462126
1 8 739665534
2 39 364908294
13 7 359933814
2 20 510006031
33 42 795021703
31 50 404759777
8 25 76137105
10 7 10845902
14 20 20146073
48 25 258407679
29 7 491640675
44 35 400298743
23 2 95049499
37 15 920209835
9 1 166581489
40 12 327026231
24 49 56575728
45 19 604226148
31 34 965911843
48 29 13382178
16 49 785008978
12 6 496652954
7 46 851039003
20 13 121138489
34 18 178815689
18 24 894566853
23 15 540787752
41 16 151091389
46 21 503101165
38 20 171749333
43 21 816952048
27 48 675319635
36 47 31342857
46 6 531139099
11 32 497705544
2 32 619350638
47 9 146967336
3 48 809614412
46 17 57623361
20 49 872209782
30 41 855404018
38 4 140274772
45 42 775374344
49 42 498901917
47 49 298148838
46 4 164711438
22 2 942209710
26 48 681159102
44 27 606167327
9 30 584445658
50 31 254468144
45 41 368750954
50 32 688495001
14 19 443550809
20 43 913267159
46 31 64883298
41 40 946830440
30 42 482122787
20 1 591573857
32 22 192382360
36 41 67626564
17 42 998171716
14 39 253208123
43 27 167884429
27 34 328251101
24 18 907648671
28 22 423525375
41 20 620518402
5 39 441231384
40 8 627894130
35 34 783024566
9 45 839891189
2 15 321549001
31 15 997163430
7 5 389304126
27 21 697524929
23 14 660338798
39 46 571155486
39 4 985215256
47 8 383548330
15 31 804448216
33 8 714779961
39 26 788090669
20 24 700237972
49 10 353946580
41 21 503106099
4 33 872010113
49 2 908683790
34 29 922821258
49 16 986575557
50 1 713715969
35 10 662460295
22 17 614750829
33 11 63372174
45 3 276478890
11 5 141521480
18 34 595599834
14 22 623116233
18 21 129208669
40 15 181126759
38 13 146098104
33 25 116738050
43 30 883756475
2 7 203098431
42 3 805612044
14 42 670843305
50 37 375732228
26 25 389109753
6 8 142544763
7 37 328233215
44 39 604179692
11 33 616030527
1 36 863357686
14 41 250555471
42 9 29989752
25 7 19398188
22 29 504335703
7 10 712180637
39 48 133147480
40 4 963193433
16 32 447029362
37 11 368504542
34 14 175404949
1 10 274186000
45 36 924949393
24 20 241111813
22 48 256758375
24 41 627797920
22 44 259565079
31 39 120461734
18 28 963883985
21 42 979046129
2 38 99061127
16 29 530247208
14 34 737988775
47 13 747946767
4 14 335095865
27 20 248982037
46 48 530285387
19 5 921073722
35 48 56287082
22 24 985378017
8 10 644286262
21 43 350222074
4 29 682563242
32 21 378019568
2 6 165301439
26 38 550354505
40 25 8484072
50 2 623768253
17 28 107138878
11 2 634946343
14 5 606516216
23 17 773493760
16 17 481755911
38 11 996226702
2 31 804210347
2 42 65324722
37 25 75965212
6 23 895172601
1 47 961547851
5 48 613603871
4 43 63949579
21 20 935952856
31 38 943181212
45 8 11882310
39 14 775966790
47 24 438184672
47 40 684157672
13 39 441884813
23 22 458313250
5 26 133205748
4 24 388642943
32 41 530791415
13 36 793220184
36 14 144425319
42 16 440173798
30 5 452316944
22 8 856891614
33 13 573682568
10 11 862712744
37 23 579638958
11 15 844684663
3 24 159220541
22 39 526664091
27 44 79708100
29 26 500888116
44 36 804630353
45 24 892399202
33 46 730624816
1 23 414577603
43 19 452017338
6 2 805245586
32 29 542782555
37 41 953542047
3 35 403237261
31 25 43847164
20 38 670457795
46 20 424234711
26 18 335360555
13 37 877981416
7 13 412836171
1 40 783006077
38 50 927137652
26 41 701656107
21 9 102573923
48 7 492560730
22 26 48289939
36 2 656240656
29 6 84812087
33 40 902738039
22 45 989852671
46 9 391301871
31 13 519429496
38 12 180167222
8 6 522016866
35 4 269080899
20 44 53334039
27 45 691681134
8 47 105637400
7 34 220576014
33 9 148036134
4 1 625508122
14 3 378329105
13 41 999680052
42 32 911914719
35 44 380487032
44 48 177962377
33 2 35585933
24 10 367446187
3 19 597747478
13 28 627382113
7 24 244926636
36 43 106760701
6 40 468869921
9 7 848499100
5 6 129134095
19 29 854613009
10 28 974164523
47 25 859780959
26 45 265554475
32 8 449013936
40 31 504670107
28 36 150965196
23 7 277690201
11 41 675343907
14 4 329671000
4 40 397716302
43 49 94190953
14 17 511203352
3 41 200155055
45 10 306125779
12 19 304974349
4 39 122869849
25 23 103820146
6 50 624704719
39 9 405746209
26 30 940526209
35 5 253200213
18 7 390193562
6 46 618390898
29 17 56257260
50 5 408610565
20 50 490269057
8 18 256486689
35 37 282733705
28 4 924110327
1 17 977683328
8 33 266402588
14 2 285836270
19 26 145864820
38 24 780224829
46 3 442561487
38 7 919098527
46 22 951362401
32 35 538013838
27 4 954173950
43 16 460897825
7 2 192622432
34 28 161791189
47 23 711076221
21 13 743346168
32 33 313228293
6 45 228571266
29 1 862891716
20 47 93670271
47 48 690538383
11 35 515857968
44 45 301342561
21 3 451216440
30 47 1637240
3 32 212882878
37 4 211497986
25 35 824575177
30 27 150768067
39 29 29006258
33 29 707499779
37 32 432728688
16 12 818801451
36 22 910398992
7 26 462603859
6 18 642006856
20 39 988716954
31 48 25369848
28 41 88652873
33 36 927111144
12 45 385657676
19 36 878542969
39 38 110284531
23 29 688984323
8 46 649666639
39 1 314380462
43 28 803921569
44 3 266878990
42 44 528395172
32 20 695627395
43 12 165799098
35 11 969572772
49 25 706134397
30 12 143996745
15 1 460250958
22 6 34175466
6 22 329656329
23 38 367415001
35 25 57476345
42 2 237005467
46 34 8873105
35 9 322583777
2 40 137067704
40 3 67106281
40 6 862187037
4 45 143177251
5 36 446291917
50 39 894482119
25 45 246823616
40 37 270135304
5 14 68124085
22 42 493624254
34 47 367121805
36 24 384623932
8 19 318594600
35 27 523458621
13 6 715142919
47 38 619579173
10 1 320283279
31 18 83291995
4 3 113868667
13 34 585425627
30 15 514139631
25 38 63039400
40 23 391286021
42 28 201109639
5 31 709706622
21 4 471623213
12 36 686392174
40 50 746579887
34 41 453202139
37 29 24900832
17 24 496294333
35 14 968920644
13 26 68709222
31 10 17669991
44 17 920109499
48 22 135811223
45 33 832552452
16 34 731952708
24 30 811922901
19 39 386103110
34 50 961950137
50 49 429905446
41 11 105598346
12 16 56698330
9 25 918580964
5 41 904582252
34 21 53962566
12 40 404028007
47 41 294206522
18 35 536542574
8 29 447805750
11 31 644227941
6 11 364334957
17 1 508199148
38 40 353234434
1 2 788739644
1 9 609052757
40 18 866439441
49 1 158693738
12 27 724213292
4 27 939895207
27 41 452750433
16 44 695303518
7 49 347957438
5 4 271454572
28 24 277440076
43 34 380383529
19 50 244230896
19 17 460961370
41 44 584434534
25 46 441793261
3 28 626170855
18 50 841909337
16 47 742552591
46 2 781485398
34 26 218007352
23 16 424522222
22 32 611669895
9 11 80014288
3 50 617438762
26 9 657539719
36 38 508454683
24 42 971311459
36 44 221992824
19 11 916055701
50 7 408664072
16 11 814015472
7 28 657416298
1 4 123899355
21 29 923963617
16 26 35065685
32 25 287072033
9 29 363173870
30 34 638155591
42 31 197608161
10 17 53779517
11 24 555298446
15 42 613201826
35 42 486704102
46 15 387192103
36 15 532919420
29 47 721099484
41 30 576857365
31 22 547441538
42 26 485131854
36 7 291094260
43 44 912036163
22 16 990802920
35 31 486821582
27 3 772404086
45 31 174189392
47 10 422364021
19 47 828236833
16 25 391992518
49 24 836093242
45 50 325312180
37 44 128837405
20 17 207082632
46 24 217725193
15 14 983224430
9 28 147674055
6 29 900602461
28 13 443616236
32 30 433788818
13 31 78293793
42 30 991312667
17 21 731519749
4 2 670674042
10 43 518226786
24 45 687579023
9 12 106349485
20 45 855255668
2 46 486203942
19 2 743807670
15 23 207713417
47 19 453500618
20 28 346151365
24 31 55896814
13 21 902456290
39 41 149959014
7 29 277745221
4 34 324017432
4 31 318752230
13 12 820277523
47 29 695368930
40 33 304485758
39 27 676473835
49 43 745808998
44 31 26566605
41 38 909271704
40 28 47972562
6 4 25776902
49 44 452656307
19 40 745443175
46 26 584852896
28 30 307665104
4 7 488995752
49 5 810285115
4 20 241760686
50 25 843545652
15 19 897383022
23 26 136502260
41 17 139028739
30 10 700201593
12 35 684178635
22 12 511434421
15 41 35116182
48 44 467592959
22 10 314956133
15 25 504536351
32 47 572448215
11 39 715076369
40 20 597062174
28 20 887202273
2 44 40706225
41 43 718872047
6 39 197655830
29 43 73060825
12 11 37875994
2 47 900902036
5 11 903908991
23 47 384247184
25 3 101673831
46 32 725375212
2 27 61007334
9 10 844709268
33 37 875645161
1 38 535239903
12 4 452441505
5 44 26147517
18 13 278763809
4 48 308750145
38 48 459412845
16 48 945702552
1 26 987260366
43 35 458060404
7 16 280868074
1 25 412557244
5 47 280098985
37 20 610724419
17 35 111246859
26 49 496792708
49 27 643993907
18 49 183445847
6 17 485559326
43 41 643766417
45 2 332191073
28 5 710091095
3 22 955346149
47 27 244264508
37 1 434710391
50 40 70159227
10 4 855239895
50 42 244017040
31 11 522955518
23 20 468786631
16 41 935262502
26 40 764686014
16 6 494419286
17 3 168049810
32 28 373959670
42 5 399899477
25 18 895738678
15 32 924786414
25 13 922194898
29 20 12634736
28 42 268594910
50 11 873445209
46 5 393784839
18 29 394174249
14 26 639422261
30 29 342043656
22 20 600473253
26 29 541098030
15 16 588923530
37 31 115528190
22 30 888701580
6 48 849420557
4 17 637947830
34 49 226205032
48 38 777326946
48 9 149141672
16 27 370999265
7 17 330489409
16 33 617339428
34 48 103903294
4 42 925829799
39 42 133571120
4 18 197048747
8 5 200663289
26 16 178131507
6 36 14557569
50 14 570262003
36 48 544052223
6 19 138522587
34 5 837103666
33 4 516874346
26 46 984246471
35 17 844170612
45 35 453045955
15 2 190875505
39 15 588126506
38 26 945864764
21 31 627129628
35 2 105867470
48 43 890083180
8 7 323120363
28 23 585099660
2 29 636050203
7 25 700394886
12 38 11117709
16 18 796811886
22 43 443606354
4 28 443380324
41 34 893259294
49 8 797073435
3 16 179381585
45 21 297932853
9 17 13988409
37 16 67627229
40 1 341527150
12 26 472880281
9 37 888249319
17 2 392646785
33 45 938386684
41 27 887656727
38 14 984339935
31 26 315996106
39 43 138364300
43 15 159515450
11 46 474039426
42 17 810367170
15 46 652091645
14 10 503295951
3 2 93502239
17 23 590701800
43 9 138317586
37 35 43651791
8 22 992814695
29 41 954015483
2 17 191932126
22 35 710019471
15 27 18656603
39 13 887533796
4 23 875524463
28 9 195790545
36 8 360423508
1 11 391707882
41 6 924631178
5 8 782913174
30 26 106467626
49 18 92519852
34 11 718114837
34 9 183724844
23 32 635680724
19 49 239720498
23 11 297347377
29 30 580102848
36 23 931259958
34 33 862699076
41 1 410879108
14 1 384992470
11 40 262929422
36 29 97050674
8 1 496823011
11 50 27226121
27 15 407798373
32 36 146419396
1 42 903619977
45 32 786545787
10 5 225228001
44 24 148770035
16 45 799266140
47 50 53850688
4 38 830302076
37 18 415276417
17 37 947344811
25 40 555912820
3 8 173503608
4 49 73482849
41 39 980748204
12 28 159806429
11 34 833069316
41 29 607393894
38 25 323453432
49 6 606852765
9 5 277266951
21 45 489390906
26 6 666323430
47 26 353863643
23 13 901316275
24 36 413772851
44 40 912576231
47 34 846020260
20 29 234190560
45 25 349773397
3 31 792941309
19 35 388410753
41 23 370770030
14 29 370566078
41 9 809824951
6 21 197787826
3 14 345483165
43 29 270134680
15 44 612418756
42 43 125943018
27 28 246942652
33 3 383480030
44 46 416209066
9 50 358069153
34 8 325105981
24 39 536457784
1 16 158232174
1 48 674691636
45 23 202395482
37 17 692903470
14 50 686129328
13 4 734986172
7 33 585101726
20 37 620655827
19 23 719858854
23 45 510490296
23 36 769919865
38 21 116931649
23 49 403366692
37 24 351361970
3 1 212845705
23 1 422682023
22 1 799022963
46 1 25772233
25 30 901531762
6 15 891118432
50 18 288296219
13 29 710051204
3 34 911704665
33 10 193243380
33 43 132750183
28 29 712894717
48 21 702902998
47 17 335652575
14 37 277641903
13 18 48851562
15 13 761164940
27 7 264497521
2 24 528786267
50 38 716956404
28 3 186530664
9 22 450962659
25 20 123470896
44 8 837406877
41 19 918455763
6 5 195829980
40 5 527785811
39 23 738220133
41 2 893116638
46 29 218046798
4 37 773782426
8 32 397050086
7 27 490493175
33 7 688842158
26 20 250868982
15 10 255355799
41 8 155441578
50 43 291413178
24 28 640464530
22 23 659202807
33 30 172256542
46 38 829002920
45 29 365483600
21 39 932133065
36 19 742931521
49 36 172917366
4 12 52935499
37 26 621153504
40 21 840876648
11 23 642654804
11 7 759247541
30 2 210380299
36 10 901091438
9 41 394600063
25 41 872409803
30 25 796563893
28 27 678029330
23 50 223801220
20 22 644288322
39 36 513228725
18 8 956671499
30 1 863225248
44 42 726132361
9 4 632109203
23 4 563899664
29 50 28402384
22 38 820609643
42 1 687042023
1 44 596567212
7 44 761521523
2 26 212827297
15 12 345994931
14 40 948561845
20 23 1116548
15 21 528043712
25 24 580212104
50 27 584869469
6 35 132002004
22 31 825102698
45 11 6192295
44 10 582852803
24 22 372211819
37 46 682274396
23 10 189520924
31 3 449040214
16 43 211264929
23 24 835455468
16 15 409286491
11 48 127606219
23 25 591670811
49 39 653438961
34 43 921582152
11 37 193762610
11 27 185529020
11 36 472728033
17 50 420352883
23 19 606968083
11 42 48814728
42 24 554880199
40 34 281111448
18 14 46491820
17 39 16455403
19 37 411869904
41 7 196738445
25 6 637003742
15 28 677954991
48 5 228637742
12 33 532768154
37 38 575321717
27 16 662166012
34 42 544629250
36 46 934309598
10 41 484069056
21 50 28391611
18 26 389734480
35 49 477826381
1 7 529637807
50 24 905810986
13 46 199435978
29 44 788547298
36 18 707533855
10 30 572274218
15 20 16761186
7 47 647618329
18 48 519025378
11 14 444066797
33 38 136638176
11 10 597573549
29 10 240046732
48 17 295944561
44 12 309112080
14 36 518063051
17 46 499177188
38 43 47287829
17 43 769235215
30 11 120857851
36 33 675162088
5 49 303242512
26 12 331812647
34 31 324515056
29 32 266275947
45 9 485618256
22 9 453905473
2 19 741798120
2 21 726603853
28 43 22650910
35 7 8984388
28 38 523134192
30 14 580722714
14 49 130333859
6 14 691309587
30 13 192819799
27 9 89954114
1 43 945460368
46 14 457272285
7 3 347486643
31 42 454510533
47 16 957436855
50 21 774384009
14 18 791905628
48 41 983981174
10 6 464974788
47 7 477105026
32 15 423519558
2 23 120234779
24 23 562259017
35 3 547363294
42 18 538960220
46 47 609096138
5 16 521902539
18 2 777068728
41 35 394068238
18 40 970552110
10 39 728442128
21 6 513965223
25 49 467347583
19 31 195128519
20 42 755914071
26 31 189029204
18 45 189976989
14 16 823393733
4 25 958642934
22 49 900992240
11 21 818180233
42 10 810948025
35 19 111369200
31 1 309457415
22 36 512517806
8 43 964034573
49 26 139979557
24 47 53536007
9 27 229249733
43 47 681098974
29 9 909574295
6 1 121699915
3 25 81167090
3 36 662869790
18 19 555333266
6 20 651897936
39 7 382876224
8 40 133716089
23 18 833718088
39 33 219020421
21 48 371750117
49 40 88168382
3 40 182782304
29 8 16101975
43 7 219828537
21 16 7896278
14 27 529147893
3 10 831368716
7 20 121414466
48 2 792802031
31 28 760998680
43 31 231685985
10 45 32308155
38 18 950453971
15 22 778719481
29 46 612497329
21 35 435473475
10 14 76894741
21 8 14871244
10 46 28154479
3 49 105277323
14 12 419319993
29 40 456149193
48 14 545131178
23 48 700802935
19 48 183317986
14 30 733356356
3 46 134852986
45 30 830599269
3 43 453136691
19 22 350924898
27 11 643015713
4 30 499424452
44 32 289030389
13 25 153687519
5 22 249220755
49 38 664489771
44 7 684211686
3 26 370150719
26 35 957241470
25 10 33645201
19 33 38714498
11 18 644310640
2 50 294711435
19 9 5768032
1 18 269030408
49 23 871409058
50 45 569771359
11 22 219330146
6 16 933905245
9 32 344921309
18 23 605154269
42 48 933173049
7 42 991202709
40 24 218586111
38 23 802857420
47 37 585901336
24 33 214312476
40 42 647664538
30 17 620599374
28 19 137703610
28 46 165018694
5 23 48397632
40 46 288429246
50 16 407664813
31 37 679736399
44 2 455547622
22 34 848694821
17 33 305020212
34 23 460396084
32 5 672357084
13 23 631750987
43 48 708047032
36 21 717238102
39 21 95169895
30 20 831232611
45 40 821315216
12 15 605504112
33 19 201688920
15 30 191734832
49 7 958809970
20 4 248422972
41 31 150136797
29 28 552792312
10 18 327341463
33 26 100619793
23 34 338129303
46 40 656998431
30 48 403865563
8 39 6927465
39 22 366391139
43 50 848058267
25 39 862854195
6 30 991957251
39 45 70742583
2 8 507754024
28 18 980268230
7 15 279143165
28 2 54596428
7 30 596466906
24 26 694449402
34 1 984729381
31 36 675772341
10 3 177940237
19 4 45859260
21 22 600400205
21 23 388729529
3 7 494632246
47 35 210565287
39 28 493242539
6 25 99167026
4 47 823845890
6 38 548025057
41 47 333044060
27 17 780132046
7 40 266885489
16 13 25146830
22 15 577521319
50 9 764060581
3 17 184853342
34 45 886454903
27 29 407064761
21 5 169092822
22 18 642382415
16 31 31340339
25 5 492257750
8 17 940900084
3 4 431329993
39 47 837869155
10 36 788387806
7 1 397599882
38 36 512837947
12 31 910331717
24 13 296103679
4 8 27916985
2 45 965062397
8 2 916181247
43 42 140916451
43 11 193159799
6 33 384099466
15 38 975075235
43 14 609821411
6 41 428986058
50 29 293295204
47 44 838611689
20 5 329818171
35 18 124553750
9 43 496047638
5 50 214199652
34 17 347727480
30 33 217468908
42 14 962311373
28 12 960044502
35 6 398319536
47 2 636166659
37 48 773552013
41 18 748201711
48 13 261131162
34 37 560382127
23 30 723464618
37 43 713416710
28 39 804356749
45 1 330419679
13 24 357412033
18 5 152337821
24 19 154325036
35 43 969729380
10 47 56046229
3 9 570125398
48 23 221449874
7 9 39709051
10 21 715512367
15 3 642986125
3 27 164597147
8 35 981491135
43 8 234547883
3 42 489266460
49 3 335842144
25 22 357948254
36 20 343260340
12 32 85309865
13 40 612803961
29 19 852902064
25 11 96028312
26 23 218260184
4 19 768518853
15 26 30794371
16 24 600675026
35 40 781077942
46 50 339258470
50 35 17771840
8 50 257562477
48 1 452406417
49 32 349384867
45 4 827015379
40 26 529649771
49 35 41007695
41 5 997915062
9 40 169470986
36 39 988143773
33 6 711371831
44 49 285054938
18 36 623766448
39 3 687901114
13 49 643527314
22 47 865341720
15 49 509139113
38 39 329711271
39 24 321631756
20 19 663379852
47 43 872064982
48 47 950666175
41 50 428880845
48 33 793618497
27 19 530891011
10 25 364415282
44 18 849318254
48 3 902782768
37 27 88856510
2 48 10554554
5 33 113883010
28 6 428826393
32 1 818372530
11 1 19546399
14 31 189173993
50 22 369845343
1 20 846630872
10 35 6112428
3 18 388995235
35 22 377906871
44 19 681608057
24 2 326390799
48 28 417863689
49 4 497735173
36 27 168831764
49 21 712912009
46 44 884443409
5 28 941145794
24 14 223190349
40 41 353258886
33 50 737146441
25 43 747372535
13 1 33893398
43 5 200299948
1 22 288812508
11 9 116399052
14 6 13785352
28 25 381247159
7 8 204438207
36 45 758580881
37 8 474185244
18 1 658584592
17 15 920675446
18 47 242954122
45 48 819752577
13 14 459883620
8 21 672016957
5 15 207487471
6 10 651501965
7 38 212222038
8 16 825241218
39 16 737984632
17 18 436835731
37 3 113295200
43 38 325418078
14 15 969518100
27 39 639669708
15 11 289591353
32 3 508093392
2 28 67435932
50 47 480192634
1 14 317574819
37 30 217090028
26 37 780601357
27 38 64922700
26 3 727215052
38 3 319693597
10 34 541354434
33 47 800625047
18 43 358316575
29 16 971460725
47 18 629286205
13 16 64977316
4 22 439600371
17 19 262774953
31 14 456291275
29 42 412313322
37 22 271696790
4 21 415999576
33 34 300170790
16 46 647924586
34 10 861750395
41 22 318900541
35 26 159417431
41 26 478931235
37 28 549463292
43 13 382875474
46 33 539079221
47 21 327134512
9 19 181278290
35 39 946485214
39 12 37598317
38 45 816144022
17 12 218346512
32 14 476153153
34 12 826998500
25 47 127531511
24 9 945219698
23 42 296432913
29 35 365427868
29 18 671850863
14 11 951072811
10 16 143643154
6 28 57605424
9 21 617402357
49 46 161993158
28 32 895999256
44 14 979548734
26 44 485390973
46 41 839649842
50 34 457888067
27 10 948021129
5 13 418117134
4 16 536049546
46 35 535637087
47 45 501756290
45 16 985378003
13 2 354940295
41 33 212042953
33 31 763497993
28 49 448929853
10 50 787410599
30 46 765111787
5 17 663153726
23 41 270321043
2 3 373684357
8 23 60893677
38 8 992689318
9 33 417484989
48 42 32870910
6 9 539463598
2 13 667750077
1 24 403115577
26 27 554978573
6 24 561849659
39 50 670316246
9 39 723496983
41 13 854116003
22 37 726107209
27 5 711672504
4 11 87786212
19 44 911553335
40 30 253093640
27 35 571484516
24 8 861786435
22 21 348743983
32 44 282658091
9 3 444463299
21 12 54539315
11 45 470086554
29 5 154585052
48 16 654567886
45 18 37724784
29 13 712494135
36 11 401435518
4 35 585336083
30 32 229062046
21 26 238271895
4 46 665223550
48 19 394239966
12 20 511664494
40 49 451242540
18 41 770777428
5 32 978733823
14 44 923079584
49 11 183332988
49 29 733925231
5 46 508627243
42 34 864344493
31 7 631383402
24 16 158550743
47 31 152706278
26 28 63844157
33 20 332584495
5 1 223895100
42 20 663494654
8 3 716570130
25 36 3218521
21 19 113807547
44 47 636031551
43 36 537181987
38 29 58889350
39 44 805789143
11 8 19598644
11 47 656893603
49 47 868088920
25 26 736629408
12 5 33032567
25 9 336852866
24 3 621697986
45 26 983170676
16 8 922178695
28 10 237963264
8 44 668468469
27 30 646912356
29 2 291715210
4 32 43261362
15 48 780764512
5 35 45142075
21 7 259842648
30 50 53308714
28 50 698730839
19 32 685851374
33 41 496560326
19 20 819298761
26 42 632270547
23 21 52617943
12 10 476134096
44 23 95020916
17 41 40109735
42 29 693083766
11 25 569405513
5 2 250542541
23 28 127701187
35 36 947167474
9 13 557984213
36 3 392654474
18 9 982000435
31 24 165813401
30 21 147472503
38 30 263828446
12 42 362836186
32 23 614015210
27 12 601790825
32 34 505242675
42 38 818107839
49 19 800536721
38 41 522382918
16 19 166786968
6 37 650461725
29 48 94599999
43 22 217145161
24 50 358703757
22 19 53897449
50 17 699263611
47 11 473485375
30 36 666477503
4 26 12518245
24 44 49691270
42 13 992235111
3 20 824016130
11 19 399362341
3 12 559161565
29 38 369507563
45 14 242314028
21 28 319546032
6 12 59209380
47 33 237964742
8 13 189085131
32 26 864091721
17 16 685489921
13 32 520105673
18 30 494001345
46 36 75115276
29 22 478881727
33 16 470336471
28 34 323699494
48 11 632987190
48 30 883536176
34 7 340777706
38 32 615425469
12 14 266368658
12 21 820907600
2 5 392396231
10 42 15530486
25 17 357279084
19 7 653179742
7 21 34852678
33 49 659453685
42 8 672201352
37 6 188124535
44 26 931471628
6 7 607061469
38 46 426719384
26 1 674706524
22 25 83801796
7 18 233579417
49 31 569005666
25 34 449739910
2 34 3447585
12 47 851549926
37 34 739014861
13 27 189804796
2 18 678300650
22 46 316132946
15 45 531135732
47 20 38757906
1 21 213949951
10 19 763952603
8 37 164194373
8 36 831704450
20 25 215095662
40 17 219549923
38 35 618770301
22 11 351917210
21 44 357975506
35 33 463524104
7 12 26682243
15 29 396708355
30 35 834728627
34 27 302605860
11 28 461608943
18 25 828005912
10 9 508835823
28 45 768802411
36 37 141661600
23 43 386701468
49 13 764316060
10 37 162636471
13 47 554985253
42 36 453842748
14 23 581895145
38 19 519724191
49 30 685925100
34 46 884851943
1 37 664038403
49 9 668725088
24 48 827981021
20 32 811639932
27 18 814500093
4 41 330671177
9 31 476262286
20 31 933001013
7 48 587675610
27 46 970131619
43 17 737501856
15 33 732916216
31 19 787756617
18 22 625404890
18 38 440040723
39 11 700716721
28 21 85948390
43 2 756998333
11 17 76192177
49 28 544514741
7 41 106292836
49 15 524655914
26 8 697813159
47 3 180472620
5 20 292054411
17 9 525786637
50 6 301685224
25 8 123536746
47 36 713015693
28 17 790650691
40 43 54060971
46 49 247846660
24 5 74248156
47 15 250327967
8 45 501711231
20 14 424604554
45 39 912361652
39 20 651529428
41 28 485037883
26 33 280215492
30 31 227089519
9 24 533560067
46 37 19202152
41 37 413334712
5 30 441603590
36 35 965184480
23 44 661598712
38 31 223554958
35 45 726715986
42 19 529416315
31 2 583509712
25 42 148431255
3 44 371184904
12 13 984710315
17 11 897538292
27 6 260777655
44 16 379863972
18 33 502129574
41 10 830831645
17 36 726752403
19 42 329645924
19 10 79175346
1 41 256395986
24 32 722271605
19 45 782358345
41 48 627504090
41 45 763748183
20 48 355678340
23 3 66247601
11 6 546872194
18 20 266056979
13 5 262040130
12 34 414226683
50 48 129805033
33 22 581006892
19 6 410083608
28 47 408108114
36 16 697843561
25 2 712609053
39 2 127326692
33 28 442120183
29 21 188171465
19 3 106946633
24 25 615864898
40 16 189178744
42 39 560786352
37 39 195579563
27 33 997430626
38 5 336105181
36 40 539695960
25 27 773833506
41 4 164138644
20 21 272917245
36 28 248268178
42 50 214055084
3 30 673263662
36 12 432376264
31 35 589455465
8 34 809375807
20 33 254831735
30 37 855151310
16 14 464846295
24 21 587518064
29 27 563326596
45 17 145562939
44 41 58339023
40 19 943384757
15 37 380485892
12 24 945742293
48 18 201316682
18 15 19006772
20 26 705611739
40 29 555945402
27 42 779211494
35 28 527355140
32 43 870763733
16 2 755387512
48 8 909836472
10 49 564486296
36 42 406789220
44 37 653391304
2 41 767542342
33 23 421376739
13 38 651509210
45 49 53379934
45 43 513606508
13 3 239998967
33 48 848788993
12 41 916642929
14 28 605795661
27 2 870403840
8 42 700699612
40 45 191800005
50 4 453176089
32 38 269667368
9 35 415958076
16 20 752637615
48 12 473528704
45 5 106446812
46 25 534698721
32 49 462325676
11 38 125527421
3 39 558859139
30 7 377735287
9 20 853640229
30 44 210520087
47 39 308023549
41 36 546781046
43 39 661058528
11 13 579394745
45 38 753350790
4 15 456320474
15 18 311300278
44 21 881511205
37 49 164136120
44 13 247798855
30 43 663243756
16 5 36651823
26 2 851231589
39 10 622773851
37 33 945281794
14 43 535605667
43 10 4068987
17 34 61723816
12 8 11029375
19 16 907992523
13 33 423192365
25 15 506985909
28 15 697118627
7 45 397804937
13 50 321681468
6 43 959226671
35 30 846285880
6 47 721764210
5 7 211983853
48 10 929495932
7 36 85894964
16 50 978976694
34 35 306120331
47 46 148313221
13 44 350883323
49 50 371681810
34 16 251543038
2 16 926600419
34 30 801654219
34 39 170627087
48 26 394241341
38 1 410864213
30 6 31781950
42 35 865358795
43 26 88089720
37 14 553515447
34 38 56051826
41 12 242512178
47 28 406835528
20 15 801536895
24 37 346824262
17 7 380206085
37 21 143733196
8 14 684170874
32 12 709346300
1 32 864661995
6 34 170982032
5 40 243799604
34 20 874860080
29 24 748727334
20 46 780660393
39 18 548786321
48 4 190200390
30 19 983541913
3 37 512783665
14 13 422219738
1 30 985798454
22 13 745311980
21 2 766527390
28 8 955846735
33 12 118132494
1 35 967753449
48 49 481171861
32 18 746555717
9 44 662270301
14 38 365113177
21 38 767506336
45 15 607577512
31 47 620402993
49 14 727320778
14 33 556495726
3 11 187214750
32 48 968080071
20 3 88407539
43 23 193493761
12 44 151772379
20 16 465336026
14 35 710617913
35 23 546724921
26 15 389580391
21 30 775689163
42 21 634265224
10 20 735451960
45 20 389475023
38 10 360210500
14 7 379033789
25 4 709685494
41 3 851481232
21 32 61243330
30 8 760836913
45 34 932132253
20 41 143606960
46 11 353291694
9 15 603128018
48 20 559292966
25 33 306153917
22 5 731498089
25 31 142853756
40 47 37186744
37 2 947626721
2 4 575979035
16 37 55394502
23 39 62436025
20 7 544919355
17 40 88412800
21 25 796942349
19 27 285685904
11 30 640543038
42 23 93935615
33 21 474216162
39 40 803041479
16 21 240654725
33 27 587701764
20 34 258920232
26 21 812711464
22 28 651679938
19 21 319438558
5 37 981984361
32 24 704491161
31 43 286024822
30 45 689694610
16 39 870315387
50 23 278896109
26 7 340325582
18 31 719798201
48 15 481601649
38 33 126488952
12 18 420875476
44 25 903840301
28 26 624120002
47 32 816777701
21 34 403923815
42 37 596259323
3 5 211644197
24 12 922740482
9 6 79256248
21 36 567043395
8 27 745362645
48 32 284584490
7 50 357167044
30 39 217577226
41 14 470806144
6 31 112251998
14 46 872660995
44 1 517091700
48 46 198246508
15 9 836003652
44 50 937949903
36 9 134110444
28 19 676724043
38 2 470852776
14 8 331387816
47 46 387186638
2 32 748980129
39 46 624372628
5 48 377114116
28 26 456088172
24 13 49823949
18 24 341094758
33 47 353265782
15 49 774512488
17 33 931214059
31 15 294882044
39 35 136419777
21 19 992970923
28 22 799768279
13 32 964073128
26 44 96271798
38 20 636490728
4 15 440812922
50 6 760727541
26 10 765135648
17 5 984942896
27 32 202531449
27 3 206926479
34 2 708160090
8 1 914928841
41 33 837561288
24 21 355222599
34 10 59838209
3 10 849686074
19 23 848537527
34 24 810989107
38 37 804967875
17 31 649452000
24 27 275366897
17 47 867311741
25 5 977205347
9 41 921881286
13 19 983575537
3 6 952201630
26 12 410948885
28 24 916997799
35 11 282064185
21 14 672795015
32 15 540626899
44 24 978231619
46 16 188346451
23 3 879907740
34 13 903659252
43 9 848536783
3 34 765390489
39 42 250075597
11 36 621456597
4 47 67487216
16 5 946424967
35 19 630661779
11 18 303225823
48 30 97497402
18 47 465454470
8 38 524633243
15 11 504264096
6 32 421908430
37 24 446574
36 21 303183767
49 20 218248872
41 48 8578745
46 50 732896939
26 8 232787186
6 26 887836506
32 50 771595285
25 16 604143812
2 26 548998703
36 47 356726555
36 48 629824328
21 6 793246606
8 21 101378489
15 2 233779450
32 37 662457986
45 1 359011837
49 22 645884716
8 27 718839338
34 21 254705936
45 34 187671680
5 45 982012207
14 35 644884261
2 37 303202896
22 37 249868684
35 15 576680141
12 20 202965502
12 5 928310871
25 43 862275382
14 41 981848198
37 42 617157885
36 30 613218899
2 41 424190174
44 29 180267582
3 47 461613718
13 25 750924419
36 43 107550419
28 40 658337507
21 41 161571697
31 39 184507241
42 9 733784831
44 1 671999687
46 9 307630986
3 16 679681071
41 35 70718159
14 43 466687698
42 26 829787476
23 15 243230869
13 8 570404340
37 38 738407402
1 42 881212577
34 19 53076110
43 10 375797266
4 38 53707727
6 29 513058694
36 50 699430795
50 44 13839230
11 44 987599573
50 26 329098485
40 8 661392564
38 41 13580879
27 39 685033127
15 9 715202786
12 38 472107490
38 16 196679918
3 45 31848706
32 41 979041600
9 47 65966413
9 46 785186016
42 7 171577717
48 8 708754412
42 4 33276692
12 25 220228842
39 1 326147090
13 30 197471451
25 28 574442
14 22 977537035
17 20 915135381
37 41 730824828
13 5 890389211
49 3 289532176
16 36 754199882
25 8 341927673
35 49 649987345
4 17 255616745
7 43 191210535
33 4 807750076
9 40 27069481
42 37 605531120
30 8 357046672
13 40 219361619
38 22 530557464
12 7 888869308
31 50 87936748
2 30 809232264
43 1 365592442
17 13 37378738
11 41 683983752
18 2 930149820
19 21 125376876
15 41 643608413
20 36 304498252
4 29 929226433
33 20 557547279
39 4 329382887
45 27 345693495
44 27 252287160
10 21 335163809
25 38 857618267
18 17 610900894
2 29 610244608
45 35 412216130
3 19 26163095
24 14 983021440
3 46 930373931
27 33 868106859
42 34 93397046
32 49 444161474
1 8 47425153
44 26 431791370
4 50 493417253
24 39 736962997
50 35 193851583
12 35 899151336
38 27 29466376
15 1 74949741
47 39 337516277
44 49 50894160
48 28 815154196
33 3 977290378
25 46 868651935
16 7 711054381
34 48 691621427
48 33 308790672
10 37 98851654
49 8 731853412
40 30 269118747
8 19 920563850
20 3 710037511
2 13 384504133
21 18 425599935
10 38 221414137
38 12 81715648
12 9 142252398
36 6 485880462
50 23 93480799
18 49 530031858
15 45 700880472
32 8 556135696
3 18 399429403
17 42 337692614
23 47 612391326
15 12 276980722
3 15 65937277
5 1 276361043
36 19 5851339
29 48 146862178
50 30 791904437
40 17 663742544
45 42 474170007
42 19 38373136
50 11 151943991
33 8 467580664
33 34 199025487
2 22 76274037
41 12 751986258
30 4 69527682
44 39 345408886
33 28 475066978
19 34 827506168
43 38 526033058
5 12 35030487
32 47 6459048
22 50 502115235
44 13 749637113
35 23 792442968
18 33 533756092
14 19 989957346
9 32 251202711
34 7 77909599
45 24 846386083
24 41 743126527
31 32 664554083
23 49 731220966
39 26 121227760
27 14 270460933
27 2 174933203
2 5 807855570
12 27 420542778
45 12 578042861
34 4 340243496
6 38 833979067
28 37 180498725
35 48 121665883
12 34 526046118
24 11 930168920
1 35 63207386
12 19 620207945
10 46 954766670
44 43 800901560
4 25 747993680
39 32 438073157
26 16 613002111
44 22 368112760
40 44 971764574
1 23 687331061
43 23 631701506
5 34 890483675
15 22 766528781
21 9 255168371
41 22 26948908
7 22 430623075
23 2 915051624
3 12 837961480
13 14 971079952
50 47 34801421
22 49 963329456
11 21 652486650
50 10 967784235
7 16 882251566
27 4 440588419
38 1 679000994
47 18 632878045
10 20 541355878
33 15 923082107
30 15 627855895
22 46 323779402
5 26 920463272
26 28 252445964
11 39 366016302
41 32 705075617
11 46 731609748
22 6 343632113
39 33 427583597
21 45 95580162
22 27 729487173
40 27 752759175
7 25 980297882
40 26 255731239
6 48 968220809
15 32 48374045
13 27 956785017
45 32 674691501
28 5 575309510
22 48 762785305
6 21 184077572
17 14 549460480
23 46 909366579
1 7 804260362
35 43 220306686
13 12 550937230
36 37 703676161
32 20 615365820
25 3 34819754
34 17 843808137
35 42 802170179
45 10 814739678
8 45 842142193
36 17 37147027
17 11 324615988
23 32 837495603
37 15 145741270
7 49 434143863
13 41 431722314
46 29 95062095
44 46 676813362
42 32 800841458
28 10 973696164
15 19 815067732
23 16 142486317
48 16 420322713
8 16 18939681
36 3 621089864
13 24 794009834
14 7 444727364
46 48 737556146
13 1 423966202
45 31 908074131
16 42 210034747
43 32 45820258
42 39 768608632
7 31 56966608
13 29 20645817
5 42 315936144
29 28 859691946
15 14 88964322
38 33 418605559
21 4 622562744
3 20 746937263
37 28 800307392
21 1 803480429
20 40 802832329
19 3 563072222
47 1 821881277
27 37 771995853
30 22 488599970
48 2 291110389
36 22 248665644
2 49 622641015
39 37 465025419
50 24 236587789
40 14 179589166
23 24 871572678
47 24 826819064
1 13 19847496
27 29 35345351
45 14 266838957
4 42 270216380
26 24 110250339
4 45 33185628
6 25 359351375
26 35 227420330
39 17 519497911
39 41 425960564
1 48 462029869
37 13 670506485
42 50 303821951
42 8 70410096
20 33 381898580
45 7 481450714
27 13 323615120
50 21 955716679
49 37 215819029
16 46 502680639
22 35 810028098
29 9 175962837
10 5 16496451
50 17 325175520
35 9 996650037
20 6 452793263
37 32 193097474
33 26 780061889
16 44 65487330
39 14 341723452
18 32 811533630
24 29 901236513
39 47 442966024
33 30 727941698
27 24 46701903
49 12 965969748
42 35 965506133
2 17 92867866
1 9 358469977
22 18 49939169
5 7 11513353
47 21 247537503
9 43 588830890
43 41 514038630
37 45 353639220
13 48 447169360
35 20 776731743
31 13 981652842
21 36 482396201
40 3 641980923
14 6 497731542
2 11 329867436
28 29 558694968
28 35 185101001
4 37 914990598
48 13 995509619
30 26 254567690
13 2 7019334
31 26 325981329
30 19 198423665
40 7 696592950
14 50 263110225
6 44 970341779
40 36 512938162
46 6 650260513
37 30 526090276
6 5 897432665
3 29 285894884
41 6 780351063
25 19 95964282
11 7 727602337
7 28 299261453
10 6 704925815
4 11 421276325
23 28 275084554
41 27 712691228
2 1 266401893
1 24 30304862
18 5 220434512
6 2 348388250
8 35 192485428
42 48 352486802
22 42 766754858
32 22 698214064
8 14 23131925
42 2 880480125
16 25 164988753
1 49 849598660
41 38 667607047
18 20 399474684
1 33 109718032
4 20 381390036
11 20 714731835
46 11 352503058
36 9 255041748
45 25 613447493
24 10 920609487
9 44 774163161
30 23 530412803
9 24 649654109
26 39 371176623
24 9 650600441
46 34 135565009
35 3 897840857
22 30 526737858
7 21 421182089
32 40 626117062
16 38 733790063
26 6 719119214
43 31 832024858
11 27 770624856
20 25 461277607
39 11 249690855
11 33 184442579
13 6 522207557
19 6 685602190
42 22 654962980
50 43 338761739
45 2 659859926
33 31 731156777
49 47 698107713
26 37 159400947
37 14 375575711
18 28 942299497
8 13 95741578
34 8 523968632
25 23 702830712
5 11 527940563
37 18 506798679
46 23 532859731
24 6 339970588
35 12 705749964
24 43 103744759
44 37 274249893
26 49 12387324
16 26 822180529
29 24 342859883
23 14 771881570
10 40 461675455
38 14 947437856
27 43 92752400
34 42 528088333
13 43 841829992
44 12 510712005
31 38 939691697
6 22 820564705
43 48 923673193
35 4 848602300
14 18 344733351
25 49 580730548
26 23 448493598
1 27 705081142
4 34 307337753
17 39 287692047
31 48 789848952
46 33 425343597
13 20 409433929
35 25 404202441
24 19 422030845
50 19 122116228
7 38 139778651
11 6 341777670
34 5 998076778
16 21 569612351
3 31 123083284
40 33 69292320
4 28 442112385
38 13 377244068
39 50 644624771
28 50 176463780
47 11 776099078
17 9 470623715
21 44 585044759
22 34 50742223
8 29 575673822
14 1 570305719
5 21 596868007
47 33 795395134
15 28 957533134
13 11 506675766
49 9 42080704
18 38 934857447
15 34 347245104
33 37 378336001
43 33 574639053
9 38 781452446
29 47 483471943
48 14 116837191
14 38 551497368
13 38 327033136
17 12 884506276
27 48 420833260
36 39 400336340
14 26 552364670
19 11 551572221
22 38 876130672
1 32 995515061
50 16 514590805
30 44 700648089
3 35 357140208
30 14 893862436
1 47 992799071
48 25 439052661
9 45 93321500
42 6 993121409
34 41 961411434
5 41 69613766
11 42 857371252
8 24 18693902
40 38 319559990
6 18 260583956
10 1 276315841
48 40 786850821
45 39 7624465
15 13 767401764
47 44 859139774
4 1 229003885
6 4 904492100
17 27 131936121
24 17 641872500
35 6 892524813
6 41 616283055
25 30 855843674
34 45 27143263
41 8 643214195
44 45 314994866
1 15 192814491
2 24 868945417
36 25 985168737
38 49 759022274
19 36 884110467
44 23 810997849
9 26 448229111
6 46 504816403
34 38 135837127
12 15 62751547
25 24 453692139
43 15 527929258
29 39 274238403
34 15 998266329
37 43 349136259
38 48 313490081
44 41 479536650
7 23 981629947
17 34 1733215
14 49 163769969
29 4 161140761
22 11 614096810
37 48 168205440
11 19 550195183
29 7 508928304
9 49 389813719
30 46 821094388
38 6 104687890
7 26 494371375
27 31 822990792
30 39 569874571
41 23 166361481
46 17 848364603
47 3 64023700
24 20 691854452
1 36 589126541
22 40 896586121
49 17 791750749
50 1 648078267
32 46 378381100
10 29 109022693
39 40 420164744
47 31 864676381
43 2 965143332
23 22 362534196
42 12 360560480
38 25 796028775
45 41 199577044
28 36 507946904
2 46 166500004
13 39 113927134
31 7 488436404
37 33 441685340
16 41 961055053
28 4 95817946
45 17 835252520
36 42 457427363
34 3 411004457
8 9 713324006
34 25 915809216
29 34 920203799
11 15 512872061
27 40 697258668
1 22 255011215
36 24 68217218
33 12 336695303
17 44 864700418
24 7 293148514
31 20 581702325
44 2 826737451
6 7 420183486
30 42 556442223
6 20 451545950
2 23 116629137
10 12 10177294
35 14 287736091
15 7 989986783
7 42 341581398
16 17 282870179
30 25 813035038
5 36 714907639
46 47 157763718
32 13 847308919
20 19 113649974
3 23 227199310
25 40 795838329
27 45 88351774
44 11 595999140
30 27 31798640
3 39 110404141
32 3 437231131
16 14 404476344
15 37 103301101
32 43 853463969
3 4 91174653
26 36 315533002
19 5 224199314
22 3 677254249
23 43 569459249
20 18 319870037
28 3 906506890
42 10 639202483
28 11 635596192
20 11 714276794
45 38 176042413
32 28 706326115
5 33 859379004
11 35 47916883
36 11 112224844
9 35 345347520
42 33 524019317
49 42 409591067
3 44 39884415
34 36 765020031
15 43 496301792
40 41 832084132
9 12 453224611
42 3 55065672
7 39 34012134
25 34 544052580
2 43 41989196
16 8 981575497
18 27 190483742
3 7 737077167
43 25 606212580
29 31 725507029
49 1 790918782
14 3 622772811
14 40 37401146
8 34 172586878
14 32 886149155
11 32 391633921
17 8 67512146
35 18 722948665
31 49 53260045
26 18 232804812
24 40 841482105
32 31 342592359
41 44 791221107
16 2 810185607
41 49 309467104
13 31 229396218
35 47 110473642
21 24 771964187
34 30 494802389
14 25 72462481
27 28 983168008
32 42 434689290
37 10 811261215
46 40 87861991
44 21 162912433
29 17 923117249
26 38 421318140
42 20 32808557
38 21 484631034
46 22 787489510
43 46 899457133
3 14 528498888
9 42 398337669
8 33 44991874
9 33 851246109
24 50 463620450
8 25 510102795
1 46 172582029
37 16 982981281
7 48 294564256
42 11 456917646
25 37 766254677
18 12 341062920
40 28 955040515
37 20 627528988
26 33 793914908
46 41 109650394
4 30 123202704
13 3 733926947
2 4 948521303
31 8 620222617
39 27 536670076
35 24 608343756
12 30 91630192
17 28 218863741
40 46 952786487
32 1 884272429
25 17 871157230
7 10 568764327
11 8 672364988
25 13 203157025
12 23 906378638
24 1 97911122
18 4 106838743
18 50 103267744
20 22 780565084
14 9 890092280
50 18 39916747
19 38 980586811
17 46 718991967
45 8 108632076
25 29 683868370
23 34 114426524
25 11 621692746
48 50 117084519
39 43 52335853
49 18 103952696
11 30 21899090
14 29 990566880
10 27 909741824
10 22 726310452
41 28 728427785
21 15 344210149
31 23 537029177
9 23 144828670
48 1 312861992
16 23 91824280
45 18 989249156
23 25 738326000
31 2 109127061
1 44 476409840
48 20 627308788
45 26 226060406
23 26 980082344
14 11 471261376
43 29 938437143
4 41 36746066
28 44 60386463
47 14 918030045
37 9 770265179
38 9 660779992
9 14 15341677
24 8 907388119
7 47 848876124
34 46 345905203
42 5 733587505
44 8 973646809
34 9 810033395
22 31 474300904
44 19 910923852
9 11 120871023
17 37 462549149
4 24 128254710
47 2 542201862
2 9 894062975
46 26 226402616
26 13 710602284
47 4 791925355
8 39 49801962
31 41 752424439
31 21 192650982
33 44 811012797
29 1 563882331
39 3 673858631
32 6 349661825
2 3 21247723
40 20 732979308
6 28 534497616
46 39 463359249
28 2 417215424
26 29 208113325
11 50 194115093
26 15 351330054
25 42 945043743
36 41 694793901
30 31 649580087
21 29 367569379
10 23 671626962
19 50 40823514
30 7 756490269
40 39 153142113
32 24 818373021
2 18 501263369
46 42 996747672
13 16 792606507
11 14 863332734
21 8 975385188
3 13 406728136
31 6 40970771
3 17 410393372
7 4 287580887
47 32 107636445
43 18 760908862
37 22 330876701
1 25 71511774
49 6 935930631
47 30 355135455
21 42 256104419
31 37 153961036
20 4 641678644
38 34 204051261
50 27 16153776
27 36 220688176
5 31 766454551
10 28 739665980
5 2 92496535
36 46 261473942
13 7 920178216
32 39 605834303
24 2 557833973
41 11 56779805
33 40 441274521
50 39 613535108
5 9 915429761
28 7 454702927
13 26 365191645
24 16 156969511
17 18 231747173
42 38 315936509
17 30 382614420
29 44 33401339
7 33 415824151
5 50 830269778
25 6 107048509
35 17 945454539
6 11 866072495
45 6 77102804
46 27 948232982
16 48 701025573
25 4 18389511
19 12 686148030
29 25 968259692
28 39 340593796
24 36 380315806
31 30 395915461
45 4 536463263
34 43 85164573
8 17 100841650
46 35 882391447
5 35 211224061
44 38 471339128
12 31 78660017
33 18 835732610
49 36 947576701
49 38 150378181
39 29 298198076
42 47 659723483
20 13 485263629
13 36 428585786
19 4 404127755
50 14 146260235
44 50 725056375
15 4 6852338
37 6 197263292
30 11 107785353
35 37 4867582
21 37 5615100
9 10 114929712
23 36 88449873
39 20 890366019
6 36 854175335
6 19 408249971
37 39 613240020
3 25 317387030
1 5 791859664
23 29 999495599
48 15 42582312
36 26 530045286
26 43 146210786
45 11 239386148
32 18 969045612
4 35 129120001
35 22 38494180
23 45 173184551
10 25 790517714
2 33 408514322
25 47 850315702
27 30 846968051
13 47 384464188
28 47 199950601
25 36 216621116
23 35 977318347
41 31 769206666
36 34 236810056
25 21 26462874
19 24 720815212
8 47 964566012
29 5 412198142
50 8 706690850
32 7 409829603
50 46 75510037
22 7 118936211
46 10 792037262
20 38 478342173
1 21 242475755
47 7 220462881
7 50 893037275
48 10 388352670
28 21 41491736
37 4 45688866
19 7 376871448
29 16 733340993
28 43 652991057
26 7 665071352
39 34 113138729
41 5 265410075
39 45 59440495
40 35 302201049
11 1 855572946
45 28 131806274
32 16 38209702
47 19 11490965
7 20 292016013
41 15 361325259
45 36 991016476
13 45 129784755
49 43 869192630
40 49 793475329
30 38 711566128
6 9 878064598
20 26 976144911
13 17 712511314
24 28 767464881
23 42 926904308
48 31 810365733
49 23 88137597
50 37 188468847
24 45 580550876
7 45 527488311
4 7 107453279
8 12 372703698
44 25 793352573
44 40 341806949
33 22 206695129
9 34 495854968
16 29 843471936
24 31 79247122
45 15 202582506
47 36 561125633
27 17 964522615
24 15 639137505
33 45 355398051
39 9 443182870
17 4 543168859
49 11 450562164
15 40 30817526
4 36 969305523
23 11 182592235
42 46 46257582
30 50 710212537
41 17 179154221
31 1 676919076
32 19 721029321
38 7 980902091
16 45 80430995
16 35 925271597
25 20 802936344
43 40 763177695
6 40 595460133
40 42 47942528
31 18 174168180
46 1 334678834
50 40 946829848
49 29 314546772
35 31 541231043
42 40 505336618
35 36 236794096
32 48 43365273
31 28 540388321
4 21 606467868
20 48 188014229
24 12 456049209
7 29 718874345
41 39 326275195
17 19 600488118
2 50 426909116
34 29 903875216
3 37 945788869
1 20 69903505
11 43 314427069
11 5 73192817
22 15 146815727
14 36 493837225
1 10 163511257
2 14 954082493
5 47 278232136
44 5 321352868
28 16 458303791
30 35 373209089
13 46 337982108
49 41 394314256
24 38 867323848
28 6 406074601
31 47 256772198
39 2 169623790
25 2 372352871
17 38 173370800
40 4 112291754
10 50 170426023
21 49 298694373
47 43 800742026
26 11 502985490
48 47 716203308
26 30 813183029
24 33 994015397
30 49 934357255
26 32 708783966
7 37 423405400
36 23 211977424
33 1 852934277
40 37 199567667
30 48 927912379
18 22 310856844
43 11 61239203
28 17 687706738
35 32 372006073
12 17 384392802
10 34 609856985
35 34 169454067
44 15 350923824
3 2 147037539
20 23 975846655
40 22 634840704
27 15 491702723
32 21 656594722
50 38 500909808
31 42 163819428
25 9 848778379
40 13 573319530
41 10 567887007
50 25 504344630
43 30 37409920
9 6 445797052
11 12 401991989
16 4 492733505
43 34 157751552
17 50 449365863
45 44 808340626
16 33 891400602
17 24 403756077
2 6 635681112
42 27 527319922
19 17 3142800
31 11 522563161
45 30 948428097
25 31 895000173
43 47 848480860
5 17 100830775
9 8 763093855
43 50 242853497
42 21 814441794
6 24 581180856
15 46 345986425
1 45 367802144
25 39 922182480
41 45 959493996
4 8 83633589
22 26 147585158
13 28 230309315
44 10 490980027
25 32 877487185
37 23 945756206
21 30 870222856
1 30 235301704
42 44 326408702
44 33 677932195
30 16 111371154
1 40 176677448
39 49 685911164
2 27 838304956
7 40 860520796
26 48 574487413
22 8 726775017
12 49 826083035
34 12 566407138
22 29 671091640
36 31 749677763
15 3 668019339
25 7 758307862
39 36 626741107
17 48 90264653
4 48 786634899
18 42 20546554
33 36 594006399
40 31 666555447
30 32 101846431
41 43 227309516
34 37 75445794
34 6 975026003
20 37 790722268
39 8 636359826
39 30 737060218
33 25 151518838
22 9 367449910
13 44 718631770
2 44 516375669
10 41 355093538
9 7 335415167
40 19 852771751
43 16 985520139
14 20 467864800
9 25 724740666
46 15 429147052
26 9 909186468
2 48 598133340
47 25 218389945
10 11 362014957
43 3 369768424
30 5 850243486
11 3 554132129
35 40 57278882
27 26 437741396
4 18 597045585
11 28 806787972
3 28 612909646
31 12 925975260
17 49 437802660
35 39 412878361
31 9 116613711
34 39 44493136
8 50 734295698
48 11 847098767
1 43 936554426
31 36 121153035
19 43 414711371
30 36 557605663
2 34 614945764
47 17 421141788
32 44 909328340
29 40 418929962
31 45 441535050
18 21 30119659
23 17 412565326
15 5 873255957
35 10 549309795
39 12 305516034
21 20 918441796
49 10 356766810
40 23 73563691
44 35 324132870
25 50 800816988
17 16 34758719
23 41 632055802
8 49 35603331
17 10 833055276
10 42 351874642
45 19 306274714
49 21 205857236
14 44 655723102
9 39 770551539
15 44 271050319
7 41 877813922
12 4 522613584
6 27 994807522
18 16 221300445
44 42 802109590
12 3 831088688
29 42 935814175
11 38 918003324
15 23 301690477
5 14 383693256
38 5 322949605
24 30 83570915
36 12 932071196
2 45 358806260
34 49 223478718
1 31 570561125
18 48 132878807
46 14 621927919
43 49 936278340
33 23 275381564
15 20 3037985
14 37 784546439
38 28 405370464
17 29 865100511
33 38 215857229
36 28 412700334
19 14 823880388
43 28 514132971
29 2 387234489
28 30 54895589
2 10 736231082
28 49 682657714
16 10 492473321
17 45 246511074
30 17 803046402
46 32 422187161
39 6 763641294
44 30 694417981
18 40 190038620
42 13 995297030
3 32 949503866
4 13 101782477
42 23 861480568
26 34 73496908
37 7 204745440
39 15 474865918
7 15 710896208
17 43 794692085
39 25 801230678
45 22 504378288
50 45 590815929
38 35 652458216
36 45 46623768
5 10 240331340
9 1 822749249
8 43 466924426
37 3 307152319
15 33 212273977
34 28 14762380
31 25 85097194
19 45 645403947
16 13 765801601
50 2 198106530
2 36 486994611
20 7 805627221
39 5 377020051
39 21 394676027
50 20 357626420
39 22 275994514
46 12 300775770
26 2 786062937
7 6 682669704
26 41 368828271
19 31 308940109
20 15 447069324
19 22 2000743
39 13 49515324
14 2 777739739
11 2 281964028
13 10 318659672
40 5 829677275
6 33 125621740
43 42 18088535
23 4 981982029
36 20 348830026
21 28 131195766
48 39 999217687
17 7 693441296
26 21 574988285
33 11 77500135
15 50 738680425
5 4 357680747
43 45 684960368
30 33 738467882
31 44 936617459
12 39 517669899
18 29 656419878
49 50 766007464
20 9 24924750
15 29 325206728
16 22 407064385
18 13 320895913
10 7 685531074
49 40 258571638
33 48 721062612
29 41 893156352
3 43 518810429
44 4 569929300
49 19 728868180
6 14 419336201
37 31 163840182
7 35 887846454
9 15 528890809
31 5 869684053
6 45 390861903
24 49 719416900
45 48 299925933
41 18 514099958
29 30 670559731
40 50 263143196
49 7 253764307
34 40 898105274
18 36 789860260
29 38 338996720
10 36 306731616
48 6 43718632
3 38 741660543
47 29 21553331
28 9 316803332
23 8 352199166
37 12 599102347
25 15 377897527
15 25 260865440
16 37 61054140
20 30 193040873
48 49 129050973
41 21 947128822
7 9 716650630
12 44 850733441
48 29 413653345
38 8 111102536
28 42 197922462
27 6 333070898
38 29 535871026
38 19 815193946
11 26 143067569
3 5 682293148
35 44 327319860
18 15 814145985
20 5 129610552
50 3 17210738
22 39 950357046
46 28 732984783
15 36 450477000
27 42 165418610
32 12 785805973
41 40 557221421
14 17 90082587
5 28 670780327
28 23 106152310
5 44 476362486
9 2 362784899
42 16 798407181
28 38 246617629
30 28 608354077
19 44 469074520
50 15 392326549
20 27 454341176
38 11 303968590
18 8 51534383
19 49 507389009
9 29 446087479
46 7 863353423
48 12 608476438
33 2 188730553
18 37 879074963
37 36 932796905
1 29 701153239
40 29 502248893
37 5 921177464
34 14 245204225
50 34 844874378
39 24 269742185
2 12 105669752
9 4 509047417
27 22 980508830
46 37 324013538
22 41 783604967
15 17 492575969
8 20 791982829
28 34 14744685
21 40 715693113
16 18 36228484
49 39 770837207
5 30 235191634
16 32 747026597
17 26 2999467
15 24 667635767
22 36 972886203
41 29 657810538
47 38 391577123
30 34 138645611
16 43 299283217
8 26 786057656
5 38 904691648
13 15 343338478
9 27 951366135
36 18 578885978
18 44 910987033
20 32 70771673
10 19 173179744
15 18 768107114
50 29 847446386
11 40 467522289
35 28 422025618
16 50 694787158
22 16 611132362
6 13 969059160
28 14 918014442
14 47 325283819
7 46 268465742
46 25 203451522
4 39 135568704
8 7 763428132
29 35 322395425
21 47 950235890
27 7 782371579
22 33 345648499
24 3 741632817
29 13 652657182
20 46 890542098
35 2 355517748
10 14 774046984
39 38 266814484
5 39 588968314
15 31 666503035
27 44 27425673
41 14 101567080
16 31 785349527
24 35 183312818
38 47 476953314
9 13 310244105
41 30 521303266
44 32 521650241
25 10 834958596
36 16 720153417
22 5 516305284
19 13 746185831
23 31 811640707
46 38 528647235
25 18 243717604
6 3 823191953
20 44 396324977
23 33 481645140
7 13 508180928
27 19 726424751
32 23 986812774
38 31 884677979
26 22 666219811
25 27 8597598
16 12 780795591
40 10 288043925
6 8 423876632
13 50 336263998
33 21 119500240
1 16 583936009
19 18 851921334
11 23 4035706
