50 832 2076
50 33 716219600
43 14 901745084
39 43 365240302
47 5 67315166
48 21 243259256
50 16 667034043
8 34 684529534
16 49 313895749
1 24 680469993
5 40 264448873
37 24 470364775
31 20 559487646
36 1 507930289
38 32 345669723
27 38 989190622
48 45 904146026
36 38 840414767
23 21 229190921
23 37 612975918
24 45 140765667
35 48 214211257
9 24 679704865
42 7 102830114
48 32 725453347
13 26 631192814
41 47 376660543
39 35 310178738
19 46 724276134
34 6 69693093
17 23 515366734
37 42 211307903
16 11 395220093
15 41 198617655
35 21 480081009
1 7 398562407
30 43 321217692
14 23 742946491
5 30 593085366
11 41 503267597
18 42 264236112
43 37 39054728
10 44 282794557
43 42 309460229
6 44 984842864
34 19 156192135
42 46 645596957
36 4 211169918
34 10 712848264
44 35 214219852
24 22 491494446
9 39 54233260
12 18 349632457
41 48 149265060
28 43 76910484
37 9 34510466
21 40 557735215
4 8 760090281
39 18 771661767
33 32 735698585
24 49 405987888
29 16 821911964
46 28 420585530
42 18 631177211
13 30 556070395
44 46 273236569
24 41 575047128
17 48 295016109
5 46 72995142
46 8 955777507
15 2 849336621
18 50 465191897
16 23 269395552
12 37 917479262
31 3 129348988
11 2 299808326
1 32 198298517
13 3 149845923
37 49 145558519
27 17 642893046
2 31 807564563
47 26 948243825
32 26 844152556
33 14 152784167
1 11 341504861
7 14 26447332
46 35 882515207
29 33 318603709
6 35 933409793
9 25 217874823
19 3 663428497
43 27 820870161
28 19 624846484
49 9 708796021
48 17 310385130
41 29 987046288
8 17 315833343
22 28 121089857
39 36 759383834
17 6 274792253
20 25 111145939
33 1 855856258
17 24 892246264
24 1 221120329
33 28 139830496
36 31 986802090
2 40 243079874
25 8 204596068
27 30 242751918
38 7 688533427
48 50 879840008
25 24 480696945
28 26 692473128
13 44 602230695
14 43 903266609
32 36 610042097
23 33 623531138
1 38 644347692
16 36 64914229
22 13 504302259
27 28 309400951
45 37 27638989
50 46 943053279
33 47 78140790
36 33 309119718
17 33 729932307
8 24 364038540
50 38 699115746
20 31 764581131
35 47 903124005
18 9 528796139
29 42 612644652
7 16 45464058
32 2 481687497
34 28 416312562
49 26 307536256
45 35 83668803
38 26 514908598
46 30 654824520
14 21 583577191
34 16 801356796
36 12 725505456
3 17 87155835
1 42 606071542
16 2 810418173
16 35 976014331
49 31 115991511
15 9 500394240
22 40 299079214
12 35 335875135
17 3 937347478
12 25 421496605
10 6 757351821
7 4 358300577
5 48 822261635
1 8 329669081
13 41 381947608
28 40 532893335
29 9 606905135
26 13 770141984
5 37 19035512
20 15 942181470
32 25 15009766
8 37 990804412
40 25 991387763
29 27 154264612
50 23 443160764
46 40 588309015
2 13 275453425
33 22 256474668
18 49 952632516
13 35 494069789
29 25 252100443
30 3 743379768
24 14 659227653
17 25 881578855
35 11 664458829
49 23 955592079
26 18 551459127
42 33 214402964
12 22 197155638
42 24 382169356
10 20 712497346
30 38 184172341
34 5 21961232
24 11 331919262
13 9 724444677
14 28 931738005
2 3 250152036
16 37 430614289
6 17 624195088
35 30 556980537
30 31 720482829
11 23 156543006
28 23 153991269
49 45 347461161
23 25 865885531
13 8 445583565
26 38 194794263
6 32 155298387
10 38 253072866
35 45 509367952
19 1 337713292
30 1 365182281
7 19 86513107
32 29 375086227
43 29 328687978
22 14 967817394
50 17 960901359
16 26 279219119
42 26 250730001
5 8 899454402
11 13 836863632
35 36 650381547
20 9 642960711
25 37 861446699
50 1 844877078
36 3 790777323
41 31 423679078
36 46 889683576
8 3 301936208
33 21 195423709
43 44 705450921
32 10 127899814
36 47 385604718
39 29 385438496
12 44 720926951
19 27 972345824
38 28 758510947
40 20 569742878
50 5 826039929
2 16 111016954
18 35 475437877
7 31 562039293
45 31 910463950
11 20 464946205
37 18 888169696
46 48 155283171
12 34 253201123
49 25 568629267
37 4 869268011
20 33 405480564
14 12 384892701
37 19 721117525
47 12 2016884
13 4 367104601
22 3 202280623
21 9 937182555
48 4 634892467
22 7 855495160
9 16 763255697
24 32 373391594
31 16 707996143
26 44 305795563
37 17 783546139
19 24 60005110
4 30 17225378
9 13 639184842
21 37 146082675
44 21 143781810
44 49 546890416
48 19 565504833
12 10 431417896
10 41 766468279
31 13 483229258
42 32 323135113
21 36 8687131
1 12 728560757
33 12 309931564
10 22 276059403
11 46 986986181
7 6 398419489
30 27 274100925
48 2 705807328
15 44 177088352
30 26 863936829
4 47 136584274
3 22 828836505
28 8 29221115
33 15 575563588
40 9 913202802
17 8 792840238
6 48 320675425
49 5 696095793
25 18 835895732
4 6 118247332
43 41 165154018
26 34 838325188
19 6 511925421
17 41 627924811
43 5 853308947
28 38 136268141
47 20 582789385
7 46 818256425
16 41 656191526
13 37 704062667
11 22 974270556
33 5 500283205
1 22 37587932
34 7 26173702
8 28 800584142
22 41 973327276
35 41 547222620
2 5 405166368
31 39 650187672
23 47 991985827
44 3 828241782
9 49 459301921
25 13 704392120
36 19 70928943
29 7 353822351
11 6 796115206
50 27 707035093
21 16 37579880
6 37 235739191
49 19 949600911
1 25 19914489
21 35 343992918
37 31 400877373
5 1 458807007
7 29 559074737
32 17 667989348
15 42 319872261
12 4 262982818
25 26 339834482
16 18 319188514
33 31 852693180
5 16 85833040
48 15 592467947
49 36 593598693
46 24 284152957
29 22 463308523
16 30 649212383
23 7 566834430
14 49 208413990
22 26 644434316
4 11 900894370
36 14 275175554
33 23 893435850
35 7 689421748
38 44 505582545
3 47 69096961
36 30 816383845
42 11 434901297
3 48 878365867
6 25 505145469
48 26 607263869
12 13 661532954
40 12 450667075
36 17 535007254
39 47 757758940
49 18 949942043
45 30 857197832
2 30 775418323
38 42 822137131
25 49 685144267
17 5 786380959
47 31 647957325
21 26 221333865
5 9 32385183
50 37 258117811
11 34 281163797
45 27 903077419
36 27 358808788
25 20 822573997
27 26 81003669
16 28 864185718
9 8 438991801
21 17 194777209
3 38 825054126
34 26 542221491
6 4 140978108
44 2 12252506
31 26 157254970
50 26 703147472
39 4 230780563
38 10 120319202
17 1 439672900
27 8 211024842
25 9 614702196
35 20 139805656
9 30 673485434
12 9 315520529
15 48 5897834
3 42 26828573
13 12 525553322
38 19 437648458
40 44 295464459
13 36 285699143
25 17 238966892
13 10 823134526
24 28 798235293
7 13 855697474
41 38 144035881
27 19 438678912
5 25 435842524
35 14 736588267
37 33 635137592
35 2 806609693
30 22 280035115
21 15 95182557
34 31 568772864
32 21 417854099
22 48 571544023
9 17 788160379
23 6 488264759
6 38 764499921
27 47 74596995
29 21 207373576
7 49 540597254
29 20 538242633
25 45 341080385
21 42 865558222
27 34 499167536
26 42 919249858
33 30 761501188
25 1 352566647
9 42 282651813
39 16 219528739
50 29 298935339
24 16 368098666
9 26 81730397
20 39 869919824
28 35 197359452
50 47 230019917
16 12 95225498
38 43 783974232
15 27 607418755
38 14 577662661
24 27 669522319
14 11 355968945
9 36 917521491
24 7 60273528
37 45 333250499
38 9 697668573
34 48 941801192
35 18 573390771
6 8 998885654
13 29 141672640
26 16 217128439
35 31 27263882
4 27 725607749
10 37 12507260
28 13 286216395
7 28 971205012
28 6 798238421
4 20 223448682
22 20 896272935
39 25 443354108
26 22 582721577
12 47 42065633
39 15 774442101
41 4 305263561
31 34 590601197
11 24 698548197
27 36 843796724
8 2 919866911
2 23 327575129
39 8 200658075
26 7 436355729
49 11 121352443
3 36 589403501
49 44 37014979
10 23 813804274
11 7 597160946
24 8 56838729
48 16 445542284
4 7 637376169
27 24 498339446
47 9 32344686
28 50 114584657
7 33 542451443
49 34 416222614
41 7 129003525
29 15 193234358
4 16 323118360
23 1 169581906
18 19 574527739
31 45 682878216
1 49 367483614
7 30 103578340
32 9 439488954
8 18 185725378
31 30 219972092
14 5 736204901
35 43 183590003
48 28 973965159
31 46 721208339
41 30 61036272
12 28 402277741
47 41 437240217
40 27 654919307
46 1 584422990
43 36 283854606
39 44 567121670
16 25 299908768
49 35 548917386
27 29 106250743
16 47 862951944
35 24 129483156
21 11 591817576
48 1 141746305
39 5 997793718
30 49 534505421
43 21 777376128
6 3 650082406
40 10 242614621
30 39 28558320
44 16 735513554
5 32 603813808
3 21 538142190
37 16 727067811
12 27 532296899
31 2 270082347
37 30 460048570
32 8 183358719
50 25 723358425
2 24 131666767
33 6 225976620
15 30 592540026
41 2 640849784
13 43 330226163
20 18 475980040
32 50 57297845
28 17 307048218
15 5 790104598
16 29 222821980
28 15 525401416
40 21 977377295
36 42 106640630
43 35 717965762
23 38 570590721
19 10 699864772
8 27 209722043
21 3 388628707
4 46 445591524
33 45 337615271
22 9 554479971
29 39 325918178
43 16 978211032
25 50 171192547
28 47 283248845
19 48 606568282
10 4 267298803
31 21 717803821
12 45 954268768
11 1 749225946
11 33 919041418
40 2 552163413
26 25 161858978
50 40 947225759
9 14 312869543
9 3 815895406
30 20 321126751
12 15 640841610
46 34 314553679
21 49 452650529
2 12 844922862
6 15 298368309
38 31 220154759
9 35 291561267
22 35 9153922
39 33 636247248
36 11 866706387
29 4 572289904
37 46 349148150
35 19 20019002
38 1 589329555
42 50 664130154
36 15 642557231
2 4 382079438
36 28 147783483
37 50 262322139
19 5 279001508
44 38 325650022
2 10 151393839
39 21 766852547
4 29 555148792
8 10 688995670
18 20 289061277
22 16 883643458
37 22 210379695
44 33 671606860
1 48 553723555
6 45 369899854
35 16 70890857
18 45 66357981
46 37 435005425
15 45 829479980
14 42 460799171
16 22 23325115
1 37 556915381
7 25 598063482
49 12 133688512
30 15 469881381
5 15 216755503
13 34 913165250
8 45 798443657
7 11 520417717
38 40 787088599
9 33 604711957
30 9 972612191
10 28 919332974
47 44 885443302
39 45 774696982
10 29 302788090
26 40 951262572
11 37 89988083
20 21 217740524
49 37 234258119
49 32 221004686
25 5 33576094
27 14 308651336
18 36 200929120
2 45 832820703
22 23 641762228
3 14 203268673
22 42 524765707
24 17 994406036
19 35 993244888
30 8 597273286
16 21 541168692
34 40 423170933
29 45 838753931
19 45 231997086
33 40 829553641
39 19 778661961
45 17 949986075
14 25 5502473
5 44 304209092
36 44 621048544
49 2 549338101
23 30 482520335
45 50 162657846
40 48 473247723
5 49 641983770
47 34 79561312
16 7 912761230
32 5 430823697
5 4 87125539
10 35 148997606
35 22 882988237
10 9 394966104
12 11 916280609
41 49 69820532
16 17 881303993
36 10 716210979
6 5 678158300
28 10 689183139
33 25 550179625
46 19 338442163
14 46 269475462
32 48 43268576
18 26 532017984
41 43 93698166
15 35 781824182
31 37 112009466
8 31 889340578
45 42 998624292
44 18 982133976
14 20 610217241
15 13 670973857
17 22 984851022
10 1 325001238
12 36 304457880
3 2 353026753
50 34 86795030
47 23 859554355
2 48 189734783
9 47 127394895
50 41 561412295
47 10 236019058
46 10 193869562
16 42 163840294
14 4 74798967
21 41 976980935
40 5 487866967
44 24 325968874
4 21 432888016
43 13 172704232
12 33 511776511
14 33 378645705
33 20 23709775
49 28 908567000
40 42 337619769
11 26 80270880
8 9 213523165
14 15 283566024
25 35 695299604
2 21 281144346
7 20 907715055
16 33 341589272
17 2 713474952
39 38 36279581
6 16 226194741
8 7 42928758
13 48 811016056
5 31 866618115
9 10 389386797
45 44 765626737
14 10 60144516
38 23 939112219
40 23 182706242
5 7 920532192
6 46 420204091
18 11 210931428
4 49 166362327
34 49 544806996
14 36 291769045
48 25 199336499
32 13 403162539
37 20 680928521
19 36 578477329
7 34 340106382
29 47 559660261
46 12 933364826
42 28 812631979
50 7 695895234
35 4 945666807
45 13 403314545
46 11 728313558
44 9 47299327
39 27 326771309
1 6 653311098
30 7 74490199
1 45 911725584
29 43 1449513
32 40 920365242
26 37 862360023
16 4 177570828
12 32 482464886
18 12 932837821
37 40 733709498
46 13 223901817
50 35 874568847
37 29 866949923
19 23 648473542
2 35 863903989
19 39 110399611
11 38 390533643
18 8 860234881
32 49 578587071
23 15 103177919
36 8 389559165
13 45 23129266
41 1 484523589
9 34 436779088
32 7 602804341
28 36 537863605
22 34 119390739
48 47 437897711
48 41 50573313
27 2 766669247
30 35 709103034
44 7 175132578
2 34 639230018
12 19 327493985
12 40 713434399
30 4 628449943
45 24 675514270
49 47 346122642
22 1 413205653
45 26 974211511
37 34 360317427
19 22 15414832
21 46 105268616
48 27 249232364
26 11 538382456
12 8 110211625
4 18 846445125
4 2 374920322
27 21 874347501
41 24 819090111
3 9 256034860
10 43 110926112
33 48 286633512
21 7 378284882
26 27 7217331
24 3 343532155
38 46 235555742
48 34 761705402
19 13 686733640
26 15 595137941
20 45 770668023
6 1 775539741
13 32 438987600
14 9 950699058
33 16 735302356
41 39 189747263
27 50 68506762
39 34 231310514
9 44 378102291
48 35 765293478
29 17 228602848
23 40 996564166
20 5 328325062
5 19 275575342
5 43 702790073
46 22 254534012
50 14 231258542
34 45 224546964
27 31 668353005
27 11 37654197
41 27 535500544
8 29 234130796
46 33 241018157
11 30 419256832
44 5 5618857
41 12 639551286
27 20 229653439
10 40 399711698
44 27 452011871
31 6 990005241
25 40 837025473
6 43 388101083
25 6 407482798
22 46 799467848
16 32 739844222
3 1 800562866
1 30 604524847
2 28 285299701
16 50 837563084
16 19 792868482
4 34 76568778
20 1 530157671
45 23 688313045
28 21 557962670
23 49 147480851
35 3 813634818
43 31 796451420
13 25 558707422
11 14 908489087
31 4 697730945
1 27 806619453
30 24 9045030
26 49 312901767
23 18 255959238
26 24 477107791
43 15 760486073
42 3 934214557
23 48 972817579
33 36 732517151
50 44 947981136
46 47 898015531
31 12 462187064
39 49 375815369
10 43 924769279
25 24 926573013
37 34 439336250
28 17 536601877
23 42 899757486
5 29 365520943
3 40 868224146
1 8 403708263
38 23 206351967
28 34 411689039
11 10 292113158
33 19 715367865
4 35 619695143
1 16 788262405
34 42 792438903
33 40 773865603
29 37 318177807
6 27 47862496
25 41 65284556
31 44 68759425
41 19 383440663
46 17 550837765
39 20 314894724
7 22 162497521
27 14 768418538
3 33 334823550
1 13 963886311
5 13 140540919
11 32 12731580
39 28 194396133
10 19 992969417
20 45 801849169
19 6 892128134
18 17 31303612
44 33 566229811
3 15 570420589
6 38 606429025
26 39 346738812
26 33 609851980
2 4 364070710
39 1 175131952
50 9 210745159
5 1 256682900
39 17 281573269
45 31 447755487
21 33 161697653
25 46 180363433
21 20 84942742
35 23 829495764
2 39 833985922
13 6 130015040
4 43 775397024
3 22 858207831
12 14 166474085
23 50 599441161
32 22 270179494
31 28 593671287
4 18 541489643
26 6 185591299
16 22 601721423
21 17 104412299
11 2 693561488
37 48 497731050
24 8 219922697
48 37 63390425
7 39 51234045
29 8 863515992
33 11 780718276
11 42 853781592
5 33 637115438
24 19 334362686
21 9 135546643
43 32 918493723
10 2 791717673
8 4 888121526
31 36 591368497
9 29 94300137
25 14 940992776
37 11 736526151
43 18 468843016
6 25 733010586
5 4 792913384
49 25 190766084
40 25 204644543
46 12 606296786
10 4 491856184
47 32 713188631
45 28 597124449
16 46 357334854
9 41 106461014
31 26 741342835
30 48 516950786
20 32 720888476
24 9 865185789
16 38 40364182
27 26 469112670
21 15 390216948
47 40 838279626
16 11 757322451
27 46 894777411
3 12 748237934
27 34 353831804
13 14 192845635
46 29 765602261
32 38 180403476
33 39 410908320
41 43 278208536
14 48 58300014
25 43 939000516
36 16 453242667
17 46 976698928
32 41 843242455
46 6 617204099
44 50 857541818
15 46 455587322
5 41 673912588
20 42 276151297
37 30 159118777
34 7 53755851
23 29 443879922
7 45 778106313
44 7 851666285
41 45 643111486
24 27 410463202
4 8 33970409
35 28 42798495
8 27 503838687
6 13 342899442
43 27 934794322
16 44 70388863
8 50 788061909
15 43 672842347
5 7 240715285
9 18 819823047
31 5 638079375
16 27 918593682
5 2 363695107
45 10 239443368
50 17 638107122
48 45 864162744
48 11 57528124
28 48 839313969
15 12 208862761
28 1 447708712
20 10 481501045
47 20 758073659
20 50 629445600
9 23 227155629
35 26 787697958
38 43 232010115
30 34 339910433
21 32 427189226
2 16 176833910
11 6 274710788
41 47 425914066
32 7 539890434
45 19 490588623
39 15 409926356
43 42 372251838
36 41 362259546
44 17 837269961
45 18 626782087
13 22 742194602
22 13 482567145
21 29 750414746
27 49 674675771
43 1 779982355
43 12 458993390
18 6 373624322
47 24 427407925
11 3 465928595
6 46 174837715
45 36 699403157
46 28 274611213
30 17 933125286
1 25 403849716
35 34 356899758
36 18 290961632
15 36 324935997
50 45 288231829
22 21 587577113
19 47 263039487
41 28 331296870
16 37 388311691
6 34 840899376
9 10 633568365
27 21 414798764
4 24 755995180
43 5 750739575
25 19 934044300
1 33 426030806
45 50 211100517
39 7 963357913
28 39 140555085
45 49 546757700
17 10 946109898
42 19 374326728
12 24 581506772
29 26 511786664
34 46 947140775
34 38 230807999
47 2 862983915
11 13 60000414
29 28 138096526
28 31 215540982
29 40 291173730
40 35 57373227
13 41 828472275
15 27 695943499
33 38 533553369
32 17 943792313
25 26 365287371
48 23 97717415
46 24 978375616
15 9 690288868
6 50 119342580
2 37 803321174
1 44 614367637
6 24 331336171
50 25 803207279
30 9 682069284
5 9 946628142
1 23 727068485
43 13 417231391
36 35 773217945
39 48 350550920
20 18 452004131
17 21 600738972
2 33 460808166
9 25 467845474
10 27 503120344
25 3 986332480
21 1 751641055
22 15 450727152
43 28 313807810
3 31 123746827
25 17 883809854
45 8 703651908
20 35 271704157
7 48 671137269
1 6 306915031
39 22 187234593
39 25 490552979
8 6 908221477
18 46 672878043
44 31 697463592
4 6 900970998
16 7 323473942
36 1 474334289
48 9 689475062
14 39 94120888
26 5 309652774
19 9 964569572
50 43 829558294
20 27 797698644
22 28 764635089
42 9 223938884
13 17 448256799
15 18 619254351
40 38 373639013
7 42 247977715
5 30 225584261
12 45 457284274
13 11 448433934
15 13 230028549
21 45 143570908
42 18 930464027
33 15 321036210
18 24 784498345
30 16 984580227
7 25 904761978
2 38 305326654
3 35 993972123
42 7 933650793
8 19 132488000
23 45 783195984
18 4 355295884
35 31 264389687
2 7 912255046
41 49 17698909
18 11 364110795
22 34 781907801
18 12 909894268
49 46 983791381
11 41 149190189
47 30 119653278
21 48 170325016
37 39 206859826
4 14 505046253
40 32 503558360
20 6 445813251
14 1 736270203
46 36 820586083
3 21 802442825
16 45 118019383
2 17 617800398
10 31 916705253
16 50 862187091
41 7 199366812
7 27 762641720
20 39 894470036
3 30 386719572
7 47 649698596
7 34 382729772
35 30 931477291
2 45 53763585
21 23 127170582
16 47 439449136
21 8 356432293
40 14 26720459
47 35 638566379
15 38 88060037
41 1 459250243
37 24 12487825
46 2 702525698
8 1 170476307
4 26 991157109
2 29 909785422
30 7 703769042
40 24 945874309
49 27 967905858
8 41 300100911
7 8 785082725
1 39 898167878
48 15 4657206
21 4 62924496
35 44 982471740
49 47 143535713
45 1 878187685
21 16 473970455
12 35 526354469
30 19 764933268
9 14 270384353
16 2 182993784
39 46 784235370
41 42 81001333
48 36 918097968
39 24 36813930
4 5 250889410
32 33 245090000
6 17 116421730
48 2 162965403
9 42 290685801
33 45 125438405
7 10 540103865
37 4 956895786
9 24 859597528
32 5 644281337
36 32 104245681
38 17 112774861
13 38 319222576
22 29 647347727
43 31 493040615
15 11 586302586
8 35 115921127
45 42 934380030
42 11 213921671
20 24 229320824
14 26 591375969
42 39 863723030
6 47 40843279
30 32 390410705
7 11 190156364
29 41 359279842
21 13 878050499
21 37 132204250
41 20 461724979
10 38 829697984
33 12 835198906
45 29 401107358
45 27 261468131
17 23 378779417
45 3 528783663
1 29 698591091
43 38 535004127
42 44 462296274
38 19 91743633
17 9 630396813
13 26 470412261
13 23 159895292
15 23 818806905
1 21 660393338
35 1 994395449
46 11 598971240
37 18 35806209
12 50 422806550
1 20 47935361
35 9 286082135
38 48 477731502
3 27 249098915
14 27 653197877
43 2 301059630
22 30 548160753
37 8 116408878
39 16 248036209
22 5 914407497
25 45 88418507
50 22 737667489
13 27 790828944
18 9 684357067
39 23 151434935
36 3 229735361
18 21 873277897
1 5 160265950
33 3 953269225
2 15 659210234
10 29 470832144
11 29 105134964
4 37 133845920
38 6 171275213
4 2 156148819
34 37 923412389
13 28 686449521
44 19 569370673
50 4 914830347
33 46 626778175
26 4 425348121
26 8 665746398
44 34 165142303
39 29 907292268
22 7 613558638
17 1 991886312
49 45 955697073
35 29 516372438
22 26 16205110
28 8 8507847
19 13 618096644
19 40 299125539
41 50 969346064
19 45 834849140
40 3 827596156
7 33 718661179
38 34 741014551
38 27 870922596
6 39 205347194
45 13 138245901
50 10 809089074
33 25 563012463
13 24 603206727
39 10 855245925
9 36 970289431
40 49 730675238
31 16 770804030
25 13 734687743
33 28 543896285
26 19 411204766
22 20 14010675
5 35 83054263
17 44 329113739
29 11 43214791
12 19 466230761
20 5 841819282
38 8 330694614
28 33 29448639
47 5 815263572
21 7 873273607
7 50 404533106
37 44 46523220
41 25 503276726
25 10 8435558
24 41 188281985
36 40 760735161
44 42 129159968
46 10 914622111
5 8 782790792
12 25 432627387
38 18 493787907
17 25 598195461
33 41 452495682
45 26 51438490
38 14 548290224
9 40 337002028
45 37 448276213
23 41 540057266
14 45 674963823
25 2 957940044
13 10 874275248
18 7 263804010
31 7 32943674
35 14 113033231
11 37 12817140
40 13 696614476
18 29 344213331
16 23 504658590
46 21 864086368
1 14 548752937
11 48 221682347
45 44 10458576
29 23 820798615
34 30 485626691
41 34 902377024
23 31 334338814
34 19 248205130
38 7 265870654
5 20 505056871
50 35 416647297
10 50 385780136
23 21 859509657
13 49 164970635
19 18 415670263
49 3 180495575
33 43 145922954
36 26 857309543
33 47 441634178
3 7 985357083
17 6 362878593
35 48 747109565
42 25 438106924
23 44 677337242
38 10 136945977
48 38 661413001
6 45 255572000
33 5 952358879
25 30 529156296
48 31 125297971
46 43 461078637
12 7 526777765
30 33 589446152
2 41 638817262
30 6 929106549
42 15 80229048
38 22 231052967
7 35 105459104
22 50 459492543
27 32 974607312
2 31 38836317
48 44 90553000
24 18 891594597
3 39 947762844
34 32 871519652
31 50 641242163
18 49 424927397
2 12 979589309
11 5 775947275
26 29 640450428
3 11 291282395
22 38 823429909
8 37 350199455
18 50 12056988
13 48 329083815
45 43 227120663
22 17 501923151
19 46 682986114
31 14 214546901
45 30 262419887
38 37 18859795
1 22 72918656
43 36 891476664
30 21 641801787
43 7 99103734
26 30 652467975
12 18 159916971
47 21 308365325
27 50 38873111
8 10 161809110
40 36 2872980
48 10 290703282
2 28 392976113
3 4 104048146
21 41 582350570
11 4 768955456
45 2 297950006
13 45 93546896
45 40 35339767
10 9 777913410
40 31 30681425
14 17 614025957
50 19 919839244
11 22 819838430
32 6 816105623
50 36 15831670
33 34 397402471
22 6 374715511
32 49 489603557
41 22 442448452
49 21 332224500
9 16 192398534
5 24 283302749
11 35 277286547
29 12 137364288
30 49 970896019
24 34 942478146
22 10 278631760
15 32 698958537
4 3 600391095
8 38 987980433
45 6 77681254
26 46 400455132
10 32 853648717
14 9 603366275
38 11 890829211
23 20 109941594
3 25 174651670
13 31 895433042
34 49 472980221
24 20 206460112
10 24 733434029
28 38 2254579
13 5 176230957
49 13 947560225
24 2 212978350
24 44 846192667
22 31 301311721
9 39 811542805
22 4 881504976
43 11 296694111
47 46 187158416
38 33 485219815
44 37 698890537
14 19 10855796
30 5 339882524
12 29 579180564
6 8 630711015
31 29 168102737
7 29 557292508
4 50 693071970
37 35 280209618
21 3 876744559
25 48 168625415
8 3 838216274
8 32 901963345
23 16 211147872
30 50 798445858
47 42 159940649
4 15 61180783
50 34 979466709
25 32 990548767
48 41 322561176
1 12 24125664
8 23 58874232
44 40 25612243
25 33 132989272
47 49 839838209
31 23 897083932
13 39 500181296
14 32 684048697
36 39 115239862
12 6 204518824
24 7 830659105
15 26 737083700
23 49 794118329
10 41 370580733
4 47 13379940
6 40 201203234
4 44 278213430
27 22 543069744
11 27 924889825
12 5 402054055
12 48 962046472
15 47 324128851
19 49 366020837
38 12 992038717
48 16 857269133
14 25 862054004
48 26 283238179
20 40 722677285
49 48 811072330
18 31 48417580
26 1 135234764
15 16 700494729
20 30 703422395
50 20 559619724
10 13 826877352
42 29 546597105
9 3 761317620
9 13 793244400
18 22 854932891
20 31 998350007
28 45 129753057
14 18 684774166
42 41 179076948
18 36 849708932
28 30 62221313
6 43 951112428
40 15 525306500
28 24 300497573
41 40 815909178
50 11 435887058
41 48 592702775
29 19 238972691
18 40 404847036
19 24 606952478
33 1 790004395
37 20 171048052
35 43 389077216
23 17 187068650
20 47 14796576
16 1 104192879
19 16 58856567
23 9 757520295
9 19 499819538
21 40 76477516
6 1 474855710
24 45 21475329
41 15 680822155
2 50 559198090
23 26 87341600
11 24 123619522
50 32 419954139
34 20 172609632
9 26 956064464
22 40 932374108
18 13 732137311
37 12 739107056
45 9 284054518
49 40 9351454
36 10 767107156
49 33 114465077
14 36 939886400
45 25 666411793
26 11 751672773
23 15 61058711
48 35 818474742
32 21 424661804
43 49 444151626
40 19 26200657
15 8 579753639
34 44 733586158
1 4 111443677
43 24 446278148
45 12 993870546
14 3 776831338
6 31 997410386
27 30 786165047
1 26 8903754
1 42 796158788
26 17 285291176
30 35 282324177
10 49 40807736
4 39 468005568
31 2 290532389
22 45 829230134
36 37 160652671
35 19 148832116
5 3 379299338
13 8 950618116
37 6 570836701
18 41 202948158
49 10 739732392
17 40 788967589
3 42 226977450
1 37 681490585
26 3 440736399
5 10 668531654
44 8 844165626
48 34 474619221
9 33 378413538
50 30 846467814
25 11 929967234
5 15 831054330
10 26 139562883
8 28 524576464
40 42 952205481
14 28 891738603
11 23 933174447
34 1 802365793
48 30 331040653
43 48 647281288
49 11 64927584
7 40 225728708
9 12 314736119
8 29 542710830
11 14 380215312
37 25 228859197
2 44 155344514
5 34 767048061
28 15 329299600
46 48 212099235
4 29 398836977
26 25 577021050
39 2 594456206
14 47 95095382
32 12 893162208
34 40 183415
13 12 916576267
40 30 607881073
42 1 875285127
37 32 880283538
32 14 349392661
38 26 193355175
35 4 81300126
2 24 941736742
49 6 448144192
46 23 417738211
23 28 738373450
46 9 771855095
25 31 148933506
24 49 932763695
6 33 924365864
26 28 352890358
36 4 118199112
34 47 351471694
5 27 656112817
32 40 400538880
3 41 463429384
45 21 772273181
26 2 70851960
44 18 94842893
2 32 668944309
43 26 543583419
38 1 929950245
15 39 926951761
3 43 203822744
32 29 371889480
46 5 668421337
47 6 732594442
40 28 933807244
2 9 811293083
24 31 994981284
46 25 285791290
37 27 716413655
12 37 12818659
9 32 527905359
22 46 86394448
45 16 198652852
4 32 207621047
49 16 890475563
7 46 980607332
10 18 420954440
8 44 358948299
16 33 344453979
50 47 299538046
20 46 326537972
4 16 738011148
12 17 549784016
9 46 678569224
5 48 581056243
21 39 415290511
40 6 662834793
34 4 5023744
35 27 247181414
38 47 232093039
17 28 844962638
38 50 257742925
48 12 553517372
24 1 741071428
8 2 780413907
41 14 541367603
18 1 606879741
33 23 103252130
14 15 330599243
8 31 26331324
3 9 245476701
8 5 405529528
17 20 499932294
35 46 67589798
23 37 708687764
6 22 122441853
38 30 217503225
26 32 246502267
26 27 822314990
33 37 320480617
13 18 50361284
21 12 476337813
15 3 850655603
46 44 410039598
28 21 800255094
38 24 875921031
23 22 683915984
3 46 536823675
4 22 15101462
19 37 424562968
13 9 39735593
9 34 664370361
39 35 36673637
3 29 437816709
44 14 87568116
5 17 528727339
34 26 654360708
13 30 799475225
36 29 702563666
50 21 420556985
27 2 662172419
34 5 658363331
10 3 48260359
7 24 360862914
8 24 910955251
23 3 513354782
22 2 703579617
18 3 913717502
12 21 604393699
12 22 796039549
38 25 698520089
6 14 683103566
39 42 155769038
36 25 622709221
47 16 861322269
17 19 842036985
42 8 402742288
22 25 825398425
2 27 432922735
31 22 20278099
16 20 421015483
3 6 911153951
38 41 430636344
45 24 32080336
47 27 684864448
37 38 860885870
14 23 76806543
30 39 448433980
43 9 966580527
39 6 219391481
26 50 343739926
49 14 857454614
40 50 696968357
25 36 949223439
14 41 751856151
32 25 774915616
17 5 712953910
11 18 290538989
3 32 551728135
27 23 121528258
28 44 163862738
2 3 875657718
43 6 472084435
50 42 843975885
29 4 265294330
13 34 319970299
34 24 522418388
12 10 3838662
16 41 418050027
50 16 20791975
47 43 164920125
27 37 259904201
6 11 194333693
16 36 598676908
23 13 26188806
34 33 811070789
44 21 567742133
29 33 987535844
34 21 445878365
36 20 793391467
17 12 570577596
18 47 445663421
22 42 164896711
50 38 178744526
14 22 921857593
9 31 292750087
26 48 512830987
10 7 606844113
27 42 520329888
16 10 38003194
46 1 36244308
11 1 3676867
31 17 944016729
25 1 52074785
38 39 618656322
40 26 241689069
8 21 661143563
33 31 802819969
28 42 53556134
15 33 319477832
49 26 537521812
24 15 479167752
39 33 61564662
32 20 525943319
14 46 504613687
15 29 523063317
2 11 360627331
35 11 480347698
40 22 369878781
39 30 258784533
19 41 553160049
19 38 629530460
44 10 908077577
22 36 858938132
43 35 241656105
27 5 399392558
48 28 781900628
38 32 896993540
29 24 277002392
36 15 445874425
6 44 36879017
20 25 930163511
27 11 503647712
11 47 134444000
10 16 338214199
37 33 583517745
46 39 151167663
45 47 323707546
44 15 129660193
30 29 69930895
18 39 763588528
48 22 340294060
41 12 684860737
23 1 574769786
44 5 365496664
35 36 214940437
13 19 798850353
34 48 836513366
25 20 489489257
12 44 530210681
45 23 481448366
2 47 348132115
2 1 149192290
33 48 778603369
23 14 829881590
1 43 896364311
26 47 809685686
16 24 213768091
15 14 790171561
12 36 384399084
44 39 857913402
30 46 170514701
15 20 466079897
5 31 645287993
39 36 417515841
44 6 251053447
35 37 454741069
7 18 927445114
1 34 832178310
44 1 437783162
16 9 29254427
47 50 385664806
42 28 261940339
35 39 906823810
21 31 800146063
40 47 335038671
25 8 431708952
43 44 481235315
50 18 100285177
11 43 538542789
16 19 121482772
3 19 986480951
32 47 804085198
42 47 808028543
31 37 232817191
20 19 106233394
20 48 788494899
42 26 241549143
44 49 443601552
46 35 103544816
39 26 960101437
6 10 185818179
3 16 657108023
13 46 586997347
12 49 916415144
33 50 970417510
42 36 467365569
10 33 232747913
40 18 855451686
2 46 660451227
17 42 910968983
1 45 233892094
14 33 750860733
20 23 83173230
23 24 539516476
46 31 236349147
25 29 118428686
15 5 739732746
21 18 508271988
11 15 339671798
19 3 301819038
40 45 716464903
34 13 814415422
29 3 906944005
22 18 292821456
26 21 990320832
25 12 845671864
12 34 845093421
27 20 649177691
36 19 385949820
9 22 283535248
43 46 9892165
11 12 270925889
41 38 15579739
49 19 525268577
32 18 87326191
37 5 523569148
13 43 807142999
48 40 622674375
37 23 789160868
20 34 846225079
18 35 736035209
7 36 85055293
33 32 473105630
13 4 965824907
11 30 61820424
30 44 43017485
11 26 58011755
8 47 297488774
29 10 388987452
34 14 212271889
40 43 256763545
19 4 70632647
46 49 833923585
46 3 301553504
32 30 77762233
2 8 54012955
1 7 367335990
17 18 820227020
19 30 204661146
1 24 266627138
17 35 983507704
40 41 935176760
17 2 462776828
19 35 158486821
30 43 42125671
12 9 944664246
30 22 436947433
3 14 50683653
9 17 886709975
24 4 742322560
21 25 298418136
22 11 770121994
41 13 877522454
32 34 518856428
40 34 445494875
20 37 886915797
14 10 368643984
9 20 48424419
21 49 571026965
49 41 406492702
16 35 509482513
20 7 469799617
1 38 339535374
31 20 194527378
46 30 285133152
9 38 376042979
48 1 132662311
36 12 225561869
32 24 672685014
43 30 118951311
33 20 333421684
25 35 103317323
20 33 257241028
44 36 699266837
36 24 194370334
33 10 775370882
37 29 138461133
5 28 412192930
44 2 524132232
12 43 674387304
23 46 568677966
35 22 270211953
37 47 790220690
32 16 359061854
9 49 743552636
7 1 648799559
3 17 849739468
50 29 266907191
31 38 261100788
30 12 438083195
11 21 190023258
47 15 175616782
16 32 632313239
28 27 796568170
35 40 255141315
21 27 94784351
37 21 136533244
6 15 206764106
32 27 909028912
43 50 435768649
18 33 923785464
28 16 211822696
12 30 619066988
29 50 857181713
21 47 40114223
40 12 121984682
10 11 552826814
32 42 35876670
31 13 972557122
49 31 507110741
25 27 862376197
47 4 805233187
49 2 233150176
48 42 89626445
46 34 789941139
9 45 633533171
33 35 763956536
34 8 971671515
9 44 142405734
29 2 542149060
37 50 209937836
24 42 294176858
36 7 503671783
15 50 551332355
30 25 900712606
34 18 497368898
16 25 765445381
43 29 850228435
33 27 87191410
26 36 456782824
37 22 828577311
28 43 248693515
36 43 681887805
9 30 123492948
48 33 400787405
35 15 10450456
5 50 171164402
22 32 884437942
32 50 900779397
12 31 217497684
39 31 230839911
19 23 700596990
3 50 657415441
24 25 227782179
45 5 492206215
22 19 881824312
1 40 263995163
47 44 425117447
41 27 726267956
3 24 458330354
3 23 172701461
19 12 232994958
10 47 647971134
24 23 290645229
18 34 49992132
17 16 821040688
35 42 935887311
7 13 97238488
15 41 971611338
36 30 400331143
19 17 498237092
33 26 226072327
4 13 316895875
26 38 270118628
31 33 216314661
41 44 75799944
30 10 388250249
15 22 220191304
26 23 840593842
44 22 289487513
21 10 805947365
12 4 205833465
42 20 872464909
35 24 490202102
42 16 312822263
1 10 258946982
5 47 166785674
1 18 890276839
13 15 259218540
46 22 213322532
39 41 395049781
6 18 617157268
49 18 965820493
4 38 253287711
30 18 763821692
11 34 29954998
45 48 498023415
6 5 895508737
8 46 677074309
8 15 799922532
34 2 875471811
44 48 610660464
42 23 124271643
33 7 584807170
46 13 671173712
44 4 219838037
2 6 226233932
48 21 134856902
40 5 314217613
24 16 991758731
5 22 802640003
39 40 375828392
25 39 509198293
21 38 143678799
48 17 929722773
48 43 988252565
47 22 589441976
6 30 954284663
40 1 509312172
18 10 730988172
32 31 299059426
32 19 356288145
6 32 236006543
44 28 725224756
38 21 169346004
45 11 70705454
41 16 140742164
23 32 794248920
8 7 425040906
42 24 205343769
42 12 677071362
13 37 370772201
33 6 953074892
42 46 114054019
35 50 859999444
33 8 513553507
32 9 92428510
50 7 443464567
2 26 615616014
8 43 686722219
18 37 961320864
29 31 810884661
8 40 517230902
11 38 747723183
50 5 989657537
5 39 326502685
49 34 237926843
30 4 142610558
1 9 128996592
23 2 253850104
29 6 877213710
18 48 938762773
4 48 24313147
27 31 894876609
44 23 35999268
37 3 798951784
45 38 288618206
28 12 726102514
8 17 744991398
41 3 106440099
49 37 950614105
22 3 51025683
26 9 669387598
42 22 565988944
13 7 390280878
16 43 693064702
37 7 500438528
23 5 102181664
23 34 690040318
41 37 381731914
14 13 125714311
44 32 776916400
24 17 736902017
9 37 776693235
49 36 340040502
13 40 761782125
28 49 350184761
29 17 788777520
17 22 638838290
26 45 363990272
14 20 716571659
23 33 427337573
5 11 365698304
16 12 577843953
7 12 386794586
50 23 435158814
5 21 379741087
45 14 773464537
47 8 705611756
2 40 133897649
6 49 955740894
1 36 459798591
32 11 528874960
43 4 398497481
23 11 521332222
49 20 97422953
24 33 254498022
48 39 761533549
24 47 505750337
33 21 277636342
10 45 287150598
27 25 640163837
50 48 756693715
48 49 808843067
25 37 326104382
47 13 938675108
26 43 876568322
31 49 402483568
4 30 354377238
29 38 426425736
47 3 988048108
32 39 649566761
23 4 252615541
48 47 37103581
20 12 201157259
1 31 820682196
24 3 546698644
35 16 779322713
9 15 552428604
32 37 703105274
37 36 27326337
27 8 572762762
7 37 346609069
40 48 51049696
49 1 147852333
43 40 510939456
35 5 290139072
34 15 881280106
11 44 197167964
16 42 222418267
50 31 750859605
18 28 418937069
19 27 575908370
17 4 641774642
10 37 43417147
35 12 745492563
29 32 563100858
26 42 316634201
21 14 405569632
16 17 921333655
46 8 154544487
9 48 843617348
15 31 631184746
36 22 934281844
22 33 470757189
30 40 558553426
1 46 200295603
3 37 91314774
1 49 666714673
34 25 90678133
15 30 601502987
9 43 945515489
19 2 356531055
4 40 674499907
34 16 808914363
44 3 985630646
39 38 321954392
15 6 971431875
42 48 896922511
4 45 152945508
34 22 644119777
20 49 255630273
28 9 642814853
42 34 590822433
26 37 696983426
21 50 136475380
30 42 366679035
2 20 828245948
27 48 638457518
49 7 634071224
13 21 577005497
7 5 885970399
43 22 891678829
19 44 802587167
19 28 738092473
6 36 1494801
39 47 953515810
8 12 411949220
21 5 269367439
43 47 249034976
32 2 973696672
33 30 38152416
34 6 58768266
47 12 291423204
28 25 684085918
2 22 779109410
37 26 335536810
10 30 310930851
17 3 758828493
8 39 414571975
3 34 888234182
7 20 278542518
32 28 600028519
33 22 573223322
38 13 173027597
1 11 824560217
12 16 349051821
43 20 267457493
30 1 412557604
2 23 172393282
10 22 371862333
44 11 516231538
42 32 147172582
20 38 743402640
33 42 666088619
46 18 310683021
42 4 65796657
21 44 126461434
32 13 637750008
12 27 392300720
9 28 257603154
41 46 725658816
9 7 199066302
42 37 410967624
37 49 976867681
35 33 839282415
37 2 631391772
14 2 668798985
4 23 636321235
12 3 133346202
24 32 712810911
30 36 160068917
17 7 823655579
25 28 73400058
25 38 599310394
35 10 461822919
17 27 614034174
33 44 615462771
40 8 126321828
2 13 4535552
34 28 216039392
19 29 133653753
22 41 921857918
29 16 721790490
37 41 310229268
45 33 79565289
15 2 791538399
28 40 751175613
44 38 737134032
45 4 672253427
32 23 852151335
26 12 115192373
47 19 497800457
7 38 224820150
28 14 593186716
46 32 858350128
10 14 177756055
35 47 377979653
10 25 720616196
43 21 671927858
28 22 294599240
11 16 446747742
49 43 810435345
38 4 422387355
8 33 803411597
25 22 54397535
26 16 714114707
50 15 423612072
25 23 103569660
43 33 775410885
4 17 559433253
37 17 808046525
20 13 143708584
24 46 801856986
19 11 79209435
10 8 576043830
46 45 247138980
48 18 682926005
30 47 554143965
31 46 721114141
2 43 658447538
31 43 271916820
49 35 306489135
15 1 844439382
9 2 967192987
34 9 102524107
23 43 632390891
38 35 944315862
18 20 584627279
36 14 361279951
39 12 968490889
18 30 683922815
27 33 298705022
18 19 207178452
48 29 133404180
35 13 696541319
9 6 298220975
10 15 969954123
31 48 595468158
41 10 649206246
6 20 814900637
30 27 511257880
24 37 862521729
18 23 877990564
19 39 771637922
37 9 17197952
32 45 199818773
12 42 423469800
12 28 689319948
31 40 521293438
15 28 107611421
11 33 723060777
44 16 651092115
4 36 645867172
11 50 811942331
7 30 446534836
20 22 573828608
31 47 440786979
35 2 722296413
7 15 514071792
39 27 824119353
28 19 654778838
6 29 996703902
46 19 949737225
14 29 86469121
3 48 18752991
4 46 527479236
38 42 199767098
13 35 747140396
26 40 879754150
10 21 212751939
40 10 23164535
22 9 831825816
47 37 187793869
26 35 30367757
12 39 756155399
41 17 56888592
19 34 720276253
15 37 461215038
29 43 133837067
4 42 984180316
4 7 630272742
8 34 972770179
5 25 587675268
48 14 1038365
22 44 883655319
40 23 719991815
25 18 809034378
24 36 606784952
47 25 454827403
42 10 727575230
47 33 118745921
1 2 602401500
13 36 406078506
12 8 179720159
25 47 96757433
29 9 637780143
40 27 210389521
42 21 957341259
8 36 856954078
40 11 693963278
3 38 150056567
6 28 293794857
23 38 51969152
16 49 912322499
21 30 752725947
7 14 151711783
28 47 255815037
50 26 378440149
41 33 57885888
12 38 351351575
38 9 809532328
8 16 946184650
32 48 168696925
18 8 82875683
17 8 93631287
40 9 388235626
36 17 380370552
25 16 954059884
34 35 99651966
34 27 176746544
25 5 900258098
29 36 188416773
29 25 266183842
5 45 193376800
34 41 469361590
31 18 241408515
4 1 787119250
38 29 199176315
36 13 422756524
16 29 517425810
37 14 76265096
46 7 298416276
50 3 550618057
44 29 438632436
30 45 648742238
32 36 120784467
4 12 500343930
12 46 674075722
8 49 782214935
47 48 110189748
17 24 438080657
26 7 489574438
18 42 601879468
5 46 613284271
48 19 333077381
6 26 872616055
41 23 853888598
17 29 279558977
48 20 506563143
30 28 279748006
24 29 78546400
27 43 47900100
16 4 340605774
22 24 192388925
17 26 360349250
9 50 491168911
37 43 106532825
29 30 632234789
8 30 69207809
39 43 646611041
29 27 886594201
3 1 497022855
14 44 342840767
2 25 346402967
20 1 891387436
19 8 451877734
26 14 881871558
18 45 901770977
24 22 67823549
42 30 410331263
14 8 858171022
25 34 407557582
2 10 938330380
28 3 809136725
29 14 533609038
26 13 406144177
35 49 585279191
24 40 742848263
43 17 586716051
30 41 312544603
25 50 721222116
38 5 654849019
5 23 285389007
20 36 257665703
25 42 493226126
44 12 811705048
14 49 589112022
38 28 723522961
20 26 758669140
46 20 277576677
15 7 667547018
47 10 762621406
23 25 172491114
11 7 291505864
22 8 590089645
5 40 87065998
1 30 132216185
37 42 44112762
13 33 714161422
27 10 560145695
29 45 663372945
28 10 840977212
34 36 84730901
19 20 974276033
35 17 194668167
44 20 482935140
31 3 46916787
50 8 293280206
7 31 454294327
9 5 700677238
35 3 866366462
16 15 311600634
13 3 672681579
17 43 69362175
24 38 444250006
46 15 485696667
21 43 208116443
11 46 886515059
31 11 576530844
21 24 969808509
7 16 174953010
2 49 909907545
33 17 621673992
31 27 8788271
17 41 197149017
45 20 760898302
32 44 834904650
6 23 885781320
37 13 572443364
48 6 956382346
27 18 851241760
47 34 826772591
17 39 902935275
17 48 30381040
21 46 135837855
41 21 571998929
3 44 547939190
10 6 512332128
1 32 237206087
6 16 355338236
7 43 871222013
14 21 557069694
19 36 157827482
16 5 24457525
11 19 676920663
15 10 661327275
45 15 901876834
39 21 204976227
36 34 728755763
30 38 545748894
40 29 427273044
46 41 791996055
5 38 132585075
7 23 342010246
38 15 901590225
18 32 102280136
24 48 607223660
15 25 244719220
32 46 497845713
9 4 945213240
36 5 473513770
50 41 20911560
44 26 524492757
14 5 976515733
22 12 929113790
48 3 83448442
10 23 517240874
44 30 310725664
43 34 749247683
4 41 832272814
34 31 416194500
11 31 322584702
29 22 116724346
20 41 154332533
20 8 273265714
41 35 114722260
49 29 776794952
23 40 605031614
11 28 134639473
21 22 41986869
43 19 979215197
41 24 82731531
44 45 362265792
5 6 219038173
27 28 11579990
3 5 299686517
17 14 821181873
4 20 906489827
4 34 951697203
24 30 418275581
48 27 232956162
15 49 814348815
31 42 383386225
49 39 501081910
15 21 525709476
31 15 195262070
49 15 368002784
44 13 598750518
45 32 590899980
36 23 833202575
18 38 806731438
27 15 881819732
28 2 934094112
4 21 785045443
23 12 64818758
42 31 168680553
37 16 547514266
37 45 671117811
3 28 224729916
20 3 194396695
27 7 221210917
23 7 558882318
49 32 784556296
7 17 868055423
15 48 134140769
6 19 281318820
37 46 469904399
41 26 76166689
40 2 434229021
14 42 704023952
3 20 533865629
38 40 901783362
19 32 626898482
42 13 830626679
10 36 260142410
36 33 5204942
37 1 888227840
22 39 334929697
42 40 9522158
19 25 952473593
6 9 906846752
7 21 695503508
40 37 694833406
3 8 68792296
19 31 253833109
5 37 662336111
39 45 663158755
49 17 381066059
43 39 715854539
16 48 508044708
47 31 71935995
39 44 551608951
35 21 473275540
27 35 114712976
24 39 767308016
2 5 266202084
3 26 793245785
49 12 925772153
44 46 400856983
2 36 110431510
47 36 815593328
15 34 899674225
50 14 106361488
42 45 857640114
21 11 849514059
12 15 951218279
30 2 554682205
47 39 536241004
2 14 519365370
11 36 555404162
19 43 672173108
49 9 477042307
35 45 269944143
8 22 911428492
50 13 193013351
7 4 380848021
47 9 720317162
41 39 134163780
48 32 224830036
27 47 189776727
39 9 196744525
35 7 970461476
39 3 806352193
35 32 689465624
43 45 244060745
27 13 950388321
7 6 401496937
19 7 24605046
13 16 224901615
6 41 836467775
10 48 800518222
10 17 290688119
34 50 845880454
15 45 674150368
36 11 862461301
31 35 227394875
15 24 444205007
31 6 130772155
36 45 105545438
14 40 345172402
13 1 504536933
7 49 488447884
11 39 455801761
13 44 874945069
28 6 911596763
36 21 312436766
7 19 592757720
1 50 2065058
3 10 227389713
31 34 970910388
12 26 200488453
37 15 770127323
11 17 454480613
22 49 311753962
6 3 777184522
24 13 548545624
7 2 927567964
14 6 137908558
5 14 150821731
41 30 368850725
16 30 461027708
17 34 745868685
15 40 160495098
28 13 554972969
37 40 470999732
38 49 488640173
25 21 373102973
50 2 191249630
24 21 805243006
43 41 439749391
12 33 680553183
28 7 26256686
31 45 822520218
25 44 128285174
27 38 592465396
42 14 95928711
8 14 658209231
17 45 841626721
17 36 936330338
47 14 893172441
30 3 649921474
42 43 915950748
18 2 144328330
33 9 73044754
22 37 636416536
39 34 376607559
34 11 387590778
15 42 452557289
20 9 276594209
24 43 634457818
40 4 948070345
19 15 878855715
10 35 800378968
20 17 587401729
22 23 91164514
31 24 871320600
43 10 39774252
42 2 826958318
46 26 201792700
38 16 551049702
31 9 734629446
36 8 990851582
10 42 685109802
45 7 864103008
28 26 551357812
36 42 181169703
42 5 451802153
29 47 482675120
45 17 434009166
25 9 435557441
22 16 439670993
6 35 921675278
50 12 67907284
30 11 421740676
14 16 697839351
21 26 333646847
29 46 28885104
47 11 509946351
5 26 101305171
28 23 734175775
20 43 151819768
3 2 730691387
46 37 335182012
11 8 527975320
1 28 126630417
7 41 705883448
27 19 17986860
16 40 692860538
28 4 669878166
10 28 549846107
1 35 531950650
41 6 226018979
26 20 867354523
41 2 435028998
32 4 140046031
8 26 182013074
23 39 649263402
36 6 833664160
38 31 463230204
9 47 571027599
44 25 292404255
49 22 122584258
1 15 594302430
28 29 685956640
1 3 896282633
22 1 765487805
10 44 607861702
38 3 844101677
33 14 888819678
16 8 924992224
40 16 451892862
4 28 377238001
41 32 662650774
42 49 328159649
38 20 842217421
23 36 980245857
14 4 14556019
49 30 947722040
12 47 326653827
39 50 255345900
50 24 750241983
46 14 197166856
4 31 463197515
29 48 231700612
26 15 916139609
44 9 356026316
42 27 15571203
10 5 616366495
36 9 842716923
19 14 378371148
48 8 143290087
16 18 914973600
1 19 259728261
27 41 504937735
41 9 570019430
27 1 37916462
10 40 578740887
19 26 48910770
12 23 616355477
18 25 519828225
24 14 719107826
33 18 981423495
7 9 249645481
19 33 922018846
22 47 656072185
13 50 31942643
41 8 171131606
21 2 16106059
47 38 706330369
27 3 149883201
12 1 340151320
20 14 780183763
17 50 217901915
42 33 167438058
35 8 581025239
36 46 543144109
30 31 449958613
23 10 151652922
11 20 539848065
13 25 472250055
47 23 396338620
36 31 949691933
49 42 196514666
31 21 359894813
28 36 363650689
38 36 964682352
50 1 159691832
6 7 799971629
4 9 977069968
11 45 953572019
12 40 10049279
17 47 676905079
28 41 166311680
34 12 466499668
9 8 214125614
20 15 829269958
2 19 345741482
5 49 280972732
42 6 217230547
