75 4934 610
7 9 364808150
34 33 848012276
34 53 568789588
4 69 446077263
72 71 823659714
26 23 314448204
9 16 124848866
68 14 679474065
27 66 140931370
1 60 208475224
67 19 485830026
11 46 717721551
23 48 374235139
41 69 450423426
61 68 76777896
6 52 159836091
41 56 164620266
63 38 917991671
47 50 590236253
19 33 599206377
58 26 302203911
64 45 196393796
71 17 572582863
46 55 839364582
12 4 235091953
14 33 416965860
67 1 740872695
6 54 363174076
57 10 770940380
63 49 308854840
3 10 211951062
44 11 471710362
56 59 573156636
24 57 822674442
52 9 833078568
15 44 87143586
27 67 716711960
29 72 258784733
28 74 570281907
16 2 867304978
71 47 60716024
1 75 877017585
17 63 493408164
49 18 957497354
8 27 832519053
18 62 720831212
15 16 606756963
33 14 957168972
38 37 509937854
60 67 31322888
50 42 387848246
74 64 385855995
31 68 149734782
71 36 97453638
68 25 118634715
52 10 293602449
66 44 611437299
38 47 873924350
23 42 354308265
36 70 632905755
61 1 434659655
28 31 690034421
25 68 670936534
72 14 562112768
6 17 149071427
69 28 609439113
49 6 812167499
15 47 628989408
2 41 391658307
66 15 749939181
41 14 251008431
22 74 795471000
54 12 543770868
61 63 279466206
58 13 194934528
40 57 448383865
60 71 316897044
11 41 336825756
64 22 910925974
43 20 823918788
57 72 91494435
46 14 347452936
39 11 821238865
33 70 349076097
50 63 918254310
14 22 230366216
36 40 277670129
68 72 428303445
15 21 726373704
71 61 492931327
11 35 184206340
25 26 279963368
20 12 667196451
39 68 429056753
33 59 79797439
54 5 557391890
73 56 757241611
75 17 300259076
37 65 721757748
1 33 575071515
30 19 334403112
20 51 193767703
53 74 731744737
65 19 194393565
61 8 707951076
45 51 872558021
62 30 814291519
39 60 577463347
44 41 175073009
46 58 875021205
62 67 379316655
29 56 374655720
5 64 776114640
14 27 458525836
41 13 308293094
47 51 173702234
54 52 646725603
63 51 358729366
33 42 548084441
20 54 92420737
63 9 32032660
2 21 564414407
44 34 715861977
40 69 140429134
19 26 556854274
61 73 487916943
47 65 226768939
28 5 74043198
48 59 708660728
65 64 814656255
47 17 342503348
69 37 905610957
69 27 206396399
2 74 478186291
17 53 186677793
2 71 195214435
75 23 185423602
59 56 537394464
66 5 336504329
8 38 370530240
36 14 236618497
55 7 809140975
74 36 601315557
65 66 75654645
12 2 445708573
2 31 896516273
62 60 846302847
25 49 100672153
59 63 9608177
50 70 111971247
6 47 235989072
1 34 101942464
25 46 368507067
51 15 479140415
41 28 682603210
66 27 218276835
68 2 363622793
71 22 134698726
39 52 289799736
39 54 277475757
29 3 392636973
64 18 410791322
58 21 581691855
25 43 704540021
54 60 441061069
58 39 599809646
51 75 636063651
3 71 587089521
2 48 21868095
1 14 196551059
29 18 520431206
49 23 480603107
45 6 382992031
21 30 551542942
52 55 93660770
71 12 861309566
72 9 634663153
55 2 586588479
25 6 320011391
55 20 517260934
63 68 629316062
18 1 656037480
16 35 436009079
15 65 880926031
25 57 982663645
11 16 734781650
39 7 108006896
8 16 709431542
58 35 22863201
73 63 498206238
54 39 991634860
16 30 921506137
23 10 459978098
71 2 929175233
32 75 340708422
70 9 891581888
75 24 984941673
58 72 261119597
8 37 384058516
33 74 771341032
26 53 950849662
32 8 85503990
11 64 855358011
1 17 932780136
49 29 486117990
75 67 465632141
74 31 270959716
44 37 851680992
26 46 939669454
39 47 924592419
21 37 120123802
30 33 277369634
69 45 557461589
37 7 420050976
8 51 27329347
20 66 184646560
28 20 965401302
3 2 805417859
51 40 156163867
29 44 420673361
6 26 84368201
63 31 858103127
35 12 588164372
50 46 840953364
37 48 433476927
20 24 561001768
4 2 607049454
30 3 921997063
32 18 445780908
71 75 944876437
51 38 781712899
15 34 245572505
2 40 855573418
27 60 53490200
7 10 275378549
22 46 51641664
55 23 315674888
40 41 318374882
19 3 387138982
64 46 402194598
64 72 892747667
20 7 100665422
50 6 608396082
35 56 766212090
65 13 668937510
25 59 746613773
27 72 997676917
74 22 210727622
8 46 289686148
45 49 625410588
64 42 852884747
54 68 793104371
13 49 636738782
5 38 535518011
58 19 944418020
34 37 800237282
59 69 587684174
68 17 367195168
51 72 980927027
52 18 530049153
50 57 731364556
52 43 629004225
40 61 296800521
61 21 754708346
60 74 164919732
36 6 159745984
37 66 692257773
50 66 27533227
4 58 624962547
25 63 225693922
19 70 353249795
73 11 752307158
57 58 961241439
47 67 596544830
53 4 998024065
72 43 527226915
55 39 682138914
33 24 90773192
41 68 353483082
54 67 385856599
28 34 452637636
44 53 519057789
45 30 942367861
36 63 137597730
43 71 763653710
57 70 748249825
65 58 2178567
72 47 775811218
41 52 886893879
23 74 871335825
57 11 931666570
26 39 590866286
5 49 29491871
57 52 529604515
63 23 119765125
18 41 888711416
63 19 109508748
17 34 988030623
28 75 935474834
73 55 448930932
17 67 398172666
5 63 218623232
36 54 82399150
20 57 910110204
7 22 90664541
55 30 957176039
73 36 806438097
59 34 168933896
63 66 118688987
61 56 186939358
26 6 751302816
22 34 407609516
8 58 123936300
45 71 388625177
59 68 296933675
38 44 521288672
34 14 346198054
22 66 269553976
66 67 606785362
36 12 758886292
55 45 338128272
40 22 869206040
47 58 833574117
53 1 922480100
63 62 127272173
6 16 413199486
66 61 22451584
1 18 479772718
3 1 68573724
44 60 160322697
10 28 158506619
15 55 70909017
34 74 665044493
50 53 120632463
40 29 690573493
34 13 990849626
66 11 30764854
55 35 631721316
67 54 565438897
61 41 206136688
38 55 422488091
28 13 959593779
67 32 147167696
64 30 70251575
53 29 693149798
42 17 800660348
55 28 687581747
45 46 432088669
26 19 154008880
63 50 450988231
8 24 564058876
39 74 806325719
61 10 107391728
73 42 293853736
4 75 545175018
24 60 245629932
60 65 38943170
61 26 704160653
48 71 552747236
20 29 110144274
19 64 923350509
3 56 944131790
39 34 888616714
23 62 311199653
58 52 918626767
6 19 246963169
46 11 558978029
10 16 726763601
7 69 655395682
54 53 687764659
21 65 603331190
30 63 708570327
18 22 516299
65 18 423757195
7 1 118406530
65 62 227344746
59 70 983653778
5 13 20753317
72 56 181473150
70 66 716958527
56 46 488138989
62 41 87972261
29 40 326665339
20 38 661396926
25 73 537893451
65 31 576393883
75 27 278654548
8 5 250724434
2 61 521232040
71 10 794822781
15 33 733007701
61 7 706406451
30 35 536337133
16 9 350451280
51 66 790872674
64 4 130266481
51 17 197760936
10 47 527748091
27 5 457112373
43 21 239589283
63 27 601939159
70 7 380363813
21 57 220399996
55 73 658782949
4 70 421497014
40 24 748408920
9 7 871632113
54 33 902437333
17 47 360649436
46 7 801242660
59 7 800876329
6 25 816684581
11 1 246483281
59 6 295971598
10 50 826183347
45 5 638336075
9 72 895695405
42 43 598595093
66 22 141131028
47 3 29127207
58 44 639641918
22 60 312647745
32 40 914002221
19 30 998972447
32 30 123853623
69 29 652756158
11 27 707242183
62 14 351695755
65 8 455093501
45 34 433258620
62 15 615122104
17 39 830631857
4 53 914632830
22 73 560174263
11 53 528245119
12 3 934119165
65 70 649175257
1 32 333490366
52 62 540299324
40 58 731019707
17 43 24898014
63 25 404704157
51 70 565246071
12 28 794701141
54 59 450707035
15 11 526762585
36 10 142505881
25 5 896903870
30 44 717856489
26 72 240659164
21 72 495349573
27 71 210392282
5 72 221123443
45 75 392654361
57 40 336511585
57 74 697634734
42 45 22709146
30 75 55227257
72 28 763511352
23 22 200508176
30 28 114578842
6 14 847633133
6 38 612907246
24 52 138318333
49 50 677233542
39 57 518245786
46 10 946947093
6 24 144183943
58 3 708343319
61 30 325678834
38 11 955655787
9 45 133764667
64 6 695027624
35 23 717296416
7 36 772216526
46 52 688596939
17 8 75402124
20 16 442912851
39 51 291470776
28 32 995530415
38 58 518852891
3 23 480256780
45 4 767073673
13 55 296434903
32 22 760555331
4 54 927037531
44 43 176397033
69 44 792962249
13 11 273270719
2 27 419234607
52 29 890209827
52 26 18888304
60 55 399019542
72 73 735491702
23 11 258823882
28 50 167823627
36 44 174391192
30 27 942217143
33 49 253774287
1 8 833826713
31 55 191616094
15 58 733371753
66 24 619510199
58 40 399706595
2 73 799878800
18 50 174466018
19 47 914948936
33 62 949614376
59 5 490400504
11 60 361822026
64 74 162555063
39 21 869309190
17 35 215319786
21 60 318203050
14 67 872704666
30 6 129099660
29 51 53574776
24 61 358412738
10 33 909029506
9 42 941061008
75 74 22481031
64 44 375169841
67 22 834697511
17 74 725367903
47 73 619878015
43 24 215109737
33 18 672460570
39 2 972462534
21 67 829865310
66 55 296530419
14 6 853822298
12 52 92888509
58 9 263553419
21 36 783341495
8 25 257416969
16 64 531295581
20 70 622953387
35 58 706960796
72 60 304567041
19 40 620671912
52 40 227255729
59 23 272324215
1 31 822067032
20 23 680702486
54 4 434242823
54 66 760993783
67 65 365056081
43 9 435904502
46 12 703727925
34 32 748234287
8 1 44607040
6 5 104737192
62 12 352238368
66 3 594743344
51 13 162923976
61 46 285750597
11 43 12123806
22 1 462256803
31 39 560350433
53 41 193757697
69 67 786286685
51 46 833226986
31 46 955341101
73 1 525823989
53 3 561137007
65 47 51775139
67 56 195787632
75 18 247639797
36 60 100091975
4 67 164661647
71 43 374872296
24 2 504968898
32 34 802100014
53 66 674938279
5 8 931394552
40 30 451378203
27 69 49806856
44 50 303668500
51 35 354480284
11 49 42669659
38 18 307378378
33 20 378800615
13 12 453162015
28 7 557805543
26 1 739587376
74 28 299781528
22 8 498031306
45 12 418610683
67 16 673264535
21 38 182011850
71 31 783261294
1 44 155430390
7 42 327224742
38 36 167088343
42 58 580624167
18 56 955557129
38 41 999091076
23 64 964666529
37 74 617534983
67 60 422520923
36 61 815864299
10 68 507039669
13 54 151349588
52 34 635180729
73 18 583794289
35 8 103268146
50 62 531824538
50 27 31348806
72 33 726572525
64 3 753330265
42 31 327085800
50 32 147594880
2 57 455479439
39 36 52501391
18 75 38225463
14 34 578101317
13 68 339225144
49 27 738075262
21 39 472018919
61 6 145482250
9 49 96666817
35 38 757245374
66 28 978710006
45 61 675778088
46 17 721292500
49 3 996733422
61 20 448243084
18 72 758835787
44 57 681699418
34 55 119705135
69 55 936333316
70 5 190657239
41 50 123367203
40 35 28605402
36 49 419599217
17 73 362573261
55 13 309275085
70 73 94164804
34 73 515451379
20 64 348000021
2 44 172190767
60 43 3298313
48 72 315217233
17 4 231415377
45 19 876605519
60 14 779738364
1 11 41219306
72 45 894585197
39 6 666997214
17 60 369479423
33 40 321533989
32 54 17085976
3 51 442491648
18 51 202540403
13 27 510849394
74 41 171970303
36 7 558587585
38 2 749780328
26 29 762951377
27 68 736423938
4 15 626565243
14 51 351050317
67 38 24399498
46 27 219182722
32 17 85514612
66 59 147021099
38 32 918619977
42 60 552518855
17 27 824277358
54 28 666729096
4 10 200266226
44 14 187640590
38 1 742839109
61 31 182038058
38 73 574110845
27 19 515487491
75 38 877111171
1 59 663901441
6 67 409711071
52 33 11443116
49 61 668507470
39 14 10355040
23 28 258564573
7 2 668316546
27 43 820473018
13 41 890405121
31 73 156345260
70 18 816474737
8 11 36690335
2 24 124926970
70 47 426253923
11 8 512599390
27 18 220510972
43 5 857548673
62 19 967881396
36 3 529950262
26 61 695378004
53 51 861373925
56 74 819213450
6 68 407442563
57 67 474668527
73 44 215917499
62 8 104888156
42 38 307077668
67 17 695405363
6 66 895720415
41 47 491159882
69 30 127782824
24 45 485862533
33 67 481388035
60 7 831675303
10 74 723372822
41 70 200046492
61 33 752420075
1 41 318777581
53 47 810013102
29 45 122954637
4 19 19010094
35 62 191709179
17 24 826287566
69 53 586097389
74 69 353331905
5 65 866538715
72 30 816888684
37 4 447956577
5 71 389122081
33 53 430415040
56 7 454643796
16 71 215365923
39 69 459435938
69 35 30135878
18 19 523705460
74 55 57961302
13 62 549390426
6 55 619177128
17 2 408747200
42 8 755577301
72 5 408056573
19 58 185517436
15 49 358937643
20 34 420764755
5 21 669033687
37 62 245273100
54 74 609219771
37 58 305734119
56 53 22051468
12 37 214457594
45 22 2250057
4 34 968193876
63 43 838167290
65 7 251004294
31 29 712148082
12 74 13637907
27 2 860626042
53 73 917516649
11 55 497874315
36 8 702362710
19 20 903967352
71 29 920795867
3 4 887728098
1 46 12302330
66 30 882639830
3 28 733177095
56 44 990440736
17 1 489526544
2 49 225863463
18 14 263755124
25 35 767657188
30 52 848418954
25 42 592640667
2 65 697669574
71 23 439353766
3 17 643129048
20 44 530930932
10 46 208242930
62 64 795181486
51 68 101847991
11 37 531698526
37 11 32853278
15 14 552536529
41 8 18629398
44 45 769452427
19 43 249861461
69 9 923422395
4 41 26159433
41 60 975401488
36 57 84517169
10 21 61196305
69 25 477368178
1 71 992458542
38 35 946580334
17 62 863802239
13 34 62467030
27 56 14131060
29 8 230817734
34 3 495546152
16 3 36482043
22 20 485990504
67 2 510762501
16 56 22149340
15 38 768175227
12 59 374386912
45 16 215381580
45 25 448486682
32 50 486701115
2 26 901726956
57 20 205376916
11 39 839835845
14 66 442051645
26 16 290486787
52 6 847128475
50 44 301708938
31 44 160893023
65 28 549792242
62 33 924154554
20 69 313988566
14 1 402871811
37 26 164626537
46 47 168596801
7 66 955036241
69 61 30322022
27 63 305332895
37 51 187758605
60 73 48480629
55 75 889802037
23 29 915865112
9 22 509073899
27 6 895989209
35 48 681826352
7 58 443923120
3 65 738451370
38 10 828857006
52 17 911537756
73 5 685851847
22 30 248085094
57 49 968064926
63 45 954342059
12 33 700514534
45 62 519104686
42 69 480679889
17 16 564341220
71 19 68263964
52 72 439326533
54 64 507009095
53 69 261745308
25 19 885511191
16 57 911460343
2 7 565437033
4 39 760766869
43 51 835537580
30 51 89414757
13 29 535353053
28 69 242665454
71 46 686422095
11 32 482600627
42 61 374040584
49 55 289234013
24 74 471078714
51 30 802423239
53 12 644793851
31 60 382708671
75 60 461336572
53 13 999170316
23 41 463311740
43 42 825650979
49 71 277602429
11 61 647080241
43 40 140773676
11 52 793697213
25 2 184540462
57 63 82055738
66 72 674796518
67 47 693621993
61 3 548376754
18 37 761049687
8 36 809112166
45 36 539482370
68 16 461004497
74 75 498937693
23 13 387214399
11 30 2606586
66 19 971649361
56 14 684815631
18 3 749818700
45 26 118236012
32 16 116608200
5 34 473151165
55 51 937890170
30 8 725793563
18 35 764216349
66 8 726981507
16 51 843551835
41 35 26383967
52 13 395784119
19 18 176179478
46 44 885297097
70 64 195502867
34 25 7219627
54 40 12612096
37 33 712514170
61 75 201407447
54 25 191058597
44 30 975824535
57 61 602635234
41 23 974620913
12 32 758082667
5 16 984536389
15 8 655099639
43 67 895172977
38 40 233556533
26 31 105981688
39 18 364207354
61 44 385864071
46 6 871453123
66 33 35567019
40 75 464155823
65 9 213218681
56 62 25355034
34 5 659937101
2 25 132981416
31 63 461267332
27 38 356206012
5 4 522143575
41 11 670710283
35 60 625230132
48 34 751834928
22 26 327552116
13 32 690095331
31 33 711587461
12 21 572527587
73 27 578106120
22 32 993707360
55 16 275150633
59 64 473501093
10 12 546936800
27 47 877909805
12 66 768307676
63 24 89204705
16 75 325039761
34 68 961692436
36 17 139044554
2 20 348336729
43 3 734949499
25 71 582607683
17 58 482493664
75 8 147051624
32 27 719353723
5 18 28525564
43 52 252390652
6 35 677861946
46 54 34315395
57 69 892812227
9 70 989402310
64 27 12583917
58 66 758935330
74 14 452447957
72 36 220419922
31 66 857404067
23 1 266850595
73 72 66963737
39 73 441432582
21 18 847703063
22 24 429118209
4 42 418453467
25 27 626937213
35 13 323555210
47 20 431832199
33 37 709110920
55 32 730105583
20 65 431951536
50 71 209423890
33 25 325808551
57 68 873850348
1 50 813810169
16 15 738693192
73 74 921508762
28 9 655173385
65 71 890434932
29 10 24524681
37 5 22957478
36 20 973186533
13 23 225597626
55 43 53892273
66 6 20861415
73 46 843845891
56 19 788547980
10 53 149282388
46 26 383479625
12 72 600870977
74 13 144983270
53 68 943789962
43 30 992065271
9 62 573980587
51 5 997501806
31 19 180461305
52 7 833031920
25 37 557632293
29 49 200753033
16 17 903056006
13 24 116303511
16 32 618391402
23 56 807683144
34 60 626445188
48 11 90195121
57 41 683685585
68 65 913771926
23 30 95315001
47 62 399202225
58 48 108492720
3 42 626569504
17 5 553607566
21 70 457870
56 58 149630876
14 75 207213947
12 67 732518782
21 49 284990644
39 42 185215159
65 69 504032555
27 52 429443882
67 63 963805678
1 74 566724174
67 15 797673411
39 22 60453810
64 19 417190264
45 69 380014350
44 36 822780821
27 34 584686346
1 38 184343772
24 71 391575239
32 69 388517865
27 4 891127286
67 33 223189945
45 52 492482812
69 57 75244520
29 36 847938648
67 27 376093778
55 44 911704662
60 16 650201636
54 15 151575601
16 66 718773319
48 45 254671234
12 58 38534221
30 60 974450255
20 15 23002415
7 43 841647370
72 65 550543080
37 2 929095703
19 67 395918526
75 40 81177197
12 18 492007864
58 15 730321789
53 9 51826214
69 7 304850208
71 57 525893043
29 30 895586922
71 39 283748769
41 36 762843426
74 7 31947147
7 70 361161214
48 1 899921327
1 36 894877789
65 59 13550494
3 33 465276345
59 4 70585065
22 44 557435594
70 30 830400923
14 2 102670263
60 46 383734475
19 65 591895034
14 4 333326706
26 57 777384260
20 22 921323503
24 33 717630379
18 42 360623672
61 43 627297690
75 70 650143154
24 68 478205436
58 1 750024267
25 18 700533433
59 10 361717898
31 52 779949409
21 9 418872912
36 73 255028588
55 48 72375358
71 37 83578045
69 50 771558164
66 60 286795044
68 62 560974232
33 8 517357008
30 62 538506148
36 16 447549350
71 44 589622097
24 62 891736848
67 53 555836197
38 61 398509686
43 61 771179291
13 51 118867899
42 39 842668747
69 11 44635879
6 74 584551198
59 72 538901720
10 5 239387929
38 3 115122506
50 37 851666455
44 21 561281868
8 20 713124114
49 66 186618436
23 17 725554023
18 28 730412556
56 30 629573716
72 51 187487126
52 32 308585896
19 32 486621758
58 27 841757698
9 32 145230453
53 7 721083618
37 35 7659843
34 39 664106558
19 46 526364009
10 58 540890851
17 40 897848500
69 60 605752218
33 16 221408691
40 10 35070815
9 17 61112921
61 22 986315656
34 70 99873174
31 24 807589928
10 42 123517560
29 12 390675770
10 26 150207821
60 66 293878043
60 10 10270356
3 9 659924011
45 55 172746075
18 20 249703067
65 37 31760811
33 5 756394915
66 12 54746412
60 23 861020922
73 37 807850330
36 35 308525733
2 4 232626054
19 48 484614164
1 7 447517084
28 64 809509445
42 18 840855529
64 1 839300359
24 47 266768589
19 45 451877941
8 53 277545008
57 38 68397955
57 5 455472431
63 46 515935179
52 57 109611854
1 13 219935646
72 17 210731804
39 58 147552699
75 68 351487493
66 17 396501944
30 39 703160715
24 6 557153886
75 11 411632880
12 24 231432794
14 36 749482106
41 37 916401073
35 7 613498752
9 35 764764689
58 38 400907990
41 27 942894114
56 43 717671792
27 64 959967966
75 45 410015596
18 60 978672510
6 3 934328628
34 11 36562388
7 68 17176463
45 64 103290376
30 73 797384552
69 68 141735604
25 23 652404161
20 35 130292821
60 57 471014910
9 64 518406847
41 71 70558380
58 54 194155911
56 41 514000264
4 72 102058389
58 20 394712854
32 61 865852993
69 32 263993579
31 18 482052062
16 61 42156057
14 50 847949824
6 20 366140455
71 6 810584685
32 47 319522542
36 39 730610266
13 15 458359395
41 63 726143757
31 61 857492334
4 66 861329465
54 50 220584900
50 33 962587340
24 19 311271511
75 29 857026973
64 43 327358448
45 11 305422654
54 75 322453666
44 40 347838780
68 48 280868047
44 23 553282149
7 27 794414042
15 61 889098367
66 71 779100912
22 42 662531022
42 24 285454
13 58 421039941
74 1 160069967
43 15 305819981
46 65 494930642
44 19 591541213
40 48 343338603
37 27 344757991
62 9 336854906
29 33 117124920
73 59 517910323
33 68 644964370
5 6 991048015
11 74 896409716
71 55 368118720
19 9 669544822
61 47 382809763
35 37 166340889
32 60 670899571
11 75 137027983
60 64 139447267
67 23 124237011
32 46 318974372
73 3 856616907
27 21 396936332
19 15 352977041
50 8 13889114
8 23 14055406
65 20 995208974
63 42 593326629
51 11 814946126
25 64 436627161
10 52 279758398
8 42 927897066
71 20 260728524
42 49 106633644
33 54 235814722
18 38 958549101
4 40 782960235
49 53 429578850
68 71 164830886
51 23 763661065
19 16 519741288
70 51 52380772
41 62 822172593
34 72 27678836
42 12 553993124
53 14 225241751
53 63 209454877
63 10 533547105
7 5 906706156
51 64 966028047
43 57 220006946
66 13 321249386
65 54 561219783
24 46 715487963
46 1 689742329
18 40 606930453
14 26 579484618
58 67 476720856
1 4 293440874
20 5 503906735
14 73 519652880
72 25 803888077
9 10 640076142
65 21 735315054
47 44 628689183
29 6 350479390
14 57 754953786
31 70 243081898
47 59 666016318
42 19 241837608
7 13 177830143
43 62 953143540
38 19 606855
61 36 207621667
46 16 942341255
44 39 138060624
5 44 554609334
47 38 106770084
6 2 19590392
55 10 50384048
40 42 508846298
60 35 683343958
34 67 759904183
21 35 536005129
15 27 438948223
30 69 795082522
29 19 312725883
16 38 361952497
53 17 482094907
68 29 780704315
34 19 991258210
62 39 403353714
24 65 570492542
25 38 345377338
10 29 660562483
21 24 625354785
5 11 790196284
61 9 374647259
8 15 956968192
51 65 832036642
56 47 169568323
18 68 586701071
18 30 820677277
68 5 98633807
33 75 657082009
23 2 812793517
64 23 616202160
12 40 894715057
7 52 405612514
22 16 281700908
42 55 23255604
1 10 534988621
44 24 229833434
17 46 161744690
34 20 88619862
71 4 954829976
68 63 142448940
41 55 322868960
69 73 504311962
39 32 84009351
26 28 236800791
21 32 249748317
42 41 838124278
61 72 738929232
69 17 760903724
41 24 75284326
43 37 537279752
71 40 706722859
36 71 933456065
8 39 168521322
7 31 424920590
21 14 477687126
13 19 643934265
50 4 655547856
62 10 547074272
75 33 668036883
21 56 32189747
25 10 925113540
31 28 86628898
48 32 742452137
3 63 7380944
68 19 241644999
59 54 366207545
35 47 894837514
33 73 171969780
70 15 629585341
22 37 642887487
41 31 529956734
27 13 232256499
75 22 462551439
9 41 82583104
6 46 362714629
60 28 395238149
71 14 134905997
51 6 277231689
21 41 886536926
66 21 465597186
70 1 565555305
55 14 769812422
35 64 858317309
52 28 916285906
44 26 473032249
60 41 175232783
32 2 174589448
72 55 815255859
7 12 785935777
41 20 173252954
8 45 855937807
59 75 739719499
70 62 841793566
18 47 104757293
26 7 405830570
21 8 279484035
61 28 921400603
32 6 932293669
24 43 304833091
8 4 991973226
48 12 91916037
7 26 655994462
8 14 196979055
62 13 901196282
52 25 803181737
3 48 734757427
2 59 337671864
56 67 828077672
48 2 790390201
58 11 959307788
75 69 506809130
41 46 509987380
29 58 316881464
54 26 618458658
60 12 450222989
42 67 4316089
73 47 255213066
59 20 147013585
53 52 621714866
23 44 410944361
75 66 427592855
37 68 625012930
68 49 720965927
51 61 772224778
48 7 66930084
23 49 522782502
25 40 149938811
8 21 935965
40 74 848007458
64 56 449786039
34 62 287983439
11 45 218149999
15 24 307476240
40 23 510212392
7 74 316535460
22 62 198173092
55 12 587337174
54 73 175249670
35 52 142324171
20 4 975931235
48 26 236618223
67 61 17693035
47 71 554488070
60 9 626951072
52 20 535056819
20 58 390169542
38 42 244322424
36 58 738615766
22 7 126544500
54 37 738128972
9 65 440784368
30 10 743624102
66 62 600972082
23 69 920070492
26 62 245249816
34 49 59103357
11 71 551514541
51 47 993143866
60 44 492155235
73 57 708917390
49 38 868614287
31 75 579354639
27 28 799814079
27 49 711535582
27 17 532584969
34 29 244880896
29 52 455080745
19 41 699621078
54 63 950999149
56 72 1306109
54 31 593457912
52 14 772329764
26 33 908412526
73 45 333352923
22 25 662665806
39 50 779366840
8 56 900431143
66 25 730264994
49 59 351269313
73 35 294070882
45 40 481585475
71 15 436618782
2 23 694350254
58 49 671503924
5 51 215879315
24 28 358369167
52 58 92600461
22 35 919911860
27 3 64216438
17 29 27904376
8 6 507322775
13 14 340019398
58 10 4736333
3 6 313999274
47 60 800475489
23 43 808351233
13 47 290262927
20 49 67037152
15 46 323211365
63 17 99948311
15 19 715449057
56 64 255535039
50 21 897576355
71 51 436898974
68 21 485777611
24 29 257177079
67 18 18530058
73 6 148638722
3 43 880708391
5 57 861731509
19 52 89811104
9 27 932938012
66 46 3615388
28 6 927318632
71 54 81863588
6 9 168896958
30 50 853994384
54 32 248291189
16 50 781171590
15 71 885374809
44 52 526938618
49 39 73794918
15 42 29303448
5 47 124104012
52 66 750681431
52 8 644491286
60 69 28008702
10 31 407602875
62 63 440130673
32 53 403696787
17 12 842599569
11 2 404790366
17 26 521527427
61 13 200349980
56 73 317154170
5 67 992043025
17 9 513007116
55 53 102045912
23 35 533070809
34 45 834759057
2 50 162548777
65 30 136285803
57 28 33147107
44 67 121934683
65 24 995293045
2 64 33010536
74 38 376327428
37 59 555203273
70 68 48944235
41 44 59691378
47 75 913790573
52 46 898775382
11 3 863478328
49 24 315423062
45 38 254229079
5 55 461036077
68 6 824764850
7 60 410769288
8 32 229950253
22 3 72345220
37 63 121740563
74 59 101935958
50 31 62472719
15 40 109614222
51 69 325867440
40 65 764040495
73 61 962639559
18 16 943064159
61 67 880760773
50 28 199205881
40 15 134650683
3 69 952213858
27 10 255477023
13 10 981065112
43 66 70211074
46 33 818548474
13 1 898192364
73 31 364603490
35 70 226872573
62 58 638748246
17 50 931496234
56 49 638972582
54 24 959639564
29 38 291745425
55 71 270640729
64 70 232381572
2 15 699529387
38 54 874962480
51 60 459279651
61 11 57493864
28 62 347954299
67 25 492650073
24 41 366948565
49 47 782117802
13 2 899884720
72 61 811465695
20 59 258913930
21 73 66968781
19 54 69621916
68 67 822849202
11 57 746345842
30 46 174031483
30 13 749488782
63 54 348581300
45 24 388497935
71 56 166706025
24 64 355265756
75 52 778091240
50 69 858535186
32 64 329213559
35 51 141237808
46 2 444956023
27 23 557655069
37 22 79145439
42 46 296196585
68 43 290297878
25 1 967183189
5 33 352169591
73 24 746665838
63 16 74428002
12 17 95314675
14 56 972734501
74 52 159267933
27 11 683306533
29 17 688929903
10 65 133445983
13 7 112285078
12 26 272613224
75 36 593092261
21 46 28304230
14 18 17579975
10 20 548183227
25 75 601682236
68 10 531724128
55 11 19495290
40 68 415140598
44 9 413165846
62 54 284704358
24 7 881682648
40 47 541070730
31 57 584621962
60 21 774662393
38 50 247121001
37 21 652876803
48 23 183779245
6 75 853159586
61 51 404637221
51 29 886334384
52 54 828368582
59 25 331706645
47 46 627487489
60 19 270527804
67 49 298442653
60 75 743761423
8 13 818042663
54 23 605971815
29 67 338918111
6 34 462327299
64 21 372921961
24 26 77913383
58 50 620579777
33 52 426200161
35 19 623116972
22 11 941196963
70 40 391300239
19 71 758422390
5 36 764219192
5 59 371776049
74 68 458292220
14 13 857728187
22 47 585459421
3 26 717028718
60 11 595368167
31 72 35631436
22 59 612182435
12 15 418607790
74 51 636675287
74 42 284739022
61 39 481563841
56 1 652142435
13 71 298085482
13 44 270119420
69 3 291886998
29 75 646412161
34 63 523251158
28 52 191035328
39 8 366837843
72 58 82598685
59 13 955578704
62 17 292788620
38 43 984871692
40 38 632203938
64 73 806162616
41 17 346354626
7 16 245060168
63 18 57146450
9 75 424240247
18 2 67601640
43 34 691983306
52 24 640190399
5 25 855301510
27 61 12116461
25 28 593824781
46 42 135143108
51 34 721160724
16 65 173373500
11 36 943062148
59 3 208405500
58 55 839319374
4 12 691928518
40 39 281265291
10 62 425727040
26 59 738522222
39 44 631975038
33 7 669639054
15 23 777998027
45 29 92307571
28 71 152802177
35 59 315982342
13 28 113713905
31 34 781600287
5 61 624146496
25 21 967133967
51 49 685929882
43 54 695403438
7 47 676074674
12 19 418014125
41 43 857702893
40 54 601644896
53 54 941915627
70 13 823815534
8 31 457639303
56 22 852247668
21 71 66692085
52 44 246727165
12 47 865951888
15 50 215377796
29 54 347449309
65 51 752703506
12 63 145975593
51 18 288861662
13 8 353119528
22 70 590756594
53 5 750602317
42 20 802720834
65 2 17916508
30 31 50278766
13 46 290732837
1 22 457180658
13 38 229178708
33 10 784191188
47 43 353258327
17 71 321941990
41 32 177241691
61 35 122907238
33 65 705897666
40 17 487266014
18 71 595543866
55 47 98812323
21 12 369935645
25 3 25618989
35 49 217224343
10 71 66312701
65 60 63399611
68 51 28316930
5 10 405254962
4 24 373167608
11 33 284937535
28 47 780715976
71 3 861551029
46 32 774155540
58 34 992469846
28 12 735702010
55 74 429685256
58 12 187615712
20 68 936203671
19 60 556502457
75 49 588619021
53 25 155744646
70 71 746367797
36 55 140113054
61 12 491924433
1 70 261107526
16 60 205992926
69 58 649523311
38 22 686342982
4 50 86062278
70 45 921263016
72 46 388006908
48 5 547181193
60 51 477244900
42 16 127961303
50 34 224206294
4 1 468649902
23 36 561548607
63 1 19022098
12 45 729358422
37 3 320015509
46 9 983367327
58 2 427382480
35 27 982716791
17 37 783620572
33 45 462053486
2 19 777482911
50 25 191500521
75 48 71813331
21 19 216136426
41 5 482057862
13 69 198133798
1 27 653524535
11 50 150533335
11 24 338238170
48 62 292944206
16 58 884346749
44 48 631636705
51 44 174456603
42 23 73075739
48 38 654650052
14 53 698940501
52 37 402728447
51 59 607594903
62 22 693230051
39 33 262494487
71 48 542007199
45 60 811662221
56 5 84824669
31 45 803486894
28 35 40250513
36 32 377187867
74 37 609340705
74 8 235758982
27 53 566638743
39 64 190026159
34 12 921684538
34 40 834317925
38 56 995094802
14 5 767359062
73 30 425644977
41 40 614790111
50 29 920029762
10 1 163126950
29 47 687004239
19 56 110699020
12 38 197514862
72 23 438790690
60 24 820718196
11 56 396812015
53 19 238445846
48 57 495810574
5 17 677636897
4 57 818067073
64 54 320506455
19 6 525964813
45 1 27617170
53 38 899449812
48 50 4911369
21 33 23257208
57 46 198697088
30 36 495391123
72 21 676195259
1 24 819929005
31 4 551742085
3 45 753782094
57 36 88701750
28 33 375490722
1 65 88866186
42 65 950300307
27 33 844010555
52 35 105876539
28 4 50338475
75 9 827032929
19 53 646531430
67 9 50894481
54 13 427520833
6 58 466072998
69 70 345900252
13 26 981736240
2 8 661694733
33 66 287753350
33 6 843660698
20 75 215923347
42 73 120083957
72 7 520848740
39 72 973675806
29 15 137659520
24 25 785702120
16 14 539534168
75 4 725364349
62 16 692908570
50 48 184129267
47 56 769032157
15 1 818254509
72 32 154176586
48 14 186128409
24 9 898976799
34 71 389661479
46 28 677780263
30 5 458836513
52 11 690586515
46 49 282295896
67 13 106956574
67 29 496622475
39 43 405465002
69 13 880508287
4 11 931830898
1 67 699406
57 66 651477544
67 40 465794888
73 2 109094326
61 23 524036950
42 4 597320884
48 40 41049008
31 54 226342438
47 12 539900550
44 2 976733808
49 35 528940496
73 32 306287711
45 18 229915781
68 57 511765120
28 70 374746006
73 26 852294750
59 12 731824542
55 62 747792385
30 74 532012611
64 16 794006707
1 25 23953955
46 61 410078298
70 32 860011192
56 65 464050337
48 74 946320567
56 37 502553851
21 63 525196607
45 42 262753839
43 16 329738235
49 44 908167405
53 43 126688564
36 30 8189965
19 35 924544644
70 31 893419191
15 70 948743344
72 42 306038256
33 63 111657720
51 26 358552808
65 45 595656150
56 10 798354782
70 49 139483252
6 62 76036625
26 8 125983569
32 58 366467633
20 73 250908102
64 7 574679925
59 50 570447105
44 18 53552589
49 57 458320651
24 51 327427894
70 61 707670191
47 26 253720675
30 54 719432286
51 45 640840726
51 4 389094499
72 8 675554835
36 13 222967071
67 69 948876455
75 6 836263013
60 58 324268731
75 28 423886854
40 14 625169170
14 38 598860867
57 71 496472859
49 30 210134690
75 73 48753157
14 37 367396097
2 38 876787113
10 25 747314580
67 20 468057147
28 21 236605067
62 4 328070584
29 11 738550542
43 10 245928123
12 35 10735710
56 23 722909933
28 66 594351256
59 37 181699085
43 48 697958795
72 29 575433860
32 33 636409885
64 51 474412596
75 46 871260576
64 75 313542930
74 57 358703539
52 16 194175840
40 33 795041431
46 45 229733456
18 27 634558186
32 29 657546224
71 70 673837682
58 69 78296342
3 32 231131611
9 47 26088141
39 15 129384190
48 43 261046711
14 65 184722871
69 16 389314567
38 27 774581506
71 49 974047794
70 54 974447828
55 24 101359469
21 34 30709370
40 18 403313817
39 67 622493872
57 7 596890545
57 39 991968439
73 4 268529161
6 69 689992068
34 48 519482351
9 54 990321560
23 19 588141412
9 52 272246403
56 68 450151588
19 25 151338543
34 18 193683022
43 26 696882687
49 51 24157509
32 9 477809500
31 20 690107396
46 70 675181729
7 38 851971707
63 52 761875700
45 74 216329470
65 55 91646488
51 41 473874548
69 4 192693180
58 61 784178718
39 63 27695798
60 40 204322971
71 45 175935051
31 37 354699922
61 54 830492338
4 26 248184881
34 41 911357238
26 17 803912156
75 71 316556935
24 4 870518386
15 56 833144358
6 27 935558944
60 48 33730096
43 63 356013406
45 41 214791803
17 22 657162892
21 11 945911817
32 59 759718867
56 21 918221058
31 74 430070233
55 38 733248859
9 56 720182010
69 36 856199434
13 50 661220287
65 52 459435642
30 55 279702371
7 40 259421690
15 36 606882237
38 34 239412994
1 62 402497549
73 16 877106259
54 62 60605915
63 29 339646941
34 10 988328964
74 53 164761320
34 23 541376008
31 9 657883220
39 9 33639892
61 55 161439474
54 56 956050722
13 20 926403381
28 38 512724422
8 3 82084254
16 6 813490282
5 31 766320106
29 65 332038690
73 25 27073426
24 8 777684507
5 70 644024478
54 16 387082066
69 5 955495994
11 63 921193183
27 41 543018018
33 56 882003427
56 24 794383820
7 51 582026610
32 45 240507695
44 29 251260441
16 5 590731488
61 64 439264138
13 61 305790128
61 49 174305507
44 12 858311041
27 44 44994862
29 41 664976192
75 56 463133719
30 59 739756366
66 47 190437233
33 30 650039269
7 37 671325121
10 69 674664606
74 5 83134791
55 22 306063049
31 43 412742001
71 18 942095167
69 75 587518268
40 55 640517847
24 21 322712754
44 68 281029637
16 19 705578073
1 3 764734076
6 63 325280251
73 20 763822915
37 13 262849096
71 35 11310016
63 12 393532684
33 26 33334315
48 10 205891102
22 4 801151525
74 25 251497491
25 22 170540836
64 13 346497106
75 15 826611063
11 12 159657286
73 50 16920576
66 42 662878816
69 42 865740602
27 40 50996972
36 75 485799748
58 46 368393684
39 23 598001175
74 26 830389913
46 31 946181247
59 57 315260949
58 43 966430714
74 4 383375247
63 13 768469421
60 31 429357132
63 57 935519231
33 21 750592825
72 39 770198796
65 39 833058086
54 8 733375953
4 14 779242704
43 28 976320477
14 72 277144877
15 25 922472576
20 19 72207568
16 49 845393303
47 32 169778505
32 28 95889075
15 72 241511366
23 45 493550627
24 18 321944831
69 26 853498751
31 53 123898531
1 55 751403603
56 13 89711184
3 66 499814043
30 23 185644
32 74 387366183
65 14 349317197
4 31 133769065
13 37 27550386
43 45 486672310
17 36 909043530
29 50 871577807
29 14 750198038
69 62 591146172
19 57 482789540
30 42 672828912
53 58 883191061
6 57 876118692
25 47 323926132
35 2 852675375
53 64 658624140
24 31 113960351
30 2 388027427
3 8 669031291
25 15 616296941
68 31 478706583
71 63 481104444
3 16 919858297
46 22 877444121
64 63 527387773
55 42 942591133
34 46 809539342
2 42 75856513
40 31 461531958
30 25 909775006
12 31 944977268
36 74 330996804
1 49 521793890
70 44 514335216
64 67 237040939
18 21 584342556
36 9 472714186
68 37 948852977
4 55 538824943
57 65 888598780
73 60 78019287
32 1 665523514
26 43 557020640
52 65 415042577
72 4 821438790
63 71 904249842
53 45 92441655
57 2 974558792
42 53 583296729
45 68 843263272
46 4 800079521
12 10 560887344
60 18 580075221
21 55 983347294
15 12 474505764
40 28 550681696
69 56 706521648
61 17 568356032
23 32 245683790
68 22 914018111
45 8 907033269
55 3 143003981
16 18 48520852
2 6 673008159
9 31 879794830
16 55 343678914
7 72 720530513
3 57 619198444
39 10 511551045
12 57 426460991
36 64 700412258
43 27 878564868
14 23 327140815
4 9 836305040
75 10 496672006
51 33 53632211
24 22 2377389
67 51 84057750
75 57 362083084
36 25 576038925
32 31 981241508
35 15 871479678
57 43 62827613
67 71 763627258
54 47 85486831
68 4 861727882
58 24 317515612
15 13 111596738
64 25 765073138
8 29 982124601
1 43 218182196
28 2 581790899
36 38 164853243
29 4 399659004
32 19 761654206
3 73 53549882
14 46 300047764
40 45 543651431
14 45 766105508
6 50 550264385
65 5 964882392
3 29 57033094
39 48 723226229
13 67 717107571
17 25 422076820
27 26 689153331
70 4 688941593
57 59 382073180
45 70 639329678
18 46 897004675
4 16 809159464
51 9 468192166
22 56 557488596
66 34 284854236
32 13 114154521
7 23 347931784
56 55 410133364
36 2 855282017
65 17 897123500
31 25 699683081
73 65 865825622
47 10 890111342
64 17 618585406
42 37 555958814
75 61 476589376
29 7 787019773
35 53 949751885
20 60 163164047
2 28 465233830
48 63 560353457
54 27 743188906
22 19 826316177
54 36 109378808
32 44 50594048
34 8 923482206
43 50 671157078
16 44 250497177
37 20 74507117
60 3 457555428
26 65 962580507
7 3 842724067
7 57 506029213
74 15 974950913
35 66 745464628
42 74 990369630
14 63 490215586
16 28 64676543
52 50 784988985
50 75 659687185
54 19 558496407
70 16 867424973
58 22 721645286
20 61 896522411
29 66 467763543
12 42 591952221
62 69 424889737
61 62 73657602
69 49 814255765
51 1 100831207
11 15 690849364
21 48 953908074
33 34 670044798
43 46 594281039
46 39 276608913
3 27 296432525
26 67 767481214
68 34 636336939
32 36 117932319
37 15 960808084
46 29 925148371
46 62 559853373
53 49 853179896
57 64 9621755
35 71 57937331
38 60 984721531
7 24 995306315
11 10 93524197
59 31 981145626
64 2 125977446
67 70 744105011
24 3 594228232
47 28 340427343
4 43 311237577
54 7 963152242
58 18 193642578
35 39 444083534
75 43 746956802
62 38 687390260
65 75 793408991
68 39 613729625
23 5 131688741
56 38 589705221
38 33 207765225
45 59 421340714
2 1 824098289
33 39 450119631
51 39 692782849
14 16 87932120
15 64 71977903
35 68 63256324
1 30 178086720
17 66 115188115
34 47 56765035
50 38 420442922
2 58 587691012
44 15 107545392
37 6 605961457
62 32 209717932
31 14 117648252
2 16 228267752
54 9 477284643
1 66 68258148
24 16 392995200
3 21 852967371
59 28 227966459
74 63 957917143
46 57 472154268
63 21 813343275
40 52 446646314
64 39 154294162
36 1 762197834
23 61 999590576
41 65 721071860
10 48 691266003
20 37 821048205
35 33 671069868
61 45 603856420
36 67 991418802
66 45 648080415
70 67 503873441
33 31 397400227
51 50 301613751
21 75 835929259
47 45 780445369
39 53 227606430
22 63 134908975
16 54 149961098
58 5 34044743
66 49 387299661
23 51 35262529
61 42 259851963
8 73 650615648
26 36 43396074
44 75 766844732
59 21 394747337
75 30 136903095
67 74 899063562
64 50 686347190
25 34 230956957
15 29 888850488
32 66 535821997
42 25 610362500
68 40 801267499
70 41 804386569
72 40 214763267
56 40 776467880
53 34 311183971
9 12 914339214
68 28 955264748
33 9 345793674
73 67 606304316
61 60 820601724
17 10 555947730
73 7 514431858
23 27 922881145
29 2 498466282
73 38 42647620
50 40 239778541
20 2 549554131
19 68 454047055
31 5 553310545
46 72 606083045
22 33 799070033
31 8 862625503
74 6 361578275
34 2 258251857
65 12 188651314
53 65 254781976
10 22 666903870
3 59 682002367
13 60 597430754
29 35 392166741
9 14 606257339
31 21 877895776
29 70 686480072
73 69 908376643
68 12 906669797
52 38 94635798
53 2 59682663
52 19 771334927
30 15 846116729
64 8 114240981
55 1 915095162
68 60 219473164
9 40 680037172
25 8 821401488
36 29 785690331
47 36 609364000
62 48 584378173
17 56 925033762
59 60 1061025
1 28 775443850
35 30 90095342
24 48 518027219
43 17 656441630
35 42 541054122
59 48 142367926
59 71 132135908
61 18 509053588
68 15 69243044
51 73 480565484
17 6 34602911
3 25 224968780
7 20 708933938
71 53 266886470
74 32 9761174
30 47 497534094
8 7 236504672
72 41 346336213
23 16 296034670
30 65 120831029
12 39 978425256
56 66 932430525
46 24 908473301
23 3 652095695
55 18 251622037
45 58 498563192
26 69 628168504
74 72 656029070
24 23 689376357
63 2 884348770
74 46 504381487
13 66 706582825
1 35 983281643
5 52 279266783
58 63 55464265
3 30 236489012
41 22 378610567
42 34 230910428
59 19 738677752
19 12 694268178
49 8 374616826
49 1 759204725
10 67 123505230
2 67 492589596
8 49 293834679
62 23 61771443
55 64 176066613
54 65 379169317
21 45 386129214
45 67 456488746
29 28 357614163
26 73 130743791
46 40 466426021
33 36 405283276
71 68 883978351
9 13 217028214
49 74 292653819
23 52 180273133
64 36 903372115
32 38 430378906
54 3 435007905
8 18 92206952
69 12 643949425
6 51 179852082
15 54 525811529
18 65 924337185
68 69 644728119
48 49 55215294
37 24 672238666
3 13 463263627
4 8 754540038
68 44 290835487
1 52 129795061
62 72 146939067
8 28 863372000
38 21 464648654
64 32 305636270
4 36 806541261
8 72 698067614
31 65 671180861
47 48 954642868
9 57 829420237
31 1 240307075
55 4 66923488
19 66 424553735
63 70 997710718
41 38 394142450
34 58 395030864
38 68 883204276
2 69 452282260
67 39 56884835
1 56 40313773
48 58 794851715
27 58 961884666
35 22 778155640
69 47 70306310
37 56 406207092
59 52 325736684
62 49 924272565
66 52 915357838
12 30 241142009
19 22 244606511
70 36 355413243
36 11 984446200
35 72 764510782
73 10 757260611
66 74 90773658
41 21 892670854
39 59 243346194
17 45 979792048
35 54 192437640
17 51 364284921
60 15 541466367
12 56 960444382
2 70 559271495
55 66 333259472
60 45 780456387
59 67 695842253
61 37 628787027
8 2 38163680
12 23 589116076
59 26 283277825
9 46 13422547
58 4 904289957
7 21 253419320
55 50 211270122
39 61 779079430
54 61 911006096
54 55 84955028
14 9 997702568
63 33 225998340
41 19 386517478
53 60 913904689
28 3 860324836
49 19 68233391
17 72 642341314
13 6 819215126
10 39 320799352
24 5 990942121
13 53 281474253
63 64 712749031
55 54 105096026
38 45 901543501
36 28 68471939
26 64 609321518
46 56 760498042
19 38 691259665
59 39 409160198
3 60 502612237
54 45 107909961
74 70 427697220
18 32 33157675
22 5 737949838
67 64 590891460
41 10 177126946
30 16 370364786
60 49 496991667
39 66 625741932
45 54 753216940
61 52 712087499
75 62 187452664
47 66 648201212
66 37 157276001
31 22 120183974
50 30 529079241
52 68 394336948
49 48 815863364
40 46 665972793
9 30 66001356
56 75 811532918
42 72 554042068
9 4 36121723
30 66 396543551
19 37 386847798
21 47 863236807
75 25 678274903
56 48 660569262
57 3 128772841
67 68 426517806
11 14 551095056
19 10 22264235
14 44 90951354
8 63 424339662
44 28 456561242
27 46 603601538
3 67 902117861
70 22 63029077
37 41 219425945
57 33 837824316
17 15 614868433
2 9 264529603
51 74 941462936
14 29 342372765
50 65 888230827
51 14 273815770
29 21 180084129
5 40 539326035
53 71 49381913
7 63 939610724
40 72 975491427
19 73 863940036
26 56 699473209
9 43 294630345
53 24 187342115
9 60 20096932
13 56 109946850
48 20 79392464
48 28 885338359
13 52 590395719
28 17 933967974
56 25 481964699
9 18 980263994
42 2 404436754
61 53 857851710
30 11 217270935
27 55 825218354
22 14 864189508
75 51 873131639
12 44 724964435
72 66 184007484
7 64 525512766
42 21 800587615
59 44 680785899
19 21 492091829
73 39 237684262
67 50 580289333
73 41 867255375
41 42 504691377
59 32 97016819
56 50 876096738
64 26 778167624
11 7 854103954
25 16 688236398
61 27 589563293
34 64 830480235
65 73 598614721
27 8 582181364
67 34 481849697
60 22 688968785
71 26 328906960
26 11 118546208
60 27 249851785
14 21 295446004
29 13 669211975
58 25 760430448
20 55 710237008
24 37 823319172
21 50 366935311
39 20 726379535
74 23 881185592
46 50 584997495
23 9 66545673
38 12 305724439
58 33 864296395
47 40 944130131
11 13 575375833
14 41 841125636
68 66 436962990
11 69 228551950
46 43 663488304
75 37 559368181
34 61 630899905
35 75 101117495
63 14 376047547
14 8 479005157
70 57 589797840
64 62 163791683
22 9 298946719
68 27 118822584
38 52 458192129
65 29 81734476
20 67 375084752
62 71 500964337
7 34 815348528
11 73 481663331
48 41 246999217
9 15 178835985
41 15 735655099
57 29 178268133
21 13 233106802
61 66 383466253
4 47 652406417
13 59 314068679
20 33 601591996
44 42 915059397
42 14 600459076
49 26 957068137
28 11 240705927
58 36 903664869
25 66 818781166
42 6 261476680
16 24 900332289
20 31 108160245
2 14 619046298
25 41 705574683
74 19 245599841
73 21 28086333
43 39 973947111
8 69 438899324
74 40 441643280
2 11 586180066
28 1 996073929
11 21 626555188
36 5 204384703
59 29 436362195
71 38 365863726
8 44 547723951
75 31 208381760
17 48 244175549
49 10 255287369
36 56 177270084
30 20 62300845
67 37 803469127
25 24 879154564
18 9 381886593
7 41 931277808
24 50 138556838
60 62 380199131
39 3 339597408
31 69 975354626
11 23 960952270
5 74 94017570
48 42 715919605
62 73 224781169
16 8 700078490
21 69 871822331
1 9 425564429
60 6 284243077
4 51 188893042
5 53 55550581
6 10 931427671
5 60 208196299
57 8 885586752
48 54 622627410
37 39 220691682
34 7 940804901
12 29 192277773
32 15 910862178
22 69 55776811
21 43 266012477
47 39 601718769
41 45 410230280
13 25 250872787
65 32 328804199
54 20 706687354
22 75 899457545
46 66 497359741
75 32 364762754
18 49 387566691
38 25 404216076
71 13 225298639
62 29 478634623
42 40 88812758
46 20 824220930
51 31 580627263
35 32 393294029
12 69 356371227
54 14 192533250
56 31 94307403
10 59 248647726
70 26 113099296
48 44 907336607
65 10 139572090
37 49 721091970
8 68 855949321
39 28 297739735
54 2 821816547
68 3 855900826
7 4 790241473
10 2 550954212
32 56 693688788
62 2 574594666
25 36 434965175
37 47 649508979
2 56 325204529
61 25 437800605
18 54 738777338
51 22 730855286
55 25 799671117
19 28 335521170
45 17 806527548
42 15 629433286
17 31 455812577
12 68 911619559
23 71 691215376
68 20 611873694
49 73 236783547
67 31 505603463
17 23 331675715
23 26 166301952
65 67 903836836
68 47 663831830
37 9 24598756
5 58 373931964
56 51 308519032
46 41 734472538
33 50 327647404
70 74 456416506
5 26 27723208
19 51 526666594
57 27 710192883
60 32 482666952
5 14 89618804
8 12 667385704
19 5 668128790
54 18 806928573
69 52 599253830
52 12 14924967
31 62 265632556
31 71 455623531
52 64 186402359
71 59 572693796
2 17 416953198
40 26 331851260
3 53 498910957
10 66 823254658
52 21 32281105
53 46 753301852
55 37 66465101
21 54 154053518
32 20 340535740
22 54 152671238
62 75 90937101
58 30 80545481
57 4 847198392
57 56 897493049
4 60 226440851
30 43 793210420
16 25 995659662
50 11 94754746
3 34 780192724
48 67 176753100
35 50 619755002
25 31 727986102
34 42 267589714
5 48 862482619
52 23 56802823
3 74 197231263
43 68 845885098
40 36 592482558
47 14 652449286
47 6 249508997
64 66 605931607
53 32 315145433
67 14 326886656
19 17 533905962
5 42 502885909
50 5 602883357
43 41 470903103
59 24 152351075
63 59 867896062
6 43 795233980
25 74 396450722
66 48 139114332
53 44 430842481
18 23 460053491
64 15 177151421
72 34 75944868
20 72 166169943
23 14 65573330
9 33 182884174
21 25 609624973
29 43 888326523
32 11 471095194
29 57 402640303
50 49 962793029
67 43 473814555
49 25 894216633
50 64 327434508
41 3 814289554
34 54 494990062
12 34 530543289
71 34 722058793
41 72 252965831
72 20 526439680
32 68 922034955
21 66 152677191
35 55 73147251
63 4 200705988
49 75 105270355
32 67 430713569
39 19 615876430
47 55 701705252
48 70 540109747
72 26 403455349
47 16 864013872
55 56 35668538
28 10 973483455
37 38 49445534
17 70 141532097
64 24 317281340
38 17 560050592
38 72 934185630
56 12 902957929
72 54 229548540
7 71 715629417
2 3 334795546
19 50 495712431
50 3 40115283
73 66 650249364
9 20 856856617
14 24 135320155
5 7 511882062
57 31 101788305
40 1 457633369
72 64 165150808
2 5 20338921
47 42 97462488
14 7 745501311
19 42 512781837
38 8 226649015
47 33 63347058
58 6 96473457
67 62 1343884
9 48 509511049
46 23 233644496
1 20 190773747
4 35 601281931
52 47 816157429
69 22 988701913
9 11 702437898
58 42 847277607
28 16 122959886
8 66 777978401
34 4 434569394
31 48 954632220
56 54 377779931
10 14 138936500
26 21 310059362
26 58 396625799
53 67 167285719
68 74 360421176
12 5 336566944
63 48 96097173
65 22 167572490
43 72 251855428
38 48 799607020
66 50 236946714
45 66 535316403
46 15 727220952
56 18 306221410
36 31 873849728
71 27 630010198
21 7 573583795
7 35 182854730
13 31 989055383
12 25 557009962
47 53 892291891
41 61 517322120
26 44 689978120
69 24 201624063
31 32 537460893
57 53 14611129
28 41 966838706
10 9 318746890
66 2 668039496
32 72 851770549
46 21 27330504
49 16 29784020
8 55 832455869
31 67 639810983
31 16 549269969
23 60 985671243
75 72 516788504
27 15 969424188
12 53 150402854
73 17 375699902
4 27 973975030
25 32 158949992
20 26 444405040
10 44 296868341
33 32 68392001
13 42 454674396
37 36 837479621
3 62 574971403
49 31 941775595
32 23 550884185
55 34 751211681
5 2 570829178
10 18 360287482
17 54 153992745
26 5 510256268
36 37 424701556
62 52 30821278
23 75 164945931
17 30 629822626
69 10 715796277
42 10 227317357
22 53 616541553
48 35 292440338
16 10 959813462
42 71 165207519
7 50 456505316
35 21 925610124
33 15 502629059
11 5 722918090
62 53 390947131
40 43 48600532
67 24 427356266
50 36 55836774
10 15 991723879
65 68 73015027
50 16 322086398
14 49 481771105
63 60 228640562
74 54 648141869
71 16 134430050
63 69 648667766
15 41 211627549
67 11 755290742
17 21 935140731
10 73 621940951
57 18 389845297
46 73 736874368
26 47 383231190
68 36 363753849
2 68 577833908
38 51 846975922
60 63 523067013
40 27 222105629
20 42 737627812
9 26 348828662
18 57 933399965
28 22 798577420
65 43 192335230
52 31 647700602
17 68 526742524
62 31 103099462
62 44 870574915
62 24 42351413
28 68 268707189
42 28 881784883
17 19 388992714
67 12 288946137
38 29 390225687
23 53 55686450
10 64 453595982
40 12 28252632
55 70 523400527
8 74 506163845
28 73 941152754
73 9 445561414
21 53 221378142
2 10 721722408
6 71 605090559
62 18 41835277
46 64 106141790
17 32 592347675
2 60 257251614
49 7 569135935
31 47 559038237
40 6 933437005
28 58 953975566
42 26 22215116
60 50 989630763
57 23 585894708
37 25 821254232
26 70 380860443
4 23 876213722
39 38 175506940
1 37 673641070
49 68 556480907
13 36 606810891
51 21 654194612
18 25 806276342
56 16 258272749
15 31 538265553
39 46 697282008
11 18 17180671
47 5 316328683
47 1 652686492
5 15 801131051
44 59 399067415
5 46 509415926
48 56 23186982
52 70 851680563
46 75 80232000
72 57 141962485
41 57 551777101
72 50 338640174
54 29 259717096
40 70 685479407
69 21 858220173
30 9 643009856
71 65 238625679
70 2 325290135
16 34 26822127
18 31 14046454
35 43 308843176
55 61 476450208
26 52 621996910
67 58 804456651
25 14 244777484
6 30 733916965
58 65 778889935
43 4 874009756
31 15 114111511
53 42 810218223
59 65 857853220
67 44 480268614
12 6 346289103
32 4 378844177
48 22 561629346
50 15 83506405
73 14 973636047
6 29 648518420
3 47 712933825
55 58 512182741
34 44 621315798
40 21 681553114
65 42 884152373
6 53 233326671
51 57 138551689
58 23 347916595
61 14 41708171
20 62 274715052
10 11 949808326
5 43 361614436
51 8 702340254
54 44 463553187
9 5 185170124
55 29 793711058
33 4 352261038
9 8 821155450
22 27 558877003
27 75 739972909
48 51 677235243
59 46 561786439
54 42 290222344
24 34 408858460
16 74 910959695
33 55 866885089
29 1 623171437
62 74 858045007
43 7 394047251
70 65 569277510
6 73 590823187
45 9 611536664
53 18 615253086
29 20 758998150
70 21 554990184
50 24 175414653
37 50 992943158
75 19 449798583
45 35 73476180
20 47 941296986
68 52 818712292
58 75 903339164
17 3 104954143
55 17 765518703
20 41 663133074
59 49 65546217
35 14 264937073
75 44 852915087
14 39 944683338
13 74 920158125
35 45 610578307
39 17 12518670
25 67 406945139
23 33 568735266
27 30 181123665
26 30 620972419
46 53 290652053
13 39 657921382
47 27 512262809
45 31 973982586
2 34 318599480
59 45 972888538
1 12 236342833
11 44 553390376
38 69 419358127
40 49 393318444
16 67 250401801
1 57 779744473
47 54 638343695
55 59 57535592
30 38 191331436
50 39 62791252
5 12 489606575
52 69 936548813
36 47 897672311
13 48 834715236
13 17 498482589
35 10 526728361
60 68 106765108
6 64 179793565
50 9 368137155
72 68 500037498
19 1 745253462
20 25 805009366
8 26 738058423
53 62 156051765
71 8 209129535
50 59 733084272
17 38 840144227
37 72 47970448
69 8 363132314
5 23 709887678
67 55 343128424
41 26 160212107
16 26 402232258
19 27 584818059
63 36 489066057
29 25 599239412
33 64 323755293
61 32 890244332
67 6 511623478
51 43 356462976
42 62 209370033
52 45 835203015
1 40 293057713
12 61 660414055
54 17 597427518
73 23 961079598
18 44 92873273
22 72 615166461
40 53 543981017
11 38 452683311
36 33 331194130
18 10 625450825
68 54 439839206
8 30 27239561
9 44 16921149
41 34 354071538
3 38 79254188
49 56 178587549
13 64 314098893
47 21 886294939
53 16 131529958
17 57 896277329
4 18 984261360
59 17 823651526
69 2 913217970
36 65 259284433
65 56 557287937
2 13 692015953
53 57 859891982
43 23 931064852
26 55 598486322
38 74 94936735
39 49 952957205
52 36 635574136
36 53 476032467
48 8 178079316
9 6 650080755
75 20 317528334
36 69 929203315
7 28 866781626
66 16 515845316
11 66 408582220
5 27 690436475
41 67 51230027
28 53 525971437
49 32 407540245
59 18 855255273
26 71 574700889
9 38 20535182
23 63 238102679
66 40 196796427
5 73 935273661
66 20 297758857
46 5 153444123
32 71 860082916
25 11 853357869
35 11 12625769
41 73 935265242
70 34 767773682
44 38 888990413
49 17 912506701
44 47 528051397
50 68 461026542
40 4 217906796
44 31 540508979
36 21 455227871
8 54 712385973
61 59 480885573
28 45 491223001
26 14 681409054
43 8 200599080
58 37 686099914
39 13 638408539
22 57 670514561
69 23 282910392
59 8 105323879
2 30 144466444
22 45 325584265
60 61 839415197
25 54 273218158
28 46 19119414
19 36 741897383
75 64 947148667
44 1 482747399
28 39 934447209
17 14 812340656
15 43 101417891
10 54 182140850
3 11 562628531
74 49 167034435
27 54 131889279
25 12 589261950
9 59 246540163
65 15 347027325
25 62 435184853
74 16 361562067
24 11 145459918
51 12 332315210
28 30 166067944
33 12 177698437
17 55 283615825
52 73 494903823
4 38 542406431
6 1 64435566
13 45 578301737
18 4 29787114
17 7 504465995
27 16 811594596
73 51 544992950
10 38 772433426
12 16 24488874
21 27 858624904
74 47 600313867
65 23 504050847
50 10 355964866
47 15 617387970
59 55 418512982
15 73 442001615
44 62 291018577
38 65 690758162
61 29 894811146
1 39 293422473
25 20 896534444
48 33 931097617
25 72 147663382
70 48 180773286
23 47 792718303
16 1 145220835
12 50 865285460
15 26 309075393
60 37 633358358
36 34 364627462
62 59 919927725
30 34 214930843
59 38 649681315
38 49 319758139
4 6 10575608
26 20 971137674
14 25 371539071
50 26 833590598
66 10 172916216
38 53 630877540
6 44 170702638
65 46 737831632
5 19 174908793
55 21 484306023
34 21 159338443
65 50 7846401
47 23 397785776
35 28 495722304
7 39 88978886
63 41 816061402
15 4 538861186
69 71 818383768
64 47 831946033
68 33 51724506
39 5 478032923
60 1 438637525
48 18 599113856
8 22 766142542
8 52 966533931
37 70 569525317
33 58 649215880
3 20 814569854
6 18 950734324
69 19 742062557
7 45 710569349
49 62 647698662
13 9 770620830
2 66 180349600
44 32 871088740
7 61 211216019
37 75 6490241
16 43 562535347
35 5 75473605
41 49 43237599
57 12 461643630
18 55 290541626
26 45 65679202
33 46 329530903
47 64 706100719
74 56 119439636
20 46 966262582
64 37 761786915
52 48 717679965
7 14 57422619
27 39 96741919
65 74 74185599
34 66 813627658
23 46 170131374
48 24 873145270
1 42 824068087
69 1 654238124
13 43 43400873
71 52 303481794
63 35 625548034
38 70 861244088
50 1 111159517
16 41 799707588
70 69 835433531
8 17 160602650
72 49 321427956
48 53 969860381
30 49 353780613
13 21 965698146
17 64 600987989
15 75 526839492
75 34 17168537
33 48 759478335
48 69 516781834
52 67 328221355
27 51 438395772
23 55 81416203
42 13 264795573
14 20 86243363
75 13 187066190
20 3 242454891
35 41 165738194
48 39 213067440
49 4 139383324
62 27 161505704
33 27 724051559
19 63 33731602
23 70 836687988
28 8 38349420
41 54 347590216
16 47 27042979
8 9 190220936
41 18 6882197
55 5 267490566
34 75 806471569
4 61 368697864
3 75 100323977
63 26 886290205
3 58 808840490
27 35 583265560
57 48 691747522
62 46 980232587
66 73 158565495
39 24 653056507
9 71 667505324
43 33 752476865
54 1 274382120
55 36 41205002
19 74 38371155
18 5 604708493
21 26 112931723
3 61 762496832
21 23 834679922
26 18 967601117
47 63 967028116
6 40 86078517
59 62 858357033
32 3 760955281
57 51 853948855
73 52 245205486
4 65 788266780
47 30 666414833
15 63 473391937
12 75 258216009
10 4 435861563
14 3 512601459
24 20 45649879
13 73 98193314
31 56 346020596
20 71 930583866
64 65 961566205
74 2 929884726
18 74 670209126
23 6 481493748
35 9 701757334
22 31 47267181
50 12 440321475
36 24 141684947
37 67 185209720
52 1 888316657
34 56 33019705
66 18 959906941
63 40 518234956
67 26 728723024
73 70 94514406
38 15 361451550
29 23 861958444
60 70 71394585
8 41 749019596
13 5 116157732
57 44 219168199
49 54 435209503
70 39 256250456
53 35 954611414
75 55 395061405
1 61 476826451
69 40 259035056
51 28 629845706
55 40 152795270
44 10 295049318
49 40 214208854
11 29 953619782
14 12 41154606
40 67 502215745
33 43 177206630
10 7 467513675
15 35 826878493
63 8 438917746
15 69 898184635
50 43 952669540
72 59 187643438
12 64 779593314
73 62 985404479
46 71 34195747
63 73 115148461
9 69 493382442
56 33 616921624
35 24 427384910
21 51 238489053
23 57 610213352
1 6 242313749
59 43 788557194
43 59 247450636
21 1 801716532
11 65 517927644
61 2 211607040
65 63 379007175
14 48 49636354
44 69 872378033
64 55 444887025
15 10 911151734
2 53 82708777
31 17 54422751
70 11 603690862
25 51 578108870
36 41 288194542
16 59 994390701
34 24 259862126
59 11 907916860
57 9 858502923
40 9 995526413
74 71 956835653
15 39 613945429
30 17 562849801
72 3 308665975
58 7 135730623
46 48 352236052
53 10 190485854
8 33 575598585
57 26 163384339
59 47 733687587
75 21 967905226
5 45 793423604
71 62 599120845
26 40 898492950
15 6 801185317
20 18 224799258
11 68 279525973
43 74 945308797
32 57 911109370
17 44 574904823
35 4 655476541
36 68 653235481
21 2 446507976
30 67 975189812
41 59 29312845
31 51 696339505
72 69 386123451
23 24 536961998
12 71 466457180
25 17 248102556
8 64 392319903
32 5 977878688
28 24 982332022
28 63 899015512
27 48 899312713
38 31 26855889
20 10 359889387
2 32 775852714
24 66 226279595
23 58 132166282
49 72 249589415
27 1 907562154
53 59 516184083
34 26 811642562
19 34 580097339
21 20 759949156
73 75 649651394
42 52 382327129
19 62 778325236
49 67 867911657
43 18 898193397
41 2 483035158
23 8 999320800
12 27 62444287
38 66 539434618
35 57 375194408
65 26 590079905
57 19 73806313
34 30 404446652
19 2 695220418
44 3 160124059
3 18 541623414
46 69 827419024
1 51 298338442
62 25 98749087
30 45 635513932
8 40 110191087
69 15 522018128
70 29 443801887
15 60 88992248
35 69 326070101
51 37 615441982
15 48 15785431
23 20 879746918
68 9 681240762
74 35 374555163
41 53 276116275
37 52 703057814
59 15 326223051
24 17 171809774
1 15 155564371
38 28 666779204
67 30 772417050
15 5 402171971
39 75 975528447
34 17 447349353
67 45 203968467
19 11 776846616
32 70 738421418
5 9 116245731
33 17 52334549
64 28 618755213
15 68 765579915
68 18 611542991
74 24 813498029
63 28 490511748
48 37 410546837
26 60 847627100
73 34 772473250
58 56 996595720
74 27 158037523
57 13 488241220
18 58 191828050
35 46 697078273
3 50 955381632
12 9 789818874
16 52 218085634
59 61 26710319
67 35 103701621
62 65 187896340
40 34 282899624
32 21 889282105
21 59 598482686
74 43 580505350
15 7 972363402
13 22 168526374
1 73 176037137
41 58 404266449
74 12 169961891
18 53 607813730
65 44 696248537
16 37 176960027
29 27 29068655
3 52 398053801
60 36 953073574
74 20 727234719
52 61 221183508
37 14 517062172
56 34 619567240
1 5 116236194
25 7 745315513
32 49 769648944
6 39 456092249
4 37 602320391
47 31 249941354
65 36 757766695
32 25 812513810
35 6 964320240
24 27 870775895
7 17 761248386
33 69 588171343
6 22 295629133
63 55 547999341
43 22 476147128
75 35 18086967
8 70 988339295
3 5 649719846
23 66 395466951
71 58 403354118
22 52 933427336
56 9 701714303
4 22 282284102
48 19 237093733
41 29 435080097
46 51 833005455
14 68 153708533
7 59 248770669
10 35 743424258
74 62 507585229
38 64 379727781
72 44 256825258
44 35 903495963
12 22 987428287
12 55 85671629
12 62 444155253
63 75 274215832
52 59 632629060
70 8 643668266
6 31 886498013
55 65 230652848
62 40 349935092
37 34 427486723
1 19 153439417
2 75 530898370
45 39 182466200
33 29 970659779
30 40 325377448
48 66 736782923
50 35 91710216
72 75 287608861
34 16 786913730
43 32 66500483
67 59 93369342
29 5 864409693
23 72 22949454
22 49 231544909
50 13 881868504
48 15 928853995
48 36 915710773
66 56 101277255
68 8 628659530
58 68 360269854
24 38 502466352
63 30 57658610
6 59 186738515
57 22 801159929
19 75 495017971
45 7 332053052
38 71 784765594
54 70 691533828
57 34 992954182
66 69 393154711
4 49 510730990
50 47 521758814
60 53 666049648
14 31 208603801
15 18 654977013
52 27 391529874
34 1 927035020
61 4 296585014
16 40 625609487
16 42 586602920
63 74 353324183
68 38 540434630
51 7 714800520
39 62 583616804
25 13 97039083
27 9 193843714
42 22 645563212
40 63 643541294
1 72 66517104
65 33 818525412
70 59 565346716
2 63 66000567
70 35 323940645
66 31 793828452
59 36 887711632
57 6 11464884
32 26 692962019
2 45 328482351
75 14 319409021
32 62 566861325
42 29 667246399
18 39 343699224
31 30 781132755
15 37 548339737
52 49 936184544
73 12 357623067
30 58 403743794
53 21 905982219
36 4 315757505
14 74 169087351
74 66 969152671
42 35 189496013
74 45 115855651
70 56 725605347
44 71 229757849
22 71 758831379
3 41 94015698
47 18 99651313
51 20 131555828
41 51 14193646
49 21 396046642
9 74 213019976
21 5 458170455
51 16 356104450
28 15 749994930
47 8 782787250
69 54 912273289
49 36 928565396
38 62 526257689
4 17 589172568
44 5 297534951
16 7 607246395
4 46 312392379
60 25 108092469
66 4 437115538
3 70 604082518
27 25 582469341
71 69 208938727
65 3 750503593
3 39 217229479
61 48 438141329
12 13 565576001
20 45 496256122
28 56 310098450
15 45 971116223
66 38 161520837
11 20 947814120
23 68 944452768
38 7 477207330
18 33 655524115
50 54 407380337
33 28 591055306
50 14 173914939
22 23 175818833
43 64 341836360
39 31 719519413
37 45 557839213
14 35 625371302
70 23 839806580
57 25 524041810
34 51 233301076
63 67 117754924
52 4 779361443
2 37 769350389
72 24 815010528
11 70 402959724
39 45 301993185
27 12 582975563
75 65 621562721
40 11 182385603
20 27 439231685
47 11 828898971
50 52 903778032
45 57 785330656
69 39 778194261
3 37 609877000
61 16 52894791
59 40 883945481
14 10 503327040
71 32 794110261
22 41 14314502
59 58 437025440
1 21 810096524
64 53 779866099
16 33 822875702
1 29 911226810
44 33 255033124
31 35 178904990
59 35 622792151
6 48 765702481
21 52 844595648
10 40 843315849
70 20 741657467
62 1 943556408
43 38 633033664
4 62 207870475
24 15 369942189
11 59 168070542
16 45 106207642
70 42 661694417
19 24 430923492
14 71 294097335
28 51 860180693
7 49 798660688
11 67 53967375
4 13 930695281
59 74 357832879
46 67 278196781
34 6 977586237
68 58 219749686
29 61 266531486
17 65 549704933
45 47 330270864
40 66 202665234
23 34 276061810
53 48 151676518
35 1 369614649
62 61 242499537
8 50 343684499
23 65 100364067
27 29 216353846
43 60 514407532
29 42 866313131
67 75 88165975
12 70 325983076
47 29 885325246
22 58 957822172
55 19 710710663
14 61 216267565
14 64 174005544
4 52 125878002
11 62 92069377
2 54 286435688
5 37 786823177
37 53 229030302
45 72 156386115
23 12 632923979
29 37 472738152
59 30 549543666
67 42 334304467
66 7 897918037
39 1 939579819
72 53 256217840
35 17 826725171
54 51 471444675
66 63 675794165
5 68 498321039
49 46 337766383
37 10 164666760
62 20 454941812
46 74 806446915
24 53 976118698
40 13 757841570
33 3 378802210
67 36 790251570
61 69 742268316
69 72 833816329
6 65 946152425
68 56 778694588
75 26 828654411
24 13 204977184
4 64 299459792
64 35 72625198
46 19 688938383
28 60 78870636
38 6 540691975
28 59 947254980
68 59 283122877
37 54 483672330
1 26 385016258
12 46 877698675
14 59 802939064
27 57 287299001
51 19 191963846
61 74 7087105
69 64 408856958
70 43 594003621
6 11 157345847
45 10 763368211
46 8 69806984
1 58 840213812
29 71 38165546
22 48 18416475
8 60 508971416
30 48 958380183
27 32 24837758
15 53 13128538
54 58 687248044
65 1 679059281
45 63 274651346
54 43 449003255
13 16 117902669
28 25 90364749
37 71 730715916
68 24 89876672
39 4 779211026
37 43 602642053
20 17 735455287
35 31 976195256
2 36 101037972
65 40 892867367
7 29 452238
73 53 939882394
69 63 486792765
25 39 466384814
55 15 749311210
74 30 259591476
17 11 569929464
48 6 228788935
5 69 254610824
39 27 783589738
12 43 559752555
20 43 16579817
34 28 619200615
15 52 65444667
57 17 230375752
4 63 67047091
56 17 792081695
70 75 905936933
57 75 505488701
72 52 899271319
49 70 240019035
57 32 951282896
50 61 713003886
49 9 740042724
9 67 214979837
66 68 526528614
26 34 939970409
7 55 351740150
31 7 359515396
18 64 282450641
31 59 618308331
53 39 693094093
37 1 826085910
21 62 598892332
57 54 379115652
67 28 758868394
29 31 682518766
41 64 360443382
21 61 388421944
57 16 946056091
12 20 407552680
47 69 336681542
27 22 751289966
65 49 882087350
62 37 338944528
23 37 454829270
14 43 295332874
56 6 542404727
43 6 309171886
37 55 422326933
15 51 80810399
67 10 725631594
49 33 586092113
18 36 439190295
16 29 233854875
6 72 828966079
36 18 458474999
16 12 484077958
6 36 996894599
57 42 804333779
71 9 421292287
43 58 293626412
73 40 6253705
52 15 88990047
58 17 615984688
53 30 860906990
69 31 932155141
8 19 442112588
35 20 35250913
10 41 13092625
42 51 246344034
53 40 600190341
58 71 239365550
62 7 988514824
64 12 460253656
75 42 960559793
63 61 269892796
28 72 92817442
34 65 136385455
29 53 331819618
21 58 862549353
54 41 748782840
9 61 670787086
37 29 652503848
24 1 81787160
70 58 116313733
41 48 447851425
67 52 770373898
18 17 894480874
50 67 483143654
62 55 699872945
13 35 428082142
43 25 932604557
71 11 127776224
57 1 739116994
56 35 652506182
56 27 58114250
13 65 555958207
17 75 794800493
54 49 251773413
34 52 190223295
8 62 635188948
40 64 204653795
11 25 623523816
52 22 773559593
18 24 359242753
10 23 285534353
33 13 273034529
26 12 498484382
38 39 243907685
64 5 330129878
7 15 865900509
69 46 549518633
24 14 786461844
4 28 584363529
57 62 30383977
24 70 797660621
47 24 74117859
5 56 352404236
31 42 484439493
46 34 155721087
15 32 487998586
75 54 946457164
37 42 540211242
35 61 115945436
67 57 626078026
67 4 822285407
30 32 424982125
72 37 272324745
26 35 637016302
18 34 593402140
57 50 756529023
32 73 131382663
71 33 822271370
53 28 136649321
52 41 233141315
35 16 94850065
32 12 55725857
56 15 766253490
39 41 294397120
52 30 24466773
53 50 426606254
60 33 417447435
42 64 169360730
41 25 850611360
24 55 107502329
6 7 589907932
13 63 526546289
5 50 853574079
6 70 558631203
34 22 281200738
9 1 837143466
49 43 416350970
63 5 380965498
38 16 31440166
25 69 676615627
70 38 695967537
18 43 384290929
33 61 249752910
4 29 988199306
26 68 28898777
9 23 222726064
33 71 953913956
3 72 192163686
48 64 783149534
70 14 851964362
65 4 423800233
75 39 287810509
52 63 831719736
35 40 522307830
44 61 599331786
59 22 321979934
45 65 42494634
73 43 149161683
68 53 845385894
27 62 983105349
59 51 854833401
56 45 821901369
42 9 771688569
33 72 692566584
17 61 341077634
66 29 751478523
55 68 596553463
29 74 90239450
31 27 943849067
9 63 775667773
27 70 887967973
65 72 48413559
33 51 970763325
36 23 629539819
71 64 243684807
10 17 832702379
23 73 184723347
69 38 355763340
64 48 333551899
5 62 933800940
44 56 611172357
70 33 601114143
20 39 148606240
59 14 98125156
56 42 161689299
49 28 526384809
30 29 856749302
16 46 654961588
32 14 732115786
43 56 97820026
28 48 317031929
33 38 369930987
1 2 651637745
50 19 473751078
62 70 144225022
23 40 196480908
29 24 152620868
52 2 793577434
75 12 38000019
21 6 994538501
44 72 542902031
6 45 976467232
2 43 150242606
40 20 312846563
5 1 562977664
46 38 452097437
11 26 409708200
15 2 345943751
50 20 622559378
64 58 551977749
4 25 745186649
43 70 116001012
38 63 28957123
14 30 800889669
35 73 319008229
24 69 511199199
1 63 384208113
42 75 76380904
35 65 134819953
64 40 927717656
44 54 400125931
40 60 873108858
10 45 118101434
54 38 409440523
14 11 55269047
49 5 610662611
12 11 248588075
9 3 645494083
26 41 549041914
54 57 885891384
16 13 180195424
13 70 288311117
2 55 443779709
27 24 517457025
68 13 586151888
11 48 925098476
18 11 1030736
66 54 65447420
35 29 618040094
30 70 749974205
11 9 383794208
56 69 40002465
9 28 715586355
72 74 482745837
10 27 816911156
24 58 50120392
39 65 219369395
57 45 972820942
52 75 756810448
31 6 423331721
66 39 582025797
45 2 350677495
10 8 397404438
30 12 753120465
28 49 201973086
40 50 399906610
63 37 618042031
23 18 936678438
27 36 708128787
54 69 886834055
63 22 145585150
19 14 202810545
60 34 352589796
38 5 586517234
2 35 747534193
74 10 4532425
3 24 149606506
3 22 631312342
23 21 642458396
8 61 954710221
50 74 708544223
50 45 806951388
33 35 126855698
44 55 306998645
60 5 845795127
8 67 555007932
28 55 368015460
18 73 712275210
47 7 201356943
28 26 402962416
41 6 415731669
45 43 794816810
42 63 462022904
2 39 197694981
74 48 575229921
22 61 569472696
61 24 707901549
66 41 70966768
66 58 940108375
36 22 305855928
2 72 256429643
23 7 837328478
30 21 398989323
44 65 98973516
53 37 647076151
68 50 387832523
43 53 907602113
45 50 302699675
68 61 246696586
18 48 195159649
13 75 842453473
66 14 680543640
4 73 165426506
47 22 136914002
23 39 407772606
12 36 43964008
9 51 527726711
75 16 904213173
72 10 601828626
10 60 509786974
58 28 573679554
65 41 462838389
44 22 748118302
57 14 526644968
33 2 974109488
22 36 482574996
11 6 816258737
62 6 55197930
33 41 453111258
58 45 161782230
72 19 985354358
14 47 667685793
49 34 108256322
56 28 697480643
44 74 353775399
1 23 599425433
60 8 508177436
26 32 712694812
11 54 21953926
66 32 719766333
28 14 860264897
70 12 915920189
12 41 503030530
61 58 408719644
53 31 13008917
66 64 250457557
46 36 385529455
64 10 796106431
9 21 807143164
21 44 38760040
6 42 20755051
53 56 985084798
10 51 854235152
3 40 701618995
45 15 867030909
41 66 323504577
40 32 244894857
75 50 977932714
15 66 66638881
6 56 432222144
60 54 78372424
74 29 50917605
7 19 495327856
22 51 567094302
65 34 973956787
26 15 10868719
42 5 132660749
48 25 379795948
17 33 398514079
63 47 949152281
51 10 29244158
71 30 991534957
4 33 244841612
67 3 828377830
49 11 29708759
12 14 565279176
44 70 405070976
21 10 798223902
53 33 262711897
14 69 167279960
45 3 215954663
25 52 99073148
66 57 353500485
4 71 683529168
66 43 552860135
56 60 544253160
4 7 734558357
30 26 175617561
57 37 706995096
56 4 173266800
70 37 181082234
30 64 674818902
48 31 427166956
18 26 112911087
18 29 503987599
2 33 511599289
26 50 885315906
50 22 11705248
29 60 40549
58 14 310523808
29 68 592092956
29 32 87318419
40 8 437762461
10 57 903749098
75 41 39383811
68 1 118861334
23 15 441748832
16 62 952750213
48 68 562243648
36 72 885495827
39 40 100848474
40 5 221365766
46 13 141999776
55 31 909197508
28 29 178070266
43 36 947112914
32 48 763105437
20 74 395755429
4 21 404488352
72 27 968931695
24 63 499972071
74 39 945367024
68 23 861288573
16 39 231516928
16 21 501592636
48 27 796483037
51 63 145728656
32 41 630219769
23 67 638064958
36 46 190276728
47 37 362051856
42 11 598237775
61 50 806911974
37 61 136173938
65 57 373904002
25 61 961502719
74 21 605825842
49 12 158596173
24 49 281867951
54 22 36429792
57 55 397198996
23 54 238071024
58 59 519923327
5 66 977226967
33 44 421284678
64 38 952464280
51 56 496611650
42 3 1864545
28 23 181657693
2 12 71392962
38 9 518764688
74 65 91417848
57 30 372585071
66 26 765063957
22 39 123035278
6 41 876004079
7 30 475953933
64 20 458754069
26 2 824925668
34 69 481303001
16 20 21161866
26 37 374622345
30 57 487076084
18 45 507970330
39 71 455855500
39 12 830416024
75 58 741496406
30 7 458492671
73 68 455922970
25 55 668987578
68 55 961753579
6 4 723358394
13 30 779290543
49 45 30062215
50 51 109820291
30 4 991056008
25 9 549797780
65 61 659738894
75 1 415258752
72 31 662348664
39 16 294971005
24 75 945751585
50 58 234127165
11 72 455333768
1 69 2229765
73 71 609598101
16 63 537539071
64 9 625374459
55 33 988065226
49 20 814522281
28 37 302272819
43 1 489450546
26 75 95406345
10 30 777088129
6 15 50673224
4 5 253394957
49 14 184237771
47 2 642848488
71 42 759323201
62 21 659643844
51 24 665833404
66 70 535363606
48 52 113269597
16 48 547148434
31 58 637582674
47 34 914430220
69 43 521906357
63 6 116548216
3 19 349636757
62 66 756643050
1 54 617300412
73 64 267590913
47 4 211933548
6 33 742717696
56 26 62676516
52 5 938638501
45 73 271083438
34 50 919285135
75 3 245031184
34 15 403699961
12 60 412354928
44 49 901690284
3 44 387472839
21 15 432499932
56 70 868027817
9 29 604289343
14 32 821850952
40 51 361018754
39 25 736716364
11 17 189145714
26 9 553114517
74 33 241042310
70 17 828686517
11 42 475120113
74 44 191400944
16 36 523664785
31 49 426189191
47 68 942559852
31 3 824852291
29 64 554288818
9 25 283205040
19 59 800218454
68 32 335510557
10 43 924251313
35 26 529722681
7 48 8077683
44 46 103001822
72 16 939560980
45 27 808752546
50 60 745679861
38 57 261141870
18 13 976906049
9 24 642647037
60 72 278900362
51 32 609056899
5 32 237614571
26 3 783156434
75 53 139273894
20 32 871339024
40 3 755275038
60 52 454197332
60 13 140380372
21 22 979200729
25 70 428301210
58 47 164471272
27 31 971726629
6 23 443884055
7 62 100686160
45 20 87050421
19 13 257572855
56 32 811767993
16 70 139576462
27 14 748799441
27 73 669196809
63 7 768266905
70 28 748895237
67 46 940925385
43 44 243126532
15 74 42536839
29 59 361159782
2 51 998143793
43 12 410481546
44 73 512868138
49 37 988003237
60 38 779821161
55 69 437832019
58 62 48935332
7 67 549038647
70 3 534300233
7 56 62289280
55 67 137567191
48 21 469636039
44 64 640748097
26 42 24366768
75 2 285190557
64 34 446263876
65 16 831940772
63 34 952870728
4 20 927698498
10 6 192772901
63 56 567464707
56 63 355461976
58 70 186807566
28 61 181151325
67 48 704385294
19 7 434085413
11 22 646280873
65 25 145741259
35 44 731541500
1 45 660277587
64 49 934469303
41 4 712324955
59 42 807210246
40 59 523870957
43 31 650454693
42 54 506913666
44 58 74385335
64 41 85603597
59 16 269548793
67 73 238016570
70 52 102831427
8 47 111737298
13 33 310668476
4 48 355017518
62 50 276188108
60 39 789649738
61 65 504084590
22 21 518331872
69 20 732584974
37 30 547600877
29 39 866107997
22 43 252336151
68 41 198308886
43 35 379527861
68 64 377148497
24 10 480288661
15 28 72767995
71 50 646440063
18 61 595690034
59 53 900701252
9 37 651140524
49 22 411029258
23 59 169900853
21 68 748202072
30 53 402344854
26 25 106375060
6 28 7808983
32 55 132057217
19 72 278518231
28 67 427305273
45 53 277735962
69 41 451160015
41 16 512255537
47 70 822336046
71 28 10529636
74 17 22598129
55 57 212527794
44 25 542827460
30 72 992803357
72 63 964040964
17 20 21979738
15 59 204320084
49 64 331245883
31 2 129558485
25 4 555676228
48 55 452029461
36 51 703486989
15 30 483212456
18 6 118626154
22 50 247870806
47 9 578111605
51 67 776093826
20 40 626416379
2 46 251010398
22 38 648539022
38 59 456328172
25 44 301009290
64 60 466111287
72 48 915974729
62 35 969789372
2 18 801532252
64 31 870611154
34 57 24998458
18 63 521433393
74 60 547475852
59 33 894188
26 63 801703246
72 11 470538548
48 75 828930456
7 33 201548876
37 32 527985829
10 72 260844402
33 60 556699565
74 67 853491818
34 31 547062270
10 32 680371999
53 61 457107998
70 6 190626728
29 22 526566838
25 48 491351845
63 44 309357541
3 36 799753086
24 72 157753223
4 45 600182754
42 70 188409960
7 11 59414560
74 50 8115919
67 8 315286146
37 12 867124419
18 8 152373455
16 23 931460162
7 44 439486046
73 22 74968155
32 65 393654737
63 39 705053999
32 42 521221802
38 13 880977265
23 31 416631796
63 65 363424730
27 50 390278357
8 48 985395362
13 4 56062017
48 9 803446423
43 73 316477005
30 14 653344624
63 11 955969074
1 16 262305662
35 34 715081783
65 6 94737428
22 67 279887130
54 46 377475467
20 14 704882163
18 67 352441837
20 36 912773776
37 46 790498319
5 22 197195909
56 11 118927118
44 16 127401569
44 27 478176306
37 19 597685200
49 58 923735835
51 54 141556339
70 25 599305311
10 24 339190891
21 4 925888795
53 55 139026267
58 73 771869931
28 44 502426735
29 46 626982473
37 8 967943711
7 6 779037246
21 16 398280698
1 47 31141929
28 18 565865379
37 57 763309849
21 29 172138593
20 9 453541829
13 40 82056373
14 54 369861970
60 4 430320535
1 53 611650855
33 11 738083576
37 44 240115082
42 68 93465202
60 47 937945518
50 17 920417680
4 3 645581547
73 29 279427166
17 49 991214631
72 22 599801280
45 48 620991514
71 72 357996472
70 27 962334534
21 40 128434440
22 12 52708188
53 20 848748069
70 53 472937683
11 4 891269451
42 57 459794528
66 51 749750199
38 75 370385545
50 41 65290550
56 57 149305557
58 32 167159187
44 51 104750801
58 74 664059735
9 66 237601726
4 32 46628284
8 57 793836344
68 11 31333135
53 22 5701088
24 32 116716090
48 16 198839452
64 59 728909344
64 61 360550534
22 6 161267242
22 29 679344805
20 1 789706391
38 26 173110159
22 10 3275415
14 40 367574897
22 68 311805715
8 35 909874490
75 59 405499906
15 17 369715409
19 4 116442208
64 69 189144213
69 59 786446557
61 34 871437424
56 52 452106773
46 60 122442854
63 58 272880770
10 3 689062331
63 32 978038651
37 16 787493011
72 1 578857014
55 41 428039740
17 28 392061678
15 3 477864064
44 20 701236243
73 15 503021828
32 10 378686405
53 75 526659492
62 51 385454085
43 19 255947788
60 17 141277972
16 11 564490133
74 11 334771785
12 73 170276006
10 13 667188433
20 53 17087375
62 68 998516133
5 24 217603119
47 35 682778016
51 36 307044299
18 69 308548427
62 56 140556846
53 23 69521544
10 19 276966009
23 25 981430205
66 9 597404462
43 11 460101162
45 56 445461026
38 24 966920796
16 72 923715109
25 65 131261519
23 50 833601075
55 46 294126688
73 48 768213938
18 7 240125832
13 57 701995647
60 20 724779429
50 23 271490098
28 40 404906877
26 24 167518727
70 19 379284747
62 5 761341289
16 68 705003262
62 34 178957784
41 9 74131910
4 56 978519539
73 33 137532985
3 55 836142260
37 60 304483383
46 35 979861
70 10 856823328
49 41 812341014
12 7 814507179
19 31 168503404
21 17 901551161
31 36 426859351
20 63 415865784
20 11 443957770
35 25 986397764
50 18 440317831
69 34 511913742
8 10 256341955
73 19 843275411
22 2 129127862
52 51 347551184
36 50 423613630
7 54 627700109
60 29 740130071
75 7 160528294
52 53 811746507
50 55 385875856
62 43 653656802
12 51 601481075
31 13 249072244
56 8 170772755
15 22 170826342
13 40 591082774
23 19 473820808
38 67 873804345
42 71 803166083
40 9 10418750
58 62 533716062
29 66 622730345
30 41 885387714
3 62 245359629
23 25 710939585
15 20 582268087
21 53 354540599
15 17 323818584
66 43 893705950
43 68 262927278
63 26 611378996
19 34 560064637
71 34 566800523
61 70 10820453
7 62 534187225
67 60 388861417
48 56 8137478
6 63 321599213
36 40 557194923
57 15 745423279
61 53 415916408
29 14 744675914
28 66 842670016
14 26 717320168
42 22 573953262
17 40 347451147
18 37 64483464
41 65 305879902
71 55 337131335
6 23 909828826
37 64 349714614
54 22 642957326
47 44 29744259
15 52 404944217
75 70 752446808
46 58 312002514
32 47 284230054
54 73 466229697
53 49 7586997
16 43 341011405
24 36 460286968
13 14 122839126
57 47 965128197
71 63 239666533
29 10 727988554
20 71 397486749
2 50 183481733
22 52 944801118
55 32 368601448
9 13 888402257
56 47 676722758
46 1 737690894
9 4 33552258
49 48 421762237
27 42 608660747
54 31 114718061
6 21 514696608
2 39 119978049
56 41 634021925
52 60 322683517
2 66 211491008
29 39 697522506
15 9 38329279
31 16 942971333
48 51 532365610
32 22 13254069
29 20 95224487
50 3 715148895
35 14 914439625
55 12 560231364
37 4 180126109
61 17 928097122
53 1 422551268
72 73 992960813
11 56 64475622
8 22 436320500
60 69 109663188
41 10 339139373
9 14 803789744
38 64 101469881
19 9 88725952
31 6 308268155
32 34 267815785
69 7 790002114
71 1 726129974
60 51 945613488
26 64 138198325
47 33 475593850
32 43 506267475
70 50 342562362
60 70 239043713
25 51 360207571
48 33 21164058
61 52 972674677
34 47 704287285
25 70 77105106
5 47 900809335
33 58 245759057
72 13 372849572
23 52 524478773
60 19 322322360
5 25 87845605
70 39 369391643
57 48 39714800
45 7 667204993
55 27 234318297
1 45 138355008
56 15 206982215
29 23 822194417
62 18 253834523
55 63 608848067
40 24 572537560
30 62 970134579
57 63 508649512
69 71 578369199
42 69 213364098
28 46 354476191
22 46 985997998
30 58 718959508
36 39 138889014
63 67 949215671
17 8 613479240
45 57 13735576
71 75 615596379
31 57 474676963
26 20 379329302
2 12 884113676
3 37 867437749
1 71 260276513
50 69 305415139
75 36 618051959
39 27 104685034
69 26 868392137
38 23 344657659
55 35 340995974
4 11 993534690
36 3 139604630
28 72 927498042
48 59 832360383
59 70 158799996
4 16 236820219
65 37 548250870
37 5 973259310
20 33 347060776
59 57 393425294
63 75 297822185
68 22 448448619
68 66 941400317
57 4 418794650
4 69 938584486
4 3 588090734
28 36 551472565
56 14 206816348
50 59 72075543
55 20 3643802
39 22 944652368
50 52 563619879
43 41 305715119
13 39 700344724
17 42 703452871
14 64 442698519
26 30 264889600
10 60 194708492
46 14 931668613
60 3 771495471
59 8 988517968
18 7 255205849
22 43 894456753
49 54 526194407
14 9 285489975
32 72 134823070
74 8 285347552
46 21 693090089
51 3 466946324
69 43 11470009
52 32 178020421
8 50 478590805
74 30 757387439
6 33 439872903
30 22 475034634
67 20 731855989
22 13 890105266
5 37 141967859
53 15 419242933
60 61 825159643
9 69 410871801
7 38 247354498
27 63 781642508
25 3 114339650
41 9 449683214
11 24 274276065
58 18 622899588
59 23 201929231
17 44 582077651
71 14 611626800
71 56 201306490
66 73 817510975
54 23 152408614
11 44 905349620
47 41 718460216
22 16 316936801
60 63 396874836
24 46 570157177
51 74 173874102
38 40 699303730
75 20 924526239
57 59 883115044
70 20 953637000
24 43 679186055
6 22 724148155
34 48 551016881
54 19 68554245
61 46 203127405
5 71 579023987
46 10 539819283
60 56 323891261
12 49 176405543
27 59 566999601
15 72 638269071
29 46 568916405
28 21 281492625
67 75 219254188
39 52 402420299
61 54 539818195
39 4 122200154
63 40 767547396
22 57 895756678
11 17 792556396
3 58 581471433
21 51 714991918
71 10 357066677
12 54 609903035
36 2 733863519
13 20 678604455
54 17 590712470
16 18 903134802
36 15 889441031
32 13 826169217
30 44 615327315
63 27 83510751
66 39 634130744
64 42 821428520
26 48 166965013
1 43 101092811
12 22 74509535
34 10 451894716
58 50 548036013
65 48 27309662
17 67 926359791
63 23 858873837
26 70 380309968
64 15 498670130
39 44 573375160
49 62 576262846
48 42 968395686
73 37 41087250
73 9 446672262
3 23 906392440
19 29 144542568
64 51 392536373
28 16 225901041
40 38 215537404
67 21 649644518
62 65 906393836
50 71 155166450
16 27 557818748
8 74 248745244
64 55 982481096
35 63 138299923
63 2 546137652
70 8 613770261
41 61 544582782
50 31 739777592
20 2 573630008
48 45 944022199
14 74 870807029
37 1 400028361
44 43 181570663
75 6 72353131
65 40 708348434
11 64 157742905
23 10 250098539
49 2 669756121
26 7 977699737
60 32 639009115
55 23 782192508
72 75 899152274
44 67 83574059
21 23 531645967
35 2 661466190
73 17 897213741
6 38 570549496
47 34 186087352
27 5 999569696
57 30 221997724
19 43 709197318
43 32 924847729
51 57 799917516
39 72 2967498
13 37 80283211
22 23 246571742
31 3 526276723
43 31 201527454
58 21 797468935
64 37 852928331
65 19 659580092
38 54 125431018
33 49 981514747
29 4 423626967
26 16 431136207
28 68 771084624
57 44 760557391
54 21 555463081
39 6 396495495
72 19 803641846
27 40 78052131
65 15 248931539
18 57 51488102
6 5 928268223
8 72 192356724
17 48 847144965
59 17 777600833
42 37 557083411
46 70 196368711
27 55 224005305
24 33 166738748
47 56 745620691
14 18 336008408
58 24 108022152
68 15 358526325
54 71 222487967
32 66 92466594
16 67 290193970
4 19 817004148
22 18 77220289
32 42 5504097
38 29 28107863
15 19 958692985
16 47 365272878
70 57 560907922
3 9 481435770
21 15 209967518
9 44 126496031
40 35 90129314
6 15 586213666
44 21 750818419
46 44 12320356
68 72 215421351
58 71 275257445
44 16 916548345
54 41 122424453
10 52 669304379
5 7 8609240
24 2 598769230
30 69 330342267
36 23 474152651
16 3 33032939
74 1 183486530
33 45 541485053
72 27 40903499
39 8 13896462
23 8 723267600
21 16 357900366
42 10 456966194
20 18 306662908
28 8 981721821
43 50 994074171
56 25 273955825
70 68 636588995
59 44 970583819
9 40 878158367
24 42 25950404
39 38 23664093
42 20 399356435
44 18 660929819
15 59 553343306
3 68 828516061
63 50 395015948
29 60 843602130
43 54 428545473
50 58 368539193
41 38 411453979
75 12 893692824
6 25 268585155
27 47 773436246
68 35 519514934
11 28 137026977
59 52 288048725
6 74 680930695
1 35 370880136
35 61 268213157
30 36 65213716
75 65 638442204
15 73 772440702
7 72 295785031
41 19 356272631
16 24 716712141
27 13 723511307
40 45 714087777
65 18 745420651
69 72 421307764
41 16 315765727
51 64 516744980
43 66 396519678
31 10 816158180
51 67 689259907
60 66 881595035
34 45 548032075
15 32 296782297
68 53 569119611
35 37 121338480
39 21 583357188
32 63 616776885
52 48 24446215
6 49 426011729
31 5 720291678
17 32 7654603
43 60 783688297
7 23 565953945
52 19 685237212
63 49 87277943
33 63 432979632
24 13 245167609
23 12 559108196
10 55 986378832
62 31 950022495
55 28 453248088
46 8 410063667
67 40 796720150
66 52 400506506
39 68 165799172
10 12 305657425
40 20 455851520
12 17 338235514
48 25 527332970
21 36 408502720
18 14 532185902
60 31 413404020
26 61 781684107
40 32 668668577
16 21 192215866
27 70 123309864
10 29 216480734
16 13 495437915
36 49 417192810
23 43 35105553
54 26 517956560
52 73 347217485
61 75 114629446
29 6 495786521
14 17 479309118
41 2 669947788
28 56 239414774
70 59 480190272
59 38 903681733
10 72 544989312
48 38 457553368
16 56 66128437
37 42 855942714
67 39 259237436
35 44 816724776
75 21 913971395
63 31 626894838
53 54 912491821
19 68 639973773
15 42 530398877
67 3 844707292
6 51 601315982
4 47 487573920
21 33 135161006
14 11 740757775
38 31 675751558
2 43 395357658
24 38 252963186
12 8 448771242
73 20 78234771
40 14 557021279
74 70 398475117
74 5 919766564
71 13 207937489
50 53 267027636
73 46 113582675
10 61 52942600
45 48 529031788
63 33 372553878
32 24 353882541
51 18 384329851
60 1 272200356
63 6 19567639
10 57 686563519
51 39 472612022
21 42 374306949
53 29 786868781
50 29 499694307
29 36 29007233
29 35 310631831
46 71 74081878
46 9 284611954
14 50 803389613
67 7 278795416
57 56 169894727
66 30 312311220
48 52 952751064
23 30 660606657
18 12 393137531
37 65 804135932
67 10 583163912
24 57 65286563
10 6 194016145
19 11 89701385
19 66 613104135
46 20 389745803
6 10 325175653
26 56 716070564
25 74 406245606
10 68 584660
14 44 669241464
56 2 429413298
50 9 107239171
32 59 741992520
72 25 521255537
67 49 459497399
69 46 707226770
65 3 888857040
27 49 99030614
8 67 90556609
4 1 982501760
40 47 17773921
47 50 746610916
70 58 460354771
60 10 886850119
31 65 683211712
46 57 483550550
27 73 829101659
4 14 379877697
18 47 5167319
72 71 467882034
42 2 582287895
22 30 416099679
6 34 563381789
29 68 516546610
46 11 539008145
13 12 247183717
62 57 507638347
51 28 836213524
39 62 343271625
14 53 35367965
65 45 156330867
45 52 478056264
3 71 357984278
21 74 452534843
47 63 896253506
65 26 305525036
58 16 722909530
26 66 526308027
66 41 42313699
41 75 213804227
23 21 898499221
8 62 39624079
4 22 844798238
75 17 105043019
24 44 882503691
61 69 788564484
41 52 131014601
5 61 378028130
33 12 670032412
38 8 465654468
54 65 455756702
57 41 271641721
40 12 771003788
35 4 358151281
12 71 703339770
49 33 868166510
65 54 439095132
43 75 701933767
13 28 269611376
37 16 748883317
60 41 810789125
18 72 674228110
29 2 314265471
12 65 253181542
35 28 412184319
32 21 515176492
66 36 616532779
27 19 539985824
62 40 1602340
25 61 288496159
56 31 881316072
20 48 722675624
19 27 564335051
17 15 257687042
57 36 565515595
16 70 407526312
25 50 206151801
68 32 4483382
36 13 565315055
10 17 486828444
47 62 707496729
14 71 273441443
51 2 853161000
44 46 653281102
53 41 52868559
44 75 704028342
45 28 14094310
12 23 568130084
