75 5534 266
54 20 306263732
58 12 71404012
75 33 999091048
55 34 91375887
34 51 619728086
22 53 595619975
66 26 301293694
38 30 15199844
70 35 982492332
63 7 636368796
4 32 679582692
16 29 82596680
35 50 864103971
63 5 242295785
27 17 152817750
8 47 714960125
10 5 970546288
21 60 105171725
50 47 95126606
44 20 476536297
57 22 127914109
60 24 671985230
50 27 191768419
45 56 916044264
60 22 885355808
46 42 353214140
15 50 696650648
11 24 991318608
11 66 141253788
23 41 267728151
61 20 303197077
22 14 20873092
64 73 70585061
42 61 317501312
7 61 629894009
51 47 346903160
34 71 436365610
68 23 450055973
22 64 383601647
64 20 834886930
24 63 588469379
13 16 192470013
8 71 771577101
55 32 514453475
16 47 198013823
35 13 749303278
16 1 819105574
22 43 906378142
69 32 246654995
38 50 931348255
57 64 237821330
13 10 620731244
52 14 454253328
59 5 638944491
41 27 135896853
46 9 6825704
21 48 524054087
25 68 68583683
34 25 734660543
63 64 299447660
32 53 794798647
7 50 815640063
18 52 210428533
21 53 226086540
30 2 445221324
65 49 331177903
64 17 234649037
58 20 604688746
2 59 367519135
9 21 961574674
60 23 992557831
18 47 402833662
37 68 458537868
12 46 614988594
8 38 906198765
65 37 244179896
45 41 223143456
41 38 94361207
10 35 637473150
28 60 828958845
33 3 926568141
65 29 341075666
55 63 129965448
23 66 935966072
57 74 631638385
68 10 461870539
25 26 808069327
6 4 963684967
22 41 972533244
62 53 357816471
59 35 554064751
62 34 884330529
62 39 293039246
67 66 219568960
72 32 214246614
67 26 500039811
35 22 246029945
57 62 119409496
28 40 900448563
29 3 449120135
34 31 765701067
49 18 129255
18 39 721471895
55 45 718299163
9 25 226401594
33 55 247291313
15 37 145226218
30 48 921127825
35 57 52676722
47 63 8805679
23 74 393538121
70 13 262964163
75 22 231333039
61 23 432469667
68 73 654453443
59 22 745071865
21 46 973473276
44 33 407912922
36 57 635495232
51 35 357215630
45 36 832383222
32 20 754549389
53 41 91650110
30 11 876749125
35 16 906874480
28 56 341121079
47 39 325701211
5 45 780655956
23 42 165929084
17 28 146850509
52 72 350078937
62 72 902093467
34 38 791294256
6 33 18279945
25 43 487598147
64 61 592119354
52 35 508007926
41 14 978860134
62 38 811432085
21 67 906849249
44 74 185932328
54 18 834009424
17 11 392993040
38 55 35220112
56 11 615753116
14 26 151438297
69 16 866978241
52 59 7716714
28 16 145865699
32 4 800796854
23 71 98323865
43 60 909119783
10 48 194910393
70 7 712876230
40 23 728898719
25 22 418688085
5 29 817587926
8 27 926274501
10 44 622688441
42 45 78875606
64 13 527426288
42 64 747838772
50 12 172610178
63 10 615676332
26 11 368642129
38 14 829420702
73 14 524532699
40 8 442663137
28 71 147703762
45 47 447449518
73 13 358077375
4 9 552115011
10 41 396272125
34 48 24340422
5 71 2579635
42 35 19120407
13 15 892769488
46 71 245056164
7 39 399451235
5 53 209807420
3 74 455932021
31 64 353618323
24 74 192940927
56 53 902019653
46 48 913127311
59 15 589247828
51 45 594999336
43 18 395669448
60 1 28769791
12 4 262301163
64 75 324951695
5 65 339419194
52 5 161836683
56 52 156024245
31 60 853186597
26 34 913646769
12 15 662482477
37 73 755747282
49 55 559292264
17 21 785080411
7 40 19751938
41 43 435743078
58 11 616226755
13 57 677081738
9 49 369760284
70 58 172408515
74 29 97279315
46 49 899542057
75 21 277739746
62 68 640855059
24 25 274513982
17 35 861118724
26 10 732107566
57 51 320223909
8 36 68500236
16 70 785520902
15 34 436023687
68 18 229786039
31 55 123004223
29 13 777144714
4 27 450230227
20 67 369080606
42 65 931056894
60 2 742627932
41 75 882293455
69 9 581038485
51 54 607898096
42 32 565497197
18 30 13833371
11 20 868667548
70 42 863827151
11 48 875139015
28 41 315498967
38 59 337813700
34 58 297814439
43 39 941655034
25 7 544973813
4 6 680646324
46 2 330941248
56 4 368849408
58 45 936435948
35 42 976680073
54 68 127167180
40 75 257595874
16 36 780520130
72 9 288738993
33 6 375640544
5 25 424093315
16 72 159799430
71 30 518276672
75 15 551979992
21 69 132232421
59 26 587285510
18 67 220225477
73 67 680337744
70 46 682259554
74 7 703832895
74 70 772516869
31 58 270293352
14 4 261629184
58 34 911376786
19 37 345107789
50 28 73665112
14 20 498775327
9 29 785820384
32 74 570181432
56 54 457555161
28 31 677350738
45 40 209516577
13 12 558674844
71 46 654154469
27 68 942083872
13 6 648367490
23 48 569712120
12 54 165038358
67 52 605156256
63 2 476994433
70 51 564124477
32 31 816790603
51 29 218769130
2 74 605106653
6 56 461501258
19 2 179095445
32 29 381364108
23 1 53796238
10 22 445516999
4 20 296775180
62 54 189111195
14 45 51042740
11 5 762195826
38 56 736159593
12 6 422969561
61 22 429283787
33 19 203782932
16 5 733760746
46 16 545626957
44 58 844199574
20 45 77361178
19 7 62679257
55 64 735997726
75 49 24942451
8 20 437864781
45 33 291263293
20 65 698597478
45 44 280820120
28 67 852086876
3 41 154006239
68 50 804500098
22 19 996806708
4 11 541606377
38 67 175106159
9 62 694054928
30 50 676970676
10 56 445969331
63 71 994801811
68 74 567673555
7 62 542238893
39 32 995804618
5 16 137009699
13 55 728249053
24 33 429886845
28 58 712424978
14 21 707443968
28 66 589521001
27 36 809759928
12 29 584240467
69 41 453504109
72 27 551103214
58 53 255635353
16 34 96105044
66 6 779564874
5 17 204169548
20 66 711210003
48 16 463773148
13 9 817279088
19 32 86681813
54 9 859601798
23 9 859926923
72 45 680594717
21 56 647288503
25 63 769658287
10 54 114097944
18 20 778001334
32 33 645768010
27 61 859013369
41 13 393392006
13 29 654926134
25 59 10637525
40 34 429967188
2 75 702747813
49 22 37068487
18 9 943466862
54 70 746928148
18 29 681586884
45 7 55093608
44 53 193739921
75 6 1159512
49 21 812364277
26 15 626606685
16 61 472265814
29 72 81024345
75 29 804384990
33 29 979496405
53 14 779365473
73 3 313121635
13 22 40821678
53 67 535768663
17 44 239284340
10 47 364443837
38 35 802284548
41 8 922396171
40 9 806204472
15 23 627442245
47 62 936815803
5 23 962613884
61 17 30174721
41 58 145160517
66 57 844257120
56 19 461493399
38 33 582316130
69 61 146684468
51 10 923202725
11 26 508695178
69 21 382192672
43 30 628333578
8 26 512725719
26 66 848339444
60 21 654773495
39 59 803812405
60 19 103790088
3 25 883830871
12 32 535253483
25 38 209866329
68 16 978489051
15 9 425906773
50 38 743912944
21 59 753815178
44 63 985853448
21 8 4670888
47 20 773910563
3 53 509148391
73 57 615092687
38 32 259999404
59 66 49709159
67 33 834053881
50 74 269974063
56 18 964880558
2 47 135980790
35 18 316241577
47 5 175945232
69 33 9976993
66 12 927728348
3 75 427197696
75 9 76998800
24 48 42913848
59 16 294670194
5 22 218990671
75 45 517376966
57 40 926852871
20 38 247293554
59 69 443980767
64 69 128960237
16 52 845574587
26 31 112353590
55 8 930018265
12 62 521304404
47 59 637714601
61 18 40148826
56 33 613530552
15 1 370056672
71 51 744584127
17 57 680326590
7 45 669946610
29 11 552188883
15 24 589267189
30 64 159515237
51 18 477625113
33 50 541050691
75 18 610336923
39 37 927661823
22 8 844839121
59 6 892498871
57 73 471074570
62 55 645007287
35 59 273998059
48 51 209975635
51 20 226595501
1 23 43371702
30 66 461929315
73 21 545980832
61 51 542932892
72 48 669013909
73 38 205958363
24 64 735873473
37 20 720559427
21 70 228359342
49 43 625601304
60 34 831168832
36 50 712468665
33 8 194748531
72 6 597766364
10 7 576392419
42 29 193065681
22 39 866945082
3 52 172141539
72 42 114884811
12 71 448899473
60 39 276190736
55 60 340812280
1 28 821336088
57 59 893112628
8 31 420372660
15 13 564332213
46 3 746767380
65 26 745513876
4 25 355269533
58 3 268573994
29 74 963203205
67 41 979803083
32 10 607026584
72 25 460891034
72 28 813606648
26 36 412771951
35 60 913402069
72 73 618963952
52 17 291132192
51 34 402838074
57 43 105366459
23 50 365106310
34 10 982514582
59 68 829626830
75 12 923213442
39 30 761130215
4 17 271880637
40 35 55706142
61 46 667505232
30 58 313308941
38 34 545999211
20 36 65883957
41 7 950976600
2 42 422758491
18 16 815619109
53 11 593951220
45 37 464668009
62 44 519109277
11 63 752427268
9 53 328930120
22 24 286617428
63 4 622681390
39 16 821798796
1 69 58927402
55 35 657688852
74 2 555097870
41 19 270311675
47 45 152285454
53 62 141362631
56 57 679445152
28 25 370165079
63 39 636808458
52 20 219973555
47 19 489746359
67 29 544039108
62 17 686829210
9 12 329881736
68 4 16197510
73 39 156190574
10 33 7509017
19 27 660520349
62 52 301331559
9 10 788822374
10 40 513733292
9 34 643548045
40 4 130596814
29 43 873632540
27 13 535200676
25 73 27613070
72 40 904742510
28 22 514073582
33 59 320140906
20 30 643196625
28 6 913269651
67 68 957067096
24 8 503996682
68 75 401634517
73 36 488809709
60 61 925880228
34 26 79898852
50 3 422768105
60 52 182315083
39 9 889053133
25 57 612044605
18 3 937442950
35 64 680563897
49 32 57401123
47 72 51501545
43 72 786773670
43 3 756084085
51 53 790660592
31 68 357787972
27 10 660713842
41 48 629748001
53 39 179681619
31 52 548560050
52 29 58055897
53 29 244935626
42 70 533646396
28 4 581119140
31 57 114559352
15 16 591419534
22 34 920420454
9 58 754120154
22 46 496901233
7 36 489601133
56 38 123706186
47 46 927228156
41 23 122598538
65 43 365037119
6 63 460631413
9 56 240223617
32 8 120002555
73 64 342878424
5 56 882205649
51 30 14358111
8 29 547937475
9 16 292914302
7 5 187831572
42 5 365702112
49 51 414325652
30 49 57763719
12 57 987083667
32 66 516864120
64 57 687995753
13 30 676933803
22 68 616804747
16 9 915256596
35 1 367641959
47 7 47127821
33 18 47660248
52 66 495769496
30 24 471629751
17 53 560363842
37 62 301706949
67 48 733655330
19 11 407593230
9 72 595511810
35 43 566745039
28 50 416618787
46 45 818913078
61 39 672861234
50 9 521044678
15 59 378824848
36 44 282780407
52 44 740109912
43 1 694265385
43 20 601329413
41 24 934500041
26 74 794968946
53 75 741352334
4 38 853932556
40 27 460542423
61 16 546349679
43 23 264434255
27 35 43028813
42 21 952741176
61 2 150973675
12 63 936088425
53 25 114268591
57 67 503366302
15 39 260541928
70 18 707604521
3 34 32984051
43 4 837249773
16 33 111005810
27 75 205714658
28 21 232536459
56 28 905911784
48 50 177769464
68 61 714192107
21 74 920996321
41 73 858055383
3 31 213227048
62 27 180517139
13 21 621281985
38 12 924379659
51 60 549426255
66 53 61982699
55 70 665912831
61 58 978449890
71 59 627489751
7 24 454585920
36 71 66576694
51 40 405224677
67 37 306309057
35 34 870090517
37 58 63167442
15 73 521007814
47 60 639073266
24 44 468705205
23 37 407451355
56 1 845752507
23 47 235689554
41 40 1997266
32 59 627798015
75 68 641232022
49 30 944506262
31 69 428044980
53 4 782787284
37 44 770717750
68 35 203877560
22 25 928626242
75 67 991305095
54 73 720817902
52 23 845195555
27 43 837544021
29 23 690216952
21 73 270589459
21 30 457855657
1 73 274675491
31 54 971711965
60 74 803234581
59 10 341381925
28 23 316541905
4 47 103973518
6 67 372046746
71 33 457546859
60 65 267394771
52 54 853618946
12 2 691344761
29 26 815047144
17 42 768003940
13 39 359789018
28 34 472560309
66 37 395080080
45 52 41972704
19 50 841439470
16 41 797467415
20 54 498948510
73 27 127748681
68 64 72597950
63 8 900088300
74 55 209961986
68 26 467049883
18 6 784126294
62 57 865920384
57 60 909064899
39 75 756246876
56 23 924663348
21 27 706546199
18 50 1523970
58 28 950255207
68 32 708631800
35 7 110024967
6 35 610651498
58 60 11508757
18 35 285069230
49 46 294143397
24 22 677990431
25 2 498305422
56 17 334361403
39 44 330512670
2 44 663134989
52 24 509465713
1 7 52554741
10 62 895684992
35 19 416159063
66 7 289417749
3 72 160083552
47 17 79523991
1 48 841808432
39 51 533148698
57 26 426878206
52 73 637049023
70 64 30255370
47 28 385989000
67 32 49555971
45 29 651259302
13 19 477454295
39 21 131249940
55 15 764216517
20 18 151818735
43 9 813562129
53 42 400860249
4 21 103092343
57 25 325212012
71 43 496452910
22 44 190698859
22 38 571586468
8 6 231255569
55 39 587615345
8 1 702907840
32 69 802531293
28 29 541450392
26 14 833378752
57 27 890262785
15 20 228331743
35 39 493919277
31 48 775110240
72 18 368855212
5 27 940589054
41 56 544882189
75 74 142492404
4 69 254875469
52 43 150094377
64 31 648548266
56 7 955534587
54 64 302528963
18 51 621656752
56 37 517286148
2 39 827297117
17 49 424975761
72 13 765522428
39 54 511349104
38 47 268991647
17 4 229519496
20 22 812773792
65 2 874184878
60 14 713462636
72 8 71952345
72 63 163662957
32 23 965461417
4 74 430570018
18 53 190104244
69 73 709930519
7 9 634351710
48 34 995411303
29 34 803023789
70 59 610206201
54 4 472456550
37 69 194924253
43 44 686717931
7 8 899365361
27 44 192437143
1 36 997036517
38 39 950719670
71 15 283421584
31 40 298380918
21 25 933501015
52 11 756739154
2 63 346878595
67 4 161764259
5 11 839139897
10 17 339089167
21 13 551550012
9 35 615527414
21 45 898753731
13 54 253979650
55 41 576537215
39 71 92223294
18 32 979858767
49 45 805098024
22 61 295115080
16 2 776001546
29 75 49519402
20 39 383953264
43 5 637368557
51 49 413097289
67 45 653909418
9 2 801316614
57 14 394038873
5 24 224227284
31 56 230982353
59 56 604921741
45 74 647697680
12 34 281154554
47 37 644257100
59 60 609290508
4 42 583617035
69 71 608767620
72 19 626664300
44 28 476323815
53 26 67159222
65 40 570429156
25 18 838054006
48 40 615185749
66 49 960306009
43 75 313827088
5 58 174384041
9 70 144528159
18 45 761777559
8 53 625605051
11 9 210439003
37 55 738511632
40 18 937177283
36 41 693251524
45 63 320186285
75 32 990320293
50 19 418208695
39 61 307067108
20 47 822336193
29 73 778404365
55 6 416984512
72 35 539027917
58 61 201947964
29 22 157396966
12 48 895438333
67 54 227191754
16 65 170278613
70 1 479841118
7 56 696250159
69 30 538295513
28 33 551725892
17 5 281292622
51 73 18221528
3 48 228015264
55 23 99895932
42 59 304086669
73 37 981891316
45 13 712613971
55 43 644581012
24 70 633317515
24 21 920558756
72 31 711323042
70 44 184933540
73 28 115228098
59 9 142330329
33 49 425589030
27 46 321778811
44 43 167127234
54 26 507949476
38 31 398385985
43 12 224888500
25 28 460167612
1 46 598819325
12 26 351874269
30 17 774613548
72 75 297296745
31 5 270220910
6 55 676969441
34 54 470680246
33 26 942176943
32 67 367277701
43 48 981520354
35 12 59630239
62 31 46049344
23 63 956240842
38 72 309075421
15 61 672207453
39 42 974731818
68 14 563946965
13 60 94232287
3 69 445933438
75 1 573624454
18 11 468346850
31 16 446861166
59 3 184258888
31 2 326726833
62 56 149331227
72 66 171996619
28 1 893744464
67 44 556446393
8 55 24113378
48 6 262503909
54 1 90082218
72 55 880267125
23 13 390456004
18 10 396811812
47 4 820373984
47 44 9371277
4 29 134247347
35 20 679268484
28 46 706494160
33 7 81546659
3 27 336527432
36 25 192089455
48 8 146418150
52 48 444243063
3 70 142304509
35 24 191182015
64 56 718734840
29 35 217295367
49 40 721101311
64 63 621376967
9 5 450177305
4 28 165848359
14 2 776720091
62 36 221283808
60 44 428005592
25 23 580080149
6 37 611898188
5 54 445094824
42 24 896986537
7 64 763716788
65 20 726363454
39 19 548593458
1 66 531231091
8 35 385899289
62 65 624660399
23 5 38924491
44 3 800316836
59 4 96745313
61 5 165716718
34 22 312346743
32 57 73428412
32 24 235167823
10 28 519620541
38 45 655930570
22 11 683750945
60 36 294974053
38 16 828222006
33 5 80603389
57 8 877855117
70 38 372592792
60 20 16498749
35 3 901519974
53 47 578518038
53 15 366107013
66 21 359024209
11 6 792756940
16 66 737127748
61 40 451572848
40 15 798225757
33 12 949589528
52 19 530500746
1 50 214435418
32 5 172447529
19 68 719947301
32 43 247886654
61 15 389602143
72 70 646048092
71 69 361332853
40 13 323998206
38 4 409983728
27 30 254983612
9 30 714081073
48 4 526686966
39 8 332982087
49 37 353593132
19 72 985870835
18 49 275085920
39 40 952172370
42 8 677430496
14 55 464057609
31 49 358197543
44 18 511207813
62 24 165311494
41 47 543710307
24 61 991170169
68 13 688766350
11 29 718978437
39 35 21390171
42 69 371802728
4 61 310088852
56 42 767791551
72 10 481175963
32 25 650575450
7 52 40523341
45 50 331388089
52 65 116455065
71 50 300364905
14 59 537419294
27 71 194323974
18 54 50634819
66 31 835389854
2 51 297042363
20 40 111893761
44 10 215462164
29 5 181990827
54 13 372566678
27 65 320155344
20 29 44089101
24 75 390767278
57 36 276284038
59 2 20615915
20 15 717487662
19 38 343408270
51 46 617282840
48 68 725358207
19 17 877221482
22 18 423437200
28 3 697377687
11 32 208469180
51 8 871555141
41 59 366196600
64 55 520986481
69 23 975379014
45 55 360328135
14 13 42648044
65 63 637303628
1 13 887806154
53 19 845472050
55 2 540366888
66 55 474467041
70 68 623218030
52 21 148252837
60 28 341092974
2 8 638939479
4 5 249346412
6 61 401432224
45 59 1889570
62 18 685676020
5 10 370125478
67 10 451068070
22 66 649795121
20 43 420481961
69 75 415110115
20 53 400278379
59 72 644908030
6 5 192895450
67 73 269114267
33 30 505721964
14 18 584474121
6 70 494529824
38 19 226277901
10 38 226530772
39 10 181022192
19 6 699481790
42 12 58613081
22 3 436995819
5 35 685039344
16 31 95139174
69 10 223071359
72 17 374203593
57 5 122908947
39 34 131508130
1 64 130976551
62 42 450234788
33 71 885552705
28 5 12664101
1 58 290083161
33 62 194360010
38 24 192039820
15 68 353075420
58 65 252922124
60 73 819886845
65 11 37974079
73 23 596611703
48 37 460283841
10 71 989264910
48 46 414184171
33 25 253974940
49 36 651128798
56 29 118184496
68 55 384076083
71 9 948305653
5 74 449828428
73 40 244071362
60 40 101851567
10 14 142885580
24 40 880300324
32 52 466475398
58 72 459487309
7 47 380786781
69 14 523398976
4 8 133038492
18 43 919345439
74 32 214307740
1 75 200474727
3 2 656833124
57 42 296747170
16 67 579265710
5 21 25014082
40 56 460268966
22 58 265389127
48 1 506570445
25 52 432200963
37 57 12238419
56 61 637826555
66 60 954356101
47 74 514855055
8 18 978598885
37 25 210245762
9 33 417917296
50 35 689079541
46 67 98943364
42 4 737331586
59 27 306025833
50 41 201784030
6 38 486449867
70 45 573252893
33 24 597650712
66 20 173089801
27 19 741704400
74 21 25650006
38 51 977918995
37 59 528810882
60 50 772219349
10 11 540541256
40 17 560997163
18 63 210118032
73 50 609226585
35 71 245914464
73 42 757914233
39 31 882479194
55 28 551842915
10 12 269329114
50 72 496600138
19 18 916844808
4 70 97792554
12 52 398834934
8 62 413024585
13 33 373551363
19 71 421058500
17 3 815526926
51 61 800294918
45 65 904684439
34 59 329942750
38 20 556568291
55 52 87127980
49 25 368362420
37 18 658984061
35 33 427902841
11 65 799413096
4 57 713795500
32 63 46153874
65 33 758013018
34 45 444385551
8 16 228967929
56 25 805141098
74 30 300619132
9 7 9893232
63 53 416486339
24 39 400627654
53 13 348531540
24 28 263400702
8 21 304813474
71 28 679304664
60 38 144864738
45 38 783338284
18 58 590420775
45 39 63130856
68 66 115261177
71 18 113757729
50 58 573665070
74 27 43336137
26 60 192978945
38 5 163297369
7 6 300107721
47 31 277081105
57 71 692918228
45 75 619689383
33 66 975631478
3 49 181030364
30 55 854255295
53 56 567444799
45 46 22683364
20 28 434880939
63 30 977819072
66 17 370399892
29 42 702143510
30 21 287130865
37 7 225607882
39 53 543642851
7 25 367481657
49 58 361249192
48 18 772121247
26 21 504069527
17 64 841133523
46 27 115047218
20 68 580122290
5 64 449649182
42 18 467754680
26 12 403192948
66 59 533166459
35 65 81494220
34 65 53839621
19 29 420536241
32 47 806327511
67 19 589985950
28 18 19362794
17 71 46588839
70 23 78722896
29 27 899232504
39 70 200805164
75 4 334756657
34 73 431672094
73 74 143112999
58 8 299068893
72 7 467549448
73 59 435261320
67 22 882814338
68 56 631759338
24 68 81287860
44 4 709229033
12 33 891697167
2 41 753517052
72 22 801398812
59 17 46485444
25 9 376669
53 35 501500252
36 55 486212621
45 23 700940073
72 39 323872449
52 51 601068394
53 17 723571823
70 14 704739760
43 17 579335068
51 25 769668686
48 44 439658681
25 37 77732111
71 49 847839685
64 48 699724404
33 70 158571698
33 10 502454931
8 17 704910062
25 34 763329949
21 24 698319397
8 57 112561729
50 30 606552286
37 24 967860193
70 74 717973342
41 62 226361516
58 17 884090071
15 56 48684037
34 62 639593519
22 55 170815411
51 62 281592096
47 55 4484267
63 44 97543264
54 8 490551468
67 25 56091687
7 14 121926295
41 55 196925423
9 36 204182672
54 45 576446807
70 21 396660318
31 9 866435791
18 62 542123437
15 30 968834483
8 41 134580695
66 16 382492248
74 64 966593829
30 54 378109642
53 66 2431488
15 32 824110107
52 25 957492294
47 11 73927001
26 65 240838520
71 68 766658852
28 2 860049883
4 67 327773561
75 73 833331907
66 45 89585541
13 17 978625018
48 63 53742709
36 1 63569880
35 54 474714567
45 21 306151031
6 59 525009871
15 64 625070615
34 61 601678138
33 52 969058848
1 59 783202317
15 55 265188037
73 51 792611629
27 62 62930485
49 9 239314392
35 27 382628509
27 42 500303843
9 45 974678057
43 49 194461087
44 71 325288129
24 35 331689616
29 57 7417287
67 69 490638466
6 21 24261506
43 68 521695593
26 30 809334817
39 4 386956593
12 22 211256300
6 14 673134321
21 17 14963644
68 53 607184194
36 38 207048359
22 16 195556089
16 11 619111666
64 2 219189331
49 34 79376331
70 50 531155446
15 3 544189335
24 41 741966244
48 28 235929842
49 11 144184426
41 2 458263214
41 34 335228329
37 32 743423808
17 29 93329866
5 32 778077004
53 72 548887198
63 66 713273537
39 46 434298672
48 73 491282688
13 69 924337929
37 21 140945028
8 72 393899311
11 28 602084653
25 29 14173999
43 64 492099491
3 58 118898514
17 26 861601414
35 10 384996443
1 17 166358888
69 59 80716587
29 1 114000232
43 51 949037423
68 11 880572606
29 50 210439453
42 33 534930278
65 9 258125511
34 17 967701620
5 18 604372574
21 12 451880739
17 18 75096989
27 56 49512392
16 51 552715514
66 44 924893348
36 42 72310972
14 73 278229910
49 41 962609082
21 9 346575103
35 5 40924153
50 73 89555136
31 15 130697662
45 24 852440955
59 58 202641091
2 10 660092251
22 31 832085357
47 8 443556276
47 75 609681675
58 56 826702424
28 49 206101994
59 64 260374264
56 63 958472128
42 34 342800523
53 36 679659395
75 10 694971411
17 68 216232497
55 17 538325520
33 14 900401747
10 20 241923213
31 6 878219136
4 53 59408182
13 62 245406322
52 71 761167834
21 47 920724460
53 71 253062843
41 6 863042704
1 2 800429291
25 42 408661729
59 53 622454100
47 52 642117995
11 1 214261331
70 20 264774722
60 46 366706811
36 22 274274423
41 32 631636276
74 10 253389808
56 49 672400215
66 8 752992963
69 64 815405208
59 50 614617307
18 72 237491892
60 29 281834480
22 65 693486785
66 65 786112216
10 43 738129906
61 14 553977101
49 72 584156501
1 70 177316082
34 15 414660640
46 11 796126671
1 38 916369366
4 45 694864209
32 34 539936507
31 4 177483058
45 61 700050193
29 14 92661957
9 23 100662865
12 18 905421543
70 49 913106861
32 11 350789366
55 18 735320048
36 6 904021622
74 3 432501618
1 32 4261502
6 42 454783906
17 73 540501349
9 31 891333887
24 18 169813563
46 62 738492411
10 63 127420774
73 68 894721926
54 7 69459163
75 16 12935256
19 49 326528893
31 51 499102736
25 62 571163927
61 8 628488181
18 57 951536280
17 59 657934796
26 35 329427334
5 38 39374016
60 45 877019950
55 29 153227877
34 40 839108045
25 72 665558439
61 21 530910462
11 12 656885738
49 42 93626157
41 69 156580633
58 67 979716477
14 49 219577103
69 27 752766168
49 31 989267919
34 27 131045155
68 22 683941957
21 14 157589442
59 51 406961399
42 75 387223749
1 35 55455293
9 27 892731783
16 44 214177184
43 73 646163218
25 16 749204117
1 15 828534747
28 11 506654496
4 23 258526233
72 14 23221625
44 35 696887736
16 45 633395399
14 72 922807491
36 64 827248266
36 31 424858976
53 10 811430922
8 11 395957348
56 36 819437604
29 46 391208849
25 49 929253847
40 64 335381144
50 39 325151723
13 14 591155611
66 71 579392338
55 46 634545257
72 11 502425473
57 10 943709868
51 24 882818031
51 4 225519120
60 27 354630262
49 39 891228247
1 62 645405236
6 31 196855386
26 59 51207568
7 31 654476260
27 73 173443906
64 26 938187381
42 67 701106141
60 25 998714856
44 15 921568100
46 21 931543854
71 65 494266190
40 14 455041600
56 64 526040429
49 16 393047770
11 42 160685478
60 30 792013547
49 71 910185928
73 54 702882463
19 1 456948511
2 23 258612337
22 51 400560278
3 12 706807829
36 19 374083075
14 23 646871131
28 75 252680240
48 42 507773979
20 63 972390545
49 23 562239385
63 50 839995608
59 48 25032410
55 21 386153533
9 6 504230897
36 65 793518691
24 55 526283341
72 41 107485232
73 16 11359157
28 27 405064185
34 5 916324179
58 26 829514581
25 17 556160934
40 30 833816368
35 61 607630551
3 4 487963419
73 44 182617165
40 29 449628002
38 10 444652226
35 32 871680896
62 10 537075235
23 44 960276838
4 62 502365881
53 63 620110992
26 27 49596971
39 3 440714814
69 29 745403952
10 21 267363645
20 32 640474439
39 18 859337787
34 63 729556322
60 7 422965931
32 39 69686219
62 14 26706466
56 31 1643376
23 20 480790661
51 15 264968120
71 47 908583121
25 48 791014459
2 60 730611153
6 28 707708131
18 73 901659051
1 52 154852501
67 34 484943045
5 60 459188373
10 70 447463698
21 64 709905331
34 9 123045816
7 57 756087578
2 13 881286439
65 53 422459114
19 9 439853822
40 66 977168437
11 51 778091560
64 19 185682255
52 32 985635032
6 24 809533450
21 58 698989707
17 36 134394758
36 56 595968734
9 74 571677867
29 53 198727762
5 55 469259105
38 18 476660587
11 64 970612382
54 34 602986689
33 48 563459430
30 57 368263588
41 18 993713533
40 21 560341848
6 12 725467150
29 19 665063148
33 1 197426683
40 51 47309650
15 67 853713758
13 37 158016485
8 42 616307018
49 47 148083487
9 50 184693133
24 43 539107123
6 46 747838516
74 58 717926495
9 11 313954545
38 48 387199075
31 73 577040219
66 18 191193007
3 42 892689472
65 73 802057449
30 14 212923261
50 69 971695658
22 67 170118647
2 16 986073455
55 26 980920262
68 47 302850614
51 22 101156412
32 15 436639760
66 23 598522281
56 51 952323451
73 33 415631275
58 50 180670508
67 63 861939921
18 36 233232940
23 73 602941283
7 73 662718613
56 44 815680457
37 33 454859177
2 71 299786687
36 5 47704371
53 55 654185945
1 72 251255811
72 33 406641491
33 23 836812845
23 24 272862378
19 42 610804347
6 1 559530091
44 64 852090897
1 39 290767233
54 35 708704613
29 64 460029665
59 11 804870412
42 9 916814538
23 6 600802564
31 34 487526536
15 5 650813757
47 54 1861319
28 37 489244886
60 59 10603096
49 75 933655292
24 49 209980133
23 53 182144755
71 54 87634133
8 32 986761901
40 49 130850538
27 33 442362885
65 32 902809381
67 11 225200343
64 21 681571223
20 48 848286359
36 45 50102545
65 46 185885333
26 29 132267600
70 31 446745517
51 67 647152429
17 6 911121521
69 8 709107529
75 55 907635633
7 53 585281466
20 8 433562207
39 26 804319356
18 26 470145396
48 33 103031126
19 10 45811863
74 25 536436723
63 32 2252706
15 57 440181340
36 53 352583883
49 56 607677910
19 52 629726478
19 20 917071790
16 53 595404223
56 35 862248791
64 44 345773935
39 48 721057058
12 17 184254001
30 27 77731961
2 4 858827515
63 12 191334115
31 42 133944517
53 12 329033410
72 44 704838266
70 3 679555705
1 54 124592953
42 62 162956302
24 36 807636389
18 2 850290117
68 67 846709932
4 36 618163308
1 12 93291638
42 71 836993517
29 7 8533232
44 42 249565459
43 52 439142904
53 30 301158207
57 20 343096441
21 55 779776898
9 18 745513953
41 10 847914020
26 17 188542590
52 68 571671140
59 19 222464502
64 71 53391484
63 74 887123366
4 58 456698970
69 70 780768272
30 15 685793760
75 72 203645579
49 5 34964412
63 45 230589902
18 12 764919581
16 10 742354332
10 31 857786473
21 41 679046418
18 46 595840721
70 72 359515582
33 69 587822939
62 3 197121517
68 43 590311811
28 39 526812734
19 60 322447060
29 28 77856763
17 72 408679947
53 20 982978286
45 26 961207646
9 38 787974465
37 16 777246950
4 65 959066943
4 60 682912885
15 28 651317472
52 33 852407006
55 66 592363649
31 17 359576716
67 57 842894675
20 59 911578250
22 23 256322409
30 23 768348876
54 5 6660692
63 42 81204659
61 48 474121884
56 71 373872719
26 42 483978021
6 2 355909190
38 58 118713250
56 45 515545542
14 12 368844342
53 38 29034528
12 45 619872939
11 31 836940416
70 54 160621486
17 25 502430357
24 34 620069977
15 44 367766847
43 66 745428853
72 53 119101564
19 4 582494346
31 27 140076742
48 15 768522515
50 68 162841841
14 74 78276028
73 1 293215103
54 48 706440925
23 18 535242600
18 42 532658838
46 69 726007474
15 51 875890212
71 67 976852284
44 67 196082286
2 43 753320554
35 53 398820991
3 24 462445614
35 29 988012790
9 55 126717163
63 75 487863480
61 33 130524607
28 30 653956655
3 30 491369267
40 45 375793699
70 5 626264211
18 41 854057311
40 52 689583442
22 57 134114747
4 37 293492345
63 14 792857514
66 40 120690472
39 7 646202461
59 62 975509492
58 69 519585277
66 32 559971123
2 21 661068959
33 56 795384002
18 74 227714137
40 57 733799070
41 28 328954542
72 5 908831954
57 30 433394816
16 3 665285302
31 7 823712943
65 14 801406723
67 27 529683950
66 54 414140364
4 49 14213536
65 66 329871102
11 37 368933265
37 71 189382049
73 53 791201617
8 10 811755254
62 73 661327634
57 24 990447356
16 69 857662916
37 23 19146299
13 38 234401972
40 11 906068369
5 68 302879112
33 31 198314646
69 25 551903374
12 72 954178872
37 13 373222871
71 13 22987820
20 49 432413880
26 67 289322013
28 43 46906307
46 8 944390741
66 28 324440060
45 48 677916626
35 55 764493705
46 31 141365422
60 35 905995921
25 27 208666740
33 40 131865503
71 1 445877614
64 7 771338505
49 35 190806627
45 58 732772582
9 32 252114152
21 75 188383024
34 3 498592620
18 7 79008077
2 50 656382219
16 58 441287416
63 15 279500741
43 53 972270991
1 34 756454995
4 12 161931665
40 63 144331043
49 8 925347608
23 75 202031121
11 40 948737822
26 71 346894134
62 47 571136888
9 57 231550114
27 22 97809043
55 31 815856426
73 8 330168861
42 40 218397083
36 21 267840014
63 55 804191773
19 53 49910760
55 14 554752073
40 43 582347707
12 58 225605802
60 69 486060960
23 70 778573454
63 17 343025165
17 24 805773831
30 4 495334573
1 71 615014844
31 50 132986519
53 52 680658984
52 27 918343083
33 38 68299586
54 15 413738917
62 25 29938479
8 15 637692658
42 41 389657876
60 18 198437023
53 32 751102121
37 50 398847329
6 51 364518894
70 29 416051394
20 73 265362179
72 46 486104707
49 62 407978562
40 22 893873994
39 15 957519652
52 34 437582787
52 41 490450597
14 53 968528998
4 71 159313371
54 50 123331389
70 9 629530539
9 47 281125542
60 32 256874614
72 74 390517157
30 32 960153428
12 53 753464070
13 68 385988395
47 67 665436250
8 49 431560778
67 16 28407940
24 13 37915591
28 15 97702953
34 75 877024522
49 15 641077800
61 57 172240139
35 15 864381889
37 66 398376712
31 29 790814817
38 74 746533656
18 56 288509677
71 14 513158493
24 66 798878143
67 38 59583356
13 63 56293635
12 44 425578827
50 31 184928847
3 54 97182363
42 50 930342747
61 7 956221305
23 2 398530658
19 59 77651104
69 24 711635096
38 54 904349644
22 28 348067164
41 30 314379955
25 41 73015577
16 62 432067326
2 17 862759253
73 52 180351504
15 54 675655695
2 36 111996821
50 34 961262090
12 41 553501337
2 73 555117222
73 69 950587868
18 27 878586801
27 26 740118662
50 26 272013586
33 11 764241260
58 47 903676252
44 27 758927395
66 51 326764649
60 41 614798746
38 26 94143757
15 35 557949433
32 40 508093597
44 59 417285938
40 48 875494782
21 71 334678473
65 47 860704009
4 64 237912616
27 18 534471608
34 4 777281497
65 19 903243003
53 9 633769811
73 7 443374944
11 72 595680018
58 62 56400268
47 30 698904911
53 24 459067477
64 18 216592723
68 44 759636723
44 22 87156867
31 25 714353758
7 51 586322509
63 1 731044468
9 65 20674895
42 44 58001283
14 22 384383107
67 56 322830202
18 17 164906962
51 42 10549180
68 15 495172374
38 65 318109689
63 52 945835533
64 70 459225221
15 74 19939789
68 42 981564029
30 12 741182320
21 37 553780346
37 74 942593896
27 48 293283909
46 33 496850022
69 53 898969215
47 14 377377556
64 34 405230077
54 40 181997457
9 26 909610682
70 22 800178185
19 58 200079067
69 74 797580257
1 47 667535138
75 2 828479928
48 29 417984864
33 58 898324499
11 73 520595403
75 26 96342419
40 47 392825569
52 74 234983311
6 52 371666636
35 21 61569791
60 10 371044274
3 45 396955702
11 62 126754091
67 23 458874320
36 54 26373353
43 36 631785536
60 64 366401917
25 12 663080252
44 1 689828063
11 61 295374571
8 24 323340071
39 14 548510250
56 9 505001722
75 63 330553769
19 69 516339149
72 29 697642641
56 67 119293975
20 52 725066842
32 48 711368606
66 52 750570127
6 7 30255106
58 40 418806622
12 7 815153886
25 1 488054562
73 47 310900481
70 27 962470036
50 45 26930612
57 72 293722878
26 1 635684820
22 72 852542015
74 59 892347992
42 16 36954654
16 75 125798993
5 41 659579159
30 65 587191460
39 36 634067475
15 65 958126446
27 69 369762424
42 48 953108480
2 24 822382120
75 13 928743083
2 38 860163730
62 26 913152467
31 32 22619157
64 37 476024640
24 30 312904376
27 1 393329763
50 71 547946369
11 27 601323901
7 38 535163265
55 10 695445214
56 65 72812262
44 2 535492141
28 74 322372186
7 28 681779886
66 48 25643904
25 50 829223770
42 20 108689141
31 26 152244370
15 4 974894992
12 49 852357098
6 74 801666785
53 22 453378202
39 63 933846677
75 60 357987895
74 17 899930297
2 52 306759132
48 58 590242810
17 12 595517690
46 55 963097689
19 43 416686842
58 18 240905743
4 18 326197787
62 46 299892572
14 35 570652523
36 61 416618919
74 18 157332484
63 60 895862310
68 9 539941304
63 47 640318449
20 3 116386416
50 18 192788718
2 57 748350258
32 18 942491551
4 56 514525354
2 45 47992894
67 28 495867723
61 54 399908736
58 48 183522106
26 70 700258345
36 66 799034054
7 72 197918338
53 49 395700972
25 24 648571398
32 71 599860977
49 3 239601316
70 48 529802318
51 33 267683295
75 56 740900385
68 37 571999201
37 48 395582833
2 7 871451443
45 57 644457535
29 25 230534070
61 10 200824098
58 66 740316976
74 36 997897826
41 46 918135902
54 60 525851793
58 16 476330231
31 37 39514748
54 53 863287246
19 67 751491960
51 12 302611378
20 34 875186251
34 50 614908086
58 22 797362317
35 69 574543458
6 48 691298613
54 12 3359983
3 44 261340106
60 53 555569568
20 6 647160740
43 8 972591681
71 25 958077557
21 54 114898716
71 55 337340938
3 64 420764694
33 45 157635367
73 31 559615486
74 11 226383257
1 65 445703323
34 56 436534420
30 72 530341019
38 36 482423697
12 68 476771866
31 23 678244299
20 23 43714783
14 6 746042402
52 9 859269878
5 57 723180051
36 20 905710789
46 72 608952901
59 54 386841156
34 52 913796228
47 68 363630553
54 39 663144576
67 31 885620300
15 75 364190844
30 74 480179515
35 8 582087589
3 36 944203605
27 21 678658631
30 56 112229973
7 11 582408254
11 8 18567511
7 18 221108823
60 16 369232658
70 39 9113861
15 52 960760678
36 35 324313409
23 43 873677358
4 19 909106158
31 74 542192105
63 59 154023206
68 72 741116247
10 65 973753739
48 57 123132641
35 9 476487700
34 7 548181302
5 59 376824982
15 45 568098564
40 37 195135459
34 74 436056339
6 58 964939324
50 64 853714978
22 20 766882451
57 56 942267009
35 25 213476052
63 24 876034442
33 35 438847824
1 25 213141356
6 50 892783533
30 1 539983214
5 4 488829987
1 42 425882198
29 37 8032172
71 74 874214596
13 74 362405923
25 51 518897497
47 65 326155780
63 40 288568957
61 4 312276926
62 69 208891344
40 60 889320719
71 27 55527545
53 18 671415150
58 51 65905212
65 5 805313241
56 72 138347794
2 22 590054815
66 61 992992655
31 30 178771493
39 67 32785192
4 59 50202357
45 12 662446143
27 15 166943835
52 75 205869547
50 4 100629155
31 13 11163442
33 34 713408104
67 49 519814348
22 27 686237096
67 20 855622928
59 52 920395438
7 59 276901581
61 53 895400645
32 46 27890934
1 67 710129464
32 12 504182597
3 5 253130873
49 59 966569329
68 20 437689853
47 9 583454534
14 61 743577187
16 71 458015140
27 25 453083792
39 33 112687658
65 16 424684829
16 15 732036477
30 70 722162996
18 15 219887060
69 40 244322394
9 28 61062432
7 44 582783911
4 33 75945700
65 42 13532784
67 5 368605727
48 3 170806320
53 16 865398208
24 26 117699764
53 58 584864305
8 61 550872371
62 50 787965648
3 22 886817572
32 64 492795252
48 26 24210335
8 46 752166847
11 45 158868358
73 35 167159964
15 18 341686530
22 33 906798293
38 46 596944952
75 43 735581829
50 46 324537356
69 13 229416410
37 54 822977588
67 55 325968961
71 48 882543047
37 56 42176721
62 51 76094879
38 13 38147167
46 53 227039707
27 28 656131637
39 43 525558030
24 62 159071403
42 38 761824561
32 49 243116610
49 64 109581362
12 66 377868953
19 74 377746197
17 23 133428581
6 13 35574972
5 73 696466866
72 59 40873620
24 5 382957321
20 31 815133546
9 54 252124664
18 25 745433289
29 38 955870269
61 45 67717562
20 41 517000314
19 15 281042148
22 74 666144863
67 1 146715395
50 40 334546096
32 56 427513402
30 3 466407459
2 5 32082421
53 27 972641811
24 65 933372881
51 63 839621625
37 49 414746580
17 55 331902854
26 37 402974097
23 64 136869525
8 60 274650605
30 19 918894038
13 26 136552688
22 50 832155545
69 47 789049060
44 46 520196651
27 74 777241760
48 22 388882573
14 42 352529445
36 10 960714654
45 16 770998843
71 75 453216780
21 20 17651336
36 7 86502312
73 71 664607733
61 47 250512457
52 42 609260770
48 71 879065652
75 46 612331977
22 70 327696923
4 3 337987784
66 43 564397960
16 54 405632391
59 30 166592745
5 48 687619860
9 19 516298406
16 21 166581579
62 29 810337571
40 24 259913386
61 71 568078464
28 7 384362085
22 13 25681511
17 38 576429408
25 66 210848944
43 37 478077274
17 62 462492406
66 39 822947949
4 63 219492114
2 31 690566421
20 74 325622955
35 75 981001314
28 62 789644438
63 22 945077346
73 75 352157307
35 2 371865446
13 72 447818855
55 11 298742977
5 42 522597629
11 60 280427858
55 53 43560087
48 43 616494652
28 57 926393016
6 68 350565685
57 49 144660747
23 14 213883564
16 14 901321795
59 44 665954741
9 37 727269845
3 33 841541002
73 58 84875588
63 21 862617388
24 54 112536552
65 71 46764558
7 58 30785991
17 70 881446665
30 37 262163315
12 11 757893378
59 73 686499271
30 44 605712795
56 5 885602390
15 42 48164107
56 27 156531548
37 61 891220266
74 20 977367494
74 8 71469863
43 55 932959294
74 28 81187592
75 20 973281050
50 23 163304244
15 43 289851688
3 57 792291694
71 31 830185559
20 51 927970171
41 63 880491694
50 5 164410109
49 57 641255772
47 33 120256939
13 27 47217091
6 45 414331616
40 67 785863987
2 68 674906875
35 23 232433319
22 15 256801625
62 60 255802811
40 25 266076722
75 5 217041534
63 18 890817683
57 38 957086878
23 11 977607914
7 3 607091713
44 13 670569853
29 24 709653239
32 14 542417409
10 29 988368207
61 36 242370921
32 13 286990164
23 19 631522236
23 4 820159446
57 23 525070955
47 56 454512361
1 3 23024079
70 56 476377727
75 35 242709280
37 53 497668150
60 13 689978871
38 75 411952049
56 73 787088595
26 50 910850440
44 65 900410084
9 20 218944286
60 47 715312608
71 16 300797948
4 40 545299235
57 47 441896289
53 54 479722955
9 13 217828501
65 67 562533006
41 37 15385826
5 63 657214496
18 24 633355828
7 34 448119199
14 65 754883406
54 61 562934638
58 52 730606268
64 28 827584632
26 40 426554888
74 61 460150776
60 51 116751638
42 52 697349764
34 47 174327980
53 60 29666864
48 10 724503570
58 71 838547640
7 43 421367556
71 58 504823178
5 36 374818150
7 63 842018337
32 27 41425118
23 28 482775027
75 41 222534771
38 57 950387489
23 26 305377289
50 6 717120748
57 39 607681312
56 50 79185477
36 60 191758140
6 60 952785446
73 55 916957440
23 62 217923678
2 72 668252888
44 62 104911353
22 5 203809894
33 57 816353804
26 3 288067911
26 13 597019982
2 9 918521936
73 12 270018347
36 14 414779853
62 70 702770598
62 37 725122312
13 1 32961550
65 36 212531755
67 18 920542045
67 14 538337366
1 24 874526037
55 5 160602963
35 47 92113445
2 1 335818632
44 60 520042776
15 2 331414832
10 52 897730054
27 34 545881029
12 24 394359233
60 12 593215165
54 3 927254190
47 36 375379889
68 19 339793695
52 53 767225389
17 13 292456664
45 62 48065552
30 41 528089244
61 26 658023162
62 45 729837456
57 15 800226367
6 9 77307067
61 67 499449925
16 42 778344708
41 65 154279591
14 60 612086194
29 33 996633648
26 49 249750472
70 4 995401784
59 67 116143576
68 60 847207317
9 15 724592536
30 35 583459587
73 24 503854953
15 26 837558185
31 47 910270280
11 15 685973739
11 30 357762701
16 13 639965320
33 9 602227366
55 37 96215198
28 72 352945958
47 61 962200666
8 64 776308856
20 17 92120690
41 72 885055788
12 23 245988523
71 63 391681487
1 21 86805720
58 70 959691702
18 65 763371458
66 75 547116779
73 29 941101110
13 43 601305109
64 23 559112274
27 72 373596830
1 51 838147385
55 42 184453721
37 65 795247393
23 22 186834115
59 49 186190733
51 2 190862676
58 42 634188907
15 8 222850972
72 12 147993473
4 13 998803716
51 31 835634320
43 22 855850574
55 1 55973954
8 54 815910409
20 57 763390298
9 68 907227015
40 32 194609985
41 12 477905316
42 57 70491600
54 23 265470223
18 38 251642845
5 66 911748210
67 12 646031845
38 60 62611968
23 58 125035839
3 50 366632341
12 25 344222493
12 59 767275581
52 64 662929406
52 2 783565179
71 44 275364682
59 46 407648488
40 59 317125748
3 60 913646873
38 63 11770126
26 58 978405084
75 71 695139716
63 69 279006621
68 24 425194252
1 63 201486386
58 63 375596320
18 44 254505221
64 39 668848435
60 31 951879912
16 60 673143647
23 3 644696914
62 23 792141794
57 66 725226604
34 46 490385491
53 70 259783913
7 23 45266744
5 51 666541721
11 57 165843480
49 68 574427403
56 34 552093728
12 43 36268176
14 3 107758189
64 22 652423925
8 50 403576772
61 70 726341768
42 43 284093435
27 49 904212169
17 67 84815989
59 24 327516138
10 73 823442687
73 4 224795666
27 8 607720438
6 54 37282393
31 19 400436612
66 1 287182960
39 68 327821612
33 4 308383039
58 14 169207131
24 59 985399320
41 66 83529629
69 31 198959050
5 8 757984996
46 10 376998032
14 47 777779658
14 9 361175453
47 64 443480614
51 21 416038319
49 17 66319516
52 38 524846640
54 10 329209843
39 50 723515253
68 21 903547210
56 48 170816732
44 75 153510266
43 45 691941792
67 9 86739328
60 54 445790786
32 36 242017776
48 52 977523128
63 25 780318256
55 59 893614009
8 28 110670963
13 44 384992589
52 18 66711536
24 10 534598021
22 56 458833227
29 16 104286243
44 12 231985427
47 40 659478817
37 42 712875408
9 3 828617559
29 20 237539861
27 31 395461862
65 61 28752046
65 75 325656703
3 21 854080639
32 68 567646997
9 39 276273506
57 41 441729589
16 63 575047830
25 75 816527430
8 67 249286892
42 26 992197727
75 24 714897953
65 35 326819770
70 60 729476925
14 36 178981346
66 58 978689903
38 8 932832444
66 13 189436497
64 15 917674564
70 2 718428117
45 69 912618359
38 17 962663977
58 68 622755119
41 71 98880079
74 24 651568095
46 40 37287017
58 75 397740171
11 50 66727343
47 21 417137430
19 28 761415450
59 75 600435546
55 27 689588736
28 53 629500539
68 48 202324320
14 52 735668071
42 58 470557247
55 51 887200635
7 27 912457329
12 5 839481460
14 1 484983768
21 3 492372792
66 74 983008662
43 26 703898159
49 53 421109453
4 26 795991205
69 11 425609229
39 45 195972724
46 58 903827549
39 38 334704889
71 5 566781843
66 30 431165275
56 22 729461789
12 37 718494674
70 37 149333487
39 17 37847737
25 3 967197982
75 70 803585449
46 61 275820787
74 34 836707792
11 39 827388069
51 65 166923972
17 45 109293707
67 8 152527759
24 37 609393562
69 46 17926426
54 28 796825669
18 33 470782795
14 30 489433047
43 42 103724635
28 44 967212900
57 16 976763318
36 51 110032978
8 44 450373354
44 66 904865452
14 48 476558949
18 28 669914319
74 50 671920295
30 26 680253230
36 58 36939018
73 5 117114051
50 56 126539626
29 58 757442777
74 14 686955392
38 21 408786216
26 63 543910202
74 13 246016379
15 47 445363591
28 42 381281092
10 30 909604597
40 44 224633531
20 7 101646130
53 50 365952643
11 49 534273865
47 29 428074012
40 6 302453946
8 73 907169268
24 27 700380809
57 44 608505277
57 9 165781670
42 37 670087836
65 27 547979675
42 56 723544066
40 31 34203736
8 74 743878254
50 44 198404622
64 58 43813309
20 2 981710548
5 1 161461930
72 2 911534082
35 38 385386542
65 18 889974742
7 1 866096134
37 64 700668843
35 26 458419475
17 33 403109146
49 50 151428554
36 12 856884135
12 70 772657516
44 51 491678507
10 67 104917827
19 14 292939113
46 17 598811058
69 63 588911271
14 56 480685388
48 12 198836328
71 24 371837720
36 75 686209553
29 47 332564713
66 42 310401125
29 18 171503681
45 53 247753967
48 59 110575859
46 35 485795609
30 13 407390103
50 55 493319377
46 19 593858629
1 31 352201839
62 2 192682633
70 69 308073892
70 6 87777906
72 3 762454900
19 65 62030714
3 18 6715466
65 34 967650417
3 61 904204375
66 46 649232086
9 52 726660273
27 23 143565914
47 51 817797628
49 14 430764963
26 51 775493541
15 6 422756935
75 51 724463374
25 47 556213552
1 4 267345585
34 12 944767603
44 5 286887162
6 36 481508626
51 9 414344671
50 57 381729683
30 18 628412251
15 38 664930032
30 36 586521014
31 65 493036452
37 15 209469162
37 28 217154218
12 13 337564581
65 51 275019551
54 21 121515994
53 33 401358854
70 25 415552150
68 29 2329407
12 21 510936005
49 69 81909418
23 59 966692912
12 3 823636278
25 14 469253325
73 70 53473158
68 12 231228702
54 49 7047572
53 5 223925798
74 67 819977490
62 63 689844469
56 70 410895191
63 72 369598460
60 58 731437275
69 38 182502862
20 75 166340104
63 11 664924051
25 55 14898147
35 31 507061452
38 23 599107235
71 6 163191504
12 47 140461930
65 62 516971817
31 3 173698065
49 65 147679111
15 14 973754301
28 35 812676920
63 34 938544436
29 41 181251054
17 54 194621923
4 1 734164890
44 40 723805513
58 5 427597711
61 64 317713290
8 12 276682444
15 60 445645832
5 13 280540516
51 52 795772218
7 29 256175430
73 11 820996220
37 72 958831319
13 7 917572235
57 21 15964381
22 1 85404661
60 6 392519638
35 46 107877336
57 17 658129199
75 62 425935159
17 37 645975918
6 26 577711789
62 22 865470606
54 75 542860111
12 67 540995351
19 12 649026665
50 63 768083575
64 51 968567048
73 72 816159628
28 63 610512754
31 67 748774984
36 30 261951074
67 72 468610272
40 33 793519188
63 33 813040845
55 24 609162970
43 58 239776958
20 46 804541656
7 17 802420264
39 74 667475678
53 31 478652347
46 26 350891902
51 14 319046959
68 7 742965396
37 38 217662406
55 19 799712856
46 29 975297681
50 49 51510387
10 53 755784643
58 43 484677658
23 51 175101915
16 49 217096195
37 5 542025930
31 44 449756764
30 62 570265992
66 25 311127376
39 5 607954780
22 12 529925130
56 39 701549028
52 50 966544952
14 58 411681918
32 35 826143131
18 66 587648801
40 61 397491764
1 29 324207091
39 22 990647327
60 4 276278651
23 46 237578936
16 57 194467945
48 56 794930442
31 39 713018030
19 56 880831192
16 74 232863431
5 49 296093116
30 60 362636409
6 20 457432417
74 65 478764335
51 74 365816325
24 45 523397974
30 16 384000864
22 2 122540860
4 22 643818564
24 53 498923354
63 41 333626883
43 31 571763386
27 4 116413172
19 63 912872464
15 41 873180047
42 19 541795034
40 28 937290174
49 74 714405467
34 67 390829815
30 25 218866232
56 43 849712165
4 31 948508447
35 37 350403053
49 33 43940884
32 61 159117099
26 33 925252264
39 6 529181474
48 27 573037487
20 24 659130446
50 43 236121601
3 59 122001819
21 51 835222543
2 65 617142214
36 26 188562613
28 26 996742353
15 71 453031439
4 7 260378236
69 49 513790196
17 1 523972983
15 49 380534315
69 60 8653428
22 60 505797659
26 20 157710906
34 69 477311732
67 58 993496609
34 24 571259954
24 9 783674479
66 36 957998959
61 56 783560401
33 21 476401607
75 25 729195871
62 30 446487574
33 39 961915962
9 64 72488829
25 10 568689544
41 42 343066564
36 69 22089647
20 19 334894204
52 12 955803517
64 62 803617700
1 8 780242114
55 49 302928612
72 47 763112226
16 25 280985848
15 46 953088139
23 8 138708400
13 75 274816883
7 65 669423527
55 30 703674026
54 63 862065330
57 6 978231867
23 17 448441744
1 40 318340084
42 53 883194390
55 75 481323847
38 28 901716882
8 48 328139871
62 49 286048278
64 8 96687033
21 23 487864707
46 25 930915702
20 16 336929276
15 12 444271713
50 25 940554290
69 18 403574720
48 47 500156037
68 69 874640484
7 48 458643564
63 9 976286049
8 65 245463731
67 61 919167549
46 41 990860684
19 31 461713294
34 16 764064041
74 16 625044315
49 26 61298684
24 50 277377244
70 62 487695799
55 71 992817214
31 35 364748933
34 28 833727546
16 43 509130638
61 50 665689194
6 23 871627789
23 21 762197899
62 66 349311385
33 27 983579841
26 75 340906833
15 66 560985300
25 53 423265825
50 65 72297035
61 28 669347937
11 56 730146413
75 64 389276821
41 33 112626549
67 24 683549546
5 50 695328619
60 56 171988015
13 5 589818119
68 33 393887202
64 54 679547612
55 54 780613313
37 29 887590335
61 73 273673999
43 33 830400262
60 48 10511185
73 60 967849600
6 40 796204147
12 64 577791488
32 72 361391771
47 16 408557403
71 66 235002745
47 3 337217968
51 6 317311682
25 13 35461384
43 21 491222718
2 69 165250567
43 2 738548233
22 48 253299562
58 23 232422907
36 74 228273813
71 45 8856309
67 42 461766229
17 9 643571844
69 28 137996149
13 23 399384861
31 33 314036046
41 15 960739741
10 1 533131082
10 34 471466598
29 66 532882907
48 31 883809031
12 74 488769466
5 15 221763808
1 44 99168889
54 44 697309820
6 25 811873802
68 49 313852927
53 40 899827631
8 2 889740599
19 64 634709917
54 38 178683908
12 8 217137684
21 62 17653471
50 21 801369114
34 6 413998692
55 61 294212581
23 56 244266
41 45 805289402
1 61 971364196
18 71 912619770
52 45 819867703
46 65 566533182
62 33 124442702
22 54 453072571
28 24 858478243
18 8 476737235
57 70 791936274
52 40 939005272
7 22 992606359
54 71 991476767
27 3 867196264
73 34 447586036
3 14 474176465
50 75 634455820
4 55 950523551
74 47 465385341
33 43 890254125
40 41 178591871
71 52 452633622
13 31 575299865
64 1 921985620
20 56 307412001
72 71 74871064
21 4 330218300
50 11 413059920
46 51 637968577
37 75 680627502
69 34 692687639
62 41 42444578
18 37 830325967
15 72 461979163
10 45 7246966
17 41 317766307
20 11 69318546
15 29 933754776
20 12 923289139
6 8 928108375
22 52 973434263
13 58 332834739
33 67 931137050
18 34 427077873
27 57 825971875
36 17 778540102
36 59 982718125
19 30 138545630
2 37 296323395
17 74 346978163
46 50 220805389
31 41 631077532
26 6 285533135
15 7 647745177
44 26 183624819
75 37 494871844
58 57 495777105
54 56 262271744
34 72 193671105
1 20 156629637
21 44 946063968
43 50 848476317
66 70 525834618
25 45 22425116
39 69 634250594
23 69 380926316
11 2 491874420
17 65 794034173
28 69 706423668
19 16 923010175
19 61 434833613
37 41 686510883
39 64 218990969
10 6 942766258
2 61 687343708
68 51 50115628
70 66 721179622
67 65 292351140
4 54 31363030
66 29 908289271
1 9 384460407
72 36 194604898
54 22 510580054
42 74 759855151
28 17 38181792
50 54 282279486
14 15 627563649
63 16 769335431
30 53 330175378
32 42 184472303
14 38 878933264
10 26 181218311
54 36 867807001
54 37 477586724
46 34 729562713
66 35 71703177
50 67 325016913
62 40 383506379
54 52 822248810
1 33 136150277
68 25 500768255
73 10 589235767
46 28 786711067
71 42 691020597
53 48 843851020
40 69 543243062
21 19 273094293
11 55 727148577
73 15 228742477
7 16 577198353
34 29 174230024
26 25 765811017
24 38 413972628
43 70 365250280
59 39 932158144
56 24 31683527
17 15 318629850
46 14 422368097
13 56 628915124
59 38 340235900
42 30 360176223
44 6 588571176
19 24 626218195
46 4 304150544
44 45 325107901
45 27 523242878
61 9 610757613
19 13 534939315
19 3 883229801
10 61 460226959
27 2 708771588
15 63 368278398
41 16 477323900
18 21 280842015
52 62 658570124
2 12 741000673
37 4 513386085
2 58 960467853
43 34 372538307
24 58 444839080
67 6 826337088
38 70 942024042
52 39 487703112
23 57 821055351
10 60 226462944
35 11 516300125
41 36 561562390
40 7 390294306
49 70 924056253
71 20 877060373
6 39 509129759
48 9 206586136
20 58 673743301
45 71 662913639
39 13 937671402
31 12 10226659
46 44 342357894
17 27 527282768
57 33 447565608
54 32 855181258
18 22 774075368
61 37 678192071
44 32 275074331
35 63 880725032
53 59 621657338
39 58 219417718
38 40 348427200
47 53 398730077
26 61 289013099
26 68 11196798
33 46 894236749
25 74 33142031
63 48 390633863
43 63 214891064
27 11 813343786
74 52 318635452
58 7 744354265
67 30 826540535
29 21 955019071
54 31 742884521
16 46 385796295
3 71 84114910
71 39 643528792
9 4 419007762
46 64 219188848
13 20 722965028
34 53 182284078
37 14 18728888
53 57 477753981
59 71 952858684
66 34 226280450
35 44 556897548
34 14 141392804
25 32 825038142
75 69 825189295
3 29 397844917
47 2 108693917
1 41 289776557
62 43 625926240
37 26 963124961
37 11 791183366
5 44 26262212
56 46 4051304
55 58 287206485
15 17 122989193
43 62 307890584
34 66 427861784
74 1 110584878
67 2 596307570
9 24 66824649
7 32 984012109
60 15 900161989
44 73 194953233
28 65 890255617
59 43 584017226
37 63 994500343
16 23 866134949
63 13 519640967
30 31 723297779
9 8 278879103
60 57 88220846
69 22 32979594
18 55 299606751
68 46 107715380
9 46 639250925
68 17 146849788
6 69 833885928
1 14 359636633
54 72 959432648
19 22 235140234
20 13 949016393
29 10 112758029
17 46 622835542
22 59 157659964
42 66 95770750
33 61 661391964
46 74 14799949
56 20 363537766
53 6 796316829
20 25 560342795
44 69 580931178
11 16 295274373
70 71 508983763
52 4 104220508
25 39 873405521
45 6 162334166
74 5 265697868
26 4 963461586
45 68 724855493
74 63 563624918
65 3 113738738
21 26 836793343
44 25 522872529
37 39 267526463
37 31 32584286
1 19 107963559
6 32 414587582
16 30 100600211
31 66 891874116
65 41 339250729
34 8 211739427
3 11 122945207
25 5 595110591
68 27 142088080
20 70 948097511
75 8 873187259
2 70 399626040
14 27 688985395
28 13 822344327
29 9 873016989
62 48 585272582
10 59 215763897
29 44 703008542
6 34 528620090
11 53 799598229
62 35 212000045
37 8 136187026
37 51 579465854
14 50 737402867
38 44 16606344
28 38 654531077
75 42 669541721
13 59 689052849
22 21 207255900
20 27 548321273
66 63 584968525
51 11 252371087
4 34 660825338
55 50 400182189
14 51 200445317
7 54 565361442
28 47 398421509
23 27 147461815
72 37 471261009
36 24 941117679
32 60 460746344
5 43 164355911
7 69 946821714
14 68 913702324
49 12 48103785
71 62 804348393
67 46 300020100
7 49 357765050
5 19 718143743
41 67 373954490
29 2 424215535
74 19 381948441
74 38 349942965
28 19 423481033
14 29 126685289
50 10 166301716
60 33 166555623
38 15 471472248
8 4 651437908
8 34 166645154
61 29 441610906
45 25 951152987
9 71 491111852
2 25 736894025
34 11 967385527
62 19 120353397
10 58 790841004
16 12 196314339
69 66 942223172
40 54 258115359
32 58 167288781
5 37 46746815
47 1 630492105
48 2 624227340
44 41 466774669
47 49 968612219
3 9 280733714
7 70 164655484
60 49 499745969
45 17 748170059
47 38 601096468
53 43 125426993
38 49 228537371
67 40 142764774
53 65 888011106
46 43 819609706
10 69 47433275
74 60 792790150
65 69 869660686
13 70 860669675
53 28 456901108
26 44 433449395
40 20 930001910
44 24 322268029
61 25 481232589
11 4 469275649
34 49 877191819
4 15 820333155
66 69 812379262
14 63 863980984
41 20 642558321
14 75 809614703
12 10 887202865
2 55 547760312
2 3 130636648
51 75 323906242
18 23 810322611
61 31 789327826
70 19 73292063
50 70 776933242
65 1 173173132
22 42 793993506
54 47 375062186
50 8 771237746
61 59 969024791
45 60 599088981
68 45 593431192
55 16 944299147
33 60 845402622
17 47 502430318
3 63 692276804
12 27 652400297
5 40 8267092
30 75 735820006
3 40 522414317
46 66 761578502
61 6 1058756
75 23 711203489
5 33 677389728
46 20 591462607
59 34 124277234
52 61 970935536
27 7 9007361
12 36 123210140
64 40 987837434
71 60 258906873
50 22 739766066
31 45 643816627
57 19 523679926
72 26 583858653
73 45 393920074
1 10 797901367
44 68 924595399
11 44 174162065
5 26 74862585
20 50 297802548
35 72 974803635
32 41 114697004
17 19 659522123
64 67 144677799
48 20 773872370
52 26 306724366
49 52 4562667
51 55 367233984
25 31 169689276
75 34 311672864
17 31 888510728
43 14 457437121
32 17 702362888
63 27 435063492
9 69 512439334
45 19 872989710
15 70 304384566
36 28 509141972
71 10 26701991
27 50 754818122
56 32 554755445
9 44 580034834
73 65 675505329
39 12 557825012
64 4 153383642
23 60 946050596
50 24 455971265
30 34 806102839
20 21 220814024
54 43 741876370
44 30 619313474
13 66 425722170
74 66 306905035
41 9 359865053
25 64 120187105
26 72 200847955
44 14 845200839
23 29 544037438
16 6 65651813
34 1 780746161
1 68 252667301
8 52 311337603
18 60 815926271
3 15 705131886
44 17 220088416
2 14 58720955
10 9 96032858
47 34 468780557
25 4 34573060
9 17 937227911
5 31 932952022
14 37 953317026
10 49 822090113
10 16 130921635
57 13 561053278
28 73 990924473
5 67 111473362
19 39 902953667
11 34 894574078
44 52 485196347
13 52 915778234
75 38 882776326
44 39 455336081
74 23 41043107
18 68 501046138
34 32 126778948
33 2 285890657
25 15 458318353
40 71 924737964
44 57 289894643
71 70 635168740
7 26 210371142
69 7 102325085
9 42 365953622
36 70 295532163
13 51 902160593
54 2 958849825
40 74 616879514
27 54 745872698
14 62 332713501
39 47 14701083
10 37 226826822
74 15 666861273
51 27 600907169
59 55 226428338
67 43 365239825
2 67 747402490
20 55 242392875
37 17 747528458
36 68 802258456
68 63 506028332
60 3 273083946
75 3 458365629
50 62 852322364
12 16 399964334
41 60 828801903
55 25 655460319
36 9 979330678
4 16 50611709
48 14 753584111
68 57 343780000
38 53 590872837
29 39 523894744
8 51 754600014
52 13 160168365
15 48 602273249
26 43 592230191
14 31 116394739
75 19 800986793
24 60 538493485
22 40 332573700
57 54 670942779
55 36 384799333
19 51 499524762
26 69 919675178
71 12 498289353
38 9 343656657
21 38 59288541
35 51 708397057
44 19 165122481
72 20 455093305
10 74 977808083
35 41 69167033
25 8 76396174
45 1 582096003
67 60 920852847
4 66 554513751
71 35 317383504
70 15 57154188
66 72 484476142
8 39 389085554
45 72 479131202
8 3 760602376
57 48 282873641
55 57 836168744
58 19 982545155
19 73 27084115
29 4 888513737
50 51 876666286
12 40 397634240
55 40 692073011
30 63 795721568
15 62 185482266
30 73 797323875
37 45 129454484
21 52 358591967
68 36 633240123
71 53 166159284
12 65 525571741
42 55 476513259
51 56 351201307
58 73 738889876
56 15 209849619
56 74 805075215
9 14 851473677
3 65 395321163
38 61 462560195
58 13 130770858
50 66 139111295
65 28 167088114
68 38 548893138
28 70 311918281
49 38 356131425
21 50 259841469
25 35 541923564
71 38 739303387
69 65 342266353
73 61 505522572
64 42 581463423
45 9 669701527
28 36 372877872
63 6 941669305
28 10 502699931
7 12 598331503
35 6 317535779
70 63 757895891
65 7 842891502
51 5 19195099
69 4 598266073
22 75 559501960
48 11 20371036
3 32 310540310
2 20 459474800
42 72 664353967
35 74 38116424
19 66 538244130
20 69 628483995
47 24 511768363
61 35 964566795
66 24 975642501
36 3 818411510
74 43 742411592
46 7 767654604
18 19 993352415
34 68 916690795
39 2 74948986
64 25 341407507
64 10 913816967
57 34 948752846
45 51 121421941
54 59 812489186
70 33 984033216
37 70 202860667
24 7 41519594
29 31 864483408
33 16 291581311
64 53 33399066
11 23 739658763
33 28 47465674
37 2 670114430
13 25 530851508
16 17 942257827
12 51 802980754
28 32 978233881
18 13 709463360
55 69 683916599
65 23 240533049
27 51 865489745
16 19 34827126
62 71 203633351
43 11 836040048
39 62 118303562
13 49 454372889
68 8 393185611
6 22 874649025
30 8 592526283
6 27 777772416
42 39 407062397
40 1 100657851
44 50 848273845
68 2 328871480
69 42 5462978
51 26 717159029
27 67 239534111
20 5 987582439
74 33 432428628
10 19 492430925
19 48 249664188
13 35 359590613
13 73 308700292
10 13 167692201
60 72 527248376
74 72 438658909
29 32 26794459
37 46 133294789
55 4 107671080
7 42 173255082
35 52 961095999
50 53 154082251
49 2 661546134
29 56 626622988
51 16 325564800
26 16 731107884
60 68 669036221
57 32 432297998
20 35 351010540
1 60 678092665
45 11 968250870
66 3 553723461
13 71 704596147
31 10 818631241
55 48 718813740
43 67 401101865
38 27 928779667
2 49 433883680
74 73 238215993
25 60 408524213
30 6 31558626
34 64 608749600
5 6 289109678
17 52 699577227
69 20 509590022
8 58 949213525
21 29 765020037
68 41 336485464
52 37 62887845
56 12 974188
47 73 324673298
20 9 839781469
21 61 362380841
45 30 963054102
24 23 755198192
26 7 196516765
21 1 651833956
50 36 728882688
7 41 306050336
64 24 554353294
4 46 595623214
27 63 3964316
8 59 652033888
55 33 970264308
72 21 195716830
60 8 901328710
65 64 297008540
17 10 239307558
56 26 207641838
27 41 857227430
55 13 459171551
34 21 368393389
11 74 307980471
19 5 965122452
49 48 604431419
64 38 651888156
74 53 952792871
41 26 104292566
10 46 518068261
26 53 165427297
69 57 322244331
37 19 130542448
38 37 84426192
31 70 120065379
30 59 371801681
8 22 483844730
31 72 707351016
25 65 720747360
8 23 554621731
63 67 963457575
28 68 671777233
3 6 753452489
61 63 733212893
26 23 15634997
41 50 238290148
5 39 485163322
44 54 395425050
30 43 205657812
33 73 124768865
26 5 429743885
33 17 53042334
60 43 139917190
3 62 344113793
2 48 444798398
44 11 244435225
48 19 823651549
45 42 146463962
23 65 618262717
51 68 888909998
11 13 956274988
58 36 977666396
63 36 903362792
46 60 875844460
42 14 219967221
6 15 462516282
21 15 483032065
53 1 300074561
66 47 10862701
75 61 490705047
26 48 969631920
65 50 291750581
27 39 683911409
71 4 281990862
10 66 424931709
42 3 175435290
62 58 257278386
42 60 714795572
27 32 943891779
33 74 644919689
6 29 682519779
6 43 321906233
51 19 967204560
58 35 640663152
14 33 945615492
51 57 368161945
47 27 786394205
68 40 86095306
62 20 24941252
67 74 260839237
31 18 797752583
25 46 447571830
47 66 191307831
7 67 176442077
14 67 629220514
16 8 365938603
54 33 219573129
55 7 990555777
37 27 612103789
40 39 975777359
54 46 286495784
23 52 313661193
63 43 595126978
6 53 991217902
17 20 795769125
39 66 197957870
29 59 886455483
11 69 554872820
3 47 234435796
2 66 517817005
32 37 611548320
21 5 671884036
47 43 400283745
53 34 116285817
72 60 155807641
26 57 325151051
8 43 315982876
48 41 613764803
2 62 748261952
19 55 118900919
65 30 443736205
14 7 529299203
29 48 120245632
42 25 192764327
46 15 767496766
59 32 775783781
65 13 179618580
20 64 781979697
46 36 448490865
65 72 197358994
73 43 318689456
35 70 932064495
56 2 333674362
48 55 807547820
29 12 7146881
72 24 783170386
10 27 587862115
5 75 935874705
58 6 29845079
44 47 67836958
55 22 158514820
59 74 476639067
63 58 898650386
56 16 961582923
29 68 535721046
73 20 56311532
21 10 574628832
7 30 971609498
26 18 562582825
40 65 588509056
12 1 164891458
6 16 538565315
58 4 228881892
27 12 780334270
51 1 846003138
2 18 571479460
8 70 425181833
15 11 893072669
36 37 179014238
14 41 465528908
58 24 465915926
3 38 138818764
41 35 76940797
74 45 902961032
15 40 837043240
16 26 275865800
66 67 5038339
19 8 985120724
32 70 582638126
72 1 426376645
66 50 228454061
12 50 981807129
19 44 114706785
62 16 835986173
43 47 594401446
27 14 719382922
62 7 392345319
40 19 303889655
35 58 234271154
28 9 251333224
45 8 418798327
24 11 953240336
19 34 455660224
24 71 102177141
66 15 116835745
54 67 660248111
51 64 23934200
2 56 206582959
66 38 933336823
1 53 862508207
13 50 705882511
61 49 985478883
27 24 543707166
29 15 134870743
49 6 643869678
49 66 894715073
30 45 124406819
69 19 867718608
28 61 185866205
42 28 333992756
2 6 23100243
24 52 293822329
43 61 442720287
8 19 723913834
26 39 599051694
69 17 818613802
62 13 60690868
32 9 825803532
69 67 474389086
42 1 385278793
71 56 134145626
51 41 964784073
50 13 782096194
71 21 148270164
57 45 673624693
10 25 844532586
24 20 271732451
66 33 633499889
17 2 655257437
47 18 462611091
36 52 855090062
73 25 565375957
42 31 739977725
18 1 20473412
11 25 728485293
43 59 722188953
68 31 685714630
59 70 699936190
2 30 398811553
32 55 885847141
65 48 587918734
38 41 309429377
4 48 908658047
29 69 156335246
54 42 478096438
64 47 137194186
50 15 389264600
21 33 813456890
28 52 526257130
19 41 52277332
42 63 807256749
20 62 368600519
47 26 934602471
49 7 529090754
9 1 232782763
10 72 485121277
61 27 956816192
5 2 10450943
58 64 1454641
8 13 811067514
73 62 264549795
14 32 70887865
61 41 906793141
65 12 191192269
45 43 731374582
71 34 62780291
7 46 17017921
48 75 472628006
47 69 389442426
45 28 804550463
63 20 676168638
55 72 209932001
14 71 835671386
21 31 159460361
37 30 101226959
64 36 642370756
46 23 842843462
26 46 510437623
57 46 340040525
69 35 135214458
42 17 999425048
44 9 188628907
12 14 872561590
46 59 242428960
58 32 568344664
69 72 330333173
16 56 134087265
16 64 137884703
16 50 116241454
63 68 41778073
59 37 479305610
68 70 924044525
23 39 380630964
3 56 73977175
10 75 980972547
16 39 888404501
21 42 689223613
63 28 505375816
68 5 967116830
39 57 140422315
31 1 801264386
34 60 248665545
25 36 423103050
27 45 869017715
58 9 884233716
46 54 530121382
23 68 475161974
57 3 806918000
41 17 14870448
32 65 519102555
51 32 97381193
48 74 456446517
24 31 364394760
23 54 530288280
62 9 489050180
62 4 760894726
5 28 367771380
60 67 41685795
72 30 991400631
69 48 136443068
34 70 848500444
72 49 216351336
41 51 632436580
17 51 652934490
25 56 565793914
49 13 853196208
23 25 742759245
3 19 276787677
48 13 52526716
38 22 293393056
5 12 805014674
67 75 596020416
12 38 773787176
15 33 126679110
14 28 303554968
15 31 640763898
29 6 686030995
54 24 704751362
69 68 709651822
57 61 189882769
57 52 727177559
25 33 146498742
34 36 538479582
61 24 604694123
28 14 320070064
64 46 130387935
36 40 273356122
44 70 602942340
16 48 89688183
38 42 347049904
58 74 464908745
52 28 555882624
7 35 459562691
58 30 11712043
65 56 140562609
64 41 583623329
45 18 516084521
39 49 163978699
34 57 63562854
66 62 938783515
75 40 170576854
73 6 701805466
30 39 164256610
17 75 580897399
6 10 616739100
61 52 199315883
49 20 831146490
74 69 629563111
5 14 353999286
63 29 979378720
42 22 860199779
71 64 13099613
36 15 230687865
40 12 307568434
73 2 669961049
33 44 296097357
70 24 304627700
33 72 843575472
54 66 877179532
9 66 144650753
40 46 987370229
11 43 114767035
37 60 926084093
75 53 758549695
29 36 834733699
13 40 164576017
37 35 400515535
63 3 444397633
3 39 813472610
22 26 156944618
40 50 153634632
27 40 579572602
35 67 926353052
65 68 869078512
74 62 760320840
43 54 142670020
50 61 75524367
68 3 741165984
36 11 343113568
27 20 326378465
36 34 636872070
15 36 488275039
44 21 965992792
57 69 368857952
65 31 47325581
29 40 138881561
11 41 58518401
73 56 530705345
31 38 604758616
64 27 663940484
65 6 916683919
74 6 588620223
13 24 280949059
8 25 303458850
42 23 469746967
24 56 427443137
42 47 835619948
55 12 555497690
2 26 706277612
62 61 399548894
61 12 63311055
57 68 926838586
71 19 629630501
53 3 25303711
34 23 257217456
37 36 503966024
3 46 964175066
57 12 358959541
41 74 86483060
60 55 212603212
16 18 776948491
41 44 347267909
60 42 644406753
28 48 970283618
75 36 291761928
6 18 327827846
16 35 58060480
49 28 535004634
8 63 528208755
75 14 124099473
69 37 463040008
64 32 54189598
31 20 121296847
45 10 51881834
5 72 481339294
72 61 207156087
10 18 994892477
61 60 103380985
47 41 512338828
30 7 185700186
16 38 385292320
25 54 595534585
31 53 786803393
75 50 493050893
49 4 18932117
13 42 512171578
54 62 472533748
43 16 970707386
48 54 423715354
62 15 750004425
46 56 357876859
22 17 131261786
43 41 867947083
28 59 505098739
18 75 190741977
7 60 627913733
70 32 798655215
3 26 84453473
55 44 329171350
44 31 868542352
11 38 15412939
53 68 590435190
47 15 783822045
71 29 372431749
42 11 197719879
1 30 98556192
4 44 296351924
46 6 812366342
21 2 859341530
72 56 737989312
26 62 558194351
40 62 653161249
14 39 918555629
3 20 956912501
21 68 605654100
35 28 619189832
63 65 837039750
21 28 274639865
71 73 214296165
48 69 427705428
15 53 961967152
6 64 281814166
58 59 918687898
14 43 940267656
55 20 790863410
38 25 732884737
74 9 382862827
7 37 680193588
48 53 711923524
66 10 758337167
19 46 852955302
44 72 25741382
45 22 317808089
71 41 363396175
70 28 957032199
24 57 675829985
36 62 427362899
10 15 321593716
18 48 638598630
71 37 593928161
41 64 483768460
67 71 856515021
22 32 966906300
24 73 963752408
31 28 103311642
11 18 602726773
64 5 651998500
52 69 683754815
7 10 670475090
24 14 55818776
64 66 488223128
1 11 205772960
48 30 758313598
32 26 550301034
10 57 918843437
72 51 119674648
57 7 303675495
64 72 705340402
33 54 924272645
42 68 281132541
21 49 536884189
4 30 655298956
32 44 288653425
63 38 79549392
69 45 353548219
32 21 557527728
64 6 270492717
11 36 762341829
33 47 131965294
53 64 163179831
73 48 33482268
56 21 661331273
50 29 691244220
75 39 888170150
13 45 593879612
51 43 212707953
12 28 996155033
28 64 575741167
72 58 888247688
6 72 314907561
36 49 857115745
29 70 740296472
28 54 329290984
54 6 344878510
27 52 700505372
9 40 170221741
52 6 912224821
51 71 825350741
70 36 88023412
15 25 985433698
38 64 109113145
47 58 575855032
69 5 464956149
46 1 91058670
70 73 970792709
48 45 372006332
45 14 870103623
38 1 340520181
8 68 542244551
11 54 339624125
24 2 55527431
72 62 450896061
43 46 3538499
30 9 42403202
9 48 942280628
41 3 552032112
45 32 131956257
34 18 475053102
39 23 688224537
11 7 792273900
58 33 807496205
47 32 323027244
39 72 211180273
19 26 516429845
65 54 101772609
24 42 610886844
50 37 721357107
2 35 321729283
9 73 976968784
30 51 189706004
11 35 850143267
7 33 635220094
56 30 362708147
45 35 981434310
37 43 679180885
63 26 31920804
4 51 851777375
19 40 73703407
33 22 417529046
54 41 559086619
51 3 985031671
14 5 842465238
65 44 443809643
49 27 952028700
29 55 897547609
52 49 644598434
49 29 771561333
47 13 778290195
42 36 134219191
64 52 415238331
45 4 430662407
61 42 753746884
51 17 594499122
57 53 298716787
4 73 600638578
38 52 660535007
24 72 866160929
70 67 763502694
66 27 691453247
70 61 811731254
53 61 117807362
23 33 842183773
16 73 404863723
25 21 354137790
59 13 905416692
62 64 326275884
45 2 60435290
61 3 911996348
74 41 498480525
30 46 150456984
23 12 370276972
55 73 465896449
34 20 755443700
5 20 702183338
42 15 117628222
69 26 845685228
3 35 878764157
5 7 511881621
27 37 895303483
70 57 774352971
26 22 781129211
43 28 289549354
9 61 856390911
63 49 183046995
35 40 750185384
49 61 116374148
74 46 150771654
70 47 229363569
61 19 451857429
11 71 784853543
35 66 564258543
12 73 99251989
34 2 453406392
50 42 7021548
62 6 8206070
27 70 349034704
44 36 385349570
53 23 736424315
6 19 937069300
73 18 459621192
74 54 964781913
51 44 595487829
16 59 311683286
23 16 391862000
59 65 256700457
24 19 145471567
23 7 521054918
26 9 997765401
48 61 80891720
39 24 819629722
9 63 202019037
60 37 798196247
74 48 365644434
70 55 321340828
9 75 951901020
50 16 660219223
29 63 691519579
30 29 902687354
13 41 511757624
62 75 469207402
21 43 700360416
26 45 849582948
23 35 114480101
58 31 184671943
2 19 948093987
9 59 800915397
16 4 628198628
51 72 522353125
37 12 766533378
56 47 922831154
18 59 925118248
38 3 465046288
69 52 504990758
37 22 519657171
58 38 526634963
18 14 710783612
6 17 623711591
6 41 320123878
40 2 929069127
43 13 201218747
25 69 982908715
65 59 831625489
1 37 876113254
19 57 780840028
12 61 884762103
73 66 822997871
29 51 351621487
73 49 409621280
54 69 767042971
15 10 373822557
52 55 132569321
45 15 291213400
69 3 591585402
4 41 945097143
30 67 423876327
53 45 668145952
12 56 663846916
33 65 576087578
61 38 710616851
52 56 849947778
47 57 304863338
25 61 450173680
42 2 790247714
54 25 493297667
9 41 939691623
13 3 122654097
39 29 192983987
12 55 372238044
2 27 169147465
36 39 336382164
17 61 517868006
10 50 959085215
61 34 117499773
69 50 799240670
52 1 438476402
17 34 219579575
23 55 660473256
41 39 802320104
9 51 454048752
25 70 311907252
45 66 552257977
51 23 533080520
35 49 349501373
58 25 204603079
33 36 233420276
38 73 704296025
67 35 666064944
24 3 784384296
50 48 454907414
45 54 608894732
51 59 467347955
48 35 687198851
18 69 756540187
4 52 669333615
40 42 26511102
14 70 692761218
13 53 167224038
57 50 541315254
3 1 607146940
67 70 639105652
72 43 24436435
35 68 719599583
70 43 734770731
50 2 280849964
32 7 272433248
33 51 585965313
13 32 683172886
34 13 874909403
10 2 75395041
15 27 428898450
38 29 464481470
65 60 159657767
17 69 373674297
6 3 488737869
45 67 660487208
59 1 878841581
43 27 237213997
75 31 941342540
61 13 923431053
57 2 846808093
30 68 527197892
22 71 579829328
14 24 961029950
13 61 939113813
13 48 554533589
27 6 502545588
21 32 821950638
24 15 755016839
6 62 357939219
57 65 437062885
57 28 438369542
20 44 150783185
42 73 468960766
74 42 741750090
49 67 634939108
21 39 532730948
69 2 241913565
66 4 256669136
1 5 588805107
5 47 7266625
55 62 29701023
68 62 736287085
36 43 655918275
44 49 281592870
5 46 998734522
51 66 192535142
43 7 70847643
39 41 660640829
30 38 975537143
12 9 564037543
64 9 632070866
64 30 935912212
11 33 758207708
73 41 689846983
6 44 663499958
49 44 32463835
60 75 168665174
23 45 179851004
33 41 671763631
55 47 535033286
41 52 528468011
4 35 449164889
32 30 809961726
26 24 904916934
42 49 772279453
43 40 521947508
14 11 607031999
14 16 408724777
68 58 805420738
35 17 263642829
67 64 299130864
48 39 186713334
48 70 454048130
42 46 202087385
38 68 558709885
37 3 871605499
56 14 562619357
4 14 983518782
44 38 737072495
35 4 157222133
62 1 231620836
43 38 441677793
11 22 414341369
31 11 205687893
63 61 278924251
46 63 533962103
38 6 693326522
6 47 581043191
70 75 251653353
59 21 81144639
42 13 923225340
19 21 376462852
63 23 49940448
57 35 468113784
27 66 870730888
20 1 861849389
57 11 353624887
57 55 873805562
43 32 896222084
39 56 915766098
73 22 756463456
74 49 878473178
17 66 328380516
21 65 94272534
42 7 503640352
32 1 944225555
16 28 202634439
74 39 757922019
12 42 284800473
40 36 199194295
61 43 553734327
12 39 315282595
3 66 629240844
32 19 289707601
54 16 740801848
50 60 556588861
67 17 604881474
26 73 740604909
7 19 995173336
61 11 454535962
50 59 730241940
59 42 249578755
51 7 954650908
56 66 817662026
20 42 828890231
40 72 96000049
21 57 552397336
74 40 620818222
72 67 506426441
38 66 317244498
54 65 675836414
71 17 200850952
51 39 955591290
31 75 606192951
36 48 664142913
68 6 53855424
14 69 53639239
71 36 76089290
7 4 854799759
51 28 34187518
51 36 742936626
75 65 402076190
21 36 935655431
23 40 238503440
74 44 434077570
13 46 695828457
65 10 317419021
41 61 880651669
21 34 650193838
21 6 928752335
61 75 661602138
61 65 875759108
53 8 966504715
8 40 829350048
66 56 335665065
65 8 907106984
48 23 431477081
75 57 217551199
59 47 644834045
72 23 409045815
31 71 377401610
52 31 474935986
29 52 509930699
23 15 402133085
60 9 299002339
44 34 324889901
28 55 835870793
34 19 551425891
65 15 906425568
59 36 521963241
20 4 460831295
4 24 121319030
62 21 214475169
30 52 456115995
40 26 719015878
27 58 355735859
3 16 538702302
13 2 710673268
26 52 267182023
73 26 269320934
19 70 630845320
54 27 38533827
5 61 860795995
39 65 855394328
18 4 146743326
27 16 585391775
45 34 980782000
41 5 796024554
5 30 69445042
36 63 606837013
21 11 612384318
33 15 295301743
52 22 669640978
56 40 189382394
40 55 207666922
74 31 3738727
35 14 419044026
35 62 5634154
32 54 363801413
4 72 902427307
32 62 783042789
72 65 361487716
24 32 338267667
27 55 274266270
22 37 50277709
66 73 1044070
29 65 662671326
19 47 343953073
8 33 304555382
30 22 103511608
53 7 540625260
16 24 698531229
52 60 472561063
30 61 189262631
36 47 563651600
71 7 153750235
56 58 958655169
60 11 334570838
10 68 89329462
23 30 804095266
45 31 266248278
37 34 655522948
17 43 165348022
2 15 148031051
29 67 454425660
54 58 833280489
14 66 397190333
6 73 517329566
40 3 430251201
17 32 218922137
69 44 674632151
45 73 480585188
34 35 14296057
10 8 733010240
74 4 853122255
75 30 434451087
71 11 782424513
27 9 826509172
48 62 407417929
47 6 156048496
71 61 815545932
31 61 732495620
70 12 960277911
69 1 768162260
58 54 661854756
64 65 581455234
49 1 647982389
45 3 883298541
43 57 968273340
33 20 568510547
14 10 928020037
52 8 825524144
50 20 381665195
71 57 867015105
28 45 353600735
62 5 843988327
58 55 830388095
71 8 202459210
23 67 484814927
54 74 805972774
13 65 889048476
26 56 710195449
27 64 958026172
39 60 614927015
45 64 445905767
2 34 264578383
5 34 467940263
14 25 386274873
46 37 124200387
31 63 929721196
12 30 71786573
63 57 857756097
6 57 414151221
62 11 828907795
60 17 61674194
10 4 293638480
60 62 32567095
2 46 44768126
22 69 357423197
24 47 709585241
31 46 844584267
41 25 771364114
39 73 530775970
1 22 613471372
67 39 698894258
16 37 398985400
27 59 250783711
26 2 537418514
8 75 113958347
43 69 534283223
42 27 497846992
11 47 72181505
16 22 74770013
27 53 854644878
72 54 871041235
33 75 318256553
48 7 861960148
27 60 634209128
44 55 608045883
33 53 708667026
3 43 946461634
59 57 357216792
58 29 942790437
47 25 419390984
69 51 501293007
6 66 143856790
20 60 324573555
68 59 956672520
43 10 886556349
72 68 27872726
39 52 974109055
11 59 395824212
40 58 728722844
8 45 170074430
53 74 289114324
37 47 107514091
5 69 415686824
48 32 704064850
56 10 631893315
28 8 157350963
29 45 874162336
41 68 955455118
48 60 839840038
38 69 26183222
21 66 590622679
70 8 130739707
34 42 300667367
70 16 488834285
17 40 911142170
58 41 542028727
58 37 898092542
75 52 815068019
74 37 923853974
19 33 232710037
47 48 795856345
48 5 101629336
64 12 923089931
43 29 794223668
74 35 900189800
1 26 6127524
43 35 560904171
75 27 819488137
69 62 294854542
47 12 33110033
59 20 283038653
26 32 561679744
35 73 516458966
48 65 738406953
59 14 613817387
50 52 864383196
13 4 254720735
24 4 189976747
70 52 308765933
61 62 824507637
29 61 247872282
26 55 188556160
20 71 642123293
1 27 549854406
51 69 844043406
52 30 769866052
37 40 398577711
3 68 94267823
4 50 573094984
38 71 846762284
60 70 25904566
58 39 904621385
33 68 121700174
12 75 200957524
63 73 597107517
36 4 205073231
52 10 220273226
26 64 512010015
10 36 195658083
37 10 138397919
2 28 979067519
41 49 690696161
72 38 997279753
17 63 638740580
67 21 941321831
73 46 807678174
47 70 947601803
37 52 924739299
30 47 429125612
39 1 268363163
30 10 21391890
1 57 311809186
14 19 863297531
65 55 178506833
24 46 100207871
55 3 123658301
30 40 666883028
3 10 568284182
64 50 365786271
31 62 753019357
69 58 746177006
64 45 9043136
61 44 765414414
59 63 664443574
75 11 971331553
19 25 767357156
32 2 382256835
11 68 446806209
7 75 670224654
63 54 664420122
66 19 450259978
8 30 450238574
24 69 258311701
69 15 188932685
11 14 512519169
6 75 149607727
6 71 716958291
57 63 274192781
11 52 424531979
13 47 820341229
70 65 357393004
70 30 764265849
16 7 634893474
44 16 507246207
72 50 707275437
16 27 748518638
61 55 839095960
22 63 757098349
46 22 790735258
68 34 800908725
7 13 920025242
64 16 362861444
68 71 874444471
33 63 654240268
36 33 631009528
67 51 995695692
9 67 298805895
41 57 211890365
23 38 24382150
58 46 179867912
36 46 396332937
50 14 595520766
46 12 104036405
42 54 548431216
19 35 780686369
37 67 806411003
52 70 975689704
48 17 197176104
58 2 908402930
63 62 424259473
58 49 900510598
33 37 902821873
41 22 519837863
1 43 163611161
38 2 138860203
22 45 119796171
6 30 311756304
49 54 839717863
13 18 49296236
3 73 279769339
23 10 204295730
7 74 960507924
60 26 394873212
49 63 257761326
17 22 462596684
53 46 822705495
38 11 687576860
75 66 654413808
60 63 316839102
67 47 399350414
65 38 201552803
29 62 61262819
19 54 113122961
68 30 917073994
26 47 559165467
14 57 263805703
59 18 944539280
63 19 50094173
48 21 232568516
67 7 95959172
46 24 954024535
46 18 667888290
75 47 177415256
1 45 791588865
22 47 333332030
23 49 126916578
31 36 89073763
27 47 482669633
51 13 450720538
14 40 669991864
23 32 243206179
33 13 911579729
7 55 749617000
65 52 332568242
66 11 44554615
56 69 101864612
51 70 89651464
13 34 140987932
16 55 954459482
55 68 418871986
20 37 193019714
55 56 675647434
43 15 329257245
21 35 837512024
43 71 320700999
45 49 551303791
21 16 323777099
62 32 578161728
14 44 885392707
33 42 804364954
64 68 503909948
36 32 373078476
63 37 149712223
73 19 861907636
68 65 371161543
74 71 238370956
43 56 464330126
17 56 78260596
12 69 805475871
55 65 165696893
59 29 647939092
52 7 271728106
54 19 361344991
27 38 693124417
67 50 665494265
54 29 37191000
67 3 483264301
8 56 777688650
52 15 944468842
53 37 491870388
57 37 842411569
68 28 625810518
47 50 971372492
24 67 34480933
34 44 788614834
58 15 893919082
11 75 54925609
74 57 228792871
53 44 263959739
31 43 356204761
66 9 973822719
65 57 526738180
21 63 351207721
52 58 289062417
9 22 475562419
69 39 525542772
1 55 56889513
62 59 844722965
72 15 838514988
13 28 165218422
69 43 461130149
64 29 983383553
22 4 964029871
26 54 405693557
17 60 383887707
16 32 142200158
66 41 484961250
69 56 781198185
28 20 548951154
40 10 789462424
63 46 929279681
51 50 922791054
43 25 540649506
63 35 141663276
56 13 916459028
47 42 519995056
26 38 821863310
61 30 238644131
36 27 732946301
45 20 128415576
12 19 933789572
29 71 23499355
29 30 382448730
67 15 509973958
51 37 571303074
30 5 159242954
68 39 844181155
18 40 61860441
69 36 63630783
8 69 212682559
40 16 118665959
10 3 231704344
20 72 312768864
10 39 646056389
11 3 716537669
73 63 751204024
25 71 779399240
55 74 879331804
60 66 128029128
57 29 653645577
64 35 590185354
73 30 472194163
2 33 110029695
10 51 180437417
39 27 357583638
5 52 798938181
10 32 222323708
7 15 226290217
69 55 448947173
30 20 49493721
62 67 733454158
63 51 189753400
32 28 8213244
40 53 346985027
36 73 191453422
43 19 918190025
17 7 815956433
15 19 892176529
34 37 259691717
48 49 49969486
66 22 356216725
74 22 52275495
69 12 134922568
48 67 293383103
32 6 579069708
11 21 787032873
48 38 79414040
36 2 836640594
74 12 926328020
46 57 170410510
22 9 48855941
20 33 561614996
1 18 28897282
14 8 570002177
3 67 676377269
59 8 157036183
56 68 115651805
2 54 307723486
65 45 672086084
32 22 30985680
4 39 466716462
54 17 790749953
17 8 482280081
39 28 373708045
17 39 653334446
56 75 146508796
64 3 484953371
8 14 60984559
24 6 300845686
49 73 119734268
67 59 626969401
42 10 452487547
39 11 472621891
71 2 628824797
41 29 531888963
38 43 368341124
1 16 877389451
59 33 384654293
45 70 987625848
47 10 372113060
44 29 628403859
8 9 783392737
3 8 786771344
19 75 879136169
42 51 278937728
11 10 833020968
40 5 359657747
8 66 214401277
57 1 313745744
5 3 770969428
48 24 702559440
36 13 657239604
43 6 245466990
36 16 98552997
47 22 436972711
56 60 220594283
41 70 939394028
47 35 837498176
66 14 497473239
70 53 253757962
36 29 104503010
30 28 153884034
71 72 893553411
44 37 914159050
2 40 640669182
21 18 144478723
43 74 561333517
21 7 635129280
10 55 342379983
70 40 576860914
65 58 362169937
50 32 897280269
62 12 115122987
65 4 908288303
5 62 382725512
65 25 584217991
67 36 783582246
32 16 340852113
75 17 425911714
34 30 155962297
65 22 67576130
18 5 765842294
59 31 503466070
35 48 294031313
47 71 100350443
66 64 766846730
39 25 535468855
22 10 478009711
60 5 256221004
10 64 760776908
31 8 661280708
58 21 953679925
52 57 975709697
69 6 843526092
5 9 781000493
72 57 265890437
37 9 749241474
36 18 594205551
61 74 270508423
1 49 151098925
24 51 644574326
50 33 581948293
67 53 144715541
75 44 43203569
25 44 497454227
12 60 287484791
13 11 730360111
29 49 204794894
18 31 156883485
59 7 148984847
14 17 600154854
19 23 647270566
16 40 479544497
74 75 841838095
9 60 336121436
23 36 134245453
10 23 448305993
19 45 941190444
17 48 187144028
28 51 679840090
44 56 612552767
36 23 313197390
30 33 19216259
33 64 961230962
44 7 866597828
14 34 391949686
32 51 833679147
23 61 398465350
48 64 965954885
72 69 708023716
11 19 159875615
29 60 722332011
72 16 719336794
12 31 16900370
25 40 50610372
65 70 444021147
59 45 559356971
41 54 291100916
22 36 922603808
53 69 326062826
53 51 461826349
17 30 91813222
55 38 998645135
16 20 658960992
73 9 55095498
40 73 658507299
72 34 308221438
50 7 377642253
50 17 34141589
39 20 154649478
20 10 949963912
57 31 988584397
41 4 810705639
32 38 984112368
22 35 374616572
24 1 770756324
54 11 19370949
35 56 894706611
12 20 779590356
19 36 280635317
11 58 175405993
2 32 514044416
54 57 509017504
68 52 953170766
3 51 80873453
46 13 857427363
57 58 55140122
3 28 996673822
41 53 717480125
44 23 151460869
41 21 541762734
65 21 90476204
34 39 742600281
44 48 931393966
56 6 444753365
39 55 767637494
66 5 752502306
25 19 453523691
6 65 914961940
54 14 548281839
56 8 177566283
47 23 9731972
72 64 929192324
59 12 14933716
62 8 385255798
16 68 766406886
55 67 618610350
70 26 773217368
70 11 447636216
64 49 297680517
41 31 880009367
51 58 709791708
10 42 116849501
26 28 96292303
21 72 832959999
22 29 873917605
2 11 651147783
17 14 219786320
46 5 821129495
51 48 369501126
15 69 222000845
4 68 689047761
64 60 920718415
6 49 299736953
21 22 101506018
61 1 631525146
72 4 927882667
70 34 601117511
4 10 140221425
22 30 82398905
68 54 704079621
21 40 672559801
34 55 248049334
61 72 804507879
71 26 126115893
74 26 500704803
43 65 179375731
26 8 118470362
3 23 819108157
48 72 895954698
28 12 737627505
62 74 940322665
61 66 675328689
19 62 594182527
54 51 769296297
20 26 17188353
13 36 540315545
10 24 695203192
64 11 149904589
52 67 116479666
25 6 250190324
31 14 755672129
72 52 279814852
35 30 510220159
75 59 574091279
2 64 403397965
7 2 863058
40 70 353720925
15 22 526088909
15 21 166058157
18 70 531095432
46 70 99043446
31 59 219171860
36 67 271300724
59 28 46549728
24 16 995960025
56 41 735523622
8 7 233036499
60 71 746188630
3 17 12608392
24 29 709559027
52 63 300662391
29 8 123009127
52 47 751635659
25 20 381457061
22 7 905537268
59 61 625888219
68 1 705693798
5 70 949085971
7 20 81293864
31 24 284921186
17 58 380179318
2 53 497705261
29 17 146159658
66 2 382221668
32 73 515609103
20 61 702129765
25 58 786121792
11 17 255074411
17 50 408635546
41 1 366874247
4 75 970445016
74 51 197838979
71 32 877703485
3 7 705549958
58 27 65426508
71 3 901619967
32 3 213292041
46 39 838614682
46 32 238039721
70 10 415939171
64 33 533327041
18 61 129728923
1 56 657675511
69 54 171814185
46 75 841374879
75 7 268644310
1 6 871777161
14 54 59194077
27 29 391839831
53 2 51664888
56 3 170869348
11 70 460652157
59 41 760402184
49 10 464069585
41 11 645198329
40 68 938316131
46 47 794454448
31 22 52149935
58 10 124359906
34 33 816754669
34 43 340683535
13 67 712576729
64 14 270516480
65 74 60524418
2 29 42749338
71 22 472825269
55 9 158710091
25 30 700797274
64 59 619855591
64 74 304399577
37 6 922161497
14 64 806116780
29 54 529707227
75 58 474427236
9 43 40618211
58 44 186415517
63 31 768989569
66 68 83658424
38 62 153745642
15 58 637099335
71 23 167832748
14 46 595243366
30 69 569216701
61 32 897117726
25 67 86304748
59 25 440085577
22 49 286496132
59 23 12122420
74 68 939675497
17 16 713721137
52 46 666623375
49 19 831862666
52 3 975191423
70 41 873664937
44 8 413153995
11 67 675409385
63 56 462851917
20 14 837548320
46 38 617041705
24 17 515301667
35 45 768562306
22 62 805541219
67 62 364549561
46 73 90365047
35 36 525601264
46 68 616638753
54 30 915998491
65 17 118654314
50 1 911104100
59 40 492350399
13 8 982983384
40 38 865065066
33 32 685435775
1 74 859824929
26 41 51361887
48 36 502447204
52 36 497131456
4 43 118634135
31 21 591759069
22 6 67279796
54 55 317012762
13 64 980701890
25 11 869954212
64 43 44225163
8 5 101091825
56 59 952120720
36 8 598588073
46 30 120270239
42 6 247146787
75 54 345587023
30 42 476804669
61 69 575066112
73 17 624930860
63 70 69970709
53 21 501586999
11 46 127817181
3 37 106086785
27 5 29719814
53 73 542009256
24 12 455806188
22 73 740663353
65 24 883562303
52 16 110257242
74 56 579583125
67 13 763198261
32 75 877479932
12 35 270902908
32 50 582978823
48 25 259199766
57 18 669086060
65 39 757452219
7 68 406414277
43 24 974636495
51 38 126571912
71 40 710820698
58 1 486521095
46 52 958680718
75 28 911053518
8 37 730577795
30 71 704082663
38 7 271821288
7 71 371174533
57 75 709860582
61 68 953920537
23 31 383742204
49 24 331854943
4 2 10099824
32 45 647385068
70 17 377709803
56 55 655677951
75 48 616544019
49 60 51024453
56 62 736559464
26 19 491165502
3 55 914139615
19 33 528368099
22 27 863223485
21 54 975391401
64 19 116914370
38 61 640973947
41 69 477103912
58 6 57096583
43 4 718249346
28 43 970186020
71 58 154037323
39 13 705310574
11 40 438917581
20 44 851598703
56 50 473259237
5 55 15519196
60 12 746255851
59 75 275699774
44 65 936675410
66 61 562462879
55 39 727233360
14 59 969166073
52 2 988652671
74 72 645949875
18 66 52165207
63 26 674234486
5 41 237497009
54 44 998779304
62 65 22299427
15 37 463210915
17 51 348054524
19 54 183225868
61 69 419921372
45 20 468176670
37 32 482881367
53 64 531234311
28 46 421994138
43 22 657980452
11 56 159753275
70 11 881363715
31 63 646501862
19 24 838390021
62 5 292832098
12 5 740875835
39 57 6302990
63 71 110069830
53 22 607154578
51 71 51709316
25 18 426764338
50 65 177611852
74 25 848224869
45 8 220153514
13 59 584609516
39 19 459959168
43 17 114161999
56 38 18816022
23 42 832687624
63 50 168974284
54 36 5982791
8 30 758766636
38 9 48938938
26 4 969832157
49 56 224645651
72 2 605781089
10 41 204565383
44 32 176000383
34 42 108337936
23 48 728846148
52 30 762202081
46 17 461669000
40 18 894624666
13 60 126540840
50 38 453667849
8 25 220320068
20 14 380369945
20 3 398598679
15 34 967536686
25 51 941248621
68 32 549888469
42 22 648521265
73 6 900959240
12 47 201071724
58 49 66874091
54 61 819652296
11 14 434884079
8 28 968397802
6 54 904595602
30 6 937584804
48 26 965603949
27 5 593899459
32 42 50384003
25 47 138834266
37 35 785683595
27 40 308400704
22 2 134287255
43 34 15333870
61 66 676944938
57 35 766288657
36 31 757177070
66 7 774884560
19 2 741202274
42 69 577876127
64 50 305036278
41 55 284496047
31 40 355226870
47 4 200586166
53 49 682019390
22 69 736556423
13 29 248986662
14 38 674385474
45 48 491889407
24 53 497012019
68 24 793458447
11 25 518710553
54 9 13588876
71 42 438887735
30 20 649652259
20 37 190011482
34 72 914198944
31 28 731661866
37 49 601176268
4 39 260963328
72 60 434656276
11 66 691152477
5 18 535033136
7 17 788646536
31 32 221467616
64 60 604590725
58 59 312968006
63 43 499829898
70 27 375579173
73 58 103746431
60 65 813544248
34 22 24836144
24 13 153711759
14 49 354290960
59 71 766601502
70 57 875950916
14 15 605183864
4 44 787536975
41 49 913414251
19 75 454126479
19 55 596960906
24 36 142424287
23 17 366793274
5 20 642306806
34 49 172400832
15 58 145470799
58 55 526005997
1 26 391947288
4 22 713663817
40 43 424052685
29 23 578179100
38 36 458883944
16 37 854509080
5 11 932596834
67 58 276867084
9 12 130962540
19 71 640004663
53 6 840840002
73 10 693813149
49 32 69536345
31 56 135412148
22 33 112032200
17 59 267112852
59 16 855653686
43 64 366491209
3 26 777997688
68 67 72487458
58 9 152179451
37 34 320813592
20 59 257193594
31 66 879292436
47 51 993059037
67 47 708633337
30 7 299692133
26 23 206305031
45 41 179818550
69 73 691056039
39 67 631710556
47 63 605585680
11 54 710515410
71 54 848171679
74 51 728094581
32 72 925042463
6 47 310261670
11 32 311955337
45 44 807629476
36 40 205141403
33 9 382840200
33 34 161665657
20 33 543386382
56 44 182453282
45 47 773681745
54 7 953644501
21 25 203165073
39 22 704584117
15 71 872915357
73 7 109218984
2 55 37037317
54 55 127696960
61 60 51125261
70 75 763883282
44 8 932746227
48 38 61596594
14 7 172710726
26 31 686788838
30 49 206586737
29 67 574930141
70 38 135468139
46 29 610842059
52 42 933123145
62 41 37494628
60 57 446727058
70 62 133153002
2 36 182850787
48 36 469894581
14 4 926929420
34 41 600469205
20 36 342590213
65 18 11674349
66 70 683995067
12 4 598314482
39 66 782156597
51 59 94392335
9 53 621941660
38 69 170035225
24 75 773185528
19 17 40527722
41 68 934244590
24 69 388436323
11 19 689389312
2 23 407553080
44 12 304308215
8 18 598916008
2 72 114912319
23 41 852218221
74 52 871720592
73 67 637016229
59 37 840683105
15 67 753332956
58 36 875293213
19 34 399849556
68 8 816198977
29 9 704158775
41 54 695450587
60 11 13531569
13 39 58223868
57 8 209718234
7 63 674279087
43 50 803248468
51 24 702967869
56 11 304988674
40 58 765629658
33 8 644273227
58 53 301619468
68 46 362279415
66 58 137383469
34 62 39203167
72 10 114266736
68 47 312123537
10 30 144410066
49 71 986056520
69 23 81582748
58 20 781594184
39 34 838081318
30 39 805401927
