75 3243 1047
10 66 307485284
11 29 432554831
14 25 801676614
73 45 464485387
49 19 689747321
1 55 610375174
55 5 266790346
41 9 897740055
50 4 501221744
69 19 685473669
39 65 639951203
54 50 81416344
62 37 295213719
25 67 349933090
28 58 298570905
22 36 176827117
65 43 398816027
12 69 108091884
72 8 204735236
11 67 312431666
36 48 172255783
40 42 870743504
12 66 57368784
56 19 143637149
36 61 856143051
11 10 117874075
26 18 677829828
45 36 878254508
27 26 914533587
3 75 405967551
58 19 74867858
72 37 627233039
59 60 855658736
12 29 705899055
56 71 74547093
72 14 446059028
44 58 647624315
24 41 711098760
4 64 370758506
42 39 407360052
28 70 221602541
55 34 733855064
66 51 745828322
36 51 368241362
31 64 889181795
49 57 603127181
46 45 384450656
49 38 407366696
4 60 35003620
15 39 758404352
71 33 260756044
3 16 232004029
5 24 84055044
10 65 322055464
17 63 17990470
17 48 570446582
46 47 889518261
25 36 508031417
14 30 649711320
56 51 572685123
41 66 60848336
30 61 441261777
40 34 784351196
45 10 163507316
53 2 523161000
66 6 874149195
13 31 83201676
53 68 102991748
43 48 124833919
57 22 784507695
30 47 557054517
21 6 746045051
8 45 683057509
16 22 949594569
13 42 255673496
37 24 44627805
45 39 634727580
48 18 573676351
8 49 735821756
4 5 832659983
27 30 878733024
36 47 305529856
2 51 654273979
35 61 323595594
40 69 120986572
26 31 327540778
7 8 116838671
36 39 143084565
32 8 322145192
15 68 432572049
29 46 880846620
20 54 560721707
18 44 499657710
11 65 885019568
9 72 811948345
57 12 287653022
55 66 488696704
23 4 470826107
29 28 498208105
27 25 548911002
35 15 87855867
71 37 472328613
73 26 685541713
11 60 899029225
40 30 526451804
40 4 656170142
18 27 961825522
3 66 72855391
14 42 868981491
58 66 326790273
16 32 48488814
24 66 393181116
13 33 761953507
40 41 869302926
40 59 59610344
35 43 733350037
67 48 516163416
8 6 179757425
14 12 375744479
32 18 383382369
65 19 891283489
5 47 677278844
35 57 238236066
2 48 31255716
4 38 193674592
22 19 949373870
68 28 708565426
68 42 319991203
55 53 361978712
56 24 39942409
45 16 497614838
5 61 450951168
10 16 861519349
58 23 995975790
1 64 746917401
54 51 299495879
16 19 602204785
39 52 670403952
42 71 361873928
9 46 196265938
26 35 19241950
27 3 779262605
36 44 51844104
40 71 148315415
74 48 897962371
68 33 701654551
26 53 184226892
65 51 929638008
47 24 908821436
35 64 754299081
36 63 771903912
56 70 65639566
53 52 149316170
10 43 290678868
28 4 348127533
1 38 195997490
42 25 775593149
16 63 959053455
18 49 640586125
20 11 530890024
43 6 833248079
43 7 127700038
29 12 242464180
9 58 626348786
36 3 961603118
64 51 334672025
35 18 326572360
4 15 133073548
51 30 581668603
34 57 602199624
4 65 783470429
1 23 102402546
15 47 681917660
63 3 41635488
33 58 853749779
55 7 889249924
33 54 736136950
40 22 487127984
14 35 530100941
58 43 215065325
62 61 897888391
12 34 181911861
48 54 551594319
25 58 666370507
7 49 393470711
72 74 728354782
14 20 105213126
75 69 908579014
72 73 900095488
72 2 969121301
62 42 314703228
38 6 28261825
51 35 13972254
73 60 225239399
71 16 250363503
22 49 217363570
10 34 352335278
56 26 882213477
28 66 682123495
49 50 636346371
8 29 316813131
23 68 532032170
58 60 656751820
45 13 611351642
69 21 601276297
38 46 865854506
46 38 347596772
67 73 29708861
41 30 372980764
75 6 173789387
65 16 880851445
44 62 914304922
31 17 553300285
4 1 289964190
42 40 502003672
24 22 100394674
37 18 129667844
6 31 524832350
54 57 498826832
52 8 278699749
30 48 179027433
52 5 394131683
55 62 651112880
37 43 364873231
22 38 662623136
74 11 974357066
49 33 361753173
48 66 348256557
74 33 705957303
7 2 401066358
72 68 405906642
55 32 583946221
30 45 651249058
33 36 80913311
59 36 931362227
68 16 419538997
63 18 536056382
19 52 226086032
36 5 53063710
52 7 159669069
62 20 142726410
25 20 576646249
2 60 891816340
43 29 795619336
50 13 277410563
37 36 878902307
32 72 652366111
49 56 377846646
5 54 252127316
38 20 941087737
1 16 613093125
13 37 190896898
29 75 451273583
13 14 207526938
54 73 296977855
41 62 470428239
52 22 284470705
13 52 483578964
51 36 192799470
53 74 464457554
51 53 834569570
41 14 48919582
36 41 184754628
63 25 826240342
31 26 797924705
54 70 673708826
22 58 476418243
63 72 309199747
68 31 41677670
58 25 108812980
12 46 323457324
21 66 257255276
63 2 417039994
17 16 229125763
36 11 320888726
27 49 183094745
26 48 204457515
54 11 627549030
62 48 378518585
18 36 65021091
40 33 514265615
75 58 952276213
65 44 864456987
52 41 186902984
20 6 718239675
70 56 790172482
31 57 402920746
46 53 775948105
38 41 739977128
6 59 625199838
9 50 944031941
67 29 555543176
23 33 954513442
11 16 949370429
41 2 337587821
56 58 763798026
61 66 299071303
62 65 43558259
15 36 778520563
61 47 663536510
32 71 271107419
11 43 900152101
6 58 953552361
37 60 152288265
51 46 777502608
58 8 93550441
47 53 104727550
44 69 280420476
9 74 112363852
66 47 622411047
46 30 139609848
8 59 886526678
43 66 108680875
20 71 199001672
74 63 604520668
46 51 300620476
19 17 827484771
59 26 924625325
2 45 569362942
72 60 580203817
7 28 261595551
65 23 903071112
60 12 598097687
71 63 698614007
18 20 304406546
31 71 451681097
72 26 909676846
67 69 704062603
53 35 344387590
15 21 895652701
65 60 7425082
72 57 231506458
1 73 16178252
21 68 336520642
60 53 686011080
19 39 905097174
65 42 697608550
60 51 114500233
44 68 702761099
64 39 87072462
45 30 210693036
24 73 641203402
63 10 949911542
21 42 319676048
14 61 244383620
32 62 272395434
64 19 297557025
7 56 935080913
23 38 733689098
12 21 568376742
14 59 450623551
37 15 453436877
41 72 169624913
64 34 115066075
57 64 200359340
26 56 54427976
68 18 446056249
66 38 64645630
51 60 523160597
18 74 963691909
26 1 999570617
60 16 107649495
42 36 464692989
47 22 732120979
59 71 55055631
17 32 726076569
5 31 693496359
14 69 738666259
27 55 603353308
57 53 867059755
64 33 179975191
10 46 969533510
66 4 682021632
16 7 338103673
17 72 878477713
48 35 105212392
38 68 513240420
17 40 441899715
40 19 9293690
59 1 894119651
20 33 576573497
55 37 281373569
5 17 13229642
50 54 979956318
12 41 516884426
18 6 316192720
21 11 614656976
18 4 351798559
47 21 225585421
16 35 895022634
14 68 870518603
41 74 207047194
47 31 383763923
60 69 915101423
10 74 610963534
33 29 233501540
66 58 315257662
27 21 181103115
74 14 11868652
26 8 69002092
12 22 371338167
13 8 978547666
70 17 667378056
13 32 96464620
10 26 831744179
69 72 262716979
70 37 765115311
41 52 872807244
17 75 497640083
16 74 111467536
69 73 195919564
3 32 617396056
58 72 114078503
25 16 351278626
9 62 77201345
5 74 985689738
75 18 963896648
21 43 363596927
68 50 782468284
36 18 355181348
59 68 37689258
34 21 840589566
70 73 659858925
41 65 589860859
51 40 433396707
7 68 334456809
46 72 340538315
41 22 18153682
32 65 953129937
48 55 747676130
4 22 128038658
50 25 213705346
12 64 623686831
43 55 845567123
22 73 336531271
61 62 570865634
49 75 845109591
5 38 939557977
58 56 608297697
45 24 458492097
60 5 900168542
9 18 935486318
29 57 235544741
44 15 636121233
32 52 970914579
74 7 466736184
14 70 668819928
60 3 18959191
27 20 574690934
25 49 752410103
2 37 698593420
49 17 579323006
17 44 378348192
11 25 435556087
53 64 172144934
28 37 773005355
31 68 603428550
49 51 261480359
21 15 21390657
53 13 853637417
56 47 552307096
38 27 879878038
29 71 533630724
13 23 227354973
2 26 933187875
52 38 160690920
38 16 258077046
19 74 680778417
33 57 530993985
4 24 329490232
32 68 290356608
26 49 299828908
12 52 808295925
60 68 983235529
6 49 616279917
32 70 237313414
65 4 605067731
11 7 610348903
16 55 671634120
50 12 135790751
65 33 876260416
10 17 836102509
31 29 839822228
15 35 327907265
44 21 692310971
19 14 294351436
60 64 263021474
32 41 517596418
54 42 506514321
61 18 30426984
34 68 625302155
49 5 431003021
73 68 692403710
10 3 746934789
72 38 419987865
12 23 476437980
43 18 365394252
70 16 163770880
59 17 577332395
72 18 694963575
25 14 700222792
6 38 255853119
17 59 374762458
9 31 565628164
1 29 552370424
45 9 895499465
41 42 358813419
22 41 331530224
72 9 216482090
46 32 610625315
22 33 788207836
1 44 890131069
2 23 848402736
41 37 318410893
67 39 722343864
66 34 593151590
49 73 231454992
48 25 903609770
73 61 310415893
56 28 210487741
4 55 507776801
64 20 913725826
52 37 183101404
18 1 105917005
10 69 142422624
41 57 130079017
1 35 348601803
44 48 219251715
18 40 368551052
25 64 658863673
7 53 494470220
34 19 406968803
57 56 939870594
8 74 378638173
29 1 406980975
58 70 465302919
35 50 130706024
61 52 201956877
46 22 945255059
60 55 646917366
8 47 535630924
12 9 628394255
50 8 913752532
40 47 738731244
46 7 838745962
65 11 216378480
47 23 812178353
22 11 187131873
66 69 60288745
30 21 890724783
7 55 3347101
33 28 3972440
41 67 357368061
31 15 310782318
37 5 711416191
47 6 833460655
51 22 615521462
53 54 657545022
1 11 58259567
15 59 343113259
29 68 359785430
21 14 449922149
52 67 618692379
13 66 681460175
58 54 421248767
3 35 281254619
73 37 708070303
66 63 439192038
61 24 950531704
4 71 457337981
1 18 705121629
50 18 835421579
14 45 899392785
12 59 840520733
67 62 719205000
32 73 211178950
44 60 817024844
14 41 716564486
52 21 731498660
17 64 456092741
21 34 326381904
45 52 655929227
57 62 301805200
17 52 923451717
24 19 431064803
40 3 237210522
72 50 183281660
17 33 657748317
4 54 20533348
58 11 241248988
64 69 924234357
7 23 30612395
23 53 929478086
11 44 417777607
27 58 820890484
62 54 788601902
37 4 230230973
11 2 217092698
35 49 387658512
74 28 125590171
62 14 857495304
45 59 873022267
52 17 23374857
53 30 38292473
67 59 107292564
59 19 650888708
63 62 750604524
75 29 205246068
59 65 760418276
3 49 998628453
55 57 572781284
58 75 312035731
61 57 904382394
7 46 251240708
62 53 289370605
32 15 116364848
24 37 695199071
73 8 672368181
50 55 119410336
58 45 341043155
53 36 165786101
43 25 977415622
15 10 473699192
38 35 24716485
62 26 119491142
55 67 843697087
72 66 609522575
61 32 25959477
54 14 989168554
74 32 695591158
9 52 640593533
62 41 88338149
18 22 531666555
53 14 110977979
17 36 700993259
39 74 707130567
45 11 642948123
64 30 988786979
72 67 121056272
6 24 944274802
67 61 908662634
46 1 121899976
48 62 349336923
72 20 44380189
25 62 149330047
57 25 807780318
67 54 88882516
43 38 692359487
52 61 416219797
25 19 579676495
42 51 592735377
14 29 503181098
2 3 623658163
42 27 993521957
66 75 440413041
49 7 167416302
36 8 950741183
7 20 694549705
14 51 461806439
25 61 680489567
75 17 278607807
43 41 456883142
70 35 964507915
51 14 210674274
38 57 505058725
60 14 179869823
41 27 741752873
56 54 357695609
65 62 487313952
26 2 217730488
45 60 630900535
67 26 260249637
20 74 919454153
35 25 193256295
42 62 999432614
10 47 411182371
73 43 275697866
2 65 828274300
32 22 274351650
51 52 484242275
32 20 341969538
56 41 497626686
46 66 15319671
49 65 534487840
75 51 480467144
23 47 37883708
18 72 794934379
45 50 322589128
2 52 812927736
53 10 613008744
55 19 107449234
53 34 387640994
49 26 751840927
5 36 845667102
71 74 87686978
63 20 991493698
73 51 574232664
39 67 865762967
47 73 352280320
28 16 352604350
57 59 386860929
11 3 16211010
34 25 285447629
47 60 331253586
62 73 324051454
68 67 368175171
57 69 808368902
23 26 265060356
46 58 244800753
72 23 723609476
44 30 765198770
36 13 928927562
70 59 828734862
30 34 903237809
55 35 94254522
26 4 520020826
29 72 593812350
53 73 360556157
43 1 319840765
47 10 551107514
28 65 199442428
71 20 697721623
58 51 895290248
71 3 691537839
4 10 855572908
58 50 884068367
25 4 459267913
21 50 476379336
66 55 265913090
68 75 388707991
20 16 244877889
31 14 474795566
73 3 791580535
38 67 906522253
19 54 707817577
10 23 35088245
32 42 998500787
44 51 951444286
62 5 707852574
67 53 883113134
9 32 21501090
12 73 558366602
70 23 989872940
44 22 835800405
4 35 361695891
38 7 449558788
12 8 614222321
61 30 526954183
2 54 689619380
52 10 878524399
36 25 601831028
48 22 85805327
48 70 574288990
13 2 261558503
31 23 943123375
42 64 329331891
21 27 581832656
14 9 94156398
6 30 720138517
70 61 141784925
30 71 471218838
70 5 597615302
32 66 264355464
16 18 924542245
1 49 319473729
32 16 299013861
24 27 539709270
60 33 830043469
68 25 773980065
29 55 523467853
34 69 143440710
72 48 614699715
64 57 896316478
33 37 329861482
61 65 707543739
47 17 383461726
52 44 734359838
12 33 652888083
34 3 50113517
49 52 955247677
27 43 544476286
62 72 921753182
60 17 229948025
30 3 136227400
46 37 352448735
18 73 486101217
29 53 855422267
62 60 808442124
64 23 974101348
57 9 680212629
70 3 30901685
27 16 535155605
59 18 856302953
27 59 270129545
29 38 906901349
63 31 347349134
60 57 77692475
27 67 812657298
19 12 320595031
44 36 712329400
36 19 482921542
29 65 787569884
49 36 773373862
7 22 771606964
57 27 649857444
30 65 233126819
63 50 40267742
35 58 384234178
48 8 862145039
68 52 830319591
7 63 756235427
73 29 164609437
39 53 957981393
12 32 502064663
22 39 234551553
47 4 519116172
33 30 848629972
19 29 586650859
47 2 694215008
6 29 816735437
71 13 38809372
35 9 761710764
35 47 661770847
54 64 301169449
57 47 592590519
18 41 913717806
52 3 314766161
6 40 982686806
38 30 683398519
1 39 85016896
26 62 215290796
68 12 845783747
13 61 352126258
39 30 40122488
26 69 151899457
70 63 172238311
70 24 206679686
42 55 638261001
40 31 770492489
57 6 206711585
34 27 497884305
44 37 255768647
68 47 405382634
67 7 166819693
37 68 245181848
63 38 744075780
48 9 329420548
61 70 608245479
4 14 298120285
16 65 960715501
14 2 438530965
63 12 141312204
17 41 666376516
54 61 445267796
33 27 767380627
21 2 971723959
45 55 775984836
29 69 259886643
14 22 949612724
6 23 582389197
33 75 992849504
61 17 170320090
34 54 231983163
68 70 963692793
7 42 142705382
10 53 830806353
35 6 17184011
22 52 709834625
11 28 913184269
36 16 172699558
75 33 881197512
66 33 29589626
36 70 828701471
46 17 604283147
75 28 420739651
60 54 631055062
60 47 539803271
10 19 700013871
33 9 49849720
56 9 635139346
21 9 616246589
25 50 527410227
48 46 660455651
32 36 680204175
32 51 879779445
52 34 993738063
2 72 363647545
73 15 292027406
41 60 310720261
63 47 835555195
20 30 310818065
64 7 444886855
63 52 340170285
20 56 603114029
4 32 313546751
48 57 280528779
64 37 296270232
40 29 984149008
55 6 609360943
1 41 877613821
3 67 144936102
32 31 281900782
24 69 446414045
67 70 52875676
12 36 494929365
10 4 309933425
26 30 569251514
72 32 13294679
40 35 377138803
3 23 708695663
24 28 602437811
21 40 409583280
28 35 824109514
63 74 870619344
47 45 650199855
30 32 211747744
28 17 930999352
43 33 585823882
34 7 774542688
33 26 411696342
65 9 692412074
36 33 894548073
69 62 82346082
33 24 216711558
11 50 909123804
17 24 535466376
5 4 588168255
46 31 185992005
72 1 922945522
64 58 984245998
64 60 328756343
19 21 589185408
19 69 444867867
50 67 751249099
68 27 207881049
67 30 773163013
12 75 669237353
59 27 948310026
45 12 133236484
57 68 955436027
8 70 264063672
38 4 409806639
41 58 698203519
65 3 522853142
34 66 350978779
71 5 342889820
47 35 409445048
19 8 773840813
18 65 22879569
26 66 184777426
66 45 284600557
46 5 145064360
1 42 810668269
73 57 29523759
15 74 279543057
6 11 56215273
19 18 937747895
24 14 277940980
3 27 964559818
28 48 531613650
20 70 272229981
23 72 821049939
73 13 998180442
20 34 620544905
14 17 902606896
53 46 652359925
32 56 337598306
25 34 97571082
52 14 876503197
18 64 460939702
57 66 491941306
21 7 309468228
7 72 108089840
3 14 907298004
71 7 613894004
41 24 568606679
62 16 541650315
34 62 30723559
68 45 216123455
55 42 909818986
65 72 507649753
27 64 133181435
69 39 507337923
65 18 473017336
59 29 839312621
49 37 96659227
63 39 726909984
61 74 840423407
13 29 475731424
44 47 288003572
66 31 746611041
45 51 703210965
16 60 105859282
36 38 522604761
47 14 827155939
71 14 927024588
18 62 202454364
72 71 477413413
16 39 588113727
44 2 191410858
41 1 921195386
38 18 402394359
4 46 188978285
31 36 404439307
29 14 841885913
71 47 520156576
31 33 213116741
70 8 198266143
3 53 528034480
47 50 374807030
70 15 533553730
71 31 95479740
4 69 762924182
22 55 50517830
50 53 383331633
16 36 10736328
39 51 922134324
28 42 23382494
73 42 909865741
31 47 662608949
24 23 478424583
43 26 724377732
54 72 312368118
40 13 748564844
1 48 249984699
34 75 446733430
69 27 752251438
35 40 855583512
10 72 477300471
70 13 347625293
36 1 34335257
25 52 114570768
16 11 101218298
74 46 139675746
23 21 66406059
40 61 392662489
35 22 522186164
19 72 607098927
44 27 996905669
10 57 652272397
43 74 426521374
12 57 542331397
26 12 477381210
24 44 963339358
44 70 710198066
8 75 795481076
62 24 89748636
29 45 986881391
5 65 54832698
49 69 814593633
4 48 423292584
71 50 844147176
44 16 21601526
39 11 269056400
62 11 753984675
52 1 539202171
3 51 882535207
61 20 380690903
21 32 212021127
71 45 756287436
33 48 892838143
39 16 12836854
32 54 339991313
22 25 971235952
73 54 342261942
70 67 519379046
18 15 316793286
33 23 726711174
53 4 415424029
43 9 682127996
16 53 694975798
32 45 958429782
59 22 334060174
9 1 134182742
6 47 478455550
29 56 526985793
21 55 527906160
28 43 343948185
28 75 546482279
66 28 855315023
25 75 476230206
27 48 574596551
33 4 541861180
23 50 966491785
25 18 711415882
44 56 991240432
17 20 102942754
42 19 804620218
34 16 957145332
27 28 738227936
28 38 637659990
41 73 456943715
67 15 952384324
15 72 614617164
22 65 634433978
61 19 29985586
11 30 806417440
46 44 510322872
57 72 512085711
16 51 896498693
55 48 580206112
27 75 536469638
41 46 825020280
35 63 917072879
37 51 546164681
61 46 902610186
25 43 321764173
58 9 550265307
28 31 298046804
68 36 660087051
54 15 617033385
3 17 296713631
33 49 811546354
18 30 933373348
52 46 884655153
37 66 110444154
3 42 721487176
36 37 986991237
74 9 203018404
4 31 535530439
48 44 504337188
42 12 426006400
40 58 473955890
49 22 468449918
6 72 984966857
60 32 964115656
64 9 42261678
22 46 450431931
24 4 451242624
58 10 376347867
43 30 494108710
63 73 772204367
3 50 111798196
12 31 919003287
37 7 661358772
26 59 578037759
58 14 57172275
38 47 138275163
28 34 967047110
59 32 932930187
49 27 604410448
41 36 608263613
59 20 677306515
15 46 29444801
28 33 898422142
66 10 387165316
21 49 258421974
65 30 905924960
22 53 28082023
41 18 214181199
19 33 89787276
23 3 209104872
57 16 604124234
20 48 98331202
48 6 939421400
23 73 348956547
16 73 92915282
8 73 513325546
37 58 521358080
9 68 95164609
8 68 678667135
66 73 697987895
17 1 567333862
27 24 57356296
33 51 695841615
56 1 193005541
71 10 82611091
70 41 750569620
74 36 127742058
39 54 900959156
4 25 284696110
15 53 238805021
54 59 204624653
28 12 851667508
40 66 678661216
40 73 49315627
49 15 594637152
3 8 295840630
25 15 543035713
30 33 205125968
22 32 55322199
13 26 738695957
35 54 682558596
63 17 934511903
60 22 376022611
12 60 540539646
74 70 409317831
68 74 7491438
12 38 406725758
73 46 448844776
39 41 306961526
15 14 666754115
21 10 587215503
22 70 152061371
31 66 827210644
31 11 923143573
73 47 264276951
27 56 504738651
16 59 652586787
50 68 296914247
24 8 697272498
27 5 654147952
37 14 813447421
62 25 886169254
18 7 113994264
5 69 184702246
37 29 904195245
50 74 896933587
62 35 75333501
36 45 971032152
6 35 77070583
32 60 974089694
75 62 987777693
31 75 954386912
46 9 443472954
39 24 806029843
50 73 676240383
10 45 534979306
74 12 56075259
38 39 568754
70 46 698612525
23 35 683123553
63 51 177838097
45 8 904518251
4 21 659932542
39 29 761991834
19 61 90934080
29 9 120743068
46 50 371228947
52 60 862043624
75 19 585331382
46 63 936445850
22 31 201285819
6 71 144359613
6 60 697103952
75 11 605402216
71 25 525774187
37 2 709501346
27 36 610225154
3 22 895466387
10 21 372722687
4 13 973013056
38 8 678835501
4 47 659178068
23 29 246781305
47 43 416897886
51 47 12519521
73 38 272827917
41 70 177345700
58 34 376002315
40 9 360025975
46 26 378023872
63 1 128884242
68 66 72159936
5 28 525808562
29 54 947289235
15 56 367666056
17 14 465505345
52 4 526140284
8 71 902959024
71 32 231783891
69 26 193320296
48 52 831253582
10 27 305856922
63 44 379224230
34 28 510802822
6 46 891256513
23 52 317606648
67 66 356472758
25 45 559864373
53 47 865341511
19 26 580912357
20 44 631055200
69 31 108644335
37 52 532404071
52 42 808105674
4 26 479984518
65 45 518375295
74 57 217589568
50 47 513751001
74 16 280159035
35 4 746664754
24 55 328231410
10 9 347837779
73 6 808957955
73 56 666072513
15 2 576481029
43 23 345630809
27 23 687726368
22 12 186774973
50 56 373981084
45 37 318036934
33 16 63989006
36 58 191886250
31 38 182916814
12 7 434794493
37 72 579867993
70 66 296722467
3 11 971237457
54 37 706101642
33 15 467393532
9 39 973648003
1 22 626809769
35 24 230411058
64 11 353914948
48 50 471010791
53 31 316042082
58 65 929937023
57 38 723158892
67 8 54655973
73 58 495835135
73 64 705459940
61 54 709837315
33 14 524950503
1 47 971610489
23 17 854123954
36 59 646727663
28 32 432560413
13 40 227370578
38 17 82576832
21 62 919544286
50 28 583120719
71 19 465775268
14 33 337526019
27 2 573804379
39 3 632222698
2 31 711016377
30 2 863915898
35 17 22132840
59 49 605452760
38 29 175951267
16 33 974784054
39 37 291141399
70 75 218988053
67 60 219756254
65 34 804584092
4 52 266855817
15 69 763009526
8 22 584137022
24 29 352728426
21 20 393654847
36 26 97599548
11 27 773561046
49 11 279182435
31 69 158318201
43 75 634819897
67 19 471507845
55 69 21121579
54 45 561633521
55 46 54014342
74 54 819400361
19 53 456155663
25 39 403229654
75 40 212255535
40 65 704023451
75 30 29239271
21 17 19543816
44 63 228133617
64 26 174800256
58 13 201608345
65 5 544727041
35 27 727228350
23 37 310744171
46 2 364914915
14 64 883179583
34 45 65593777
18 21 744696756
21 13 329770611
28 45 539095807
53 45 792092843
30 56 733773277
16 31 550523892
13 55 692887817
31 49 950462654
72 46 23395634
66 41 834366492
61 73 376280455
44 32 462949362
44 20 840924998
42 30 857142057
69 18 1311615
72 17 666084820
65 71 476246048
17 3 661911173
38 72 312329817
41 44 114790684
54 31 176924082
23 24 156202558
57 2 132063513
36 71 251338421
58 69 489848783
5 43 590977169
16 75 184885513
11 18 593371401
22 42 234237590
11 39 128654811
24 20 488833471
51 4 61114571
49 18 437062189
21 3 205044016
14 67 693460863
13 15 344449229
43 62 242800736
25 28 166948645
30 9 985444289
27 63 974732570
42 49 23385471
71 68 405355316
56 68 231963735
13 73 11188931
23 54 842553438
42 37 9882485
49 28 729589956
59 3 789475585
57 75 952570563
38 24 980076862
25 63 305684428
15 61 972928459
9 25 165554946
19 16 168666776
4 75 542519922
33 40 775318903
32 25 727530488
33 41 299815243
45 21 343312552
52 35 201422963
40 45 913552215
69 52 679392776
74 10 25974735
75 16 661239747
13 3 687096316
32 35 412514039
61 10 657527926
68 20 601747673
33 17 565879381
63 59 201978483
69 25 933188485
31 41 327493809
68 37 778163473
63 19 607438743
7 1 739531193
32 6 883799343
56 49 923730738
12 71 803522642
50 31 272550008
66 44 68988392
30 55 408873797
74 31 566758890
52 56 299177581
31 44 423709581
18 12 553763898
14 40 466878669
7 12 149990156
60 59 220396243
31 37 860097964
65 12 622666790
55 72 963723504
55 33 678710398
62 50 118627269
66 64 336623624
74 27 484625907
61 6 607544522
40 57 29113124
70 14 191714518
21 57 93870476
21 47 219882158
38 37 303109353
20 37 534002124
2 39 186364431
66 67 742588294
11 15 752690223
66 11 887713622
42 33 106155389
55 58 873867532
12 63 520172174
49 53 722739654
27 33 864493304
41 38 461086802
21 33 811106737
68 21 71055783
51 54 493156842
68 15 688506223
61 68 576473119
48 38 902767906
53 18 263874573
7 66 256581417
64 72 600848617
72 13 355035080
37 28 389926304
21 58 670191818
51 18 246818493
37 69 117641611
6 12 744714713
72 25 711524029
69 41 446510756
30 42 816245728
54 29 377073630
33 70 460687379
72 63 217049300
32 27 957665405
45 40 611099580
10 51 157991211
69 75 895794619
25 59 522226551
32 49 142696729
34 65 293793234
64 10 84310374
8 61 501931628
10 15 401025878
50 1 889486200
74 64 883565808
58 49 526909043
18 29 275507566
5 39 724781806
35 41 372443353
30 60 712278432
15 3 502671220
51 65 186662872
17 5 812929535
74 43 445745834
50 3 431058191
42 59 324869125
68 7 475630570
38 49 605429287
63 64 713703476
8 39 222232320
17 54 615033781
39 58 479711470
4 57 655712088
39 4 610533911
5 27 931689664
39 1 864697383
26 29 612245156
20 42 206983319
22 43 271824526
20 51 980174991
11 61 40915204
75 39 422706246
25 65 126085230
21 73 635031233
67 12 900164349
40 23 997773695
61 42 357233235
16 23 353072515
62 57 850192087
7 35 691402421
18 59 768420239
48 71 829379044
12 61 28049682
44 65 916011416
52 50 22031989
39 7 926496810
27 70 245333060
14 11 902760473
69 30 182683214
16 34 376944430
65 70 236846244
68 46 598145542
9 33 925485802
19 65 43222726
35 48 479157836
1 9 160331969
66 56 160232749
47 18 221605701
25 48 85281172
40 49 997978941
54 36 440526264
59 43 823925571
32 69 99603648
60 31 13371345
24 10 403212091
20 22 57147600
62 28 979657246
38 66 845681594
8 58 40327539
73 7 163421316
2 17 742482191
14 13 251561141
66 3 592511379
12 6 286352443
56 6 207174963
32 29 771780226
65 24 695851203
34 38 705229413
50 58 778049855
7 25 233124558
67 33 399317414
75 66 207263492
61 48 664944425
43 44 138672630
57 3 917933102
12 56 848356828
54 20 567068853
67 16 45340766
31 52 527210227
53 55 384025084
71 23 748057847
48 20 836678503
56 4 256965391
16 1 989244155
29 26 516391223
63 43 45654738
39 43 599215935
58 33 142487798
18 66 286163056
19 70 169158197
59 57 117823006
68 64 63990064
11 34 468787746
28 72 959045686
12 11 868802780
68 17 415407290
27 37 778878886
42 5 964271793
59 46 73731044
38 70 980742751
75 37 702723510
62 46 722581586
40 16 335350546
35 44 111717645
52 36 707033915
5 67 788266268
15 44 485127905
40 48 702183913
20 26 404406566
9 20 892762324
60 29 375728618
28 59 800086937
32 1 796790913
13 6 349899652
21 65 174714521
56 46 556653525
9 63 879623028
32 47 970657547
34 37 593358033
20 52 417400991
6 25 652026147
14 46 207432854
33 73 19135503
26 74 661812729
60 48 425969820
13 67 75630929
23 7 70604793
38 50 823423356
9 70 818845444
55 24 930563725
66 24 643694168
59 34 415493173
27 18 59835907
61 45 511482362
41 23 625526479
72 58 230288549
14 3 649501230
74 40 341055251
15 49 226665599
64 66 245202752
42 61 55960989
44 71 459079600
45 34 26869260
35 51 439323114
20 66 892650930
49 68 524049112
22 27 731015348
14 21 413713320
69 15 478260157
58 35 73555200
58 28 806044261
36 62 512694650
70 42 266788250
12 17 746130244
42 1 253873396
62 32 96554344
43 46 135667122
75 45 191674896
50 52 637718452
72 53 367624088
24 38 407318457
27 7 26148257
28 9 162497244
64 36 953852263
21 35 782849474
36 22 952017217
34 35 623021041
46 25 226663449
36 31 382072961
61 69 416439259
25 31 253822077
20 9 415909304
15 13 753201391
24 39 635852568
36 20 250491536
35 55 471100259
16 25 421316705
10 71 688928698
13 60 75960839
69 71 378949298
36 10 278352319
62 21 571730423
49 9 933301362
47 75 595308020
59 47 86871239
19 48 674931308
74 38 882731749
29 5 934530158
24 70 819440745
42 13 255513954
74 55 424717925
17 9 511209030
13 7 281733100
33 2 738321547
45 2 271075088
35 33 638019177
47 27 598764856
45 14 989992773
10 11 798591853
61 39 472102819
59 51 292597119
57 20 93345408
19 2 79009473
65 14 837221265
15 11 107454556
72 56 325567980
71 75 257175172
24 62 313830237
21 5 956268253
39 70 878131410
5 29 86402737
52 29 735722558
68 1 681323516
1 21 253376530
43 70 212897842
51 74 723938798
43 49 309838017
75 57 686986082
63 23 413752877
19 13 398587932
62 71 458646857
48 37 709654933
13 64 437500266
15 50 539852176
26 10 157101442
28 39 767410957
57 50 426574923
5 7 890942603
25 9 430661799
72 3 413320593
2 56 320911304
56 69 252527360
35 12 100666680
27 72 670966929
28 54 324490828
11 1 815272888
3 61 990392028
57 39 556571443
27 62 661657040
57 14 834293379
55 75 747669597
23 57 476275538
9 23 360285711
1 74 443629599
40 10 130023308
41 61 673619374
14 15 270503380
33 20 636219325
34 72 208281692
5 70 470197648
34 67 214167233
22 51 583293746
54 60 643608308
7 62 226027919
71 28 668526143
64 40 953415294
73 35 908957674
29 39 623688826
59 5 715564098
12 45 227623079
51 6 663077171
13 49 974165104
11 36 886080449
29 22 117710555
44 1 264291712
5 59 84153339
1 65 244838965
46 71 102771693
65 63 855449153
70 64 507271668
1 2 498428438
23 49 802348191
54 28 62288922
20 45 743596932
3 37 690695352
73 66 312608083
36 28 439826463
15 41 45469330
75 2 633589279
38 56 472570160
34 61 647292782
21 8 453539509
9 14 666650184
41 68 75254688
56 72 485715861
51 8 318405399
66 40 44140484
56 38 902950193
38 21 489139315
4 16 995975921
39 15 922439586
73 10 436659643
24 53 353345292
71 29 324199953
54 40 745785149
42 23 141775040
46 21 344764178
22 63 233115166
6 16 103567984
39 56 818116587
6 52 227421658
48 14 84369944
56 2 354672882
23 30 157079238
60 44 207783659
59 69 835303267
15 34 168902911
33 18 278823029
67 50 946425590
29 33 213826315
38 9 650581601
48 58 265479636
16 5 487608692
30 75 9709728
9 5 952673405
52 66 26824991
30 11 907279037
63 5 581135410
38 15 151315769
44 14 59487078
44 52 311700026
66 13 352682856
16 30 278612080
39 23 553464789
71 55 769526875
65 40 22795819
1 4 26631251
46 67 122355057
71 48 131386814
15 45 855748177
19 40 706219619
28 51 272631441
68 22 568350567
44 17 525099141
45 73 163957038
63 22 421055217
34 24 195980460
57 31 165691494
27 4 384732599
57 18 154475853
69 66 596132365
37 50 32944536
60 75 383190758
31 73 986028382
14 36 680297514
49 25 481967702
62 36 971786747
9 75 897623184
20 64 383766049
17 55 777879680
56 40 731863899
16 29 427223275
55 25 895450024
5 52 72283408
5 41 173410688
69 23 845974327
37 25 316234390
35 46 336040080
39 72 905691109
73 67 202997170
8 10 519888469
32 44 143986786
59 75 490722608
67 3 902179936
27 6 225232316
49 43 449291550
19 7 405986523
46 61 576475897
75 72 959599227
69 4 595312258
23 66 950773615
14 37 290758556
13 35 949318297
29 25 884805518
10 5 155054192
49 14 635228333
41 25 562019994
1 17 410220579
44 46 600376658
59 61 773498354
14 23 145462402
24 43 495402813
29 35 692810513
57 37 104845571
3 52 11386793
41 33 358947698
34 6 950355390
55 15 722103866
64 74 330230809
63 48 253182874
37 59 179246879
51 29 868380576
37 40 624393064
55 4 777305503
58 15 989651880
54 27 187700366
22 1 484777037
16 47 195090577
71 61 577438341
53 7 82246989
62 75 427874718
19 45 240358378
18 61 132826753
18 52 431218735
2 14 467885235
22 23 666384102
65 27 774464968
21 4 709535747
8 23 768220709
13 25 960082212
49 61 320827085
46 13 877700069
68 56 473651279
75 71 515199999
16 37 871460128
28 11 442728621
69 7 964841429
60 66 805589934
28 19 831311256
74 25 47721560
10 18 195444506
6 14 398317181
3 48 326533596
47 20 142273274
36 32 563351155
70 57 341084475
47 63 763188694
15 43 43313188
2 38 740984889
4 42 594921364
64 31 296119826
16 68 142170326
64 68 133506355
43 11 368703792
36 24 337394534
1 7 620056254
3 56 890253557
39 46 453468506
21 26 467337746
62 70 182942646
18 45 242035415
70 74 554368593
54 9 493650101
28 67 651898529
51 56 976339494
1 34 73061100
36 49 750380431
15 29 10232682
63 57 778436137
19 32 926845934
75 65 706093337
63 61 546434216
64 2 737225447
75 36 935556437
2 18 296249870
27 71 717412471
13 45 950330847
34 53 998232525
13 10 417327755
63 6 114704690
53 38 598035532
24 1 419134849
45 43 573861514
11 54 712581628
11 32 813395050
30 73 842875214
9 2 959290160
25 21 577114077
74 51 249952800
23 1 129001455
28 73 982937366
30 29 693098221
67 58 577072399
66 26 261867138
74 19 38473381
39 48 251262025
9 26 151108599
53 9 165052595
71 49 298745608
66 71 816293928
43 72 147778214
31 45 827415290
9 59 717460232
70 44 81377980
41 32 828850162
11 49 741559994
14 73 469729595
66 19 411997225
60 49 241751112
69 53 239109462
18 37 405220244
67 68 642273380
60 70 522475188
59 2 893962913
67 74 688791458
54 19 525623010
36 2 270346457
9 49 566154853
38 48 349262429
9 28 936132431
5 42 860615877
28 62 814065697
2 42 396917895
7 45 419271437
24 21 637371276
66 72 893941367
69 54 553121603
27 54 754238293
74 58 64225043
49 1 570576572
66 18 458751669
28 22 521414899
75 27 886359995
14 31 251757420
16 40 768285485
63 21 102847462
30 26 314179681
8 63 256556308
32 58 431812901
34 73 489808894
58 73 936152879
29 3 312308054
48 19 876209117
73 53 471109386
62 31 97639774
24 26 940046530
18 69 109889744
60 34 901032377
31 8 60039580
50 64 739227244
17 69 373515254
25 60 885087397
49 41 665994121
16 58 736316633
8 55 180005577
3 40 105385480
67 23 521452095
28 63 968296728
47 65 326053231
45 27 780871950
6 48 627810693
5 8 793573368
1 10 909795407
11 9 783196290
36 52 411879373
11 75 261035232
2 70 454570792
68 2 618909827
26 42 793410595
64 29 49494333
57 11 143245270
54 7 440188336
54 24 81979231
52 9 851878827
37 61 997293221
63 32 154833808
60 41 300326285
30 19 976631397
57 65 249036300
25 68 790598393
11 41 661616799
49 58 8759715
56 43 736175348
12 39 187721018
27 51 360228148
29 70 627371407
54 22 819227910
5 25 205253034
30 20 999525215
28 2 528844971
5 55 899601087
65 41 380241173
20 50 185123555
55 68 11800593
72 33 84764486
42 21 739076709
72 7 243468630
8 46 636309474
57 24 703441083
24 13 1538358
64 55 816458547
4 28 927201341
22 3 400535541
71 72 738834480
62 9 1103642
26 33 219071055
37 10 904506785
58 31 87502047
42 72 140356260
56 59 143095224
21 18 211454333
66 57 981236992
12 2 234103947
25 38 197179501
44 66 729824237
18 75 50596704
17 29 951388840
18 56 942730959
63 34 112078293
18 39 588330069
62 56 49297742
69 17 12373057
51 43 174283515
51 69 777343047
2 62 391857840
53 72 487046507
54 10 30255977
68 9 941136790
29 43 262607846
75 22 335516813
53 37 657470939
51 59 682615241
51 31 497423210
62 59 834574523
30 68 680554941
5 6 367315519
6 75 507521811
39 27 230055200
9 6 393318994
22 66 705375315
25 74 969533413
20 31 185278668
62 47 858874072
20 43 196359445
16 2 994860102
26 54 514984294
75 26 461451834
43 21 696545433
33 43 381216893
61 41 856844822
13 51 909621753
22 56 81073599
52 68 283720097
65 35 384585601
48 53 520609165
59 73 156984947
4 56 555991216
52 55 147566989
72 4 489581450
3 44 574985235
7 11 417709295
66 59 466236993
35 19 588568821
42 32 3881165
68 65 413436803
54 63 521085772
21 56 308084391
22 13 724396842
6 65 287625182
45 65 26336289
48 3 476718948
25 8 183266179
27 73 914934837
6 62 424783472
40 67 966134863
29 60 334847439
25 13 372298155
46 23 148139020
62 19 923965565
26 22 297857273
35 34 502476278
67 55 278336511
1 20 563397450
10 14 783083757
13 34 223417963
26 50 75081888
73 9 710921080
41 63 946929005
41 40 881361314
72 30 835113825
23 25 496810220
69 36 461614550
27 34 166340798
21 36 239042937
73 50 641477497
62 17 838351120
60 1 603540499
13 20 345901359
28 52 179055249
43 39 868687365
34 42 880618025
3 19 607031630
31 43 17638555
31 56 313258158
60 73 292256954
21 37 895015133
21 52 824311867
33 63 226238615
8 3 902417999
42 10 880892603
22 24 81770706
58 29 405433821
57 73 467821656
28 7 364670274
13 63 235879827
9 19 72693050
38 73 223000923
73 48 390922425
53 32 241296355
29 47 599458017
66 9 541217119
20 15 141865368
75 8 166811048
32 30 812450331
61 58 775091392
25 46 542893980
61 50 912292087
57 58 598041339
14 43 198714369
55 27 154349630
25 47 620573194
48 4 631249207
43 47 279005727
42 24 317214187
65 31 476638777
23 2 435728468
8 36 909223707
9 11 287296495
17 15 535640468
66 46 528235594
67 47 539741945
3 54 143132583
12 55 244108394
64 6 581767435
42 34 490327468
51 70 585249212
32 19 615543969
15 5 419101445
59 44 162430892
21 69 366047943
6 68 657673530
59 23 139066579
22 8 596452917
41 3 878496111
64 61 799892105
34 12 756343968
54 46 914982608
6 19 836637413
39 21 964023398
72 54 399102465
19 43 265247286
30 49 168223902
49 71 681857857
2 1 761100219
9 21 517600339
26 45 887061191
19 34 407108267
8 7 202131533
67 20 451033602
34 8 963715830
69 10 386831028
33 53 364082832
5 35 741341019
7 17 720548285
71 2 574682156
33 50 573771981
42 4 221701799
35 56 552485089
7 27 645777997
31 72 169547785
36 54 74804120
9 42 287056933
49 24 492121740
60 8 484861823
39 34 588003580
74 29 558641321
73 27 285327434
72 65 170310600
64 32 438249611
53 16 471781412
6 53 360945334
45 63 641845134
53 66 424966346
23 63 214006258
40 75 833651774
38 44 57459626
26 72 416073952
31 16 211211702
6 51 819004932
4 36 42898225
44 74 214196945
56 15 214932069
26 36 573879353
42 35 612879224
28 13 97694172
12 15 517249748
21 72 252142036
70 72 374041703
35 5 17218461
53 42 317614664
52 20 648128612
24 50 246902355
37 48 201657455
20 27 729274874
73 49 171585128
28 5 512409877
74 67 639095917
62 22 571835159
10 32 277929462
37 67 893136823
18 17 73445292
71 17 605769357
25 44 58378261
50 40 651960230
63 7 345749169
46 35 500228890
29 42 815728437
2 71 660882163
8 11 414232932
1 31 587003348
56 62 690312885
13 38 394132538
44 4 814421842
43 64 26327254
45 53 373379707
72 6 10872922
19 28 697407331
6 18 307646427
23 11 848177285
52 33 285866356
72 12 472771702
8 16 534509221
57 32 478196792
28 53 175126579
2 69 578560521
73 70 317975219
3 33 26858084
8 44 538980081
31 32 466438857
16 27 249199586
16 72 527709204
40 20 598195184
35 52 178381461
16 42 569178293
73 5 719873888
8 25 617282466
16 20 293728165
17 46 385155253
16 14 875066992
6 57 730554695
61 55 727035163
62 43 82331606
61 26 277266434
30 40 528577933
7 31 650528067
9 53 679275227
15 23 479823177
18 14 125756369
51 12 657609334
45 29 507080057
37 62 862409381
67 10 706807543
7 18 212931066
36 74 284379574
43 65 641126156
59 21 621170731
33 6 30456312
12 16 611955077
44 25 560101808
30 39 518900763
53 12 378063751
3 15 689966125
32 14 346017022
37 6 983203922
49 62 884200263
31 48 617272051
9 51 378206724
55 47 320335170
49 35 835628350
69 20 954940049
25 2 161156610
48 34 6373856
67 37 405601899
45 1 255277848
50 26 586774
20 41 56481523
66 39 746769039
20 24 500727734
2 32 469040298
7 74 986612927
75 56 974200684
54 23 763583235
50 35 434290152
74 17 42505213
13 11 946310731
45 42 14073206
24 15 151804816
44 40 759414147
71 43 889489304
50 60 92614828
17 67 841174653
20 47 482058990
5 14 11334809
38 43 845630760
68 11 123761763
40 36 465032588
20 8 46077388
45 48 267505542
31 2 900663696
68 59 125710749
40 53 276584101
25 23 495849659
50 59 245150014
30 4 791519400
73 21 632642770
58 74 937414485
26 55 496286344
12 20 368974180
23 65 367945687
59 14 958254265
55 63 518785415
34 50 993145376
75 3 992221989
72 41 327312158
35 31 412970133
1 60 369979450
2 27 926827113
61 9 890893567
21 38 906067061
73 52 156591573
38 52 978953463
60 45 394308824
55 8 493648575
68 55 496707547
8 5 591260347
46 64 476407302
15 33 57223756
3 1 247994993
59 37 876177546
44 42 395280419
15 58 591438056
63 30 404224682
54 35 335955664
71 15 800832276
21 71 327393486
35 71 878334799
38 60 956251754
1 59 383879493
6 26 254909115
38 5 83407345
30 15 712772048
16 28 878417003
68 19 262610932
48 61 59317352
67 72 536364933
16 62 651020392
39 40 884118132
6 44 431653868
28 68 647082780
42 16 891540184
60 42 628353275
74 69 159427573
51 48 118171952
42 44 82922899
61 43 227215799
13 28 176526123
10 20 583636561
49 39 579871641
3 18 22092935
13 24 857587421
68 26 267056653
34 43 238607329
16 49 317567320
35 38 552959940
55 9 408898254
38 34 160240367
21 48 158371476
27 40 813481837
63 60 916798322
66 17 682305911
9 44 407888947
18 33 372741943
21 39 437108808
55 1 275093940
66 50 47530977
21 23 539641426
47 51 586313754
16 52 431787902
39 44 87916737
26 41 884484459
17 2 210945152
74 15 42233473
33 42 89797076
72 47 425691648
72 51 689443248
31 54 793327095
59 70 369690934
69 60 199929267
28 21 682838962
42 48 904662101
29 61 812835912
47 13 864780094
72 29 789509352
14 55 326265408
15 17 643015584
17 28 897878529
30 5 598746635
39 55 123685113
7 65 943606898
12 1 384101251
67 71 642705736
73 71 126431197
72 70 459114315
26 15 860704926
27 13 898984913
62 38 952601112
58 26 668377591
18 23 136303309
49 8 805208470
74 61 889116975
65 21 79138846
10 36 890147066
12 72 594449213
60 2 145351308
60 52 885508993
67 75 904547665
23 74 218756028
64 44 598045793
29 73 915691006
75 34 254135345
40 2 944927517
73 44 617530783
42 67 751110458
61 16 985904969
61 67 719293096
55 17 705188423
59 38 991608404
20 3 97288209
44 29 433875965
19 35 651530297
1 37 885850311
51 63 990860912
13 39 11789793
23 61 624732696
72 52 322561311
43 45 296891012
30 10 383075601
38 23 328008044
25 55 120194022
30 54 479826492
67 36 74138366
42 74 25949115
64 71 63333111
42 52 578687610
7 41 368053045
52 13 955057911
53 8 447398943
47 5 908926045
25 42 792401855
54 16 678064564
48 41 602953784
31 39 324269533
46 24 650045588
49 67 42043396
69 13 517295750
48 30 670031545
14 4 458159885
16 45 39214888
44 10 412081963
22 75 364286188
38 75 218876753
27 35 593257741
22 2 364324901
8 32 580489615
23 64 732291782
40 7 950237378
59 31 831963169
9 38 485533360
40 32 969627746
37 35 33316273
2 29 634812112
13 59 931054839
1 70 338605656
46 48 406623892
53 23 645929235
28 15 639303070
25 70 331938534
4 18 553005606
12 3 485199074
69 24 297705080
14 65 980603752
48 51 534743815
73 18 769269594
6 41 790351475
33 68 32205299
8 67 439788544
37 65 834920873
24 11 526197795
11 23 980789013
17 4 643900103
68 49 697965548
55 13 888710698
41 43 622987237
47 36 305294517
69 68 677410793
41 45 859004331
24 72 8857484
5 44 434304966
62 66 480399851
7 21 569512508
73 69 642603054
5 57 561911625
12 68 425219703
34 13 940276702
2 61 962242462
3 4 207712569
30 25 928600370
5 40 693824206
48 65 962138383
43 57 831915992
33 13 893440982
8 50 527987921
21 46 416695696
2 15 146483615
15 26 623948530
38 62 98855407
27 1 569926659
47 8 25675581
29 6 185055703
7 34 251565911
56 21 201677761
17 74 264280502
35 53 897638607
61 14 623133944
43 19 606441093
11 14 725346773
3 41 60719743
54 56 571039204
11 13 339021757
66 5 179154291
22 60 563687200
37 20 997287400
69 61 427401610
71 58 564312887
21 28 17645722
65 29 92730284
24 58 22570528
16 41 629514972
11 45 219499898
60 46 304585252
20 57 771144072
48 26 422154010
28 69 323679254
74 50 812118871
65 56 380449566
39 64 912104250
35 2 711484818
23 58 113464864
3 26 481959833
57 45 578016563
20 32 991003881
28 55 883326726
26 28 18003034
67 35 596755186
65 74 420785854
59 53 384446240
33 59 523394328
42 69 59859342
61 56 300380217
19 63 575892854
28 46 34899256
34 58 854661261
20 59 635173091
64 3 109224261
5 58 39453021
71 34 175943596
51 55 953913639
22 50 184826223
13 68 25066583
45 35 806258364
67 45 488980840
47 38 358835729
40 54 603221922
43 67 246008773
46 70 336809212
61 28 586453787
43 73 188389096
68 14 963504089
71 51 207644306
56 5 181465891
46 11 730212031
12 42 238785991
19 56 766629211
42 29 401933313
35 21 213304536
56 3 363728831
53 71 89919194
10 64 775506209
36 34 812283546
37 46 361365096
69 16 240350593
40 72 984070700
19 27 475195369
2 30 34644701
31 28 938496395
13 27 925237506
62 74 495838555
10 8 675515705
65 8 142401591
71 44 528554098
35 30 310263698
69 38 30001977
26 61 674139782
13 5 740012903
57 71 522337143
8 54 655157421
71 4 687587543
33 44 762404751
68 43 347713627
19 38 246539923
54 30 456050469
43 12 185279523
47 71 352547910
62 1 895579599
21 30 463442497
73 59 736311956
43 53 140119786
33 38 75701659
45 61 649641869
41 5 458117195
61 29 467291145
7 13 179326942
3 71 291964632
21 70 339859657
23 46 832428722
55 45 640656633
32 11 404602649
34 15 166366111
10 12 438019206
69 51 323109763
51 5 141436262
21 75 797668378
56 27 905828714
4 49 493126817
60 71 619645859
44 31 218292405
8 2 153076019
67 5 331522706
71 36 897952915
28 25 566575197
32 2 367866752
53 24 638590724
58 5 572433024
61 37 120774831
41 53 255186386
34 47 55316915
27 45 992660420
34 4 296945220
43 59 466625069
34 30 866370167
23 10 177148728
17 65 30073262
11 53 117586857
52 75 572589206
24 63 439006565
63 33 231862217
39 5 240016152
50 37 650763720
28 64 774662064
19 51 782706783
60 19 710543627
23 36 148812369
72 31 116719296
17 66 274140475
15 38 210859724
51 39 295254395
57 30 966273181
1 30 933245132
4 61 252837503
14 18 27805489
12 48 191729442
53 26 73253437
75 12 417188591
59 4 169818547
26 16 108917932
53 28 948991655
11 64 818714168
75 32 376411683
70 18 477553511
17 73 183817021
4 27 647336153
72 27 130626163
47 55 628638852
42 11 977649263
55 74 27936954
38 58 285716106
68 35 268612214
26 17 869461615
1 33 309657374
46 49 187464061
74 44 33505827
75 5 215639099
5 1 124032472
47 54 59795737
2 25 820893325
42 50 408902009
29 8 911799547
36 29 975233678
50 17 353875353
52 12 561527698
67 17 908056153
64 48 91878471
57 21 440926384
36 73 93800805
68 34 106343601
58 4 577669831
24 32 892279135
37 73 703219884
56 36 555417122
19 22 751741634
29 40 38751453
32 34 340429176
55 65 583770093
21 19 555561209
14 39 880918883
24 42 662835806
22 10 5662677
38 65 965003650
69 40 916637221
75 43 94294806
42 31 998156367
44 57 884554971
39 36 463933879
14 26 252997210
55 71 240289004
71 59 197358922
55 60 844699744
45 44 824740861
5 18 549167519
52 71 468663150
38 54 695926840
74 41 2668473
1 32 406696200
32 17 545841338
69 50 637287179
16 56 729248210
55 73 750544135
65 37 479123234
11 57 483424094
11 5 288392883
59 50 650378837
27 17 543211785
12 27 715904201
64 28 193582284
43 24 946180587
2 21 129974708
53 75 958016695
25 12 703557394
61 53 703187585
51 2 488901907
8 30 945080551
18 32 858210190
70 4 459335149
73 62 474232030
71 38 109766733
4 67 297196004
23 55 622455469
21 74 207890694
39 68 746400519
16 6 951812826
50 29 577411458
39 8 370452941
71 12 806978347
13 58 782911322
42 26 381515139
37 34 511602605
40 37 262927209
71 70 401714273
37 44 10246644
35 11 676261925
41 29 917838144
9 55 156875098
21 61 519598918
44 53 315596270
67 11 177319907
35 14 52171124
58 21 510460823
54 32 777527197
49 59 914840093
16 21 850583927
30 17 264944470
53 65 269848161
56 52 998901326
18 25 992699103
5 13 753240838
20 13 449978394
1 66 48083040
50 21 953635825
21 67 470994452
49 74 798954413
44 6 133807512
62 64 224328171
58 62 951510676
56 48 345753527
1 14 603700767
33 5 234099705
22 61 868339648
42 8 842217178
24 12 423229525
38 51 495769822
4 30 533669698
55 41 783223164
27 53 164479783
42 65 602353262
44 35 719540487
18 31 55585851
54 13 181688238
21 54 58935452
25 5 160743574
55 40 230758037
27 15 382724995
39 19 399165551
67 46 5667554
59 30 676053051
69 64 673887430
45 4 362529442
34 71 950187953
25 54 217911025
37 8 36090944
56 75 214791350
51 7 948434181
75 7 621445420
9 35 682984147
43 20 270112098
72 15 539731728
16 67 15927260
27 61 315148023
11 68 741645680
51 62 429967678
58 12 570164407
1 13 231654121
38 42 84621739
11 22 686425024
22 28 997888394
41 6 97623380
54 33 895692327
55 20 478219899
39 26 963074484
49 47 545384000
15 73 987084963
7 33 190157307
34 44 172541202
7 40 162219324
30 14 248840657
74 23 837788217
13 16 613748935
38 31 287704736
30 13 873699117
57 10 229815232
57 1 24021244
52 16 204751117
53 50 586011806
20 65 715283292
31 19 952448104
66 68 977576143
60 21 77837678
1 43 352380823
6 4 445168769
24 56 255231487
45 62 38977529
70 26 754353304
5 11 667737474
23 15 266686951
5 66 177493850
63 66 945999103
21 24 607960164
45 15 65688714
26 34 680855484
64 8 79646204
6 28 675035934
18 50 972159740
1 61 291861212
4 39 353868373
28 14 387447092
75 67 766521263
18 71 447752053
33 32 821176714
48 17 655986937
15 8 554214678
68 69 558568036
60 62 34234753
35 59 488165774
19 24 807508034
25 11 577482716
2 44 390862897
39 25 595278116
70 49 915922044
12 47 539773746
65 49 510905315
61 11 727283147
28 50 61819444
5 46 608514475
13 57 898142602
24 9 252710629
56 34 747511298
34 17 98247821
35 36 774791685
75 46 795070070
67 28 337617951
41 12 719543342
54 53 741178447
66 2 810507608
73 24 540963611
42 15 18771647
51 68 408428800
37 49 437210160
64 54 221370020
26 43 918513713
61 49 503851286
33 66 841341012
61 59 696651290
18 2 99181922
60 67 879585106
51 19 843666540
39 13 622011651
30 38 749469777
67 32 965743209
39 31 853464239
5 50 861098665
62 27 554005786
32 23 735123532
28 23 178349825
19 5 473872549
55 43 285015195
29 4 545790885
58 1 211244229
33 69 753046270
7 60 347334686
56 37 154472723
31 34 158508280
67 14 599464248
10 55 630017470
36 57 966854942
20 73 195550105
70 48 331087251
74 4 947405287
49 16 94243210
8 72 556247000
14 44 41852668
9 22 763175084
27 68 986383881
65 20 397579898
30 51 246271569
37 3 683732559
15 52 185091353
4 33 294987371
52 58 489604273
24 64 367759359
58 61 280324575
54 66 878105336
47 56 490657579
14 38 297154556
30 58 614006916
58 55 941537156
55 10 479506282
36 55 312486890
51 24 632401565
22 30 933109907
26 67 520579526
52 30 596217683
11 31 448857215
28 6 153999456
66 49 31129326
35 28 297710272
37 1 638218899
64 12 902290202
32 59 463223687
69 70 484719116
67 56 520270223
6 73 403257855
7 19 469892503
2 58 366693942
7 59 687087445
6 9 37597596
54 49 356165167
66 7 148208359
12 67 377868810
51 37 711516746
51 66 57854146
7 32 990853961
64 41 717661886
21 31 308146364
38 19 874154574
15 64 349264559
46 39 856227227
33 61 827658983
5 2 47683771
8 13 940041470
54 52 651426164
32 7 370442346
27 41 162993522
40 39 589823736
12 14 406407523
35 67 759989757
51 75 438859826
66 21 64814193
74 6 431579909
41 54 953878854
2 16 844144275
70 28 404367028
13 48 170855842
62 52 570633158
50 27 555271182
35 26 829097204
1 68 978533627
71 65 917770862
66 29 978129868
49 10 714251101
48 64 387095472
24 48 985654687
37 11 131848430
33 7 117832793
50 57 173849845
3 73 253400860
57 40 729520440
35 70 773402640
65 22 633584502
41 26 893571879
66 32 874786488
69 48 775113139
60 56 591366747
18 38 426325383
32 39 690657452
41 17 278517325
15 18 612183796
49 34 612697741
20 17 852581055
33 52 943851269
49 45 74818229
74 3 118101695
51 26 812769706
65 25 692514236
9 48 565783780
33 74 266460427
20 1 334335917
44 3 536947848
74 71 499009689
64 73 240643296
48 67 714494595
16 46 113030866
3 46 616236252
39 71 569029767
14 28 939190818
25 73 399014615
34 63 444489211
41 69 133093470
69 3 416100449
24 51 66432614
32 75 441634298
7 75 350360810
51 45 795100164
31 5 75781706
55 38 520662025
21 45 990879319
58 24 444860523
38 12 380189861
71 60 890199778
29 64 653467278
36 14 491932855
71 24 211934031
43 40 342351185
19 37 368569225
4 34 6330497
28 71 920346793
1 53 240548516
35 60 476033131
62 2 644980713
40 27 519932459
37 19 20969216
15 30 291335376
3 9 664548793
44 9 974897644
47 37 109514458
33 35 692212591
29 7 87515116
3 21 952592780
17 37 595264055
66 43 292686142
66 60 563105043
53 70 118987273
30 53 667568198
71 40 652310790
65 36 196298985
22 18 549117580
51 72 111540895
68 32 948517815
20 60 680686888
3 69 797695598
40 17 816182017
9 65 481422403
68 24 312212711
34 49 909354747
53 22 116364004
48 24 406542189
20 39 296358971
30 7 245127188
66 15 218031188
18 70 778177123
63 28 465016225
46 3 623958973
63 27 194778488
31 62 132674019
17 57 12598938
35 3 819615017
31 3 231773398
1 45 59493958
51 64 632205566
13 18 386078042
70 25 687024327
26 25 945054684
66 37 131847273
38 69 582819692
71 66 3862753
1 6 489866865
26 57 278037285
65 48 800417188
13 43 438020008
2 10 263605724
49 42 349018521
45 32 370296922
71 18 358799773
15 27 999954669
32 64 944585457
57 23 398668222
59 45 450111369
6 27 917133413
63 67 456069754
68 28 694814547
55 3 480369448
52 54 184016518
34 31 68341309
70 13 895183211
31 7 413433872
75 11 744353750
57 66 956659701
53 10 198741373
42 31 455036802
2 21 359602907
6 60 52964543
44 21 744636986
55 9 907104250
38 52 914195112
60 8 468926956
21 42 283277008
52 37 304711254
15 25 739467974
8 19 753285027
9 12 316704625
2 31 563019456
22 47 588121158
8 39 455426737
17 26 355648588
55 8 251977080
68 23 528246262
53 19 237657287
75 36 985406538
18 69 89381246
13 35 975090245
37 40 553732762
20 64 140738480
35 62 321990372
5 70 883033083
33 64 521889950
2 36 863873735
32 34 94355083
71 15 3250033
4 30 222456952
40 32 270784542
43 9 587506652
60 7 196960586
16 40 648363475
56 6 610682766
27 18 275004387
12 22 980156388
32 70 631227226
54 16 687032694
26 21 416471405
16 70 271102341
65 17 580843410
44 9 615294510
36 35 802485185
71 53 281166947
12 30 142985021
8 21 617414490
3 61 32420108
23 73 123955262
64 30 740750909
56 67 938423436
57 26 966871592
39 3 771868767
43 12 499450221
17 28 284774728
2 67 749078095
28 11 560623920
5 64 397414181
59 73 11177961
74 3 369384667
13 31 30556924
69 23 948394808
44 28 44955262
75 66 526163072
29 10 969349667
61 33 812297353
68 19 4424003
31 61 544415501
53 64 824941829
13 68 909474218
56 34 114133623
51 59 109282362
52 35 155158868
33 74 763996145
56 62 352590635
14 5 322603494
60 45 47613345
60 41 447089795
69 47 999628044
7 42 812610451
30 12 817039410
53 73 634242310
65 67 36243894
18 16 716344923
18 44 341078339
42 49 671235699
20 60 606572317
52 15 614854451
72 49 70062740
33 70 506668582
22 61 201083702
59 39 55749893
35 61 167912021
75 39 982822413
55 69 713957753
11 25 126223767
41 58 116128399
23 59 119418544
70 64 180643311
65 31 842952921
22 46 727240373
46 30 129775513
48 60 722949409
4 28 426610766
17 30 146511338
20 44 715437085
27 22 958287613
39 2 588145223
44 4 552877665
40 61 959574179
31 50 738762466
41 2 549846454
70 74 283763488
37 29 426862642
20 22 758833367
15 51 884835342
24 44 754034980
50 5 774564536
53 52 608562063
34 48 238214630
26 60 286638881
74 7 371753066
37 47 544258217
47 54 204364087
49 30 719082460
41 51 187416083
30 11 867703978
41 74 457210187
14 62 566107003
59 3 644888950
19 73 303288830
48 4 264054498
57 5 48034028
26 10 921315457
23 69 187064222
72 35 142365469
9 65 107977798
70 9 340585303
20 61 537436623
47 19 448615718
69 68 703164665
36 16 436384884
17 10 579639013
7 55 167462658
39 54 988728218
63 54 694252065
57 50 163940707
45 10 683167559
32 56 182023338
75 62 115376168
41 33 632879594
45 46 373220279
43 26 581056024
28 69 991196105
24 68 164571128
68 42 385377718
31 38 850031636
16 42 279588921
5 42 348283647
29 67 345847002
68 26 739189203
42 28 162630527
15 27 964693613
49 70 908261921
30 54 40339218
16 31 507231480
56 57 34859348
44 1 185338767
70 44 982100208
7 17 471737527
61 6 893765377
63 23 116874054
49 51 862451463
7 47 184446041
22 42 353328587
21 53 37423934
65 4 125791850
47 40 914753682
8 15 206769237
2 26 668436333
34 51 189890434
57 33 812848615
53 70 773420434
10 31 880143213
47 52 71776798
50 66 381800161
37 19 152700946
46 17 535278902
63 61 848390641
47 20 961758955
16 38 870583888
24 31 931773778
5 46 549592478
19 64 858984479
7 71 223684221
55 13 311065175
72 2 517143220
14 18 390938089
15 58 17568087
70 35 241052929
17 40 444038170
36 46 788923243
71 25 31768582
38 5 13353758
56 70 354132835
37 5 92610495
69 44 796919379
52 2 553114615
35 43 319773611
65 22 682476428
66 44 286058804
47 50 240390764
15 16 603316634
35 65 377556991
25 29 333152788
73 64 550708566
42 70 792640507
73 9 757921468
51 30 533501270
4 72 427654763
67 56 540329825
20 36 101443201
72 8 742948225
40 3 464214634
40 42 612972261
63 65 306786205
65 72 952208062
57 36 727058543
34 67 317004120
52 60 52444594
6 70 362448066
62 12 550902283
63 35 941589585
65 2 187429919
39 72 936452124
29 35 441304937
57 39 970336380
25 52 153901829
52 73 911980729
74 16 181837668
19 16 733618195
11 8 531885034
70 20 331588800
16 55 948004988
74 25 20882371
60 4 846429041
23 74 743562453
26 19 494652744
16 24 253433865
1 70 200250560
1 20 270268426
59 22 564844430
61 71 559359845
27 60 386632209
47 43 226920003
42 7 252992520
67 41 902330183
9 2 876823312
74 47 826641653
34 52 805541732
17 63 520181187
55 45 236709608
21 37 850186850
13 57 742829014
75 55 341634709
23 25 392914116
38 69 820958180
19 13 394766139
18 19 860223633
66 21 535042621
61 20 777177540
54 3 481935186
26 71 477929005
4 47 10960747
27 74 296316560
24 26 134132968
61 53 479448510
37 13 950663126
51 72 121526689
56 19 559818481
7 70 479411501
49 43 200389795
68 6 103792876
12 72 472331655
7 56 80639542
48 57 189857597
45 41 288054844
34 19 130158450
59 25 351264604
48 36 504624655
70 50 150446304
45 23 460720837
58 62 354332297
45 55 938985449
58 57 409775219
13 20 46265667
28 72 371804871
9 74 910748538
2 64 315734628
11 39 1679223
33 49 65971669
6 7 390994159
51 39 127652571
45 12 448455776
16 29 576997997
22 55 178837197
39 29 75504720
51 43 891024188
69 72 214499608
45 15 5316627
40 33 71124926
32 22 598750463
70 17 275937433
45 67 362459683
23 28 358235846
8 48 444031849
42 16 707491342
41 50 397744536
30 71 345219154
4 2 202624636
3 66 989495938
26 57 827655814
38 54 658731255
11 51 990242286
26 31 460850248
63 11 947564858
75 40 560615380
29 51 921077470
68 18 304454351
2 30 215401286
53 21 15187843
48 16 72451960
37 70 545850162
19 25 919412683
51 21 882404442
27 1 333437858
52 43 562327626
49 53 576205904
72 17 521401359
32 33 361589950
15 36 850577143
29 60 833414379
30 46 896375540
58 25 577991458
28 70 953915693
14 31 181099599
31 47 565457917
60 26 62255577
62 9 722073188
23 14 996866418
60 49 743663130
58 59 149731996
26 69 430180567
59 4 109873331
31 17 943731027
65 71 402121264
12 40 878348457
1 75 650359732
60 43 616436664
23 45 181733667
18 9 672194040
40 47 812043110
6 17 347341291
10 47 62576131
55 64 952037006
23 34 254193641
70 21 772705539
21 7 940469694
37 30 704838809
66 11 332967924
49 55 312899254
54 67 49834522
75 60 22777053
72 51 746694578
4 74 240301121
34 32 668720794
11 9 903710102
43 44 830320989
37 21 468716512
67 45 284603564
47 15 974969526
21 31 896407625
25 75 966079469
75 63 448107454
44 33 269017842
62 57 334201992
68 33 483603400
73 63 562763709
3 75 728384886
9 63 438931085
72 73 960445438
44 67 231173791
14 39 802818544
44 25 251197176
39 7 841305508
8 66 480314208
39 43 47501963
60 70 879958690
40 53 553836310
63 42 859073084
21 38 749001245
39 18 896179456
70 60 481179844
1 43 348133488
65 13 549366960
32 6 727485723
23 10 860352516
55 59 672525639
57 30 337484143
40 13 885809459
58 1 781107462
48 66 388258510
1 68 802173589
35 64 967029548
29 6 852823779
57 28 859638985
41 64 748704912
10 16 558604077
1 59 659724802
41 69 230849718
67 69 274461989
69 73 877653772
30 15 149608339
22 21 312590386
27 73 29945736
14 57 212820621
71 34 573994271
11 19 238584566
36 26 298354559
39 45 249298521
24 53 768409958
27 61 116907219
34 22 177441054
22 16 282470828
48 31 96012380
47 18 231856332
69 63 568587750
57 13 991592093
14 4 285357185
39 34 161072104
9 1 31897713
36 7 2530161
41 67 687156465
44 18 285833060
54 1 284078896
70 2 875190158
21 5 211313692
47 14 163082286
48 70 900995528
60 54 102964850
33 72 558469830
32 30 772540623
46 35 63962444
63 9 876775143
33 31 355712758
12 54 81352417
28 58 702142375
2 66 382470455
12 44 368041131
74 33 165565260
52 26 304914090
7 61 732841902
35 17 776108101
53 60 658238936
68 35 91527431
26 58 349756361
45 30 619569262
9 7 995675127
49 20 199362371
75 46 950132274
70 46 767208797
73 15 359188406
15 38 993937543
45 35 834111220
42 4 862406385
70 54 493259373
53 34 985510184
63 38 748667077
4 54 311957087
11 57 366640442
75 61 673873510
17 70 895785991
41 66 795464790
69 32 164277488
57 34 881057151
5 75 124723546
40 23 175484052
46 73 780239189
34 69 182788334
58 51 520994746
3 7 540573277
54 52 283186792
68 67 974925526
38 36 63536554
23 42 776569495
67 34 563239626
16 45 461973261
63 71 585918720
41 15 578553511
29 74 897786726
33 12 68542173
17 27 250522086
7 50 519369648
62 24 960247585
5 7 676712301
40 12 688311128
24 34 718430053
64 54 515956663
61 15 106531880
62 53 644034585
56 40 663595697
9 42 551203002
33 45 140436325
4 69 23282946
63 67 199795683
52 5 81415588
23 55 939696950
60 68 994058621
59 5 759202281
63 1 184948717
68 75 694761833
7 59 525913540
40 10 358174535
64 17 765147807
21 35 263236573
71 38 351035721
26 63 857676724
11 72 477264931
66 61 538158709
7 48 726130749
42 5 892637714
44 32 578991008
25 64 605260144
29 32 370990523
70 68 188473014
27 21 544538352
62 8 925607717
5 62 962242560
64 8 454384270
31 14 977417402
19 3 715637095
35 28 749379655
74 10 6677788
30 50 9203933
75 70 686086774
1 67 278878447
63 45 872504899
17 19 154902911
71 10 654950128
70 4 799053802
25 61 621334546
25 54 542371240
19 72 170399619
31 45 744118909
70 16 354236198
36 33 412622765
66 19 226290528
26 61 181939637
6 41 470649386
3 46 534051138
30 66 564829727
60 11 675836332
24 14 164378381
44 53 480906942
41 18 834797766
12 28 326988381
29 47 769153900
49 23 391106961
43 55 104831402
4 75 73044595
32 60 361757524
52 68 560475930
1 62 832540926
29 57 465372829
57 40 809800657
35 6 97485338
8 63 399130197
75 3 784764617
66 50 585487052
29 45 819737468
56 12 906125621
66 39 834566361
75 57 322734442
28 23 288140254
21 65 867506499
60 39 708558267
39 31 658060236
11 63 499429710
58 37 488524492
53 51 72146297
38 48 303644532
62 28 989563336
52 46 187030610
58 26 359218797
2 25 354097218
65 70 362704779
38 67 581847649
15 20 332670148
68 32 584540236
10 18 448992846
56 66 597004856
40 9 110614323
55 57 242731244
51 53 846977314
10 13 699505560
60 6 215582321
68 37 597685046
39 4 909675038
1 37 698125413
6 64 147839586
48 14 678273262
72 11 819336729
25 5 628843470
22 38 952621797
65 47 28544574
59 29 24300556
67 13 697175926
20 34 924447648
24 5 939999217
72 15 478424982
66 34 863115418
35 30 507592976
46 32 360859532
69 28 924587474
8 36 977431921
54 68 257088650
47 17 38143833
11 64 160734041
20 71 252959672
54 47 527009815
47 27 757210104
65 39 490085775
3 14 453139095
18 8 629128871
14 64 481339623
6 36 787898413
2 15 290097204
4 56 519768166
56 74 913452582
48 5 637131910
68 27 439759563
65 40 728941032
55 61 290851785
11 1 247394409
68 13 473611451
65 5 438355240
27 3 627779556
65 3 329779628
60 64 466975312
21 29 688950141
36 51 280481158
62 46 669462812
56 55 456481544
43 15 504019053
26 41 31617332
15 72 943512630
4 55 908992745
50 23 394636713
48 12 925598016
66 9 471878334
45 6 197475577
61 59 638421785
5 6 458944550
51 44 219960374
8 69 59067557
18 65 472787953
21 6 150738979
39 56 329328589
23 1 610325712
50 15 253527176
40 1 406196305
14 33 889689848
7 4 787068154
29 21 357491431
65 55 65356483
9 54 184441083
73 16 946450952
66 18 194472492
24 50 905084590
63 70 423835828
31 36 644943765
9 23 564096216
2 9 418927194
32 9 14789571
8 30 447341928
1 56 894961530
58 29 847680845
70 14 30285047
21 20 703294368
25 26 277533182
26 39 156561387
15 63 966880108
36 48 463519574
16 15 383565632
73 38 553941676
45 27 31228351
74 63 702473168
42 58 55004784
10 67 871345120
48 71 589906148
17 68 180913116
32 7 524960524
34 17 29895811
12 39 80649141
17 73 493004534
41 26 510427913
15 61 83451210
73 75 12767117
22 43 61331621
15 50 487140139
36 66 190479722
54 63 479041002
53 22 99066273
23 36 159646634
8 14 109041589
63 26 294721990
61 26 980697008
28 12 995927510
46 26 33194062
34 20 451167881
68 10 428139730
75 56 241394384
50 11 202253426
59 62 404329785
47 55 491548558
25 28 256579144
49 29 424203513
56 9 136758541
75 58 496399951
75 29 689640035
46 41 832372945
36 69 317486970
69 13 783808130
62 18 167086135
32 47 139082399
23 32 549545797
68 43 358572728
47 31 852663035
61 27 425581252
36 30 794228317
49 41 525020228
33 47 866841744
66 23 74339541
19 26 828397133
24 16 590555451
47 5 313476140
62 73 102499817
27 41 656806612
26 11 543146822
11 5 135849929
59 20 779217428
46 10 297447649
60 27 692955219
18 53 114906063
43 48 217994310
42 30 630388976
33 30 263308502
11 68 694464437
30 69 691695229
39 25 472372709
71 46 952191761
38 46 112395979
55 37 638145085
20 63 255258320
22 66 242781743
13 58 311829893
43 52 578685107
1 3 314435609
51 13 57233062
25 62 261791138
52 25 742599356
16 63 15426471
33 32 938491508
27 38 894881548
18 34 381628455
70 27 410549200
28 4 881185582
58 54 323906917
50 39 506309681
39 65 602958305
37 72 540869665
1 14 680282361
61 49 741969795
50 21 24001481
14 13 416684952
72 59 535017035
48 63 884908162
28 24 29409179
44 70 672947250
54 61 718193530
31 15 599842276
48 54 257498527
61 64 486551591
39 28 833118034
73 35 290444130
53 39 768079550
20 6 247591205
1 39 756282871
11 23 525307724
30 44 354924316
72 4 235835919
28 10 860203551
37 46 576894793
32 72 854852126
19 52 703156712
7 35 597542082
47 22 295794215
26 2 505123295
59 28 543891019
30 59 909839455
13 67 997575192
29 59 203787700
46 21 231258278
38 40 700156138
14 3 703496499
7 25 617939242
62 2 414002997
20 5 523774592
39 17 575097584
17 32 419079282
29 16 419569153
70 72 763699201
64 21 861048813
56 60 508976691
72 24 721235625
27 56 242954338
19 62 542577420
67 53 80931027
4 12 23714563
11 43 903497889
3 37 102878311
72 31 491501092
28 52 437056216
62 23 94228864
13 23 865770670
23 64 837275201
40 66 668445081
72 69 371313040
75 9 139395899
8 74 633771572
47 44 594550000
58 40 959885412
6 29 218850961
42 53 167788534
57 10 500225342
48 34 344169932
64 14 708732003
3 72 985134641
58 23 312622974
14 17 884947815
62 21 894724432
21 54 185966777
20 40 630153585
52 50 316850551
9 21 282703533
69 19 67977696
37 44 990246534
24 65 869202284
21 34 335965670
50 14 738202914
74 28 911092403
9 25 784033356
46 65 736527052
67 73 960159648
56 8 210987031
22 14 403585196
43 59 532186404
71 56 264093355
17 1 359297784
42 51 357299735
57 63 771995621
29 13 678335897
45 22 321627734
65 43 209648709
9 34 786255925
50 75 523825838
40 30 990452674
60 5 748041470
13 73 554340581
15 3 642347075
64 51 63293889
4 19 331604659
12 53 855420904
19 61 99926718
49 59 73398247
28 48 925294084
54 72 716595667
70 1 47832683
56 21 209036157
36 73 428734948
6 32 561239573
52 12 378027351
74 17 633179202
25 66 550636747
49 4 353316625
74 31 924596759
36 58 149560693
75 48 35078034
27 48 134128635
57 48 460139496
6 55 251450016
59 26 578820112
53 71 550682252
72 40 546188148
40 15 106785909
69 57 607652929
63 73 596426430
10 41 497141508
10 37 96069591
61 8 972006089
58 71 789588750
60 23 760504662
62 70 280808247
23 49 673607918
1 69 877828585
69 49 799697189
30 72 552758705
67 20 811403381
28 63 48643601
68 31 557063882
2 3 653357901
46 72 233180110
9 22 265935877
4 14 5455898
12 31 998788284
2 55 800270949
56 54 786708093
72 75 369257280
16 49 525295939
22 19 317989965
44 41 296148227
41 57 815365649
23 22 400574395
26 27 918893315
63 12 259796770
7 68 700892385
75 24 215817873
67 57 69391759
13 60 316873210
33 13 382817640
26 23 230556227
50 58 5010837
74 13 180091052
48 22 181193793
12 48 193530753
34 29 21700851
25 8 623389101
24 22 118501871
51 10 418461102
23 31 603115561
12 21 9489599
64 37 459227587
72 58 475993795
11 28 722814206
29 12 941030016
72 18 71313561
35 20 206215121
14 22 856271976
7 6 242458012
41 44 289234461
68 46 879797371
14 30 281028815
74 46 391748587
57 54 103457219
67 22 332474336
38 56 679105232
51 29 672790473
10 59 680228724
18 4 780151615
43 27 23786728
74 24 199545627
44 56 395883282
28 49 567851750
68 5 769067341
20 46 533053339
41 7 502666259
55 16 43513104
31 19 77244516
7 67 742970435
34 37 135873705
29 15 150089687
10 61 435387998
69 58 207934135
49 60 664595738
48 10 928928926
32 62 772586634
75 71 505672702
70 58 296655713
33 51 824113881
1 18 297194029
21 61 152693350
8 23 93572435
25 42 775118145
23 20 411754767
57 29 76325157
40 68 651778206
62 16 603229326
73 54 105054886
27 23 206954681
7 8 421122471
7 74 170696643
62 58 512349765
66 16 849265005
11 65 779893225
47 34 730958758
3 20 294638497
47 11 56406417
60 58 834177295
38 74 422268837
1 15 272961283
6 75 118545062
60 51 668411445
39 14 731744647
53 50 921276927
34 1 819287115
13 19 361609301
75 64 948789332
27 65 590374607
12 49 967163919
28 13 20267738
52 33 442376036
45 54 48572858
59 55 724128425
19 48 429638544
20 62 260478901
32 16 627272581
12 26 457349671
30 52 741080277
21 11 882169889
46 66 289935920
51 64 198669047
51 15 642734089
40 46 310004552
49 42 865900726
19 20 447853173
11 24 415693045
28 74 407743651
