200 200 88704
0 12793 0 0 0 0 1724 0 0 0 0 0 0 0 0 0 0 0 0 0 0 0 0 0 0 87400 0 0 0 0 0 0 0 0 0 0 0 0 0 0 0 54914 0 0 0 68258 0 0 0 0 0 0 55071 0 32814 0 0 0 16788 0 0 0 0 0 0 0 0 0 0 0 0 0 0 0 0 0 0 0 0 0 0 0 0 0 0 0 0 0 0 0 0 0 0 71973 0 0 0 0 0 0 0 0 18490 0 0 0 23827 0 0 0 0 0 0 0 0 0 0 0 0 0 0 0 0 0 0 0 33419 0 0 36404 0 0 0 0 0 47693 0 0 0 0 0 0 0 0 0 0 0 0 0 31034 69018 0 0 0 0 54960 0 0 0 10182 0 0 0 0 0 0 0 5397 0 0 0 0 0 0 0 0 0 0 0 16069 0 0 0 0 0 0 0 0 0 0 0 0 0 0 0 0 0 0 0 0
0 0 0 0 0 0 0 27055 0 0 0 0 0 0 0 0 0 0 0 0 0 0 0 0 0 0 0 0 0 0 0 0 0 0 0 0 0 0 0 0 0 0 0 0 0 0 69416 0 0 0 0 0 0 0 0 0 0 0 0 0 0 53467 0 0 0 18367 0 0 0 0 69675 0 0 0 0 0 0 54453 0 0 0 0 0 0 0 0 0 0 0 0 0 0 10426 34660 0 0 0 0 0 0 0 0 0 0 0 0 0 0 0 0 0 0 0 0 0 0 75932 0 0 0 0 0 0 0 0 40759 40706 0 0 0 0 0 0 0 0 0 0 0 0 0 0 0 0 0 0 0 79435 80225 23930 0 0 16420 0 0 0 0 0 0 0 0 0 0 0 0 0 0 0 0 0 58218 14239 0 0 64157 0 0 0 0 0 0 0 0 63441 0 0 0 0 0 0 0 0 0 0 0 0 0 0 0 52207 0
0 0 0 0 0 0 0 0 0 0 0 0 0 0 0 0 0 0 0 0 0 15279 0 0 0 0 0 36213 0 0 0 0 0 50567 0 0 0 0 60037 0 0 0 0 0 0 0 0 0 47704 0 0 0 0 0 0 0 0 0 0 0 0 0 0 0 35831 0 0 0 0 0 0 0 0 0 0 0 0 0 0 0 0 0 39109 43263 0 0 0 0 0 37169 0 0 0 0 87110 0 0 0 0 0 40219 0 0 0 0 0 0 0 0 0 0 0 0 0 0 0 0 0 0 0 0 0 0 41514 0 0 0 0 0 0 0 0 0 15659 0 0 0 0 0 0 0 0 0 0 0 0 0 0 0 0 0 0 0 0 0 0 0 0 0 0 0 0 0 11445 0 0 0 0 0 0 0 0 0 0 0 0 0 0 0 0 0 0 0 28685 0 0 37725 0 0 0 35419 0 0 0 0 0 0 0 0 86203
0 0 0 0 0 0 0 0 0 0 0 0 0 0 0 0 0 0 0 66533 0 0 62006 0 0 0 0 0 0 0 0 0 0 0 0 0 0 0 0 0 0 0 0 0 0 42177 0 0 0 0 0 0 0 0 60079 0 0 0 0 0 0 0 33394 0 0 0 0 0 0 0 0 0 0 0 64040 69264 0 0 0 0 0 0 0 0 0 0 0 0 0 60388 0 0 0 0 0 59424 0 0 0 0 0 0 0 0 0 0 56090 0 0 44877 0 0 0 0 0 0 0 0 0 0 0 0 0 0 0 0 76965 0 0 0 0 0 0 0 0 0 0 0 0 84734 0 0 0 0 0 0 0 53948 0 0 0 0 0 0 14344 0 0 0 0 0 0 0 0 0 0 0 0 0 0 0 0 56081 0 0 0 0 0 0 0 0 0 0 0 0 0 0 0 0 0 0 0 0 0 0 0 0 0 0 0 0
5705 0 0 0 0 0 0 0 0 0 0 0 0 68495 0 0 0 57747 0 3740 0 0 0 0 0 0 0 0 0 0 0 0 0 0 0 0 0 0 0 0 0 0 0 0 0 0 0 0 0 0 28246 0 0 0 0 0 0 0 0 52785 0 0 0 0 0 0 0 48160 0 0 0 0 0 0 0 0 0 0 0 0 0 0 0 0 0 0 0 0 0 0 0 0 0 0 0 0 0 0 0 0 0 0 0 0 0 0 0 0 0 0 0 0 0 0 0 0 0 0 0 0 0 0 0 0 0 0 43648 9925 0 0 20260 0 0 0 0 0 0 0 0 0 0 75621 0 0 0 0 0 0 0 0 0 0 0 0 0 0 0 0 0 0 0 0 0 0 0 0 0 57607 0 0 0 0 0 0 0 54635 0 0 0 0 0 0 0 0 0 0 9226 0 0 0 0 0 0 0 0 0 0 0 0 0
0 0 0 0 0 0 0 0 0 0 0 0 0 0 0 0 0 0 0 0 0 0 0 87545 0 0 0 0 0 0 0 0 0 0 0 0 0 0 0 0 0 0 0 0 0 49427 0 0 0 0 0 0 0 0 0 0 0 0 0 0 0 87725 0 0 0 0 0 0 0 0 0 0 0 29386 0 0 0 51577 0 0 0 0 19852 0 0 0 0 0 3170 25635 62419 0 0 79348 0 0 0 0 0 0 0 62378 0 0 0 0 0 0 19802 0 0 0 0 0 0 0 0 0 0 23993 0 0 0 0 0 0 0 0 0 0 0 0 0 0 0 0 0 0 81461 0 0 0 0 0 0 0 25567 0 0 0 0 0 0 0 0 0 32996 0 0 0 0 4852 0 0 0 0 0 0 0 0 0 0 0 0 0 0 0 0 0 0 0 0 0 0 0 49880 0 0 0 0 0 0 0 0 0 15888 0 0 0 0
0 0 0 2280 0 0 0 18097 0 0 0 0 0 0 0 0 46384 0 0 0 0 0 0 0 0 0 0 0 0 0 0 0 0 0 0 0 0 0 0 0 0 0 0 0 6872 0 0 0 0 0 0 0 78610 0 0 0 0 0 0 0 0 0 79809 0 0 0 0 0 0 0 0 0 0 0 0 0 0 0 0 0 0 0 0 0 0 0 0 0 0 0 0 82046 0 0 0 0 0 0 0 0 0 0 0 0 0 0 0 0 0 0 0 0 0 0 0 0 63701 0 0 0 0 0 0 0 57238 0 0 0 0 0 0 0 0 78563 0 0 0 0 0 0 0 79295 0 0 0 0 0 11671 0 0 81653 0 0 0 0 0 0 0 5002 0 47219 0 43909 5318 0 0 0 0 83493 0 0 0 0 0 56883 0 0 0 0 0 0 0 0 0 0 49564 0 47541 0 0 0 0 0 0 0 0 0 0 0 0
0 0 0 0 0 0 0 0 0 0 0 0 0 0 0 0 0 0 12036 0 0 0 0 0 82282 0 0 0 0 0 52432 0 0 0 0 0 0 73579 0 0 0 0 74704 0 0 0 0 0 0 0 0 0 0 0 0 0 0 0 0 0 0 66740 0 0 0 20575 0 0 0 0 0 0 39138 0 0 2431 0 0 0 0 0 0 35304 0 0 0 0 0 0 0 0 0 0 0 0 0 0 0 64154 0 0 0 0 0 0 0 0 0 0 0 0 0 0 0 0 0 0 0 0 0 0 0 0 0 0 0 0 0 0 0 0 67081 0 0 0 0 0 0 0 0 16547 0 0 0 16257 0 0 0 0 0 0 0 0 0 0 0 0 0 0 0 0 0 0 0 0 0 0 0 0 0 0 0 0 0 0 0 0 0 0 0 0 0 0 0 0 0 0 0 39192 51145 0 0 0 0 0 0 0 0 40869 0
36234 0 57981 0 0 0 0 0 0 0 0 0 74692 0 0 0 0 0 0 0 0 0 0 0 0 0 0 0 0 0 0 0 0 0 58367 0 0 0 0 0 0 0 0 35469 0 0 0 0 0 82956 0 1397 0 0 0 0 0 0 0 0 41367 0 0 0 0 0 70993 0 0 0 0 0 0 0 0 25981 85796 0 0 6893 0 0 0 0 0 0 0 0 0 0 0 0 37906 0 0 0 0 0 0 0 0 0 0 7459 3323 0 0 0 0 0 0 0 0 0 0 0 0 0 0 0 0 0 0 0 0 0 0 0 0 0 0 0 0 0 0 0 0 0 0 0 0 0 0 0 0 0 0 5974 71205 0 0 46088 0 0 0 0 0 0 0 0 0 0 0 0 55480 0 15610 0 0 0 0 0 0 0 77329 0 0 0 0 0 0 0 0 0 0 0 68595 0 0 0 82542 0 0 0 0 0 0 0 0 0
0 0 0 0 0 0 0 0 0 17991 0 0 0 0 0 0 0 0 0 0 0 0 0 0 0 0 0 0 25416 0 0 0 0 72729 0 0 0 0 0 0 0 0 0 0 0 0 0 0 0 0 0 0 0 0 0 0 0 0 0 0 0 0 0 0 0 0 0 0 0 0 0 78980 67405 0 0 56186 0 0 0 0 0 0 0 0 0 0 7118 0 0 0 0 0 0 0 55613 0 0 0 0 0 0 0 0 0 0 0 0 0 0 0 0 43198 0 0 0 0 0 0 0 0 2658 0 0 0 0 0 0 0 0 0 0 0 0 0 0 0 0 0 0 0 0 0 0 27104 1728 0 0 0 0 0 0 0 0 0 76063 0 27190 0 54331 61941 0 0 0 71298 0 0 0 0 0 0 0 0 0 0 34015 0 0 0 0 0 0 0 0 0 0 0 0 0 0 0 42363 0 0 0 0 0 0 63658 0 0
0 0 0 48327 0 0 0 0 0 0 0 0 0 0 32577 0 0 0 0 0 0 0 0 0 0 0 0 0 0 0 0 0 0 0 0 0 0 0 0 17407 0 0 0 0 29002 0 0 0 0 0 0 0 0 0 0 0 0 0 0 0 0 0 0 0 0 0 0 0 0 0 0 0 0 0 0 0 0 0 0 0 0 0 0 0 0 0 0 0 0 50054 0 0 0 70289 0 0 0 0 0 0 0 0 0 0 0 0 0 0 79524 0 0 0 0 0 0 0 0 0 0 0 0 0 0 0 0 0 0 0 0 0 0 0 0 0 0 0 0 0 0 0 0 0 0 0 0 0 0 0 0 0 0 0 0 0 0 0 0 0 0 0 0 0 0 0 0 0 0 0 0 0 0 0 0 0 0 0 0 0 0 0 0 26982 0 0 0 0 0 0 0 0 0 0 0 0 0 0 1701 0 0 0
44208 0 0 0 0 0 0 0 0 0 0 0 0 0 0 0 0 0 0 0 0 3365 66973 0 0 0 0 0 0 0 0 0 0 0 0 0 36508 0 0 0 0 0 0 0 0 0 0 0 55396 77407 81942 0 0 0 0 0 0 0 0 58005 0 77407 0 0 15157 0 0 0 0 0 0 0 0 0 0 0 0 0 0 0 0 0 0 0 0 0 0 0 0 0 0 0 0 0 0 0 0 0 0 0 0 0 0 0 0 0 0 0 3347 0 0 0 31515 0 0 0 0 0 0 0 0 0 0 0 0 76713 0 0 20109 0 0 0 0 0 0 0 0 0 0 0 44434 0 0 0 0 0 0 0 0 0 0 0 0 0 0 0 0 0 0 0 0 0 0 0 0 0 0 0 0 0 0 0 0 0 0 0 0 0 0 0 0 0 0 0 0 65818 0 0 0 0 0 0 0 0 0 0 0 0 0 0
29717 0 0 0 0 0 71163 0 0 0 0 0 0 0 0 0 0 0 0 0 14439 0 0 0 0 0 0 0 0 0 0 0 34493 0 0 0 0 0 0 0 0 0 0 0 0 0 20071 0 0 0 0 0 0 0 0 29083 72153 0 0 0 0 0 0 0 0 0 0 0 0 0 0 0 0 25644 0 0 0 0 0 0 0 0 0 0 59814 0 0 0 0 0 0 0 0 0 0 0 0 0 28986 0 0 0 0 0 0 0 0 0 0 0 0 0 0 0 0 0 0 0 0 0 0 46942 0 0 0 0 0 0 0 68345 0 0 0 0 0 0 0 0 0 0 0 0 0 0 17894 0 0 0 0 0 0 0 0 22939 0 0 0 0 0 0 0 0 16584 0 0 15380 0 0 41376 0 0 0 0 0 0 56942 0 0 0 52131 0 0 0 0 0 0 0 0 0 0 0 0 0 0 0 0 0 0 0 0
0 0 0 0 0 0 0 0 52094 0 0 0 0 58820 0 0 0 53692 0 0 0 0 63506 37347 0 0 0 0 0 0 0 0 0 0 0 0 0 0 0 0 0 0 0 0 0 0 0 0 0 0 0 0 0 0 0 0 0 16243 0 0 0 0 0 0 0 0 0 0 0 23297 0 0 0 0 0 0 49798 0 0 0 0 0 0 0 0 0 83775 0 0 0 0 0 0 53039 0 0 0 0 0 62780 0 0 15923 0 0 0 0 0 35658 0 0 0 0 0 0 0 8778 0 0 0 0 0 0 0 0 0 0 0 0 0 0 0 0 0 0 0 0 0 0 0 0 0 0 0 0 0 0 0 42396 0 0 0 0 0 0 0 0 0 0 0 0 0 0 0 8704 0 0 0 63322 0 0 0 0 15685 0 0 0 0 0 0 0 0 0 0 0 0 0 0 0 0 0 0 0 0 0 0 0 0 0 35797
0 0 0 0 0 0 0 0 0 0 0 0 0 0 0 0 0 0 0 21186 0 0 0 0 0 0 0 0 42668 0 0 0 0 0 0 0 0 0 0 0 0 0 0 0 0 35606 0 0 0 0 0 0 0 0 17060 0 0 0 0 0 0 0 0 0 42644 0 9664 1967 0 0 0 0 0 0 0 0 0 10983 0 66297 0 0 0 0 0 0 0 0 0 0 0 0 0 0 0 0 0 0 0 0 0 21364 29884 58409 0 0 0 23216 0 0 0 0 0 0 0 0 0 0 0 0 0 0 0 0 79006 0 1003 0 0 0 55523 0 0 0 0 0 0 0 0 0 0 11397 51205 0 0 0 0 0 0 0 0 0 0 0 0 0 0 0 0 0 0 0 0 0 0 0 0 0 0 0 0 0 0 0 0 0 46654 0 0 0 0 0 72130 0 48905 0 11809 0 0 0 0 0 0 0 0 0 0 0 0 0
0 0 0 0 0 0 0 0 0 0 0 0 0 0 0 0 0 0 0 0 0 0 0 0 0 0 0 0 0 0 79169 0 0 0 0 0 0 0 0 0 78874 0 69537 0 0 84623 0 0 0 0 0 53043 0 0 0 0 0 0 0 0 0 0 0 0 0 0 0 22552 0 0 0 0 0 0 0 0 0 0 0 0 0 0 0 0 0 0 0 0 0 0 0 0 0 0 0 0 49671 0 0 0 0 0 0 0 0 0 0 0 0 0 0 0 0 0 0 0 0 0 0 0 0 0 0 0 0 78724 0 3599 0 0 0 0 0 0 0 0 0 0 0 0 0 0 86881 0 0 0 0 0 0 0 0 0 0 0 0 0 0 0 0 0 0 84513 0 0 0 0 27665 0 0 0 0 0 0 0 0 0 0 0 0 0 0 0 0 0 0 72825 0 0 0 0 0 31986 0 0 0 0 0 0 0 0
0 0 0 0 0 0 0 0 0 0 0 0 0 0 0 0 0 0 0 0 0 0 0 0 0 0 0 0 0 0 0 0 0 0 0 0 0 53992 0 0 0 0 0 0 27911 0 33424 0 0 58770 0 0 86885 0 0 0 0 0 0 0 0 0 0 0 0 76735 0 87280 0 47257 0 0 0 0 0 0 0 0 0 0 0 0 0 0 0 0 0 0 0 0 0 4065 0 0 0 0 0 0 0 0 0 0 0 0 0 0 0 0 0 27185 0 0 0 0 0 81336 0 0 0 0 0 0 0 0 0 0 0 0 0 0 0 0 0 0 0 0 0 0 0 0 0 0 0 0 0 0 0 0 0 0 0 0 0 0 0 0 0 0 0 0 0 0 0 0 53842 0 0 0 11335 0 0 0 56555 0 0 0 0 0 0 0 0 0 30766 0 0 0 0 0 0 13591 75949 0 0 0 0 0 0 0 79003 0
0 0 0 0 60825 0 0 0 0 0 0 0 0 0 0 0 0 0 0 0 16674 23807 0 0 0 0 0 0 0 0 0 0 0 0 0 0 0 0 0 0 0 69486 0 0 0 0 0 0 0 0 0 0 0 0 0 0 0 0 0 0 0 0 0 0 0 0 419 0 0 34152 0 0 0 0 0 42551 0 0 0 0 0 0 0 0 0 0 0 0 0 0 0 0 0 0 16377 0 15152 310 0 50177 0 0 0 0 0 0 0 0 0 0 0 0 0 0 0 15988 0 0 0 0 0 0 0 0 0 0 0 0 0 0 0 0 0 0 0 0 0 0 0 0 0 0 0 0 0 0 0 0 0 87014 85258 0 0 0 0 0 0 0 0 0 0 0 0 42575 0 0 0 0 0 15805 56698 32068 0 0 0 16599 0 0 0 0 0 0 0 0 0 0 0 0 0 0 0 0 0 0 0 0 0 0 0 0
0 0 0 0 0 0 0 0 0 0 0 0 0 0 0 0 0 0 0 0 0 0 0 0 83479 0 0 68723 0 0 0 12726 0 0 0 0 0 0 0 0 0 0 0 0 0 83136 0 0 0 0 0 0 0 0 0 0 0 0 0 0 0 0 7701 0 0 0 0 0 0 0 0 0 0 0 0 0 0 0 0 0 0 0 0 0 0 0 0 0 0 0 0 0 0 0 0 0 0 0 0 0 85731 0 0 0 0 0 0 0 0 0 0 0 0 0 0 45013 0 0 0 0 0 0 0 0 0 0 0 46080 0 0 0 0 0 0 0 0 0 0 87710 0 0 75409 0 0 0 0 0 0 77618 0 0 0 0 0 0 0 0 0 0 0 0 0 0 0 0 0 0 0 0 46930 0 0 0 0 0 0 0 0 0 0 0 0 0 0 0 0 0 0 0 0 0 0 0 0 0 87726 0 0 0 0
0 0 0 0 0 0 0 0 26405 0 16929 0 0 0 0 0 0 0 39248 0 0 0 78971 0 0 0 0 0 0 0 0 0 0 0 0 0 0 0 0 0 0 0 0 57884 0 0 0 0 0 0 0 0 0 0 0 28999 0 0 0 0 0 0 0 0 0 0 0 0 0 0 0 0 0 0 0 0 0 65566 0 0 0 0 0 0 0 0 0 0 0 0 0 0 0 0 0 0 60196 0 0 0 0 0 0 0 0 0 0 0 0 0 0 0 0 0 0 0 62376 0 0 0 74207 0 0 0 0 0 0 0 0 0 0 0 25399 0 0 0 0 0 0 0 0 0 44361 0 0 0 0 0 0 0 0 0 36002 0 0 2587 0 0 0 0 78633 0 0 0 0 0 0 0 0 0 0 0 0 0 0 0 0 0 0 0 0 15894 0 0 0 0 0 0 0 0 67016 0 0 0 0 0 0 0 0 0
0 0 0 0 0 56847 0 0 0 49862 0 0 0 0 77083 0 0 0 0 0 0 0 0 0 0 0 0 0 0 0 0 0 0 0 0 0 0 0 0 0 0 0 0 0 0 0 0 0 0 0 0 0 0 0 0 0 0 6076 0 35015 0 0 0 0 0 0 0 0 0 824 0 0 0 0 0 0 0 26354 0 0 0 0 0 62397 0 86904 0 0 0 0 0 0 0 0 0 0 0 0 0 0 0 0 0 0 0 0 0 0 0 0 0 0 0 30822 0 0 0 0 0 0 0 0 0 0 0 0 0 0 0 0 0 0 60302 0 0 0 0 0 0 36527 0 0 26366 0 0 0 0 0 10512 0 0 0 0 0 0 0 0 0 0 87758 87065 0 0 0 0 0 0 0 0 0 0 0 0 0 0 0 0 0 0 0 0 0 0 0 86406 0 0 0 0 0 0 0 0 0 0 0 0 0 0 69899
0 0 0 0 0 0 0 0 0 0 0 53518 0 0 0 0 0 0 0 0 0 0 0 0 5730 0 0 0 0 0 34576 0 0 0 0 0 0 0 0 0 0 0 0 0 0 0 0 0 0 0 0 0 0 66404 38148 47312 0 0 0 0 0 0 0 0 0 0 0 0 0 0 0 0 43301 14350 0 0 0 0 0 0 0 0 0 0 0 70527 0 0 0 0 63258 0 25023 0 33676 0 0 0 0 0 0 0 0 0 0 0 0 0 0 0 0 0 0 0 0 0 0 0 55124 0 0 0 0 0 0 30393 0 0 0 0 0 0 0 0 0 58255 0 18150 0 0 0 0 0 0 0 0 0 48342 0 0 0 0 0 0 0 0 0 0 42923 0 0 42202 74846 0 0 0 0 0 0 0 21307 0 0 0 0 0 0 21140 0 0 0 0 3773 0 0 0 0 0 0 0 0 0 0 0 0 0 0 0 0 0
0 0 0 0 0 0 0 0 0 0 0 0 0 0 0 0 0 0 0 67227 0 88160 0 0 0 0 0 0 0 0 0 0 0 0 0 0 0 0 0 0 5654 0 0 0 0 0 0 0 0 0 0 0 0 0 37134 0 0 0 0 0 0 55753 0 0 6577 0 0 0 0 0 0 0 0 0 21133 0 0 0 0 0 0 0 41707 0 53519 1715 0 9453 0 0 0 0 0 0 72687 56456 0 0 0 0 0 0 0 0 0 0 0 68008 0 0 0 0 38075 28765 5625 0 0 0 26889 0 0 0 0 0 0 0 0 0 0 0 0 0 0 0 0 0 0 0 0 0 0 0 0 74963 0 3112 0 0 0 21095 69678 0 0 0 0 0 0 0 0 0 0 0 0 59316 0 0 0 0 0 0 0 0 0 0 0 0 0 0 0 0 0 74368 0 0 0 0 0 0 0 0 41753 0 0 0 0 0 0 0 0 0
20749 0 0 0 0 0 0 0 0 0 0 0 0 0 0 0 0 0 0 0 0 0 0 0 0 0 0 0 0 0 0 0 21880 0 42795 0 0 0 0 0 0 0 0 0 0 0 0 0 0 0 0 0 0 0 0 0 0 0 0 0 67480 0 0 0 0 0 0 0 0 0 0 0 0 0 0 0 0 0 0 0 0 58825 0 0 0 0 0 0 0 0 26480 0 0 0 0 0 0 0 0 0 0 0 0 0 0 9746 0 0 0 0 0 0 0 0 0 44697 0 0 0 0 0 0 78845 76130 0 0 0 0 0 0 0 0 0 41138 0 0 0 0 0 0 0 0 0 0 0 0 0 0 0 0 0 0 0 0 0 0 0 0 0 0 0 0 0 0 0 0 0 0 0 0 34866 0 0 0 74650 0 0 0 80147 0 0 0 0 0 0 0 0 0 0 0 0 0 0 0 0 0 0 1026 0 0
0 0 76481 0 53011 39161 0 0 0 0 0 35816 0 0 43409 0 0 0 0 0 0 0 0 0 0 0 0 0 0 0 0 0 0 0 0 0 0 0 0 0 0 0 0 0 0 83588 0 0 0 0 0 71828 0 0 0 0 0 0 0 0 0 0 0 0 0 0 0 0 0 0 0 0 0 0 0 0 0 0 0 0 0 0 0 0 52108 0 0 65885 0 70192 0 0 0 0 0 0 37463 0 0 0 0 0 0 0 0 0 0 67530 0 0 0 0 0 0 0 0 0 0 3830 0 0 0 0 0 0 0 0 0 0 0 0 0 0 0 0 0 57379 0 0 0 0 0 0 0 0 0 0 0 0 0 0 0 0 0 0 0 0 0 0 0 0 0 0 0 0 0 0 0 0 0 0 0 0 0 0 0 0 0 0 0 0 0 0 0 0 0 0 0 0 0 0 0 0 0 0 0 0 0 0 0
0 0 0 0 0 36716 0 0 65530 0 54203 0 0 46030 0 0 0 0 0 0 0 0 0 0 0 0 0 0 0 0 0 0 0 0 0 0 47206 0 0 0 0 0 0 0 0 0 0 0 0 0 8096 5111 0 0 0 70178 62440 0 0 64356 0 0 33660 0 0 0 0 0 0 0 0 0 0 0 15625 0 0 0 0 0 0 0 0 0 0 0 0 0 0 0 0 0 0 0 0 0 0 0 0 0 0 0 32853 0 0 0 0 0 0 0 0 0 0 0 0 0 0 0 0 0 0 0 22044 0 0 0 0 0 0 0 0 0 42455 0 0 0 0 0 0 0 0 0 0 0 0 0 0 0 0 0 0 0 0 0 0 0 0 0 7670 0 77053 0 0 0 0 0 0 0 0 0 0 43238 0 0 0 0 0 0 0 0 0 0 0 0 0 0 0 5219 0 0 82174 0 0 0 0 0 0 0 37882 0
0 0 0 0 0 0 0 0 0 0 0 0 0 0 0 0 0 0 0 0 0 0 0 68040 0 0 0 0 0 0 0 0 0 0 0 0 0 0 0 0 0 0 0 0 0 0 72367 0 0 0 0 0 0 0 0 0 0 7113 0 0 0 0 0 0 0 0 0 0 0 0 25510 0 0 65707 0 2446 0 0 24849 0 17476 0 0 0 0 0 0 0 0 0 0 0 46047 0 0 0 0 0 0 0 0 0 0 0 0 0 0 0 0 0 0 0 0 0 0 0 0 0 0 0 0 0 0 0 0 0 0 0 0 0 0 0 0 0 0 0 0 0 0 0 0 0 0 0 0 0 0 0 0 0 0 0 0 0 0 16900 0 0 0 0 0 0 0 0 0 0 31484 0 0 0 0 71603 0 0 0 0 0 0 0 25726 0 0 0 0 0 0 0 0 0 0 0 0 47510 0 0 0 0 0 0 0
0 0 0 0 0 0 0 0 0 40183 0 0 0 0 0 0 0 0 0 0 0 0 0 88612 0 0 0 0 0 0 0 0 0 0 0 0 0 0 0 46672 0 0 0 0 0 82655 0 0 20808 0 0 0 0 0 0 0 0 0 60474 0 0 0 0 0 0 0 51624 0 0 0 0 0 0 0 0 0 0 0 0 0 0 0 0 0 0 0 0 0 0 0 0 0 0 0 0 0 0 0 0 0 0 0 0 0 0 66256 0 0 0 0 0 0 0 0 0 0 0 0 0 35262 0 0 68550 0 0 0 0 0 0 17882 16370 0 0 0 0 0 0 0 0 0 0 0 0 0 0 0 0 0 0 0 0 0 0 0 0 0 57106 0 0 0 0 0 0 0 0 0 0 0 0 0 0 0 0 0 0 0 0 0 0 0 0 0 0 76895 42159 0 0 4078 0 0 0 0 0 0 0 0 0 0 0 0
0 0 0 0 0 0 0 0 0 0 0 0 0 0 0 0 0 0 0 0 0 0 0 0 0 0 0 0 0 0 0 0 0 0 0 0 0 0 0 0 0 49380 0 0 0 0 7010 0 0 0 0 0 0 0 0 2756 0 0 0 0 0 0 52444 0 0 0 0 0 0 0 0 0 0 0 0 0 0 27041 0 0 0 0 0 0 0 0 0 0 0 0 0 0 7992 0 62381 0 0 0 0 58800 0 0 51687 0 0 0 0 0 0 0 0 0 0 0 0 0 0 0 82479 0 0 0 0 0 67332 0 0 87722 0 0 30111 0 0 17895 0 0 0 0 68625 0 0 0 0 0 0 0 0 0 0 0 0 0 0 0 0 0 0 0 44587 0 0 0 0 0 0 0 0 0 0 0 0 37910 0 0 0 0 0 0 0 0 0 0 0 0 0 0 0 0 0 0 0 0 0 0 0 0 0 0 0 0
0 0 0 0 0 0 0 1964 0 0 0 0 33617 0 0 0 0 0 0 0 0 0 0 0 0 0 0 0 0 0 0 0 0 0 0 0 0 0 0 0 0 0 0 0 0 0 0 0 0 0 0 0 44537 0 0 0 0 6519 68035 0 0 0 0 0 0 0 0 0 0 0 0 81061 0 0 0 33152 0 0 0 0 0 0 0 0 0 0 0 0 0 0 0 0 0 0 0 0 0 0 0 32507 0 0 0 0 0 0 0 35782 0 0 0 0 0 0 0 0 14242 0 0 0 0 0 0 0 0 0 0 0 0 7733 0 0 0 0 0 0 0 0 0 0 0 0 0 0 0 0 0 0 0 0 13793 0 0 0 0 0 0 0 0 0 0 0 0 0 0 52829 11443 0 0 77665 79965 0 0 0 34843 48077 0 0 0 0 0 0 0 0 0 0 73007 0 0 0 0 0 0 0 0 0 0 0 0 11063
0 0 0 78811 0 0 0 0 0 0 0 0 0 31772 32709 0 0 0 0 0 0 0 16147 0 0 84105 0 78120 0 0 0 0 0 0 0 0 81429 0 0 0 0 61788 0 0 0 0 0 0 0 0 0 0 0 0 0 31421 0 0 0 0 0 32707 0 0 0 0 0 0 0 0 26736 0 0 68222 0 0 0 0 0 0 0 0 0 0 0 0 0 0 0 0 0 0 0 0 0 0 0 0 0 0 0 0 0 0 0 0 0 0 0 0 0 0 0 0 0 0 40661 0 0 0 0 0 0 0 0 0 0 0 0 0 0 0 0 0 0 0 0 0 0 0 0 0 0 0 0 0 0 0 0 0 0 0 0 0 0 0 0 0 0 0 0 0 0 0 0 0 0 0 0 0 0 0 0 0 0 58494 0 0 0 0 0 0 0 19498 0 0 0 0 0 0 0 0 78238 0 0 0 0 0 0 0
0 0 0 0 0 0 0 0 0 56573 0 0 0 0 0 0 14899 0 0 0 0 42172 0 0 0 0 0 0 0 58263 0 0 0 0 0 0 0 0 0 0 0 0 0 2639 0 0 0 0 0 0 0 0 41444 0 0 0 0 0 0 11787 0 0 0 0 0 0 0 0 0 74842 0 0 0 0 0 0 42889 0 9934 0 0 0 41186 0 0 0 0 0 0 0 1524 0 0 30471 0 0 0 0 0 0 0 0 0 0 0 78400 0 0 0 0 0 0 0 0 0 0 45261 0 0 0 0 0 0 36168 0 0 0 0 77703 0 0 0 0 80797 0 0 0 0 0 0 0 0 0 0 52097 0 28632 9781 0 0 10395 0 0 0 0 0 0 0 0 0 0 0 23830 0 0 0 0 0 16617 0 77403 0 87801 0 0 0 0 0 0 48531 0 0 0 0 0 0 0 0 0 50014 0 0 0 0 0 0 0 0 0 0
0 0 0 0 0 0 0 0 0 0 0 0 0 37772 0 0 0 0 0 0 0 0 0 75986 0 0 0 0 0 0 0 0 0 0 0 0 0 0 0 0 0 0 0 0 0 85613 0 0 0 87569 41236 0 0 0 0 0 0 0 0 0 59805 0 0 0 0 0 0 0 65051 0 0 0 0 0 0 60446 59552 0 0 0 0 0 0 0 0 0 0 0 0 0 0 0 0 0 0 0 0 0 0 0 9797 0 0 0 0 0 0 48880 0 0 0 0 0 0 0 0 0 0 0 376 0 79252 0 0 0 0 0 0 0 0 67809 0 0 23169 0 0 0 0 0 0 0 0 0 0 0 0 0 0 0 0 0 0 0 0 0 0 0 0 0 0 0 0 0 0 0 0 0 0 0 0 0 0 0 0 0 0 0 0 0 0 0 0 0 0 0 0 0 0 0 0 0 0 0 0 0 0 0 0 0 0
0 0 0 0 0 0 0 0 0 0 0 0 0 61303 0 0 0 0 0 0 0 0 0 0 0 0 0 0 0 2040 0 0 0 80331 0 0 0 0 0 0 0 0 0 0 0 0 0 0 0 0 0 0 0 0 0 0 0 0 0 0 0 0 0 0 0 0 0 0 0 0 0 0 0 0 0 0 0 0 0 0 0 0 0 0 0 0 0 0 0 0 0 0 0 0 0 0 79281 0 0 0 0 0 0 0 0 0 0 0 0 0 0 0 0 0 0 0 0 0 0 0 0 0 0 0 0 0 0 5286 0 0 0 0 0 31821 0 39149 0 0 22357 0 0 0 0 0 0 0 0 0 77408 0 0 0 0 0 0 0 0 0 0 18789 0 0 0 68843 0 48971 0 0 0 0 0 0 0 0 0 0 0 0 0 0 0 0 0 0 51184 0 0 0 0 0 0 0 0 0 0 0 0 0 0 0
0 0 0 0 9336 0 0 0 0 0 0 1781 0 0 0 0 0 0 0 0 0 0 0 0 0 0 0 0 0 0 0 0 0 0 0 0 0 0 0 0 0 0 0 0 0 0 0 0 0 0 0 0 0 0 0 0 0 0 0 0 0 0 0 0 0 0 0 0 0 0 0 0 0 0 87153 0 0 0 0 0 0 0 0 0 45683 0 0 0 0 0 0 0 0 0 0 0 0 0 0 0 0 0 0 53905 0 0 0 5556 0 0 0 0 0 0 0 0 0 85665 0 0 0 0 0 0 0 0 62994 0 36327 0 77816 0 0 0 0 0 0 0 0 0 0 67360 0 0 0 0 0 0 0 0 0 0 0 0 0 0 0 0 0 0 60198 0 0 0 0 0 0 0 0 0 0 0 0 0 0 0 0 0 0 0 66432 0 0 0 0 0 0 0 0 0 0 0 0 0 0 0 16845 0 0 0
0 0 0 0 0 0 0 0 0 0 0 0 0 0 0 0 30801 0 0 0 0 45767 0 0 0 30701 0 0 0 0 0 0 0 0 0 0 0 0 0 0 86565 0 0 0 0 0 0 0 0 0 0 0 0 0 0 0 0 0 0 80082 0 0 0 24299 0 0 0 0 0 0 41073 0 0 0 0 0 0 0 0 0 0 14112 0 0 0 0 0 24844 0 0 0 0 0 0 0 0 0 0 0 0 0 0 86599 0 0 0 0 68637 0 0 0 0 0 0 0 0 0 66878 0 0 0 0 0 0 0 37677 0 0 0 0 0 0 0 0 0 0 0 0 0 0 0 0 0 0 0 0 0 0 0 0 0 0 0 0 0 0 0 0 0 0 0 5753 0 65504 0 0 0 0 0 0 0 0 0 0 0 0 0 0 0 0 0 0 0 0 0 0 0 0 0 0 0 0 0 0 0 0 0 0 9487 16808
0 0 0 0 0 0 80386 0 0 0 0 0 0 0 0 52067 0 0 0 0 44857 0 0 0 0 0 0 0 0 0 0 0 36255 0 0 0 0 0 0 0 0 0 0 0 0 0 0 0 0 46346 0 0 0 0 0 0 0 0 0 39673 0 0 0 0 0 0 0 0 0 0 41917 0 0 33156 0 0 0 0 0 0 0 0 4583 0 0 0 0 0 0 0 0 0 0 0 17836 0 0 0 0 0 0 0 0 0 77819 0 0 0 0 6358 0 0 0 0 0 0 0 0 0 0 0 0 0 0 0 0 0 0 0 0 52868 0 0 47336 0 0 0 0 0 0 0 0 0 0 0 0 0 0 0 0 0 0 0 0 0 0 0 0 0 27034 0 0 0 0 0 0 0 0 0 0 0 0 0 0 0 17468 0 0 0 0 0 0 0 0 0 0 14239 0 66667 0 0 0 0 0 0 0 400 0 0 0
7103 0 0 0 0 0 61832 0 0 0 0 0 0 64808 0 0 0 0 0 0 0 0 0 0 75154 0 0 0 65803 0 0 0 0 0 0 0 0 0 0 0 0 0 0 0 0 0 0 0 0 0 0 0 0 0 0 0 0 0 0 0 0 0 0 0 69945 0 0 0 0 10131 0 21867 0 0 0 0 0 0 0 0 0 0 0 0 0 59916 0 0 0 0 0 0 0 0 0 0 0 0 0 0 0 0 0 0 0 0 0 0 0 0 0 0 0 0 0 0 0 0 0 0 0 0 0 0 0 0 0 0 0 0 0 0 39443 0 0 0 0 0 0 0 0 0 0 0 0 0 0 0 0 79810 0 0 0 0 0 0 0 0 0 0 0 0 0 0 0 0 0 0 0 0 0 0 0 0 0 0 0 0 0 0 0 0 0 0 0 0 0 0 0 0 0 0 0 0 0 0 0 0 0 0
0 0 0 0 28525 0 0 0 0 0 0 0 0 0 0 87342 0 0 0 0 0 0 0 0 0 26556 0 0 73517 0 0 0 0 0 0 0 0 75836 1454 0 0 0 0 0 0 0 0 0 64348 0 0 0 0 0 0 0 0 0 0 0 0 0 0 74929 0 42586 0 0 0 5411 27187 0 0 0 0 0 0 0 0 0 0 0 0 58125 10836 0 0 0 0 0 0 0 0 0 0 0 0 0 0 0 0 0 0 0 0 0 0 0 0 0 0 0 0 0 0 0 0 0 0 0 0 0 0 0 0 0 0 0 0 0 72247 0 0 0 0 54345 0 0 0 0 0 0 0 0 0 0 0 0 0 0 0 0 0 0 0 0 85999 0 0 0 0 0 0 0 0 52254 20053 0 0 0 0 0 11925 0 0 0 0 0 0 0 0 0 0 0 0 0 0 0 0 7918 0 0 0 0 0 26533 73412 0 57384 0
0 0 77182 0 24706 0 0 32044 0 0 0 0 0 0 0 0 0 75515 0 0 0 0 0 71101 0 0 0 0 0 0 0 0 0 0 0 0 0 77114 0 0 0 0 0 0 0 0 0 0 0 0 0 0 0 77372 72241 0 0 0 16357 0 0 0 0 0 0 0 0 0 0 0 0 0 0 58444 0 0 0 0 0 0 0 0 0 0 0 0 0 0 0 23735 0 0 0 0 0 0 2661 0 48994 0 0 63983 0 0 0 0 0 0 0 0 0 0 0 0 0 34279 0 0 50925 0 0 0 0 34174 0 0 82734 0 0 0 0 0 0 0 0 0 0 0 0 0 2382 0 0 24189 6539 0 0 75033 0 0 0 0 0 0 0 0 0 28213 0 0 0 0 0 0 0 0 0 0 0 0 0 0 0 0 0 0 0 0 57599 0 0 0 0 0 0 0 0 0 0 3375 0 77330 0 0 49753 0 44468 0 0 0
0 39808 0 0 0 0 0 0 0 0 0 0 0 0 0 0 0 0 0 0 0 0 0 0 0 0 0 0 0 0 0 0 0 0 43301 0 68361 26573 0 0 0 0 0 52892 0 19495 0 0 0 0 0 0 0 0 0 0 0 64069 0 0 0 0 0 0 0 0 0 0 0 0 0 0 0 0 0 0 0 0 0 0 0 0 0 0 28279 0 0 0 0 0 0 0 0 58919 0 0 0 0 0 0 0 0 0 0 0 0 0 0 0 0 0 0 0 0 0 0 0 0 0 0 0 0 0 54146 0 0 0 0 0 0 0 0 0 0 0 0 0 0 0 0 0 0 11035 0 0 0 0 0 0 0 0 0 0 0 0 0 0 0 0 0 28272 8984 0 0 0 0 0 0 0 0 0 17363 0 0 0 0 0 0 0 0 0 0 0 0 0 0 0 0 0 10351 0 0 0 68331 0 0 0 0 0 0
0 0 0 0 0 0 0 0 0 0 0 0 0 0 0 0 0 0 0 0 0 0 9606 62883 0 0 0 0 0 0 0 0 0 0 0 0 0 0 0 0 0 0 0 0 0 0 0 0 0 0 0 0 0 0 0 0 0 0 0 0 0 0 0 0 0 0 0 0 61273 0 0 0 0 0 0 0 6951 0 0 0 80587 30574 0 0 0 0 0 0 0 0 0 0 0 0 0 0 0 0 0 0 0 0 0 0 0 0 0 0 0 0 0 0 0 0 79713 31819 0 0 81208 0 88064 0 0 0 15809 0 29617 0 67502 0 0 0 0 0 0 0 0 0 0 0 0 0 0 0 0 0 0 0 0 0 0 0 0 0 0 0 0 0 0 0 0 0 0 0 0 0 0 0 57481 75780 0 35004 0 0 0 0 0 0 0 0 0 0 0 0 65883 0 0 0 0 0 0 0 0 0 0 0 0 0 0 0
0 0 84055 0 0 0 0 0 0 0 0 0 0 0 0 0 0 78341 0 6554 39812 0 0 0 0 20176 0 0 0 0 0 0 0 0 0 0 0 0 0 0 0 0 0 0 0 0 0 0 0 0 0 0 0 0 0 33795 0 0 0 0 0 0 25499 0 0 0 0 0 43113 0 0 0 0 0 0 0 0 0 0 0 0 0 0 0 37202 0 0 0 0 0 0 0 0 0 0 0 0 0 0 0 0 0 0 7277 19727 0 0 1745 0 0 0 0 0 0 0 0 0 0 0 0 0 88062 0 59712 77146 0 0 81399 0 0 0 0 0 0 0 0 0 0 13039 0 0 0 0 0 0 0 0 0 0 0 0 0 0 0 0 0 0 0 0 0 0 0 0 0 2359 15304 0 0 0 0 39581 0 0 0 0 0 25233 0 0 0 0 0 0 0 0 2534 0 49940 0 0 0 0 0 0 0 0 0 0 0 0
0 0 0 0 0 0 0 0 0 0 0 0 0 0 0 0 0 0 0 0 72585 0 0 0 0 0 0 0 0 0 0 0 0 0 0 0 0 0 0 0 0 0 0 34585 28189 0 0 0 0 0 0 0 0 0 0 0 0 0 0 0 0 0 0 0 0 0 0 0 0 0 42682 0 0 0 0 0 0 0 0 0 0 0 0 0 78183 41762 0 0 0 0 78914 0 0 0 0 0 0 0 0 0 0 0 0 0 0 0 0 0 0 0 0 0 0 0 0 0 0 0 0 0 0 0 0 0 0 0 0 0 0 0 7707 0 0 0 0 0 0 0 0 0 0 0 0 0 0 0 0 0 0 0 0 0 0 0 0 0 0 0 0 0 0 0 0 0 0 0 0 0 0 0 0 0 36850 0 50607 0 0 0 0 0 0 0 8569 0 0 0 0 76529 0 0 0 0 24313 0 0 0 0 0 0 0
0 0 81481 0 0 0 38360 0 0 0 0 0 0 0 0 0 3784 0 0 0 0 0 0 69840 0 0 12699 86572 0 0 0 0 0 0 33731 9523 0 0 0 0 0 0 0 0 0 0 0 0 0 0 0 0 0 0 0 0 0 0 0 0 0 80262 0 0 0 0 0 0 0 0 0 0 0 0 0 65169 0 79157 0 0 0 0 0 0 0 0 0 0 69051 0 0 0 0 0 0 8208 0 0 0 0 0 0 0 0 0 0 0 0 39581 0 0 0 0 0 0 0 0 0 0 0 0 0 0 0 0 0 0 0 0 0 0 0 0 0 0 0 0 0 0 0 0 0 0 0 46638 0 0 0 0 65162 0 0 51215 28210 0 0 0 0 0 0 0 62671 0 82009 0 0 0 0 0 0 0 71896 0 0 0 0 0 0 0 0 0 0 0 0 0 0 0 0 80993 0 0 0 0 0 0 0 0 0 0 0
0 0 0 0 0 0 0 0 0 0 0 0 0 0 0 0 0 0 0 0 0 0 0 0 0 18917 0 0 9046 0 0 0 0 0 0 0 0 0 0 0 0 0 0 0 0 0 0 0 0 0 0 0 0 0 0 0 0 0 0 0 0 0 0 0 0 0 0 0 0 0 0 0 0 0 0 0 0 0 0 0 0 67541 0 0 0 0 0 0 0 74091 0 0 7160 0 0 21033 0 0 0 0 0 0 0 2308 0 0 0 0 0 0 0 0 0 0 0 0 0 53376 0 0 52012 0 0 0 42462 0 0 30547 0 0 36390 0 86470 0 70465 0 0 0 0 0 0 0 0 0 0 0 0 0 0 0 0 0 0 0 0 0 20598 0 0 0 0 0 0 0 0 0 0 0 0 0 0 0 0 0 0 0 0 0 11897 0 0 0 0 0 0 0 0 0 0 0 0 0 0 0 73950 0 0 0 0 0
0 0 0 18524 0 0 0 0 0 0 0 0 0 0 0 0 0 0 0 0 0 0 0 0 0 33058 0 0 0 0 0 0 0 0 0 0 0 0 0 0 0 0 0 0 0 0 86933 0 64266 0 0 0 0 0 0 0 0 0 0 63662 19930 5527 0 0 0 0 0 0 69825 0 54550 0 0 56952 0 0 0 0 0 0 0 0 0 0 0 0 0 0 0 0 0 0 0 0 0 0 0 0 0 0 0 0 0 0 0 0 0 0 0 0 0 0 0 0 0 0 0 0 86474 0 0 0 0 0 0 0 0 0 0 0 0 0 0 0 0 0 0 0 0 0 0 0 5974 0 0 0 0 0 0 0 0 0 0 0 27291 0 0 0 0 0 0 34359 0 0 0 0 0 0 0 0 0 0 0 0 0 0 0 0 0 0 0 0 0 0 0 0 61492 0 0 0 32539 0 0 0 0 0 0 0 0 0
14951 0 0 0 0 13104 0 0 0 0 0 0 0 0 0 0 0 0 0 0 0 0 0 0 0 0 0 67125 0 0 0 0 0 0 0 0 0 0 0 0 0 0 0 0 0 0 38479 0 0 0 0 0 0 0 0 0 63435 0 0 0 0 0 0 0 0 0 0 0 0 0 0 0 0 0 0 0 45820 66015 0 0 2832 0 0 0 0 0 0 0 0 0 0 0 0 0 0 0 0 0 0 0 0 0 0 0 0 0 0 0 0 0 57442 0 0 0 0 48576 0 40570 0 0 0 0 85071 0 0 0 0 0 0 0 0 0 50588 0 0 0 0 0 0 0 0 0 0 0 0 0 0 0 0 0 61768 18170 0 0 0 0 0 0 0 0 0 0 0 0 0 0 0 9331 0 0 0 0 0 0 0 0 0 0 0 0 0 36031 0 41785 0 0 0 0 0 0 0 0 0 62052 0 0 0 0 0 76277
0 0 0 0 0 0 0 0 0 0 0 0 27098 0 0 0 0 0 0 0 0 0 0 0 0 0 0 0 0 0 0 0 0 0 0 0 0 0 0 0 0 0 0 0 0 78138 0 0 0 71154 0 0 0 0 0 0 1787 0 0 0 0 0 0 0 0 0 14348 0 0 0 0 0 0 0 0 0 0 0 0 12522 0 0 0 71272 0 0 0 66322 0 0 0 0 0 0 0 0 0 0 0 0 0 39891 0 0 0 57456 49219 65641 5864 0 0 0 0 0 0 0 0 0 0 0 0 0 0 0 0 0 0 88127 0 0 27329 0 0 0 679 0 0 0 0 0 0 0 60420 85561 0 0 0 0 0 0 0 0 0 0 0 0 0 0 0 0 0 0 0 0 0 0 0 0 0 0 0 0 0 0 0 0 0 0 0 0 0 0 0 0 0 0 79760 0 0 0 0 0 0 0 0 0 0 0 0 0
0 0 0 0 0 0 0 0 0 927 0 0 0 0 0 0 0 0 0 0 0 0 0 0 0 0 0 0 0 0 0 0 0 0 33895 0 0 0 0 0 0 0 0 0 0 0 0 0 0 0 0 0 0 0 0 0 0 0 0 0 0 0 0 0 0 0 0 0 0 0 0 0 0 0 0 0 0 58281 0 0 0 0 0 0 0 0 0 0 0 0 0 0 0 0 0 0 0 0 0 0 64159 0 0 42084 0 0 0 0 0 0 0 0 0 0 86571 0 0 0 84206 0 0 0 21865 0 0 0 0 0 0 0 0 0 0 0 0 0 0 0 0 0 0 0 0 0 0 0 0 0 0 0 0 85475 0 0 0 28011 0 0 0 0 0 0 0 0 0 0 0 0 0 0 0 0 80962 0 42704 0 0 0 0 8003 0 0 0 0 0 0 0 80742 0 23747 0 0 0 0 0 0 0 0 0 0
0 0 0 11496 0 0 0 0 0 0 0 0 0 0 0 0 0 0 0 0 4853 0 21939 0 0 0 0 0 0 0 0 27653 0 0 0 0 0 0 0 52484 0 0 0 0 0 0 0 3043 0 0 0 0 0 0 0 0 0 0 0 0 0 0 0 0 0 0 0 0 18264 0 0 0 0 64333 0 0 0 0 0 0 0 0 0 0 0 49347 18084 0 0 0 0 0 0 0 0 0 0 0 0 0 0 0 0 0 0 0 0 0 54994 0 0 0 0 0 0 0 0 0 36227 20215 0 0 0 0 0 0 0 0 0 21251 0 0 0 0 0 0 0 0 0 0 0 0 0 4790 0 0 0 67749 0 0 0 0 64159 0 0 0 0 27402 0 0 0 0 0 0 0 0 62537 0 0 0 0 50738 0 0 0 0 0 0 0 0 0 0 0 68279 0 0 0 43241 0 0 0 0 0 44237 0 0 0 0 0 0
0 0 0 0 0 0 53714 0 0 0 0 0 0 0 0 0 0 0 0 0 0 0 0 0 0 0 48808 0 0 81661 0 0 0 64515 0 0 0 0 0 0 0 0 0 0 0 0 0 0 0 0 0 0 0 0 0 0 0 0 0 0 62752 0 0 0 0 0 11428 0 0 0 0 0 0 0 0 0 0 0 0 0 0 0 0 0 14955 0 0 0 0 0 0 0 0 0 0 0 0 0 0 0 0 0 0 0 0 0 26406 0 0 0 0 0 0 0 0 0 0 0 0 71953 0 0 0 0 0 0 0 0 0 0 0 0 0 0 0 0 0 0 0 0 0 0 0 0 0 41917 0 0 0 0 0 0 0 0 0 0 0 0 0 0 0 0 0 0 69587 0 0 0 0 0 0 0 0 0 0 0 0 0 0 0 0 0 0 0 0 0 0 0 0 0 0 0 0 0 0 0 0 0 0 0
0 0 0 0 0 0 0 0 0 14352 0 0 0 0 0 0 0 0 0 0 0 0 0 0 0 0 0 0 0 0 0 0 0 0 0 0 0 0 0 0 0 0 0 0 0 0 0 0 0 0 0 0 0 64372 0 0 44658 0 0 0 0 0 9494 0 0 0 0 0 0 18157 0 0 0 0 0 0 0 79856 0 54200 0 0 0 0 0 0 0 0 0 0 0 0 0 0 0 0 0 3183 0 0 65884 0 0 0 66059 0 0 0 0 0 0 0 0 41848 0 0 0 0 0 16333 0 0 0 0 0 0 0 0 0 0 0 0 0 0 0 0 0 0 0 81809 0 0 0 0 0 0 0 0 0 62839 0 0 0 0 0 0 0 0 0 0 0 0 0 0 0 0 47627 0 0 0 13424 0 1218 0 0 0 0 65291 0 0 3162 0 0 0 0 0 0 0 0 60213 0 0 0 0 0 0 0 21977 0 35063
0 0 0 0 0 0 0 0 0 0 0 0 0 0 0 0 0 0 0 0 0 0 0 0 0 0 0 0 0 0 0 0 0 0 48923 0 0 0 0 0 0 0 0 0 0 0 0 0 0 0 0 0 0 0 0 0 0 0 0 0 0 0 0 0 0 0 5296 35030 0 0 0 0 0 0 0 0 0 0 0 0 0 0 0 0 0 0 53770 0 75715 0 0 0 0 0 0 0 44589 0 0 0 0 0 0 0 0 0 0 0 0 0 0 0 0 0 0 0 0 0 0 0 0 0 0 0 0 0 0 0 0 0 0 0 0 0 0 0 0 0 11457 0 0 0 32332 0 0 0 0 0 0 0 0 0 0 0 0 0 0 0 0 0 0 0 0 0 0 0 0 0 0 0 0 0 0 0 0 0 0 0 0 0 0 0 0 0 0 0 0 0 0 0 0 0 0 31774 0 0 0 0 0 0
0 0 0 0 0 0 0 0 0 0 0 0 0 0 0 0 81176 0 0 0 0 0 0 0 0 0 0 0 0 0 0 0 0 0 0 0 0 0 0 0 0 0 0 0 0 0 0 0 0 58389 0 0 0 0 0 0 0 79688 0 0 0 0 0 0 0 0 0 11266 0 0 0 0 0 0 0 0 0 0 45057 0 0 0 0 0 65066 0 997 0 24257 0 0 0 0 0 0 0 0 0 0 0 0 71377 0 0 0 5784 0 0 0 0 0 0 0 0 0 35467 0 0 0 0 0 0 0 0 0 0 2552 0 0 0 0 0 0 0 23120 0 0 0 0 0 0 0 0 0 0 0 0 0 80367 0 0 0 0 0 0 57913 0 0 0 0 0 0 72914 0 0 0 0 0 52884 78325 0 0 0 0 0 0 0 0 8659 0 0 0 0 0 0 0 0 0 0 0 0 0 0 0 0 0 0 0 0 0
0 0 0 0 0 0 0 0 0 0 0 0 0 0 74517 0 0 0 0 0 0 0 0 0 0 0 25360 0 0 0 0 81131 0 0 0 0 0 0 0 0 0 0 0 0 0 0 0 0 0 50175 0 0 0 0 0 62305 0 0 0 0 0 0 0 0 0 0 72526 0 0 0 0 0 0 0 0 0 0 0 0 0 0 0 84501 0 0 0 0 0 0 0 0 0 0 0 0 0 0 0 0 0 0 0 0 0 0 0 0 0 0 0 0 0 0 71813 0 0 0 0 0 0 0 0 0 0 0 0 0 0 0 0 0 0 0 0 0 0 0 0 0 0 0 22307 0 0 14685 0 0 0 0 0 0 0 0 0 0 0 0 0 0 0 0 0 0 0 0 0 0 0 0 0 17308 0 0 0 0 0 0 0 65172 36709 0 0 0 0 0 0 0 0 0 0 0 40427 0 0 0 0 36323 0 15634 0
0 0 0 0 0 0 57990 0 0 0 0 0 0 0 0 0 0 0 0 0 0 0 33708 0 0 0 0 0 0 0 71543 0 0 0 0 0 48858 0 0 0 0 0 0 0 0 11957 0 0 0 0 0 0 0 0 0 0 0 0 32068 0 0 0 0 4877 0 47404 0 0 0 44342 0 0 20760 0 0 0 0 73071 0 0 0 0 0 0 0 0 0 0 0 0 0 0 0 0 0 76359 0 0 0 0 0 0 0 0 0 0 0 0 0 46648 0 16017 0 0 0 0 0 0 0 0 0 0 0 0 0 0 0 0 0 0 0 0 0 0 0 0 0 0 0 0 35349 0 0 0 0 0 0 0 0 84216 41022 0 0 0 0 0 0 35781 0 74123 0 0 0 0 0 0 0 0 0 0 0 0 0 0 0 0 0 0 0 0 0 0 0 0 0 0 0 0 0 0 61319 0 0 0 0 23131 0 0 0 0
0 0 0 0 62375 0 0 0 0 0 0 0 0 0 0 0 0 0 0 0 0 0 0 0 0 22646 0 0 0 0 0 0 0 86541 0 0 0 0 0 0 0 0 0 0 0 0 0 0 0 0 0 0 0 0 0 0 0 0 0 0 0 0 0 0 0 0 0 0 0 0 0 0 0 0 0 0 0 0 0 0 0 0 24216 0 0 0 0 0 0 0 0 0 0 0 0 0 0 0 0 0 0 0 0 0 0 0 0 53571 0 0 0 0 0 0 0 57604 0 0 0 0 0 0 0 0 0 0 0 0 0 0 0 0 0 0 0 0 0 0 0 0 0 0 0 0 0 0 0 0 0 63475 261 0 0 0 0 40028 0 0 0 0 0 0 0 0 0 0 0 0 0 0 0 0 0 0 0 0 0 0 0 53329 19160 4463 0 53169 0 0 0 0 0 0 72556 0 0 0 0 0 0 0 0 0
0 0 0 0 0 0 0 0 0 0 0 0 80013 0 0 0 3578 0 0 0 0 0 0 0 0 0 0 0 0 0 0 0 26811 0 0 0 0 0 0 0 75127 0 0 0 72664 0 0 0 0 0 0 0 0 0 0 0 0 0 28275 0 0 0 84440 0 0 0 0 0 70871 57596 0 10516 0 0 43039 61668 0 0 0 0 0 0 0 0 0 0 12422 0 0 0 0 0 0 0 0 0 56420 0 0 0 0 0 0 0 0 0 0 0 0 0 0 0 0 0 0 72361 0 0 0 0 0 56527 0 0 0 0 0 0 0 0 0 0 0 0 0 0 0 0 0 0 15655 0 0 0 0 0 52042 0 0 0 0 0 0 0 0 0 0 68043 0 0 0 0 0 88212 0 0 0 0 0 0 0 0 0 0 0 0 0 0 0 0 0 0 0 0 8371 0 0 0 0 0 0 0 85491 74796 0 0 0 0 0 0
0 0 0 0 0 0 0 52135 0 0 0 0 0 0 0 0 0 0 0 0 0 0 0 0 0 0 0 0 0 54670 0 0 0 0 0 0 0 0 24708 0 0 0 0 0 0 33803 0 0 0 0 0 0 0 0 0 0 0 0 0 0 0 63299 80150 0 22566 0 0 29889 0 0 0 0 0 0 0 0 0 0 0 0 0 0 0 0 0 0 5485 0 0 0 0 0 0 0 0 0 0 0 0 60053 0 0 0 0 0 0 0 0 0 0 0 0 0 0 0 0 0 0 0 0 0 49237 0 0 0 0 0 0 0 0 0 0 0 0 0 0 0 0 0 0 0 12440 0 0 0 0 0 0 0 36843 0 0 78638 0 22181 0 0 0 0 0 0 0 0 49291 15392 0 0 0 0 0 71263 0 0 0 0 0 0 0 0 0 0 0 0 0 0 0 0 0 0 0 0 0 0 0 0 0 0 0 0 0
0 0 0 0 0 0 0 0 0 0 68416 0 0 0 0 0 0 9479 0 0 0 0 0 0 0 0 0 0 0 0 0 0 0 0 0 0 0 0 19534 0 0 0 0 0 0 0 0 0 0 0 0 0 0 0 0 0 0 0 0 0 0 0 0 0 0 0 0 88423 25490 0 0 0 0 0 0 0 0 0 76819 0 0 0 76214 0 0 0 0 0 0 0 0 0 0 0 72562 0 0 0 55946 0 51180 0 0 0 0 0 0 0 0 0 0 0 24601 0 0 0 0 0 0 6765 31722 0 0 0 0 0 0 0 0 0 0 0 0 0 18847 0 0 0 0 0 0 0 0 0 0 0 6298 0 0 0 0 0 0 0 0 0 17725 0 0 0 0 0 0 0 0 19024 0 0 64713 0 0 0 0 0 0 0 0 0 0 0 0 0 0 0 0 22564 39611 0 74307 0 0 0 0 0 0 0 0 0 0 0
67433 0 0 0 0 0 0 0 0 0 0 0 42143 0 0 0 32499 0 0 0 24297 0 0 0 0 0 0 0 0 0 0 0 0 0 0 0 0 0 0 0 49668 0 0 0 0 0 0 0 0 0 0 0 0 0 0 0 0 0 0 0 0 0 0 0 0 0 0 38680 0 0 0 0 0 0 45751 0 0 0 0 0 0 0 0 0 0 88647 31760 0 29435 0 0 0 0 0 0 0 0 0 0 1869 0 0 0 0 0 0 0 0 0 0 0 0 0 0 0 0 0 0 0 0 0 0 0 0 15054 0 0 0 0 0 57913 0 13563 0 0 0 10211 2522 0 0 0 0 44152 65641 0 0 0 0 0 0 0 0 0 0 0 0 0 0 0 0 0 0 0 58928 0 0 0 0 0 0 0 0 0 0 0 0 16109 0 0 0 0 0 22444 0 0 0 0 48963 0 0 0 0 0 0 0 0 0 0 0 0
0 0 0 0 0 0 0 0 0 0 0 0 0 81017 0 0 0 83985 0 0 0 0 0 0 0 0 0 0 0 0 0 0 0 0 0 58647 14822 0 0 0 0 0 0 0 0 0 78408 0 0 22857 0 0 0 0 0 0 0 0 0 0 0 0 0 0 0 0 0 0 0 0 0 0 0 0 0 0 0 0 0 0 0 0 0 0 0 85991 0 0 0 0 0 0 52439 0 0 0 0 0 3158 0 0 0 0 0 0 0 0 0 0 32506 0 0 0 0 0 0 0 0 0 0 0 0 2865 0 0 0 0 0 0 0 0 42698 0 0 45720 0 0 0 22948 0 0 0 0 0 71773 0 0 0 0 0 0 0 0 0 0 0 83316 68162 0 0 0 0 0 0 10150 0 0 0 0 0 0 0 0 0 0 0 0 0 0 0 0 0 0 0 0 24459 0 0 0 0 0 0 0 0 0 37468 0 0 0 0
0 0 0 0 0 0 0 0 0 0 0 0 0 0 0 0 0 0 0 0 0 0 0 46348 0 37203 0 70340 0 0 0 0 0 0 0 0 0 0 0 0 0 0 0 70393 0 42538 0 0 0 0 0 0 0 0 0 0 0 0 0 0 0 0 0 0 0 0 0 0 0 0 0 0 0 0 0 0 0 0 0 0 0 0 0 0 0 0 0 0 0 0 0 0 0 0 0 50474 0 0 0 0 0 0 0 0 0 0 0 0 0 0 41810 6638 0 0 0 0 52802 0 0 0 0 0 0 0 0 0 0 0 0 29173 0 0 0 0 0 0 0 0 0 0 0 0 0 0 0 0 0 0 0 0 0 70875 0 0 40490 0 0 0 0 0 0 0 22723 0 0 0 0 0 0 0 0 0 0 0 0 0 0 0 0 0 0 0 0 0 0 0 0 0 0 0 0 0 0 0 0 0 0 0 0 0
0 0 5549 0 0 0 0 0 0 0 0 0 0 0 0 0 0 0 0 0 0 0 0 0 0 0 0 0 0 0 0 0 0 0 0 0 0 54808 0 28298 0 0 0 0 0 55946 0 0 0 0 0 0 0 0 0 0 0 0 27470 66053 0 0 0 0 0 0 0 55501 0 0 0 0 0 67642 0 0 0 0 0 0 0 0 0 0 0 0 0 0 0 0 0 0 0 0 0 0 54196 0 0 0 85940 0 35108 0 0 0 0 0 0 0 0 0 0 78987 0 0 28861 0 0 0 0 0 0 65057 0 0 0 0 0 0 0 0 0 0 0 0 0 0 0 0 0 0 0 0 0 0 0 0 0 0 0 0 0 0 0 0 0 0 0 0 74558 0 0 0 0 0 0 0 0 0 0 0 0 0 0 0 0 0 0 0 0 59757 0 0 0 0 0 0 0 0 0 0 0 0 0 0 0 87150 0 0
0 778 0 0 0 0 0 12122 0 0 0 0 0 0 0 0 0 0 0 0 0 0 0 12120 45188 0 0 0 0 0 57911 0 0 73028 0 0 68915 0 0 0 88484 69603 0 0 0 0 0 0 0 0 0 0 0 0 0 0 0 0 0 0 0 0 0 0 0 0 0 0 0 0 0 0 0 0 0 0 0 0 0 0 0 0 0 0 0 0 0 0 0 0 0 0 0 0 0 0 0 41401 0 0 0 0 46522 0 0 0 0 0 0 0 0 0 14306 0 0 0 20816 0 0 0 0 70231 0 0 0 0 0 0 0 0 0 0 0 0 0 0 0 0 0 0 0 0 0 0 0 0 0 0 0 0 84330 0 39415 0 67452 0 0 0 0 0 0 0 0 0 64290 0 0 0 55083 0 0 0 31189 0 0 0 0 0 0 0 24879 0 4933 0 0 0 0 0 63966 0 0 0 33132 0 0 0 0 44703 0 0
0 0 0 0 0 0 0 0 66672 0 0 0 0 0 0 0 0 0 0 48951 7128 76936 0 0 0 0 0 0 0 0 0 0 40621 0 0 0 0 0 0 0 0 0 0 32094 0 0 0 0 0 0 0 0 0 0 0 0 0 0 46512 4952 0 0 0 0 0 0 0 0 0 0 0 0 0 0 0 0 0 0 0 0 0 0 51627 0 0 0 0 0 0 87762 0 0 0 0 0 0 19077 0 0 0 0 0 0 0 0 0 0 0 0 0 0 0 0 0 0 0 0 0 0 0 0 0 0 0 0 0 0 0 57159 0 0 0 23025 0 0 0 0 0 0 0 0 0 0 0 0 0 0 0 0 0 0 0 0 0 0 0 0 66903 0 0 0 77327 0 0 66507 0 0 0 0 0 0 0 75433 0 0 0 0 0 0 56353 0 0 0 0 0 0 0 0 0 0 0 0 0 0 0 0 60206 0 0 0
0 0 0 0 0 0 0 0 0 0 0 0 0 0 68903 0 0 43775 0 0 0 0 0 0 0 0 26560 0 0 0 0 43986 0 0 0 0 0 0 0 0 0 0 0 8105 0 0 0 0 0 0 0 0 0 0 1024 0 13009 0 0 0 0 0 0 0 0 0 0 0 0 0 0 0 0 0 0 0 0 0 0 0 0 0 0 0 0 0 0 22771 0 0 0 0 0 0 0 0 0 0 0 0 0 0 0 0 0 0 0 0 67339 0 0 0 0 0 0 0 0 0 73422 0 0 85703 0 0 0 24009 0 0 0 0 0 0 0 0 0 0 0 0 0 0 0 0 0 0 0 0 0 0 0 0 0 0 0 63582 0 0 0 0 0 0 0 0 0 44692 0 0 0 0 0 0 0 0 0 0 69153 0 0 0 0 53053 0 0 0 0 0 0 0 0 0 0 0 0 0 0 0 0 0 0 0 0
0 0 0 0 0 0 0 0 0 0 0 0 0 0 0 0 0 0 0 82763 0 0 0 0 0 0 0 0 0 0 0 0 0 0 0 0 0 0 0 0 0 0 0 0 0 0 0 0 0 0 0 0 0 0 0 0 0 0 0 0 0 0 0 0 0 0 0 0 0 0 0 0 0 34031 0 0 0 0 0 0 0 0 0 0 0 0 0 0 0 0 0 0 0 0 0 0 18128 0 0 0 0 0 0 0 0 0 0 0 0 0 0 0 0 0 0 0 0 0 31284 0 78983 0 0 0 0 0 3341 0 0 0 0 0 0 0 0 0 0 0 0 0 0 0 0 0 0 0 0 0 0 0 0 0 0 0 0 0 0 0 0 0 0 0 0 0 0 0 0 0 0 0 0 0 0 0 0 0 0 0 0 0 0 46729 0 0 0 0 0 0 0 0 0 0 0 0 0 0 0 0 0 0
0 0 0 0 0 0 65856 20459 0 5429 0 0 0 0 15881 0 0 0 0 0 0 0 0 0 0 0 76894 0 0 0 0 0 0 0 0 0 0 0 0 0 0 0 0 0 0 0 0 0 0 0 0 0 0 0 0 0 0 0 0 0 0 0 0 0 0 0 0 0 0 0 0 0 0 0 0 0 0 0 0 0 0 0 0 0 0 0 0 0 0 0 0 0 0 0 0 0 0 0 0 0 12384 23495 0 0 0 0 0 0 0 0 0 0 0 0 0 0 0 0 5272 0 0 0 0 0 0 0 0 0 0 0 30985 0 0 0 0 0 0 41378 0 0 0 0 0 0 0 0 0 0 0 0 0 0 33283 0 0 0 0 0 0 0 25912 0 0 0 0 0 0 0 0 0 0 0 0 0 0 0 0 0 0 0 0 0 0 0 0 0 0 0 0 0 0 0 0 55983 0 0 0 0 0 0
0 76807 0 11615 5625 0 0 0 0 0 0 0 0 0 50069 0 0 25230 0 0 0 0 0 0 5963 0 0 0 20846 0 0 0 66263 0 3474 0 0 0 0 0 0 0 0 28554 0 14312 0 0 0 0 71887 0 0 0 0 0 0 0 0 0 0 0 0 0 0 0 0 0 0 0 83232 0 0 0 0 0 0 0 0 24254 0 0 0 0 0 0 0 50316 0 0 0 0 0 19229 43715 33921 0 0 0 0 0 0 0 0 71084 0 0 0 0 0 0 0 88084 0 0 0 0 0 0 0 0 0 0 66354 0 24718 0 0 0 0 0 0 22236 0 0 0 0 0 0 0 0 0 12862 0 0 0 0 0 0 0 0 0 0 0 64625 0 0 0 74858 0 0 0 0 0 0 0 0 0 0 0 0 0 53899 0 0 0 0 0 0 0 0 76310 0 0 18714 0 0 56617 0 0 0 0 0 0 0 0 0 0 0 0
0 0 0 0 0 0 0 0 0 52998 0 0 0 0 0 0 0 0 0 0 0 0 0 0 0 0 0 0 0 0 0 0 0 4703 0 52962 0 80636 0 0 0 0 0 0 0 0 0 0 0 0 0 0 0 0 80192 0 0 0 0 0 0 0 0 0 0 0 0 0 0 0 14471 0 0 0 0 0 0 0 31318 0 0 0 0 0 0 0 0 0 0 0 0 0 0 0 0 0 0 0 0 0 0 0 0 0 0 0 0 0 0 0 0 0 0 0 0 0 41004 0 36756 0 0 0 0 0 48205 0 0 46194 51369 0 0 0 0 0 0 0 0 0 0 0 0 0 0 0 0 0 0 0 0 0 0 0 0 0 0 0 1696 40429 0 0 0 0 0 0 0 0 0 0 0 0 0 0 0 0 0 0 0 0 0 10829 0 0 0 0 0 0 0 0 52752 0 0 0 53046 0 0 0 0 0 0 0
79812 0 0 0 0 0 0 0 0 0 0 0 0 0 76252 0 0 0 0 0 0 0 0 0 0 0 14462 0 0 0 0 0 0 0 0 0 48300 83192 0 0 0 30284 0 0 0 0 0 4560 0 0 0 0 0 0 0 0 0 0 0 62916 0 0 0 0 0 0 0 0 0 0 0 0 0 0 0 0 0 0 0 0 0 0 0 0 0 0 0 0 0 20130 0 0 0 83037 0 5294 0 0 0 0 0 0 0 0 0 0 0 25641 0 0 51059 0 0 40905 0 0 0 0 0 70128 0 0 0 0 0 0 0 0 67993 0 0 54233 0 0 0 0 0 0 0 0 0 0 0 0 0 0 0 0 0 38914 0 0 0 0 0 0 0 0 0 0 0 0 28034 0 0 43336 0 78833 0 0 0 0 0 0 24990 0 0 0 0 0 0 25901 0 0 0 0 0 0 0 0 0 0 0 0 0 0 0 0 0 0
0 0 0 0 0 0 0 0 13841 0 0 0 0 0 0 0 0 0 0 0 0 0 0 0 0 0 0 0 71526 0 0 0 22450 0 0 25587 0 0 0 78164 0 0 0 0 0 0 0 0 0 0 0 0 0 0 0 0 0 0 0 0 0 0 0 0 0 0 0 0 0 0 0 26162 0 0 0 0 0 0 0 0 0 32322 0 0 0 0 0 0 0 66453 0 0 0 0 0 68320 0 42935 0 0 0 0 0 0 0 0 0 0 0 0 0 0 0 0 38654 0 0 0 0 0 0 0 0 0 0 0 0 0 0 0 0 0 0 0 0 58989 0 0 0 0 0 0 0 0 0 64474 0 0 0 0 0 0 0 0 0 0 0 0 0 0 0 0 0 0 0 40870 0 0 0 0 0 0 0 2308 0 0 0 0 0 0 0 0 0 0 0 0 0 0 0 0 0 0 0 0 0 0 0 0 0 50074
0 0 0 0 0 0 0 0 0 0 0 0 0 0 0 0 0 0 0 13048 0 39115 0 0 0 0 0 0 0 0 0 0 0 0 0 0 0 0 0 0 0 32 0 0 73641 0 0 0 0 0 0 0 0 0 0 0 0 0 0 27313 2859 0 0 3317 0 0 0 0 0 0 0 0 0 0 0 0 0 0 0 0 0 0 44724 0 0 0 0 73235 79549 0 0 0 0 0 0 0 0 0 82575 0 0 0 0 0 74636 0 0 0 0 0 0 0 0 0 0 0 0 0 0 0 0 18123 0 0 0 0 0 0 61086 40388 0 0 0 0 6226 0 0 0 0 0 0 0 0 0 0 0 0 0 0 0 0 0 36094 0 0 0 0 0 0 0 0 0 0 0 0 0 0 0 0 85962 0 0 0 0 0 0 0 0 0 0 0 0 0 0 0 0 0 0 0 0 0 0 32591 0 0 0 0 50363 0 0
0 0 0 0 0 0 0 0 0 0 0 0 0 37951 0 0 0 0 0 0 0 0 0 35618 0 0 0 0 0 0 0 0 0 63628 0 54929 0 0 0 0 78613 0 0 0 0 0 0 0 0 0 0 0 60473 0 0 0 35769 0 0 0 0 0 0 11394 0 0 0 0 0 0 0 0 0 0 0 0 0 0 0 0 0 0 0 0 0 0 0 0 0 0 0 0 0 0 0 0 0 0 0 0 0 1842 0 0 0 0 0 0 0 55359 0 0 0 0 0 0 63523 0 0 0 0 0 0 0 0 0 0 0 0 0 0 0 0 0 0 0 0 0 0 0 15975 43423 0 0 0 0 0 87353 0 0 0 0 0 0 0 0 0 0 0 0 0 8454 0 0 0 0 0 0 17772 13357 0 0 0 0 0 0 0 0 0 0 0 0 0 0 0 0 0 0 0 0 0 0 0 49689 0 0 0 0 0 0
0 0 0 0 33483 0 0 0 0 0 0 0 0 0 0 0 0 0 0 0 0 0 0 0 0 0 4425 0 0 0 0 46790 0 0 0 0 0 38655 0 70577 0 0 0 0 42752 0 0 47396 0 0 0 0 0 0 58619 0 0 0 0 0 0 0 44928 0 0 0 0 0 0 47905 0 0 59893 0 0 0 0 0 0 0 0 49697 0 0 0 0 0 0 0 0 0 0 0 0 0 0 0 0 0 43936 80765 0 0 0 0 0 0 0 8787 0 0 0 0 0 0 0 0 58789 0 0 0 0 0 0 0 0 0 0 0 0 0 0 28897 0 0 0 0 75804 0 0 0 0 56060 0 53432 0 0 0 0 0 0 0 0 0 0 0 0 11622 0 0 0 0 0 0 0 25727 0 0 0 0 0 0 0 0 0 0 0 0 0 0 0 0 0 0 0 77174 0 0 0 0 0 0 0 0 0 0 0 0 0 0
0 0 0 0 0 20216 0 0 0 0 0 0 0 0 0 0 0 0 0 0 0 0 0 0 0 0 0 0 0 0 0 0 0 0 0 0 0 0 0 0 0 0 0 0 0 0 0 0 0 52046 0 0 0 0 0 0 0 0 0 0 0 0 0 0 0 0 0 19579 61255 0 0 0 0 0 0 0 0 49264 0 0 0 0 0 0 0 0 0 0 0 0 0 0 0 0 0 36195 0 0 0 0 0 0 0 82640 25469 0 0 0 0 0 0 0 0 0 0 0 0 0 0 41728 0 0 0 0 0 14648 0 0 0 0 0 0 0 0 0 0 51186 0 0 0 0 0 0 0 0 0 0 0 0 0 0 0 0 0 0 0 0 0 0 0 0 0 0 0 0 0 0 0 0 0 0 0 44245 81098 0 0 0 0 0 46314 0 0 0 0 0 0 0 0 1761 0 0 0 0 0 0 0 0 0 0 0
0 0 0 0 0 0 0 0 0 0 86642 53113 1657 0 0 0 0 0 0 88246 0 0 0 0 0 0 0 0 0 0 0 0 0 0 0 0 0 0 0 0 0 0 0 0 0 0 0 0 0 0 0 0 0 0 60314 69451 0 0 0 0 0 0 0 0 0 0 0 0 0 0 0 0 0 0 35296 0 0 0 0 9693 0 0 0 0 0 0 0 0 0 0 0 0 0 0 0 0 0 0 0 0 0 0 0 0 0 0 0 0 0 0 0 86919 0 0 0 0 0 0 0 0 79894 25365 0 0 0 0 0 31796 0 0 0 0 0 0 0 0 0 0 0 40918 0 0 0 0 0 0 0 0 0 0 0 0 0 0 0 0 0 0 0 0 0 0 0 0 0 0 75547 0 4287 0 0 0 0 0 0 0 0 0 0 0 0 0 0 0 0 0 0 0 0 88371 0 0 0 0 0 0 0 0 0 0
0 0 0 0 0 0 0 0 0 0 0 0 0 0 0 0 0 0 0 0 0 0 0 0 0 0 0 0 0 0 0 0 0 0 0 0 0 0 0 0 0 0 0 0 0 0 0 0 0 0 51196 0 0 0 0 0 0 0 29772 0 0 81130 0 0 0 0 0 0 0 0 0 0 0 0 0 0 0 0 0 5272 0 0 0 0 0 65376 0 36167 0 0 0 0 0 0 0 0 0 0 0 0 0 0 0 0 0 0 54858 0 0 0 0 0 0 0 0 0 0 0 0 22641 0 0 0 0 0 0 0 0 0 0 42831 0 0 0 0 0 0 0 0 0 0 0 0 0 0 0 0 0 41972 0 0 0 0 0 0 0 0 0 0 0 0 0 0 0 0 0 0 0 28455 0 0 0 0 0 0 0 0 75471 0 0 0 0 0 0 0 0 62385 0 0 0 71283 0 0 0 64811 0 0 0 0 0
0 16191 0 0 0 65835 0 0 0 0 0 0 0 0 0 0 0 0 0 0 0 0 0 0 0 0 0 0 0 0 0 0 0 0 49602 0 0 0 0 0 0 0 0 0 0 0 0 0 0 57096 0 0 0 63513 0 0 0 0 0 0 0 0 0 0 0 81617 0 0 0 0 0 0 36253 0 0 0 7629 8871 0 2648 0 0 0 0 29426 0 0 0 0 0 0 0 0 0 0 63437 0 0 0 0 0 0 0 0 0 0 0 0 0 0 0 75484 0 0 0 0 0 37014 0 0 0 0 0 0 0 0 0 0 0 0 0 0 0 0 0 0 0 0 0 0 0 0 0 0 28625 0 0 0 0 9508 0 0 0 0 0 44642 0 0 0 0 0 0 0 0 0 0 0 0 0 0 0 0 0 0 0 0 0 0 0 0 0 77128 37418 0 0 0 0 0 0 87712 0 0 0 0 42407 0 0 0 0 0
0 0 0 0 0 0 0 0 74401 0 73884 0 0 0 0 0 0 0 73399 0 0 0 0 0 0 0 26135 0 0 0 0 0 0 0 0 0 0 0 0 0 0 77199 0 0 0 0 0 0 0 0 0 0 0 0 0 0 0 0 0 58016 0 0 0 0 0 0 0 0 0 0 0 0 0 0 37922 30630 0 0 0 0 0 0 0 0 0 0 0 0 0 26943 0 0 0 0 0 0 0 0 0 0 0 0 0 0 0 0 0 0 0 0 0 0 0 0 0 0 0 0 13488 0 0 0 0 0 0 0 0 0 0 0 0 0 0 0 0 0 0 0 0 0 0 0 0 0 32693 0 0 0 0 0 0 0 0 0 0 0 0 0 0 0 0 0 0 0 0 0 0 0 0 0 0 0 0 0 0 0 52531 0 0 0 0 0 0 0 0 0 0 0 0 0 0 0 0 0 32214 0 0 0 18493 0
0 81635 0 0 0 0 8388 0 44685 0 0 0 0 0 0 0 12202 0 71101 0 0 0 0 0 0 0 0 0 0 0 0 0 0 0 0 0 0 0 0 0 0 0 0 40793 0 0 0 0 0 0 0 48980 43531 0 0 0 0 0 0 0 0 0 0 0 0 0 0 53428 0 0 0 0 31530 0 62108 0 0 0 0 0 0 0 0 0 0 0 0 38752 0 0 0 0 0 0 7790 0 0 0 0 0 0 0 0 0 0 0 0 0 0 0 3500 0 0 0 0 0 0 0 0 80038 0 0 0 0 0 0 0 0 0 0 47496 17160 34705 0 0 0 0 63056 0 0 0 86114 0 0 0 0 0 0 0 0 0 0 0 0 0 0 0 0 0 0 0 0 0 0 0 0 0 0 0 0 0 0 0 80827 0 0 0 0 0 0 0 28751 0 0 32026 0 0 0 0 0 62303 0 0 0 0 0 67154 0 0 0
0 0 0 0 0 0 0 0 0 0 0 0 0 0 0 0 0 0 0 0 0 0 0 0 0 0 49382 0 0 0 0 0 0 0 13093 0 0 0 0 0 0 0 0 0 0 4613 0 0 0 0 0 0 0 0 0 23488 0 0 0 0 0 0 0 0 0 0 0 0 0 23390 0 0 0 0 0 31086 0 52545 40948 75828 0 0 36887 0 0 0 0 0 0 0 0 0 0 0 0 0 0 0 0 86882 0 0 0 0 0 75018 0 26853 0 0 0 0 0 0 0 0 0 0 80585 0 86327 0 0 0 0 0 0 12599 0 0 0 0 0 0 0 7436 0 0 0 0 0 0 0 0 0 0 54521 12282 0 0 0 0 0 0 0 0 0 0 0 0 0 0 0 0 0 0 0 0 0 0 0 0 0 0 0 0 0 0 0 0 0 0 0 0 0 0 88461 0 0 0 0 0 0 0 40298 0 0 0 0 0
2617 0 6124 0 0 0 0 0 0 0 0 0 0 31943 0 0 0 0 0 0 0 0 0 0 0 0 0 0 0 0 0 0 0 0 0 0 0 0 0 0 0 0 0 0 43609 0 0 0 0 0 0 18281 0 0 0 40409 0 0 0 0 0 0 0 0 0 66372 0 0 0 0 54467 0 0 0 0 0 0 0 0 0 0 0 0 0 35921 72330 0 0 0 0 0 0 0 0 0 0 0 0 0 30006 0 0 0 53129 0 0 0 0 0 0 30145 0 0 0 0 0 0 0 0 0 33555 29700 0 0 0 0 32597 23218 0 0 0 0 0 0 0 70372 17196 0 0 9617 0 0 0 0 0 0 28557 0 0 0 34463 0 0 0 0 28510 0 0 0 0 0 0 0 0 0 0 0 0 0 0 0 0 0 0 0 0 68899 63151 0 0 0 0 0 7871 0 0 0 0 0 0 0 0 0 0 0 0 0 0 0 0
0 0 0 0 0 0 0 0 0 0 0 0 0 0 0 0 0 0 0 0 0 24509 0 0 0 0 0 0 0 0 0 0 0 0 0 0 0 0 65491 0 0 0 49873 0 0 0 0 0 0 0 0 0 0 0 0 48289 0 0 0 0 0 0 0 0 0 0 0 0 0 33052 84640 0 0 0 0 0 0 0 68362 0 0 0 0 0 0 0 0 0 0 0 0 0 0 0 0 0 0 0 0 0 0 0 0 30142 0 0 0 0 0 0 0 0 0 0 0 0 0 0 0 0 0 0 0 0 0 0 0 0 16685 0 0 0 0 0 0 0 0 0 0 32529 0 0 0 0 0 0 0 0 0 0 0 0 0 0 0 0 0 0 0 4775 0 0 0 0 0 0 0 0 0 68479 0 0 81766 0 0 0 0 15055 0 0 0 83109 0 0 0 0 0 0 0 0 0 0 0 0 0 0 0 0 0 0
0 0 0 0 0 0 0 0 0 26355 0 0 0 58161 0 0 0 0 0 0 0 0 0 0 81023 0 0 19357 0 0 0 0 0 0 0 0 0 0 0 0 0 0 0 12713 0 0 0 0 0 87027 8677 36594 0 0 0 2953 0 0 0 0 0 0 0 0 29909 0 0 0 0 65585 0 18595 86892 21059 0 0 0 0 0 0 0 0 56402 0 0 0 0 49351 0 0 0 0 0 0 0 0 0 0 0 0 62534 7169 0 0 0 0 0 31053 0 0 0 0 0 76282 0 0 0 11278 0 0 0 0 0 0 0 0 0 0 0 0 0 0 0 0 0 0 0 0 0 0 0 70341 0 0 0 0 0 0 61817 0 0 0 0 0 36432 0 88497 0 0 0 0 0 0 0 0 0 0 0 0 0 0 0 0 0 0 0 0 0 0 0 0 0 0 0 0 0 0 0 0 0 612 0 0 0 0 0 22374 0 0 0
0 0 0 0 0 0 0 0 0 0 0 0 0 0 0 0 0 0 0 0 0 0 0 0 0 0 0 0 0 0 0 0 0 81386 0 0 0 0 60175 0 0 0 0 0 0 0 0 0 0 0 0 0 0 0 0 0 0 0 0 0 0 0 0 0 0 0 0 0 0 0 0 0 0 0 30506 0 0 0 0 0 0 0 0 0 84497 0 0 0 0 0 0 0 0 71631 0 0 0 0 0 44779 0 6538 0 0 0 0 0 0 0 0 0 0 0 0 0 0 0 0 10167 0 0 0 0 0 28938 0 46806 0 0 0 0 0 0 0 0 0 0 42769 0 0 0 0 0 0 0 0 0 0 0 0 0 0 0 0 0 0 0 0 0 0 0 0 0 0 0 0 0 0 0 80910 0 0 0 0 0 0 0 0 0 0 0 0 0 0 0 0 0 0 0 0 0 0 0 0 0 0 0 0 72798 0
0 21912 0 2753 0 0 0 0 0 0 0 0 0 0 0 0 0 0 0 0 0 0 0 0 0 0 26485 0 0 0 0 0 0 0 0 0 0 0 0 0 0 0 0 0 0 0 0 0 36749 0 0 0 0 0 0 0 0 0 0 0 37974 0 13352 0 0 0 0 0 0 0 0 27215 0 0 0 0 10175 0 0 0 0 0 0 0 0 0 56696 0 25793 39371 0 0 0 0 0 0 12714 0 0 0 0 0 0 0 0 0 24843 0 0 0 50039 0 0 0 0 0 0 0 0 0 0 0 0 0 0 0 0 0 0 0 0 0 0 0 0 0 0 0 0 0 0 0 0 0 0 6907 0 0 0 0 0 0 0 0 0 0 0 0 47567 0 0 0 0 0 0 0 0 0 0 0 0 81026 0 0 0 0 0 0 0 0 0 11516 0 0 0 0 0 0 0 0 0 0 0 0 0 0 0 0 0 0
0 0 0 0 0 0 0 0 0 0 0 0 0 0 0 0 0 0 0 71899 0 81822 0 0 0 0 0 0 0 0 0 0 0 0 0 0 0 68334 0 0 0 0 0 0 0 0 0 0 0 0 0 14502 0 0 0 0 0 0 0 0 0 0 0 25312 0 0 0 0 0 27354 0 0 0 0 0 0 0 0 0 0 0 0 0 0 0 0 0 0 0 0 0 0 0 0 0 0 0 0 0 0 0 0 0 0 0 0 0 0 0 0 0 0 0 0 0 0 0 53284 0 0 0 0 24028 0 0 0 0 0 0 0 0 73146 0 0 0 0 0 0 0 0 0 0 0 0 0 8073 0 0 0 27419 41799 0 0 0 0 0 0 0 0 0 0 25092 0 0 0 0 0 0 0 0 0 0 0 33458 0 0 33300 0 0 0 0 0 0 19165 48450 0 0 0 0 0 0 0 0 0 0 0 0 0 0 0
0 84814 11987 0 0 0 0 81204 68635 45578 0 0 0 0 0 0 0 0 0 0 0 21081 0 0 0 0 0 11053 0 0 0 0 0 0 0 0 0 0 0 0 0 0 0 0 0 0 0 0 0 0 0 0 0 0 0 0 0 0 0 0 0 0 0 0 0 0 0 0 70583 0 0 0 0 0 0 0 0 0 14796 0 26919 0 0 0 0 0 0 0 0 0 0 0 0 0 0 0 0 0 0 0 0 0 0 63662 0 0 0 24718 0 0 0 75642 0 0 0 0 0 0 0 0 0 0 0 0 0 0 0 0 0 0 0 0 0 0 0 0 0 0 0 0 0 0 0 0 25486 0 0 0 0 0 0 0 0 18669 0 0 0 0 0 0 0 0 0 0 0 0 0 0 0 0 0 0 0 0 0 50063 0 0 0 0 0 0 0 0 0 0 0 0 0 0 0 0 42252 0 0 0 0 0 0 0
0 3520 0 0 0 0 0 0 0 0 0 0 0 0 0 0 0 0 0 0 0 0 0 0 0 0 0 0 0 0 30100 0 0 47169 0 0 0 0 0 0 0 0 0 0 0 75027 0 0 0 0 0 0 0 0 0 0 0 0 0 0 0 0 45733 0 74042 10935 0 0 0 83359 0 0 0 61204 0 0 0 0 0 0 0 0 0 37908 0 0 0 0 0 0 0 0 0 0 52393 0 0 0 0 72371 0 0 0 0 0 0 0 0 0 0 0 0 0 0 0 0 0 0 0 0 0 0 0 0 83406 0 0 0 0 0 0 0 0 0 0 0 0 0 0 0 0 55484 0 0 0 0 0 0 0 0 0 0 0 0 0 0 10053 57601 70941 0 0 0 15883 0 0 0 0 0 0 0 0 0 0 0 0 33724 0 0 0 0 0 0 7893 0 0 14556 0 0 0 0 71296 0 0 0 0 0 0 0 0 0
0 0 0 0 0 0 54960 0 0 0 0 0 0 0 69647 0 0 0 0 0 0 0 0 0 0 83534 0 0 0 0 12688 0 0 0 0 0 0 0 0 0 0 0 0 0 0 0 0 0 0 0 0 0 0 0 0 0 0 0 0 0 82409 0 0 0 4317 0 0 0 0 0 0 0 0 0 0 0 1390 0 72146 0 0 0 0 0 0 0 0 0 0 0 0 0 0 0 57028 0 0 0 0 26810 0 0 0 0 0 0 0 0 0 0 0 0 0 0 0 0 0 0 0 0 0 0 0 48964 0 0 62111 0 87452 0 0 0 0 0 0 0 0 0 41013 0 0 0 0 0 0 0 0 0 21395 0 0 0 0 0 46453 0 0 0 0 0 0 78442 30704 0 0 0 0 0 0 0 0 0 0 0 0 0 0 0 0 0 0 0 0 28848 0 0 0 0 0 0 0 0 0 0 0 0 0 0 20408 0
0 0 0 0 20018 0 0 0 0 0 0 0 0 0 0 0 0 0 0 0 0 0 0 0 0 0 0 0 18611 0 38756 0 0 0 0 0 0 0 0 0 0 0 0 0 0 0 55351 0 0 0 0 0 0 56484 0 0 0 0 0 0 0 0 37477 0 76626 0 0 0 0 0 0 38567 0 0 0 0 0 0 0 0 0 0 0 0 0 0 0 0 0 0 0 0 0 0 0 0 0 0 0 0 0 0 0 0 0 0 0 0 1926 0 0 0 0 0 0 0 0 0 0 0 0 0 0 0 0 0 0 0 0 0 0 0 0 0 0 0 0 0 0 0 0 0 0 0 36256 0 0 0 0 0 0 0 0 0 0 0 0 0 0 0 0 0 0 0 0 0 0 83746 0 0 42300 0 0 27831 0 0 0 0 17175 0 0 0 0 0 0 0 0 0 0 0 0 0 23148 0 16928 0 0 0 0 0
0 0 0 0 0 45160 0 0 0 0 0 0 0 0 0 22086 0 0 0 0 0 0 0 0 0 0 30713 0 0 0 0 0 0 0 0 0 0 0 0 0 60539 0 0 0 0 0 0 76339 0 0 0 0 0 0 0 0 0 79229 0 0 0 0 0 0 0 0 0 0 0 0 0 0 0 0 0 0 0 0 0 0 0 0 0 0 0 0 0 0 0 0 0 0 49413 0 0 0 0 17310 0 0 51606 0 0 0 0 0 0 0 0 0 0 0 0 0 0 0 0 0 0 0 0 0 78197 82116 0 0 0 0 0 0 0 0 0 0 74774 0 56929 0 0 0 0 65525 0 0 0 0 0 0 0 399 76984 0 0 0 0 40686 0 0 0 0 0 0 0 0 0 0 0 0 0 0 0 76463 0 0 0 0 0 0 0 0 0 0 0 0 0 0 0 0 0 45065 0 78065 0 0 3615 0 75826 0 0 0
0 0 0 0 0 0 74556 0 0 0 0 0 0 0 0 0 57262 0 0 0 0 0 0 0 0 0 0 0 0 0 0 0 0 0 0 0 0 0 29317 0 0 0 35382 0 15247 0 0 0 0 0 0 0 0 0 0 0 0 0 0 0 0 0 0 0 0 0 0 0 0 0 48500 0 0 0 0 0 0 0 0 0 0 0 0 0 0 81175 0 0 0 0 0 0 0 0 42591 0 0 0 77863 0 62511 0 0 0 0 0 0 0 2379 0 0 39789 58657 0 0 0 0 0 0 0 0 0 0 0 0 66442 0 0 0 0 0 0 0 0 0 47179 0 0 0 0 0 0 0 0 0 0 0 0 0 0 0 0 88605 0 0 0 28380 0 0 0 0 0 0 0 0 0 0 0 0 0 0 0 0 0 0 0 0 38645 0 0 32563 0 0 0 0 57958 0 0 0 0 0 0 0 0 0 0 0 0 0 0
0 0 0 0 0 0 0 0 2759 0 0 0 0 0 0 0 0 0 0 0 0 0 0 0 0 0 0 0 0 14294 0 0 0 0 72638 0 0 0 0 0 0 0 0 0 0 0 0 0 7501 0 78606 0 0 0 0 0 0 0 0 0 0 0 0 0 0 0 0 0 0 0 0 0 0 0 0 0 0 0 0 9432 0 0 54545 0 0 0 0 50426 0 0 0 0 0 0 0 0 0 0 0 0 0 0 0 0 0 0 0 0 0 0 69037 0 0 0 0 0 0 0 0 0 0 0 0 0 0 0 0 0 0 56931 0 0 0 0 0 0 0 0 0 0 0 0 0 0 0 0 0 0 0 0 0 0 0 0 0 0 0 0 0 0 0 0 0 0 0 0 0 0 0 0 0 0 0 0 0 0 0 0 0 0 0 0 0 0 0 0 0 0 0 0 0 0 0 0 0 0 0 0 0 0
0 0 0 0 0 0 0 0 0 0 0 0 0 0 0 0 0 0 0 0 0 0 0 0 0 306 0 0 0 0 0 0 0 0 0 0 0 0 0 0 0 0 0 0 0 0 75832 0 0 0 0 0 0 9331 0 58902 0 0 0 0 0 0 0 0 0 0 0 0 0 76937 0 0 81187 21604 0 0 0 0 0 0 53136 0 0 0 0 0 0 0 0 0 0 0 0 0 0 0 77123 0 0 0 0 0 0 0 0 0 0 0 0 0 0 0 0 0 0 0 71249 0 0 0 0 0 0 0 0 0 0 0 38111 0 0 0 0 0 0 0 0 0 0 0 0 0 0 19775 0 0 0 0 0 0 0 0 0 0 0 0 0 0 0 0 1421 0 0 0 0 0 0 0 0 0 0 0 0 0 0 0 0 0 45297 0 0 0 0 0 0 0 0 0 0 0 0 0 0 0 0 0 0 0 0 0
0 0 0 0 0 0 0 75392 0 0 72795 0 0 0 0 0 0 0 0 0 0 0 0 0 0 0 0 0 0 0 0 87972 0 0 53083 0 0 12633 0 0 0 0 0 0 0 0 0 0 0 0 0 0 0 0 0 0 15551 0 0 0 3809 0 0 0 0 0 80844 0 0 0 69293 0 0 0 0 0 0 0 0 0 0 0 0 0 0 0 0 0 84811 49120 0 78238 0 0 0 31612 0 10312 0 0 0 0 0 0 0 63682 0 87912 0 42010 0 0 0 0 0 0 0 0 0 0 0 0 0 0 0 0 0 0 0 0 0 0 0 0 0 0 17369 0 0 40810 0 0 0 0 0 0 0 0 0 0 0 0 0 0 0 0 0 0 0 0 0 0 0 0 0 0 0 0 0 0 0 0 0 0 0 0 0 0 0 0 0 0 0 37090 0 15950 60612 0 0 0 0 0 0 0 0 0 0 0 0 0
0 0 57239 0 0 0 43733 0 0 0 0 0 0 42079 0 0 0 0 0 21998 37457 0 0 0 0 0 0 0 0 0 0 0 0 0 0 0 63571 0 0 0 0 0 0 0 0 0 0 0 0 0 0 0 0 0 0 0 0 0 33714 0 26092 0 0 0 0 0 0 0 0 0 0 0 69360 0 0 78198 0 0 0 0 0 0 52061 0 0 0 0 0 0 0 0 0 0 0 0 46434 0 0 0 0 0 15567 0 0 0 0 0 0 0 0 36350 0 0 0 0 0 0 0 0 0 0 0 0 0 4138 0 0 0 0 0 58258 0 0 78257 0 0 4540 0 0 0 0 0 0 0 0 0 0 0 0 0 0 0 17497 0 0 0 0 0 0 0 0 0 0 0 0 0 0 0 0 0 0 0 0 0 68180 0 0 0 43305 0 0 0 0 0 0 0 21489 0 0 0 0 0 0 0 0 0 0 0 0 0
0 0 0 0 0 0 39265 0 77757 0 0 0 0 0 0 0 0 0 0 0 0 0 0 0 0 0 0 57656 0 0 0 0 0 0 0 0 0 0 0 0 0 0 0 0 0 0 50566 0 0 0 0 0 0 0 57779 24832 58374 0 0 0 0 53646 0 0 0 0 0 0 0 0 0 0 0 0 0 0 0 0 0 0 33563 0 0 0 0 0 0 0 0 0 0 0 0 0 0 0 0 0 0 0 0 0 0 0 0 0 0 0 0 0 0 0 0 0 0 0 0 0 0 0 0 0 0 0 0 0 0 0 0 0 51544 0 0 0 0 0 0 0 0 0 0 0 0 0 75020 0 77830 0 0 0 0 0 0 0 0 0 0 81769 0 0 0 53817 0 0 0 17190 12919 0 0 0 0 0 0 0 0 68994 0 0 0 0 0 0 0 0 0 0 0 0 0 0 0 0 0 0 0 0 0 0 0 0
0 0 0 0 0 0 0 0 0 0 0 0 0 0 69413 0 0 0 0 0 0 0 0 0 0 16395 0 0 0 0 0 0 0 0 0 0 0 0 0 0 0 13754 0 0 0 65645 0 0 0 83228 0 0 63856 0 0 0 0 0 0 0 0 0 69782 83371 0 84685 0 0 0 0 0 0 0 0 0 0 0 0 0 0 0 0 0 0 0 0 0 0 0 29804 0 0 0 0 0 0 0 0 0 0 0 0 0 0 0 0 53705 0 0 0 0 0 0 0 0 0 0 0 0 0 0 3557 0 0 85829 0 49795 0 0 0 77379 0 0 0 0 0 20939 0 0 0 0 0 0 0 0 0 0 0 23255 0 0 0 0 0 0 0 0 0 0 0 0 0 0 0 0 0 0 0 27214 0 0 0 0 0 0 0 0 9084 0 0 0 0 0 0 0 0 0 15507 0 0 0 0 0 0 0 0 0 0 0 41594
0 0 0 0 0 0 0 0 0 0 0 0 0 0 0 0 0 0 0 0 0 0 0 0 0 0 0 0 0 0 0 42294 0 0 28960 0 0 0 0 0 0 0 0 0 43031 8074 0 0 0 0 0 0 0 0 0 0 0 0 0 0 0 0 0 0 0 0 45630 0 0 0 0 0 0 0 85928 0 50702 0 0 60813 0 0 0 0 0 57264 0 0 34540 0 0 0 0 0 0 0 0 0 0 0 0 0 0 0 0 0 0 0 0 0 0 0 0 0 0 0 0 0 0 0 0 0 0 0 0 0 0 0 27236 0 0 0 0 0 0 0 0 0 0 0 0 0 0 0 0 0 0 891 0 0 0 0 0 0 0 0 31839 0 0 0 0 0 0 0 0 0 0 0 0 0 0 0 0 0 0 0 7996 0 0 0 0 0 0 0 0 0 0 0 0 0 0 0 0 0 0 0 0 0 0 76619
0 0 0 0 3679 0 0 0 0 0 0 0 0 0 0 0 0 0 0 0 0 29987 0 0 0 0 0 0 0 0 0 0 41258 0 0 0 0 0 0 0 0 0 0 0 0 0 0 0 0 0 0 0 0 0 0 0 0 0 0 0 0 0 0 0 0 0 0 0 0 0 0 0 0 0 0 0 0 0 0 40560 0 0 0 0 0 0 46764 0 0 68157 0 0 0 0 0 0 0 0 0 0 0 0 0 0 0 0 0 0 0 12692 0 1012 14337 0 0 0 0 0 0 0 304 0 0 0 83869 0 84956 0 0 0 0 0 0 0 0 0 0 0 0 0 0 0 0 9328 0 0 67106 0 0 0 0 0 0 0 0 0 0 0 0 0 0 0 0 0 0 0 0 0 0 13196 0 0 37562 0 0 0 0 0 0 0 0 0 0 0 0 0 0 0 0 0 50872 0 0 0 0 0 0 0 0 0
0 0 0 13765 1730 0 0 0 0 0 0 0 0 0 0 9 0 0 0 0 0 0 0 0 0 0 0 0 83654 0 0 0 0 44927 64594 0 0 0 19510 0 0 0 0 0 0 0 0 0 0 0 0 32484 0 0 0 0 0 0 0 0 28384 0 0 0 0 0 0 0 0 0 0 0 0 0 0 0 0 0 0 0 27160 0 0 0 0 70677 0 0 0 69934 0 0 0 0 0 0 0 0 0 0 0 0 0 0 0 60559 0 0 0 0 0 0 0 0 0 0 0 0 0 0 0 0 0 0 0 0 0 54128 0 0 0 0 0 0 0 0 0 0 0 0 0 0 0 0 0 64638 0 0 0 0 0 25019 0 0 0 0 0 0 83566 0 0 0 0 0 0 0 0 77044 64637 0 0 0 84431 0 38394 45656 0 0 0 0 0 0 0 83163 0 0 0 0 0 0 0 0 0 0 0 0 0 0 0 0
0 0 0 0 0 0 0 0 0 0 0 0 0 0 0 0 0 0 0 0 0 43864 0 0 28506 0 0 0 0 0 15758 23637 0 0 0 0 0 0 0 62571 0 77038 0 0 0 0 0 0 0 6277 0 0 0 0 0 0 0 0 0 0 0 0 0 0 0 0 8012 0 0 0 0 0 0 0 0 0 0 0 0 0 0 52042 25521 0 0 0 0 0 0 0 0 42444 0 0 0 0 0 0 0 0 0 0 0 0 0 0 0 0 0 0 0 78669 0 0 0 0 0 0 78814 0 0 0 0 0 0 0 0 0 0 80291 0 0 0 0 0 0 0 0 0 0 0 0 0 0 0 0 0 0 0 0 0 0 0 0 0 0 0 0 0 22866 0 0 0 0 0 0 0 0 0 0 0 18964 0 0 52355 0 0 0 0 0 0 0 0 0 0 0 0 0 0 0 0 0 20770 0 0 0 0 0 0 0
0 0 0 0 0 0 0 0 0 0 0 0 0 0 0 0 0 22842 0 0 0 0 0 0 0 0 0 0 0 0 0 0 0 86358 0 0 0 0 24555 0 0 0 0 0 0 0 0 0 0 0 13144 0 0 0 0 0 0 0 0 0 0 0 0 0 0 0 0 0 0 0 0 647 0 0 0 0 0 0 0 0 0 61705 0 0 0 0 0 0 0 0 0 0 0 0 0 0 30131 0 0 0 0 69990 0 0 69341 58750 0 0 0 0 0 0 0 0 0 0 0 0 0 0 69982 0 0 0 0 0 0 0 0 0 0 0 0 0 0 0 0 0 0 0 0 0 0 0 0 0 0 0 0 0 5834 0 0 0 77055 0 0 0 0 0 16793 0 37183 0 0 0 0 0 30519 0 0 0 0 0 0 0 75223 0 0 76716 0 0 0 0 0 0 0 0 0 0 0 0 0 0 0 0 0 0 0 58678
0 0 0 0 0 0 0 0 23347 2577 0 0 0 0 0 58859 0 0 0 0 0 0 71860 0 0 0 0 0 0 60631 0 0 0 0 0 0 0 0 0 0 0 0 0 0 0 0 0 82508 0 0 0 0 0 0 0 0 0 35675 0 0 0 0 0 0 0 0 0 0 0 0 0 0 0 0 0 0 0 0 0 0 0 0 0 0 0 0 0 0 0 0 0 0 0 0 0 0 0 0 0 0 0 0 0 0 0 0 0 0 0 0 0 0 0 0 33669 0 0 0 0 0 0 0 0 0 0 0 0 0 0 0 0 53077 0 0 0 0 0 0 0 0 0 0 0 0 0 0 26378 0 0 0 0 0 0 0 0 0 0 0 0 0 0 0 0 0 0 0 46956 25116 0 0 0 0 16549 0 0 0 0 0 0 0 0 0 0 0 0 0 0 0 0 0 0 0 0 0 0 0 0 0 0 0
0 0 83057 0 0 0 0 0 57400 0 0 0 46844 0 0 0 34610 0 0 0 0 0 0 0 0 82517 0 0 0 0 0 0 0 0 0 0 0 0 0 0 0 0 0 0 0 0 0 0 0 0 0 0 0 0 0 0 0 72054 0 0 0 0 0 0 0 0 0 0 0 0 0 0 0 0 0 0 0 0 0 0 0 41173 0 0 0 0 0 0 0 0 67365 0 0 0 0 52279 0 0 0 0 0 0 0 0 0 0 85269 0 0 0 0 0 0 0 0 0 0 0 0 0 0 32154 0 0 0 0 0 0 0 0 14892 0 70174 0 0 0 0 0 0 0 0 0 0 0 0 0 0 0 0 0 36613 0 0 0 0 0 0 0 0 0 0 79806 0 0 0 0 0 0 0 0 0 0 6558 0 79293 0 0 0 0 0 0 0 0 0 0 0 0 0 0 0 0 0 0 0 0 0 0 0 0 0
0 0 0 0 0 0 0 0 0 0 0 0 0 0 27464 0 0 0 0 0 0 33439 0 0 0 0 0 0 0 0 0 0 57171 0 0 0 0 0 0 0 0 0 0 0 0 0 0 0 0 0 0 0 0 63318 0 0 0 0 0 0 0 0 0 0 0 56933 0 0 0 0 0 0 56152 0 0 8200 0 0 0 45674 0 0 0 0 0 0 0 0 0 0 0 0 0 0 0 77008 0 0 0 0 0 0 0 0 0 0 0 0 0 0 0 0 0 0 39735 0 50815 0 0 0 0 58672 0 0 0 0 0 0 0 0 0 33466 0 0 0 0 0 0 0 0 0 0 40142 0 0 0 0 0 0 0 0 0 0 0 0 0 48969 0 0 0 0 44788 0 0 17205 0 0 0 0 0 0 0 0 0 0 0 0 60106 0 0 0 0 0 0 0 0 0 0 0 0 0 21226 0 0 58896 0 0 28110 0 0
0 10125 0 0 0 0 0 0 0 0 0 0 0 41090 0 0 0 0 0 0 0 0 0 0 27022 0 0 84711 0 0 0 0 0 0 0 0 0 0 0 69625 0 0 0 0 41640 0 0 0 0 0 0 0 12258 0 0 0 0 0 0 0 0 0 0 0 0 0 0 68141 0 0 0 0 0 0 0 0 18031 0 0 0 0 0 0 0 0 0 0 0 0 0 0 0 0 0 0 0 0 0 0 0 0 0 0 77171 15588 0 0 0 0 0 0 0 0 0 0 0 0 0 0 0 0 0 0 0 0 0 0 0 63900 0 0 40127 0 0 0 0 0 0 0 0 21689 0 78029 0 0 0 0 86951 0 80687 0 0 0 0 0 65916 0 0 18532 0 0 0 0 0 0 0 0 0 0 0 0 44245 0 0 0 0 0 0 0 0 0 0 0 0 0 0 0 0 0 18486 0 0 0 0 0 0 0 0 0 0
0 0 0 0 0 0 0 0 0 0 0 0 0 0 0 0 0 0 0 0 55775 0 0 0 0 0 0 0 0 0 0 18203 0 0 0 0 0 0 0 0 0 0 0 4088 54418 0 0 0 0 0 0 0 0 0 30688 0 0 0 0 0 0 0 0 0 0 42188 0 0 0 0 74440 0 0 0 0 0 0 0 0 0 0 0 0 0 0 59534 0 0 61642 0 0 0 53515 0 0 0 0 0 0 0 0 0 0 0 0 0 76512 88196 0 0 0 0 0 0 0 0 0 0 0 34649 0 0 0 22327 0 0 0 0 0 0 0 0 0 16498 0 0 0 0 0 0 0 0 0 0 0 0 0 0 0 0 0 0 0 0 0 0 0 0 0 0 0 14555 0 0 0 0 0 0 45566 0 0 0 0 0 0 0 0 0 0 0 0 0 0 47867 31200 0 0 0 0 0 0 0 0 73088 0 0 129 0 0 0
0 0 0 0 0 0 26704 0 0 0 0 0 0 0 0 0 0 0 0 0 0 0 0 0 0 0 0 0 0 0 0 0 0 70071 0 0 0 0 0 0 0 0 0 0 0 0 0 0 0 6593 0 0 0 0 0 0 0 670 0 0 0 0 0 0 0 0 0 0 0 0 0 0 0 0 0 0 0 0 0 0 0 0 0 0 0 0 0 0 0 0 0 0 0 19176 0 16703 0 0 0 0 0 0 18168 0 75339 0 66266 0 0 0 0 0 0 52159 0 0 0 0 0 0 0 0 0 0 0 0 0 0 0 0 22486 0 0 2130 0 0 0 0 0 0 0 23712 0 0 0 0 0 0 0 2196 0 0 0 0 0 0 0 0 0 34337 0 0 0 0 0 0 0 0 88012 0 0 0 0 0 0 0 0 0 0 0 18354 36211 0 0 0 0 0 0 0 0 0 0 0 0 0 0 0 0 0 34737
0 0 0 0 0 53284 0 0 0 0 6440 0 77627 0 0 0 0 0 0 0 0 0 0 0 0 85580 0 0 0 0 0 0 0 0 0 0 0 0 0 73386 0 0 0 0 0 0 0 0 0 0 0 0 0 0 0 0 0 0 0 0 0 0 0 0 0 0 0 0 0 0 0 0 0 0 0 70803 0 0 0 0 0 0 0 0 0 0 0 55449 0 0 0 0 0 0 0 0 0 75826 0 0 0 0 0 0 0 0 0 0 0 0 32244 0 0 0 0 0 0 0 0 0 0 97 0 0 0 0 0 0 0 0 0 0 0 0 0 0 0 0 0 0 0 0 0 0 0 0 0 0 0 0 0 0 0 0 0 0 0 0 0 0 0 0 0 0 0 0 0 0 0 0 0 0 0 0 0 5545 0 49481 0 0 0 0 0 0 0 0 0 0 0 0 0 0 0 0 0 0 0 0 0 0
0 0 0 0 0 0 0 0 0 0 0 0 10269 0 0 0 0 0 0 0 0 0 0 0 76570 0 50519 0 47596 9028 0 0 0 0 0 87183 0 0 0 0 0 0 0 0 0 0 0 0 0 0 0 0 0 0 0 0 0 0 0 0 44803 0 0 0 0 0 0 0 0 27044 0 0 56641 0 0 17227 0 0 0 0 0 0 0 0 0 0 0 0 23091 0 0 0 0 74886 0 0 0 0 0 0 0 0 0 0 0 0 0 0 0 0 0 56979 0 0 0 0 0 0 0 84924 0 0 0 0 0 0 0 0 0 0 0 0 0 0 0 0 60717 0 0 0 0 0 0 34690 30333 74120 0 0 0 0 0 0 0 0 0 0 86762 0 0 0 0 0 0 0 0 0 0 0 0 0 0 0 7509 0 0 79081 0 0 0 0 0 0 0 0 0 0 0 0 69824 0 59568 0 0 0 0 0 0 0 0 0
0 0 0 0 0 33367 0 43582 84853 0 0 0 0 0 0 0 0 0 0 21113 0 0 0 0 0 0 0 61495 0 0 0 0 0 0 0 0 0 0 0 0 0 0 0 75744 0 0 0 0 0 0 0 0 0 0 45168 0 83587 0 0 54463 0 0 0 27005 50822 0 0 0 0 0 0 0 0 0 0 0 0 0 0 0 0 0 0 0 0 9017 0 0 0 0 0 67932 0 0 0 75403 6413 0 0 0 0 0 0 0 0 19688 0 0 0 0 71795 0 0 0 0 0 0 0 0 0 0 0 16584 0 5742 0 0 0 36906 0 3649 0 0 0 0 0 0 0 0 17938 0 0 0 0 0 0 0 0 0 0 0 0 0 0 86015 0 0 0 0 0 0 0 34794 0 0 0 0 0 68107 0 0 0 0 0 0 0 0 0 0 0 0 0 0 65169 0 0 24236 0 0 0 0 56315 0 0 0 0 0 62686 37739 0
0 0 0 0 0 0 33054 0 0 0 1186 0 0 0 0 0 0 0 0 54303 0 0 0 0 6643 0 0 0 0 0 0 0 0 0 0 0 0 0 0 0 0 0 6810 0 0 0 0 0 0 65863 0 0 0 0 0 0 0 33947 0 0 0 0 0 0 0 0 0 0 77030 0 0 0 0 0 63303 0 0 0 0 0 0 0 0 0 66902 0 0 0 0 0 0 0 0 0 0 0 0 0 0 0 0 0 0 0 0 0 0 0 0 0 0 0 0 0 0 0 0 0 0 0 0 0 0 0 0 0 44982 0 0 0 0 0 0 0 0 0 0 0 11963 15476 0 0 0 0 0 8026 0 0 0 0 0 0 0 0 0 0 0 0 0 0 0 0 0 49986 0 74517 0 0 0 0 0 0 0 0 0 0 0 0 0 0 0 0 0 0 0 0 0 0 0 6646 0 0 0 0 0 0 0 0 0 0
0 0 0 0 0 0 0 0 0 18140 0 0 0 0 0 0 0 0 0 0 0 0 0 0 0 0 0 0 0 0 0 0 0 0 0 0 0 0 0 0 0 0 0 0 0 0 0 0 0 62099 0 0 0 0 85468 0 0 0 0 0 0 0 0 0 0 0 0 0 0 0 0 58948 0 0 0 0 0 0 3125 0 0 0 0 0 0 0 0 0 0 0 2289 0 0 0 0 0 0 76607 653 0 0 0 0 0 34478 0 0 0 0 0 0 0 0 0 0 0 0 10838 0 0 0 0 0 0 0 0 0 0 0 0 0 0 0 17559 0 0 0 0 18930 0 0 0 0 0 0 0 42789 0 0 0 0 0 65038 0 0 0 0 0 0 0 0 0 0 12636 0 0 0 0 0 0 0 0 62581 0 53484 0 0 0 0 0 0 0 0 0 0 83772 0 0 0 30085 0 0 0 0 0 0 0 0 0 0
0 0 0 0 0 16153 0 0 0 0 0 0 0 0 0 0 0 0 0 24667 0 0 0 0 0 0 73606 0 0 0 81029 44554 0 0 0 0 0 0 0 0 0 0 0 0 0 0 0 0 0 0 0 0 0 0 0 0 0 0 0 0 0 0 0 0 0 0 0 0 0 0 0 65326 87201 0 0 0 0 0 0 0 0 0 16999 0 0 0 0 0 0 0 17113 0 0 0 0 0 0 0 0 0 0 0 83259 0 0 0 0 0 0 0 0 0 0 0 0 0 0 11580 0 0 0 0 0 0 0 0 27705 72214 26856 0 0 0 60028 81384 0 4298 0 0 0 0 0 12878 0 0 0 0 0 0 0 0 0 0 0 0 0 0 0 0 0 0 46643 0 0 0 0 0 0 0 66455 0 0 21789 0 0 0 0 0 0 0 0 0 0 0 0 0 0 0 0 0 0 0 47557 0 0 32418 0 0 0 0 0
0 0 0 0 0 0 0 0 0 0 0 0 0 0 0 0 0 0 0 0 0 84792 0 0 0 0 0 0 0 0 0 0 0 0 42003 0 0 0 0 0 0 0 0 0 0 0 0 0 0 0 0 0 0 0 17799 0 0 0 47820 0 0 0 0 17908 0 0 35736 0 0 0 0 0 0 0 0 7332 0 0 0 0 0 0 0 0 0 0 0 0 0 0 37165 0 0 0 0 0 0 0 0 0 0 0 0 23693 0 73741 0 0 0 0 0 0 77749 0 0 0 0 0 0 0 0 0 0 0 0 52144 0 0 0 0 0 0 0 0 0 9555 0 0 0 0 0 46572 0 0 0 2522 0 0 0 1360 0 0 11082 0 0 0 0 0 0 0 0 0 0 0 0 57518 0 0 0 0 0 0 0 0 0 0 85884 0 0 0 0 0 0 0 0 0 0 0 0 0 0 0 0 0 0 0 0 0 0 0
0 8888 0 0 0 0 0 0 0 0 0 0 0 0 0 0 0 0 0 0 0 0 74517 0 0 0 0 0 0 0 0 0 0 0 0 0 0 0 0 0 0 0 0 0 27014 0 0 0 0 6200 8720 0 0 0 0 0 76757 0 0 0 0 0 0 0 0 0 0 0 0 0 0 0 15044 0 0 0 0 0 0 0 588 0 0 0 0 0 0 0 0 0 0 0 0 0 0 0 0 0 0 10945 0 0 0 0 0 0 0 0 0 0 0 0 0 0 0 0 0 0 0 0 0 0 0 0 0 63929 0 0 0 0 0 0 0 0 0 0 24854 0 0 0 0 15713 0 0 0 0 0 0 0 0 0 0 0 0 0 0 0 0 0 0 0 0 0 0 0 0 0 0 0 0 0 0 0 0 0 0 0 0 0 0 0 0 0 0 0 0 0 0 0 0 0 0 0 0 0 0 0 0 0 0
0 0 0 0 0 0 0 0 0 0 0 28344 0 37734 0 0 0 0 0 0 0 0 58534 0 0 0 0 0 0 369 0 0 0 19475 0 0 0 0 0 0 0 0 0 0 0 0 0 0 0 0 0 0 0 0 0 0 0 12282 0 0 0 0 0 87333 0 0 0 0 0 0 0 34440 58057 0 0 0 0 0 0 0 0 0 0 0 0 0 0 0 0 18716 0 0 0 35854 0 67026 0 36007 0 0 0 86699 0 29290 0 0 0 0 0 0 0 57395 0 0 0 0 0 0 77774 0 0 0 0 0 0 16979 0 0 0 0 0 0 19477 0 0 0 0 0 0 0 0 0 0 0 0 0 0 0 0 0 0 0 0 0 0 0 0 0 0 0 0 0 0 0 0 26327 60494 0 0 0 0 0 0 0 0 0 0 0 0 0 0 0 0 0 0 0 37927 0 0 0 0 0 0 0 0 0 0 25331 9114 0
0 0 0 0 0 0 0 0 0 0 0 0 0 0 0 0 0 0 0 0 0 0 0 0 0 0 0 0 0 0 0 0 0 0 0 0 0 0 0 0 0 0 0 0 0 0 0 0 0 0 0 0 0 50360 0 0 0 0 0 0 0 0 0 0 0 0 0 0 0 80519 0 84880 0 0 0 0 0 0 0 0 0 0 0 0 0 0 0 0 0 0 0 0 0 0 0 0 0 9527 58128 0 0 0 0 0 0 0 0 0 0 0 0 0 0 0 0 0 0 0 0 0 0 0 0 0 36838 0 0 0 76554 0 0 0 0 0 0 0 0 0 0 0 0 0 0 0 0 0 0 0 0 0 0 0 0 0 0 0 0 0 0 0 0 0 0 0 0 0 5970 0 0 84632 0 0 0 0 0 10004 76362 0 0 0 0 0 0 42778 0 0 0 64901 0 0 0 0 0 0 0 0 0 0 0 0
0 0 0 0 0 81843 0 0 0 0 0 0 0 0 0 0 0 0 0 0 0 0 0 0 0 0 0 0 0 0 0 0 0 40675 0 0 0 0 0 0 0 0 0 0 0 0 0 0 0 0 0 0 0 0 0 0 0 0 0 0 0 0 0 0 0 0 0 80879 0 0 0 0 0 0 0 0 0 0 0 0 0 0 0 0 0 51706 0 0 0 0 0 0 0 0 0 0 0 0 0 0 0 0 0 0 0 0 0 0 0 0 0 0 0 0 0 61684 9710 0 0 0 0 31374 0 0 0 0 0 0 0 0 0 0 0 0 0 0 0 0 0 0 0 11646 0 0 80478 0 0 0 16835 0 0 0 0 0 0 0 0 0 0 0 0 0 0 0 0 0 0 0 0 0 0 0 0 0 0 0 0 0 0 0 0 0 0 0 0 0 59478 0 0 0 0 0 0 0 0 0 0 0 0 0
0 0 0 0 0 0 0 0 40000 0 0 0 0 0 0 0 0 0 0 0 0 0 0 0 0 0 0 0 0 0 0 0 0 0 0 85398 0 0 0 0 0 0 2451 0 0 74270 0 0 0 0 0 0 86874 0 0 0 0 0 0 0 0 0 0 0 0 0 81651 0 0 0 0 47239 0 0 0 0 0 0 0 0 0 0 0 0 0 0 0 73748 22906 0 0 0 0 0 0 84176 19629 0 0 0 0 0 0 54169 0 0 0 0 0 0 0 0 0 0 0 0 0 0 0 0 0 0 0 0 0 0 0 0 63838 0 0 0 0 0 0 0 0 0 0 0 0 0 0 0 0 0 0 87567 0 0 0 0 0 74879 0 0 78343 0 0 0 0 0 0 31056 0 0 0 0 0 15723 40827 0 0 0 0 0 0 0 0 0 0 0 0 0 0 0 0 0 0 0 0 0 0 0 0 0 0 0 0 0
0 0 0 0 0 0 0 0 0 0 0 0 0 0 0 0 0 72168 68887 0 0 0 0 0 0 0 0 0 0 37384 0 0 0 0 0 0 0 42906 0 0 0 0 0 0 0 0 0 0 0 0 0 0 66549 0 0 0 0 0 0 0 0 0 0 0 0 0 0 0 0 0 0 0 0 0 0 0 0 0 0 0 0 0 0 0 0 0 0 0 0 0 0 0 0 0 0 0 0 0 0 0 0 0 0 0 0 0 7720 0 75731 0 0 0 0 0 0 0 0 0 0 0 0 0 0 0 0 0 0 0 0 18887 0 0 0 0 0 0 0 0 0 0 0 0 75178 0 0 0 0 0 0 0 0 0 0 0 0 0 0 0 0 0 0 0 0 0 0 0 0 0 0 0 0 0 0 0 0 34619 0 0 0 0 0 0 0 0 0 0 0 0 0 0 0 0 75839 0 0 45822 0 0 0 0
0 0 0 0 0 0 0 0 0 0 0 0 0 52571 0 0 0 0 0 0 0 0 0 0 64627 0 0 0 0 0 0 0 0 0 0 0 0 0 0 0 57444 0 0 0 0 0 0 38530 0 0 0 0 9028 0 0 0 0 0 0 0 0 0 0 0 0 0 0 0 0 0 0 0 0 0 79079 0 58029 0 0 0 0 0 0 0 0 0 0 0 0 0 0 0 0 0 0 0 52040 0 0 11573 0 0 0 78003 0 68144 0 0 0 0 0 0 55946 61525 0 0 0 0 57102 0 0 0 0 36900 0 0 0 0 0 0 0 0 22202 0 0 0 0 0 0 0 0 6715 0 55284 0 0 0 0 0 0 81569 0 0 0 0 0 38145 0 0 0 62814 0 0 0 0 0 57667 0 0 0 0 0 0 0 0 0 0 0 0 0 0 0 0 0 0 50157 0 0 0 0 0 0 0 0 0 42646 0 0 0 0
0 0 0 0 0 68780 9853 0 0 0 0 0 0 0 0 76130 0 0 0 0 0 0 0 0 0 48365 0 0 0 0 0 0 0 0 0 56199 0 0 0 0 0 0 0 0 0 70496 0 0 0 0 0 0 0 0 0 0 0 0 0 0 16469 0 0 0 0 0 0 0 0 0 0 0 0 0 0 0 0 0 0 0 0 0 0 0 0 0 0 0 0 0 0 0 0 0 14172 0 0 0 0 0 0 0 0 0 10787 0 0 9574 0 0 0 0 0 44093 0 0 0 0 0 0 0 0 0 0 0 0 0 0 0 0 0 0 0 0 0 0 43165 0 0 0 0 0 0 0 0 0 0 0 0 0 0 0 0 0 0 0 0 0 0 0 0 0 0 0 0 0 0 23921 0 0 0 0 0 0 0 0 0 0 0 0 0 0 0 0 0 0 0 0 42158 0 0 0 0 0 0 0 0 0 0 29086
0 0 0 0 0 0 15123 0 0 0 0 0 0 9316 0 0 0 0 0 0 0 0 0 0 0 0 0 0 0 0 0 61610 0 0 0 2946 0 0 0 0 28098 39641 0 0 21440 0 0 0 0 0 0 0 19557 0 0 0 0 0 0 0 0 0 0 0 0 0 0 0 0 0 0 0 0 16898 0 0 0 0 0 0 0 0 0 0 0 0 0 0 34552 0 0 0 0 0 0 0 0 0 0 0 0 0 0 0 0 0 0 0 0 0 0 35768 0 0 43050 0 0 0 0 0 3888 0 0 0 0 0 0 0 0 0 0 0 0 0 0 0 0 0 0 0 0 0 0 0 0 0 0 0 0 0 48997 0 0 0 0 0 0 0 0 0 0 0 0 0 8691 0 0 0 0 0 0 0 0 28585 0 0 30978 0 0 0 0 0 0 0 0 0 0 0 0 0 0 0 0 0 74691 0 0 0 0 0
0 0 0 0 0 0 0 0 0 0 80104 0 0 0 0 0 0 0 0 0 0 0 0 0 0 0 0 0 0 0 0 0 0 0 0 0 0 0 0 0 0 0 0 0 0 0 0 0 55586 0 63629 0 0 0 0 0 0 0 0 0 0 12372 26007 0 0 0 0 0 0 0 0 0 0 0 0 0 2625 0 0 67442 0 0 0 0 0 0 0 0 0 0 0 0 0 0 0 0 0 0 0 0 46441 0 0 0 0 0 0 0 0 0 0 0 0 0 0 0 0 0 0 0 0 0 0 0 75239 10007 0 0 0 0 0 0 65692 0 0 0 0 0 0 0 0 0 0 0 0 0 0 0 0 0 42869 0 0 0 0 0 0 0 0 0 0 0 0 0 0 0 0 0 0 86205 0 41362 0 0 0 0 25171 0 0 0 14925 0 0 0 46418 0 0 0 0 0 29515 0 0 0 0 0 0 0 0 0
0 0 0 0 8847 0 0 0 0 0 0 0 0 0 0 0 41926 0 0 0 14942 1825 0 0 0 0 0 0 0 0 0 0 0 0 0 0 0 0 0 43424 0 0 0 0 0 0 0 0 0 13458 0 0 0 0 0 0 0 0 0 0 0 0 62129 0 0 0 0 0 0 807 0 0 0 0 0 0 0 0 0 0 0 0 0 0 0 0 0 59748 0 0 0 0 7185 0 0 0 11345 0 0 0 0 0 0 0 0 0 0 0 0 0 0 68294 0 0 0 0 0 0 0 0 0 0 0 0 0 0 0 0 0 0 0 0 0 0 0 0 0 0 0 0 0 0 0 0 20440 0 0 0 36204 0 0 0 0 0 0 0 0 0 0 60529 0 0 0 26857 0 76950 0 0 0 0 58732 68874 83759 0 0 4512 0 0 36497 0 6691 0 0 0 0 0 0 0 63586 0 0 0 0 0 0 0 47336 0 0 0
0 9061 0 0 0 30470 0 0 0 0 0 0 0 0 0 0 0 0 0 77548 0 0 0 0 0 0 0 0 0 0 0 0 0 4557 0 0 0 0 0 0 0 0 78156 19120 0 74801 0 0 0 0 0 0 0 0 0 0 10031 0 0 0 60457 0 0 0 0 0 0 0 0 0 0 0 0 0 47532 0 0 0 0 0 0 0 0 0 0 0 0 0 20023 0 0 26280 37809 0 0 0 0 34404 0 0 0 0 0 0 0 0 0 0 60463 0 0 0 0 0 0 0 0 0 0 0 0 0 0 0 0 0 0 0 0 0 0 0 0 0 0 0 0 0 0 0 0 0 52955 0 0 0 0 0 0 0 0 0 0 0 0 0 0 0 0 38752 0 0 0 0 0 0 0 0 0 0 0 0 54776 0 0 0 0 0 0 0 0 0 0 0 0 0 0 0 0 0 0 54855 0 0 0 0 0 0 0 0
85289 4442 62474 0 0 0 30337 0 0 0 0 0 0 0 0 0 0 0 22053 0 0 0 0 0 0 0 0 0 0 0 0 0 0 0 0 0 0 0 0 0 0 0 0 0 0 0 0 0 0 0 75090 0 0 0 0 0 0 0 0 0 0 0 0 0 0 0 59607 0 0 0 0 0 0 0 64322 0 0 0 0 0 0 0 0 0 0 26892 0 0 0 0 0 0 0 0 0 0 0 0 0 0 0 0 0 0 0 0 0 12913 0 0 0 0 0 40118 0 0 0 0 0 0 81011 0 0 0 0 0 0 0 16973 0 0 0 0 19635 0 0 0 0 0 0 0 0 0 0 0 0 0 0 0 0 0 0 0 0 0 0 0 0 0 0 0 0 0 0 0 0 0 0 0 0 0 0 0 0 0 0 0 0 0 0 0 0 0 25668 0 0 0 0 0 0 11933 0 0 0 0 0 0 0 0 0
0 0 0 0 14020 0 0 0 0 0 0 0 0 0 0 0 0 0 0 0 0 0 0 0 0 0 0 0 0 0 0 0 0 0 0 0 0 0 34178 0 0 62632 0 0 21835 0 0 0 0 0 0 0 0 0 0 0 0 0 0 0 0 0 0 0 0 0 0 0 0 0 0 0 0 0 0 0 0 0 0 0 0 0 0 0 0 0 0 0 0 0 0 74097 45912 0 0 0 0 54855 22104 0 9058 0 0 0 0 0 0 0 0 0 51438 0 0 0 0 0 0 0 0 0 0 0 0 0 0 0 0 0 0 0 0 0 0 0 0 0 0 0 0 0 0 83430 0 0 0 0 0 0 0 0 0 0 0 0 0 0 0 0 0 0 0 0 0 0 0 0 11324 0 0 0 0 0 0 0 0 0 0 0 0 0 0 0 0 0 0 44534 0 0 0 0 0 0 0 0 0 0 0 0 0 0
0 0 0 0 0 0 80257 0 0 0 0 0 0 57009 0 0 0 0 0 0 0 0 0 0 0 1468 48952 0 0 81337 0 0 0 0 0 0 0 0 32543 0 0 0 0 0 0 0 0 0 0 38180 7008 0 0 0 0 0 0 0 0 0 0 0 0 0 0 0 0 0 0 48435 0 73039 0 0 0 0 0 0 0 0 0 0 0 0 0 0 0 0 0 0 0 0 0 0 0 0 0 62930 0 0 0 0 14661 0 33311 0 74027 0 0 0 0 0 0 0 0 0 0 0 0 0 0 0 0 0 0 0 0 0 0 0 0 39053 0 0 0 0 0 0 0 0 0 0 0 0 0 0 0 0 15039 0 22958 0 0 0 0 0 0 0 0 0 0 0 0 0 0 0 0 0 0 0 0 40149 0 0 0 0 0 0 0 65627 7316 0 0 0 0 0 0 0 0 0 0 0 0 0 0 0 0 0 0 0
0 0 22438 0 0 40594 0 0 0 0 0 0 11794 0 0 0 2017 0 0 0 0 0 0 0 0 0 0 0 0 0 0 0 0 0 0 0 0 0 0 0 4132 0 64368 0 0 0 0 0 0 0 0 0 0 20695 0 0 82193 0 0 0 0 0 0 0 0 0 0 0 0 0 0 23047 33322 0 0 0 0 0 0 0 0 0 0 0 0 0 0 0 0 0 0 0 0 0 0 0 0 0 78853 0 0 0 0 0 0 63675 79957 0 0 0 0 0 0 0 0 39096 0 0 20246 0 0 0 0 0 0 0 0 0 0 0 0 0 0 0 0 0 0 53720 0 0 0 0 0 0 0 0 0 0 0 0 0 0 0 0 0 67892 0 80437 0 0 0 0 85677 0 0 0 0 0 0 0 0 0 0 0 0 31584 0 0 0 0 13598 0 0 0 0 0 0 0 0 0 0 0 0 0 0 11186 0 0 0 0
0 37147 60246 0 0 0 0 0 0 0 0 0 0 0 0 0 0 0 0 0 0 0 0 0 0 0 0 0 0 0 0 0 0 0 35128 0 0 0 0 0 0 0 0 0 0 0 0 0 0 0 0 0 0 0 0 0 0 0 0 0 0 0 0 0 0 0 40946 0 0 51253 0 0 0 0 0 0 0 0 0 0 28513 0 0 0 0 0 0 0 0 0 76530 0 0 0 0 0 0 0 0 0 0 0 0 0 0 0 0 0 0 0 44380 0 0 0 0 0 0 0 0 0 55185 0 0 0 0 0 0 38254 0 0 0 0 27448 0 0 0 0 0 0 0 0 0 0 0 0 0 0 0 48067 0 0 0 0 0 0 0 26338 0 76503 0 0 0 0 0 0 0 0 0 0 0 0 0 0 0 0 0 0 0 0 0 0 0 0 0 0 0 0 0 0 0 0 27179 0 0 0 0 0 0 0 0
0 18912 0 0 0 0 0 0 0 0 0 0 65583 0 0 0 78909 0 0 0 0 0 0 0 8064 0 0 0 74036 0 0 0 0 0 0 0 0 0 0 0 0 0 0 0 0 0 0 0 0 0 0 0 0 0 0 0 0 0 0 0 0 0 0 0 0 0 0 3659 0 0 0 0 65105 0 0 0 0 0 0 0 0 0 0 0 0 0 0 0 0 0 0 0 0 0 0 0 0 0 0 30433 0 0 0 0 0 50194 0 0 0 0 0 0 0 0 0 0 0 52162 4113 0 0 0 0 0 0 0 0 0 0 0 0 0 0 0 66336 0 0 0 0 0 0 0 0 0 0 0 0 0 0 0 0 0 0 0 0 0 0 0 0 0 0 0 14961 0 0 0 0 0 78997 0 0 0 0 0 0 14190 0 0 0 26714 0 0 0 0 0 0 0 0 0 0 0 0 41639 0 0 0 0 0 0 0
0 0 29080 0 0 0 0 0 0 0 0 0 3792 0 0 83106 16220 0 0 0 0 0 0 4290 0 0 0 0 0 0 15394 0 0 0 0 0 0 0 0 0 0 80560 0 0 0 0 0 0 0 0 0 0 0 0 0 0 0 0 0 0 0 0 44229 0 0 0 0 0 0 0 0 0 0 0 0 0 0 0 0 0 0 0 0 0 0 0 0 47209 0 0 27230 0 0 80937 0 0 0 0 0 0 0 0 0 0 0 0 0 0 0 0 65538 0 0 0 0 0 17834 0 0 0 0 0 0 0 0 0 0 0 0 0 0 0 0 0 58081 0 0 0 0 0 0 0 0 0 0 0 0 0 0 0 0 59945 0 0 0 0 0 0 0 0 0 0 0 0 0 0 0 0 59100 0 43041 0 0 0 0 0 0 0 0 0 0 69444 0 0 22124 0 0 0 5610 0 0 0 7527 0 0 0 0 0 0 0
0 0 0 0 0 0 0 0 0 0 0 0 0 0 0 0 0 0 0 0 0 0 0 0 0 0 0 0 0 0 0 0 0 0 0 0 0 66168 0 300 0 0 22036 0 0 0 0 0 0 6542 0 0 0 0 0 0 0 0 76410 0 0 23663 41158 0 0 0 0 0 0 0 0 0 0 0 0 0 0 0 0 0 0 0 0 0 0 0 0 33520 0 0 0 0 0 0 19182 0 0 0 0 0 0 0 74602 66583 0 0 0 0 0 0 0 59495 0 0 0 0 0 0 0 0 0 0 0 0 0 0 0 0 0 0 0 0 0 0 0 0 0 0 0 0 0 0 0 0 0 0 0 0 0 0 0 0 0 0 0 0 17477 0 0 0 0 0 0 0 0 0 0 0 0 38893 0 0 0 0 0 0 0 0 0 0 0 0 0 0 0 0 0 0 0 69340 0 0 0 0 0 0 0 0 0 0
0 0 0 0 0 0 0 0 0 0 0 0 0 0 0 0 0 0 0 0 0 79640 0 0 0 0 0 0 0 0 0 0 55602 0 0 0 0 0 0 84363 0 0 0 0 0 0 0 0 0 0 0 34221 0 0 0 0 34301 0 0 13633 0 0 0 9011 0 0 0 0 0 0 0 0 0 0 0 0 0 0 0 0 55987 0 0 0 0 0 15035 0 0 0 0 0 0 41897 0 58013 0 14772 0 0 0 0 0 0 0 0 0 71680 0 0 0 0 0 0 0 0 0 0 0 0 0 75856 0 0 0 59976 0 33878 16404 0 0 0 0 0 78040 0 0 0 0 0 0 0 0 22199 0 0 0 0 0 0 0 0 0 69991 0 0 0 0 0 0 0 0 0 0 0 0 0 0 0 0 0 0 0 0 0 0 0 0 0 0 0 72423 0 0 0 0 0 0 27003 0 0 45813 0 84867 0 0 0 0 0 0
0 0 0 0 0 0 0 0 0 0 0 0 0 0 0 88687 0 0 0 0 0 0 0 62196 0 78889 0 0 0 0 0 0 0 0 0 0 0 0 0 0 0 0 0 0 0 0 0 0 0 0 0 0 0 0 0 0 0 0 0 0 0 0 0 0 0 0 0 0 0 0 0 0 0 0 0 0 0 0 0 0 0 0 0 0 0 0 0 0 0 0 22106 0 0 0 0 61580 0 0 0 0 63393 0 0 0 0 0 0 0 0 0 0 0 0 0 0 0 0 88476 0 0 0 0 0 0 0 0 0 0 0 0 0 0 40984 0 62167 0 30331 0 0 0 0 0 0 0 0 0 0 0 0 0 0 0 0 0 0 0 0 71327 0 0 0 0 0 0 86031 0 0 0 0 0 0 0 0 0 0 0 0 0 0 0 0 0 0 0 0 0 0 0 0 0 0 0 0 0 66922 0 22701 0 0 0
0 0 0 0 0 0 0 0 0 0 0 0 0 0 74063 0 0 0 0 0 0 0 0 0 0 0 0 0 0 0 0 0 0 0 0 0 0 0 0 0 60321 0 0 0 0 0 0 0 0 0 0 0 84127 0 86077 0 24825 0 0 0 0 0 0 0 0 0 0 0 0 0 0 0 0 0 0 0 0 0 0 0 0 0 0 0 0 0 0 0 2700 0 0 0 0 0 0 0 0 0 0 0 0 0 0 0 57141 0 0 0 0 0 0 0 0 0 0 0 0 0 0 0 0 0 0 0 0 0 84150 0 0 0 0 43296 0 0 0 0 0 0 0 54536 0 0 0 0 0 0 0 0 0 0 0 0 0 0 0 0 0 0 0 0 0 0 0 0 0 0 0 0 0 0 0 0 0 0 0 0 0 0 0 0 0 0 0 0 0 0 0 0 0 0 21977 0 0 0 0 0 0 0 0 0
56732 0 0 0 0 0 0 0 0 0 0 84190 16282 0 0 0 0 0 0 0 0 55231 0 0 0 0 0 0 0 0 0 28422 0 0 0 0 0 0 0 0 0 0 0 0 0 0 0 0 54522 22979 0 0 0 0 0 0 0 0 0 0 0 0 0 0 0 26075 0 0 0 0 0 0 0 0 0 68584 0 0 0 0 0 0 0 0 0 0 0 0 0 54178 0 0 0 72292 0 0 0 0 0 0 0 0 0 0 0 0 28751 0 46416 0 0 50801 0 0 0 0 0 0 0 0 0 0 0 0 0 0 0 0 0 0 0 0 0 70323 0 0 0 0 0 55475 0 68247 40085 0 0 0 0 0 0 0 0 0 0 0 0 0 0 0 0 0 0 0 79945 0 0 0 77190 0 0 0 0 0 0 0 0 0 0 0 0 0 0 0 0 0 0 0 0 56795 0 0 0 0 0 0 0 0 0 0 0 0
0 0 0 64336 0 0 0 0 0 0 0 0 0 0 0 0 0 0 0 0 0 0 0 0 0 0 0 0 0 0 0 17198 0 25401 0 0 34656 0 0 0 0 0 0 0 0 0 0 0 0 0 0 0 0 0 0 0 0 0 0 0 0 0 0 0 0 0 0 0 0 0 0 0 51321 0 0 0 0 25598 0 0 0 0 0 0 0 53034 0 0 0 0 0 0 0 0 0 0 18323 0 0 0 0 0 0 0 0 0 0 0 0 0 21091 0 39817 0 0 0 0 0 0 0 0 0 0 0 0 0 0 0 0 0 0 0 0 0 0 0 0 0 73325 0 0 0 0 0 0 0 0 0 0 0 0 0 11898 0 0 0 0 0 0 0 0 0 33522 0 0 0 0 0 0 0 0 0 0 0 74430 0 0 0 0 0 0 0 0 44570 0 0 0 0 6120 13853 0 0 0 0 0 0 0 0 0 0
0 0 0 0 0 36317 0 0 0 0 0 0 0 0 0 0 0 2553 0 0 0 0 0 0 0 0 0 0 0 0 0 0 54008 0 0 0 0 0 0 0 0 0 0 0 0 0 0 32692 0 0 0 0 0 6955 0 0 0 0 0 20968 35484 0 42469 0 84426 0 0 0 0 0 0 0 0 31618 0 0 0 0 0 0 85223 0 0 0 0 0 0 0 0 0 0 0 0 0 0 0 0 0 0 0 0 0 0 0 0 12779 0 0 0 0 0 84446 0 0 0 24588 0 83329 0 0 0 0 0 0 0 0 0 0 0 0 0 0 0 0 0 0 51559 0 46770 0 0 0 0 0 0 0 0 0 0 44025 0 0 0 0 0 0 0 0 0 0 0 0 0 0 0 0 0 0 0 0 0 0 0 0 0 0 0 61471 0 0 0 75374 0 0 0 0 0 0 0 0 0 0 0 0 5202 0 0 0 0 46151
0 0 0 0 0 0 0 0 0 0 0 0 0 0 0 0 0 0 0 0 0 0 88388 0 0 0 0 0 0 0 0 0 0 0 0 0 0 0 0 0 0 0 0 27642 19735 0 0 0 0 0 0 0 0 0 0 0 0 0 0 0 0 0 0 0 0 0 0 0 0 0 0 0 0 19132 0 0 0 0 0 0 0 0 0 0 0 0 0 0 0 0 0 0 0 0 0 0 66646 0 0 0 0 0 0 0 12339 0 0 0 51249 0 0 0 0 0 0 0 0 0 0 0 0 69930 0 0 0 0 0 0 0 0 0 17697 0 0 0 0 0 0 0 0 0 0 0 53090 0 0 0 0 0 0 0 0 37724 0 0 0 0 49790 0 0 0 57870 0 0 0 0 0 0 29708 0 0 0 0 0 0 0 0 0 0 0 0 0 0 0 0 0 0 0 0 0 0 0 0 0 0 0 0 0 0 0
0 0 83255 0 0 0 0 0 0 0 0 78536 0 24296 0 0 0 0 0 0 1244 0 0 0 0 0 68102 0 0 0 0 0 0 0 0 0 0 0 0 58635 0 0 0 0 0 0 29643 0 0 0 0 0 0 0 0 11431 0 60137 0 0 0 0 31135 0 0 59062 0 0 0 0 0 0 76010 0 0 0 0 0 0 0 0 0 0 0 0 0 0 0 0 0 0 0 0 0 0 0 0 0 0 0 0 0 0 0 0 0 0 27944 0 0 0 0 0 11894 0 0 0 0 0 0 0 0 0 0 0 33865 0 0 0 0 0 0 0 0 0 0 0 0 0 0 0 0 0 0 0 0 38914 31845 0 0 0 0 0 0 0 0 0 57448 0 0 56718 0 0 0 0 0 0 0 0 0 0 0 0 0 0 0 0 32820 0 0 0 0 0 0 0 0 0 0 0 0 0 0 0 0 0 62183 0 0 0 0
0 0 0 0 0 65835 0 0 0 41675 0 0 0 0 0 0 0 0 0 0 64532 0 0 0 0 0 0 0 0 0 0 0 28064 0 0 0 0 0 34401 0 0 0 0 0 0 0 0 0 67816 0 0 0 0 0 0 0 37424 0 0 0 0 0 0 0 0 0 0 0 0 0 0 0 0 0 0 0 31863 0 0 0 0 0 0 0 0 0 0 0 0 0 0 0 0 0 0 0 0 0 0 34587 0 0 0 0 0 0 0 0 0 0 0 0 0 0 0 0 0 0 0 0 76872 45236 0 0 0 0 0 0 0 0 0 0 0 0 0 69379 0 0 0 0 0 0 69434 0 0 0 0 0 0 0 0 0 0 0 0 0 0 0 21988 0 0 0 0 0 0 0 83374 0 0 0 0 0 32197 0 0 0 0 29263 0 26086 0 0 0 0 0 0 0 32885 0 0 0 0 10384 0 0 0 0 0 0 0
82473 0 0 0 0 0 0 0 0 0 0 846 0 0 0 0 0 0 81702 0 0 0 0 0 0 0 0 0 0 0 0 0 0 0 37817 0 0 0 24388 0 0 0 0 0 62827 0 0 0 0 0 0 0 0 0 54943 0 0 0 0 0 0 0 0 0 0 0 0 44877 0 0 0 0 0 63912 0 0 0 0 0 0 0 0 0 0 0 0 0 0 0 0 0 0 0 0 0 0 0 0 0 0 0 0 0 0 0 0 0 0 0 0 62419 0 48059 0 0 0 0 0 0 0 0 18967 0 0 0 0 0 0 0 0 0 0 0 0 0 0 0 0 60604 19783 38490 0 0 0 67284 0 0 0 0 0 0 0 0 17041 0 0 0 0 0 0 0 0 0 0 0 0 0 0 0 0 0 0 0 0 0 0 0 0 0 0 84174 0 0 69196 0 0 0 0 0 0 0 0 0 0 0 0 0 0 78560 0
0 0 0 0 0 0 0 0 0 0 0 0 0 0 82020 0 0 0 0 0 0 0 0 0 0 0 0 70376 0 0 0 0 0 0 0 0 0 0 0 0 0 0 0 0 0 0 0 0 0 26121 0 0 0 0 0 0 0 0 0 6558 0 0 0 0 0 0 0 0 0 0 0 0 0 9353 0 0 0 58701 0 0 0 84273 0 0 0 0 61768 0 0 0 0 12777 0 0 0 0 0 0 0 59858 0 0 0 0 21937 0 0 0 0 0 0 12251 51969 0 0 0 0 17972 0 10726 0 0 0 0 0 0 0 0 10234 0 70507 0 77131 0 0 0 0 0 0 0 0 0 24177 0 66574 0 0 0 0 0 0 0 0 70654 0 18286 0 0 0 21494 0 15936 0 0 0 0 0 46112 0 0 0 35907 0 0 11072 0 0 11655 0 75729 4246 0 0 0 0 0 49183 0 0 0 0 56041 0 0 0 0 0 0 0 0
0 0 0 2383 75131 0 0 0 0 0 0 0 0 0 0 0 0 0 0 0 0 0 0 19804 0 0 0 0 0 0 0 0 0 0 0 0 0 0 0 0 0 0 0 0 0 10183 0 0 0 0 0 0 0 0 0 46146 0 0 0 0 0 0 0 0 0 0 22179 0 0 0 0 0 0 0 0 67523 0 0 72306 0 0 0 0 0 0 0 0 0 0 28607 0 0 0 0 0 0 0 0 25779 56164 0 0 0 0 0 0 0 0 0 0 0 0 0 0 0 0 0 0 0 0 0 0 0 9285 0 0 0 0 0 0 0 0 0 0 0 0 0 0 0 0 1297 0 0 0 0 0 0 0 0 0 0 0 0 0 0 0 0 0 0 0 0 0 0 0 0 0 0 0 0 0 0 0 0 0 0 0 0 0 0 0 0 0 0 79533 0 0 0 0 0 0 0 0 0 0 0 0 0 0 0 0
0 0 0 0 0 0 0 0 0 0 0 0 0 0 0 0 0 0 0 0 0 0 0 0 0 0 0 0 57933 0 0 0 0 0 0 0 0 0 0 0 0 43544 0 0 0 0 1008 0 0 0 0 16426 0 0 0 85035 0 0 0 0 0 0 0 0 12745 0 86997 0 0 0 0 0 0 0 39904 0 0 0 28177 0 0 0 0 0 0 0 0 0 26817 0 0 0 0 0 0 0 0 0 0 0 0 0 7534 0 46314 0 0 0 0 0 25629 12416 0 0 0 0 0 0 0 0 0 0 0 0 0 0 0 0 0 16317 0 0 0 0 0 0 0 0 0 0 74131 0 0 0 0 0 0 0 0 0 0 0 0 0 0 0 0 0 15076 0 0 0 0 0 0 0 0 0 0 0 0 0 0 0 26566 0 0 0 0 0 0 0 0 0 0 0 0 0 0 0 0 0 0 0 0 0 0 0 0 0
0 0 0 0 0 0 0 0 0 0 69244 0 0 0 0 0 0 19062 0 0 0 0 0 0 0 0 0 0 0 0 0 0 0 0 0 0 0 0 0 0 0 0 0 0 0 0 0 0 0 0 0 0 0 0 0 0 0 39489 0 0 0 0 33581 0 0 0 0 3963 0 0 0 0 0 0 0 0 0 0 0 0 0 0 0 0 0 0 0 0 0 0 0 0 81300 0 0 0 0 0 0 0 42276 0 0 0 0 5999 63760 38898 0 0 0 0 0 0 0 0 0 0 0 0 0 0 0 0 0 0 0 0 0 0 0 0 0 0 0 68357 0 0 0 0 0 0 0 0 0 0 0 0 0 0 0 0 0 0 0 0 0 0 0 0 0 0 40105 0 0 0 0 0 0 0 0 0 0 0 0 0 9993 0 0 0 0 0 60709 0 0 3060 0 0 0 0 0 0 0 0 0 0 0 0 0 0
0 0 0 0 16960 16985 0 0 0 0 0 0 0 0 0 0 0 0 0 0 0 0 0 40005 0 0 0 0 1455 0 0 0 0 0 0 0 0 0 0 0 0 0 0 0 84525 0 0 0 17838 0 0 0 0 0 0 0 0 0 0 0 0 0 0 0 0 0 0 0 0 0 0 0 0 0 0 0 0 0 0 0 0 0 0 0 0 0 0 0 0 0 0 0 0 0 0 0 0 35219 0 0 0 1764 0 0 0 47366 25868 0 0 0 0 0 0 0 0 0 0 0 0 0 0 0 0 0 0 53640 0 0 0 0 0 0 0 0 28730 0 0 69149 0 0 0 0 0 0 0 0 0 0 0 0 62241 0 0 0 0 0 0 0 0 0 0 0 0 0 0 0 0 0 0 0 0 0 0 0 0 0 0 0 75090 0 0 0 29806 28461 0 0 85680 1183 0 0 0 0 0 0 0 0 0 0 79130 0
0 0 0 0 56284 87886 0 0 0 0 0 0 0 0 0 0 0 11627 0 0 0 0 0 0 0 22120 0 0 0 0 0 0 0 0 0 0 0 0 53687 0 0 52700 0 0 0 0 0 0 50691 42801 0 0 0 0 0 0 0 0 0 0 43897 0 0 0 0 0 0 0 0 0 0 0 0 0 0 0 0 0 0 0 0 0 0 0 0 55203 0 0 0 0 0 0 0 0 0 0 0 0 0 0 0 0 0 0 0 0 0 0 0 0 0 0 0 57029 0 0 0 88610 0 0 0 0 0 0 0 0 0 44973 0 0 41418 41589 0 0 66137 0 0 63065 0 0 81422 0 0 0 0 0 0 0 0 0 0 0 0 0 0 0 0 0 0 0 0 0 0 0 0 2530 0 0 0 0 55871 0 0 0 0 0 0 79656 0 0 0 0 0 0 0 0 0 0 0 0 0 0 0 0 0 0 0 0 0 66075
82629 0 0 0 0 0 0 0 4338 0 0 0 0 0 0 0 0 0 0 0 0 0 88220 0 0 0 0 0 0 0 0 0 0 0 0 0 0 0 0 0 0 0 0 0 0 0 0 0 0 0 0 0 0 0 58265 19629 0 0 0 0 0 0 0 0 0 0 0 0 0 0 0 0 0 0 0 0 0 0 0 0 0 0 0 0 0 0 0 0 0 0 0 0 0 32887 0 0 0 0 0 0 0 0 0 0 0 0 6033 0 0 0 0 0 0 0 0 0 0 0 0 0 0 0 0 0 0 0 0 0 0 0 0 36619 0 0 0 0 0 0 0 0 0 0 0 0 0 0 0 0 21180 0 0 0 24312 0 12345 6447 0 2470 0 0 0 0 0 0 8414 0 0 0 0 0 0 0 0 0 0 0 0 0 0 0 47167 0 0 0 0 0 0 0 0 0 35192 4345 0 0 0 0 0 0 73585 3626
0 0 0 0 0 0 0 0 4609 0 0 0 0 0 0 0 0 0 0 0 0 0 0 0 0 0 0 0 0 0 0 0 0 0 0 0 0 0 0 0 0 0 0 0 0 0 0 0 0 0 0 0 0 0 0 0 0 37893 0 0 0 0 0 0 0 0 0 0 0 0 0 0 0 0 0 0 0 0 0 0 27924 0 0 0 0 0 10055 0 0 0 0 0 0 0 8261 0 0 0 0 0 0 73871 0 40057 0 0 0 0 17041 0 0 0 0 0 0 0 0 0 0 0 19504 5722 0 0 0 52864 0 0 0 0 0 0 0 0 0 0 0 0 0 86405 0 0 0 0 0 0 0 0 0 0 0 0 57151 0 0 0 0 0 0 0 0 0 0 0 0 0 0 0 51604 0 0 0 0 0 0 0 0 0 0 0 0 0 0 0 0 0 0 0 0 0 0 0 0 0 29781 0 0 0 0 0
0 0 0 0 0 0 0 0 0 0 0 64955 0 0 0 0 0 0 0 0 0 0 0 0 0 0 28891 0 0 0 0 0 0 0 58936 0 0 0 0 0 0 0 0 0 0 0 0 0 0 0 0 0 0 0 0 0 0 0 0 0 0 0 0 0 0 0 0 0 0 0 0 0 0 0 0 0 0 0 0 0 0 0 0 0 0 0 0 0 0 0 0 37853 0 0 0 0 0 0 0 0 0 0 74939 0 0 0 0 0 0 0 0 0 0 0 8115 0 0 0 0 0 0 0 0 0 0 0 0 0 0 0 0 0 0 0 0 0 0 0 0 0 9999 0 0 0 0 0 0 0 0 0 77952 0 0 0 0 0 0 0 0 0 0 16407 0 0 0 0 0 0 0 0 0 0 0 0 0 0 0 0 0 0 0 0 0 0 0 0 59628 0 0 0 0 0 0 0 0 0 0 0 0 0
0 0 0 0 0 7885 0 0 0 0 0 0 0 0 55520 0 0 0 0 47713 0 0 0 0 0 0 0 0 0 24754 0 0 31546 0 0 0 0 0 0 72110 0 0 0 0 0 0 0 0 0 0 0 0 0 0 0 0 0 0 0 0 0 0 0 0 0 0 0 0 0 2575 0 0 0 0 0 0 0 0 0 0 0 0 0 0 0 0 0 0 0 0 0 0 0 0 0 0 0 0 0 0 0 0 0 0 0 0 0 71977 0 0 0 0 0 0 0 0 0 0 0 0 0 0 0 0 0 0 0 0 0 54607 0 0 0 0 0 30057 0 0 0 0 0 0 0 0 0 0 0 0 0 0 0 0 0 0 0 0 0 0 0 0 0 0 62016 0 0 0 0 0 0 0 0 0 0 0 0 7383 0 0 0 0 0 0 0 0 0 0 0 0 0 0 0 38764 0 77239 0 0 63614 0 0 0
0 0 0 17930 0 0 0 0 0 0 0 0 0 0 0 0 0 0 0 0 0 0 0 0 0 0 0 0 0 0 0 0 0 0 0 0 0 0 0 0 0 0 0 0 0 0 0 0 0 10933 0 0 0 0 0 0 0 0 0 0 0 0 0 0 0 0 0 0 0 57195 0 0 34013 0 0 0 0 0 0 0 0 0 0 0 0 0 0 0 62731 0 0 0 0 34957 0 0 0 0 0 0 37180 0 63806 0 0 0 0 0 0 0 0 0 0 0 0 0 2507 0 0 0 0 0 0 22031 67514 0 0 0 0 0 0 0 0 0 0 0 0 0 0 0 0 0 0 0 0 0 0 0 0 0 0 0 0 0 0 0 0 0 0 0 0 0 0 0 0 0 39207 0 0 0 0 0 0 0 0 0 0 0 0 0 0 0 0 0 80032 0 0 0 0 0 0 15678 0 0 0 0 0 54342 0 0
0 0 0 0 0 0 0 0 0 49128 0 0 0 0 0 0 0 0 0 0 0 0 0 0 31503 0 0 0 0 0 81559 50203 0 0 22656 60851 0 0 0 0 0 0 0 0 0 0 0 0 0 0 0 0 0 0 7042 0 24652 0 0 0 0 0 0 0 0 0 0 63020 0 0 0 0 0 0 0 0 0 0 0 0 0 0 21574 0 0 38103 0 48230 0 0 0 0 0 0 0 0 0 0 40016 0 0 58270 0 0 0 0 0 0 0 0 0 0 0 0 0 0 65541 0 0 0 0 0 0 0 0 0 0 0 81920 0 0 0 0 0 0 0 0 0 0 0 0 75989 0 0 0 0 0 0 0 0 0 0 0 0 0 0 0 0 0 0 0 0 0 19422 0 0 0 0 0 0 0 0 0 0 0 0 0 0 0 0 0 0 0 0 0 0 0 0 0 0 0 0 0 0 0 0 0 0 0 0
0 0 0 0 0 0 0 0 0 0 0 0 0 0 0 0 0 0 0 0 0 0 0 0 0 0 0 0 0 0 0 0 0 0 0 0 0 55081 0 0 0 0 0 0 0 0 0 0 0 0 0 0 0 0 0 0 0 0 0 0 85303 0 0 0 0 0 0 0 0 0 0 0 0 0 88401 0 0 0 0 0 0 0 0 25273 0 0 0 0 0 0 26868 0 0 0 0 0 0 0 0 73976 18961 0 0 0 0 0 0 0 51120 0 0 0 0 0 0 0 0 0 0 0 0 0 0 0 0 0 0 0 0 0 0 0 0 5535 0 0 0 0 0 0 1277 0 0 0 0 0 0 0 0 0 0 0 0 40011 0 0 0 0 36428 0 0 0 0 0 0 0 0 0 0 0 0 0 0 0 0 0 0 0 0 0 0 0 0 0 0 25103 0 15139 0 0 0 0 0 0 0 0 0 0 0 0
10140 0 0 0 0 0 0 0 0 0 0 0 0 0 0 0 0 0 0 0 0 0 0 0 0 0 0 0 0 46990 0 0 0 73740 0 0 0 0 0 0 0 0 0 0 0 0 0 0 0 0 0 0 0 0 0 61149 0 24482 0 0 0 0 0 0 0 0 0 0 0 0 0 0 0 0 0 0 0 0 0 0 0 0 0 0 0 46761 0 0 0 0 0 0 0 0 17919 0 0 85881 0 0 0 0 0 0 0 0 0 0 0 0 0 0 0 0 0 0 0 0 0 5821 0 0 0 0 22409 7166 0 0 11209 0 0 0 0 0 0 0 7329 0 0 0 0 0 0 0 0 0 0 0 0 0 0 0 44375 0 0 63540 0 64352 0 0 43939 0 0 0 0 0 0 0 0 0 0 0 0 0 0 0 0 0 0 0 0 0 0 0 0 0 0 0 0 0 0 0 0 0 0 0 0 0 0 0
0 0 0 0 0 0 0 0 0 0 0 0 0 0 0 0 54999 0 0 0 0 0 0 0 0 0 0 0 0 0 0 0 28417 0 0 0 0 0 0 0 0 0 0 0 0 0 0 0 0 0 0 0 0 0 0 0 0 0 0 0 12074 0 0 0 0 0 0 0 0 0 0 0 0 0 0 0 0 0 0 0 0 0 0 60259 0 0 0 0 0 0 0 0 0 1540 0 0 0 0 0 0 0 0 0 0 0 0 0 0 0 0 0 0 0 0 0 0 0 0 0 0 0 0 0 0 0 0 0 4984 0 0 0 0 0 76193 0 0 0 0 0 0 0 0 0 0 0 0 0 0 18372 0 0 0 0 0 0 0 36509 0 0 48138 0 0 0 0 0 0 50305 0 0 0 0 0 0 0 0 0 0 0 0 0 0 0 0 0 0 0 0 0 0 0 0 0 0 0 0 0 0 0 0 0
0 0 0 0 0 0 0 0 0 0 0 0 0 0 0 0 0 0 0 0 0 0 0 72318 10250 0 0 0 0 0 0 0 0 44768 45628 0 0 0 0 0 0 0 0 0 0 0 0 0 0 0 0 0 0 0 72862 0 0 0 0 81442 0 0 0 0 0 0 0 42565 0 0 0 0 0 0 0 0 0 0 0 0 0 0 0 0 0 0 0 0 0 0 0 0 0 0 0 0 0 0 0 0 0 0 0 0 2253 0 0 0 0 0 0 0 0 0 0 38212 0 0 0 0 0 0 0 0 0 0 0 0 0 0 0 0 0 0 0 13795 0 0 0 0 258 0 0 0 0 0 0 77936 0 0 0 0 0 86659 0 23979 0 0 0 0 0 0 0 0 0 0 0 0 0 0 33834 0 0 0 0 0 0 0 0 0 0 0 0 0 0 0 0 0 0 0 0 30232 0 0 0 0 77710 0 68618 0
0 0 34996 0 0 0 0 0 0 0 0 0 0 0 0 0 0 0 0 0 21051 0 58463 0 0 0 0 0 0 0 0 0 63566 0 0 0 0 0 0 0 0 0 29629 82174 0 0 0 0 0 0 0 0 0 0 0 0 0 0 0 0 0 0 0 0 0 0 0 0 0 0 0 0 0 0 0 0 0 0 0 0 0 86238 0 0 0 0 0 0 0 12480 0 0 0 0 0 0 0 0 0 0 47761 0 0 0 0 0 0 76474 0 0 0 0 0 0 0 0 0 0 0 0 0 0 0 0 0 0 0 0 0 18283 0 0 0 0 0 0 17136 0 0 0 0 0 0 0 0 0 0 0 0 0 0 0 0 0 0 0 0 0 0 0 0 0 0 0 0 0 0 0 0 0 0 71292 0 0 0 0 0 26273 0 0 0 0 0 0 0 0 0 0 0 0 0 0 0 59002 0 0 0 0 0 0
0 0 0 0 0 0 0 0 0 0 0 81207 0 0 0 0 0 0 0 0 0 0 0 0 0 0 48040 0 0 0 0 0 0 0 0 0 42439 0 0 0 0 0 0 0 0 0 0 0 0 0 0 0 0 0 49942 0 0 0 0 0 0 0 0 0 0 0 0 0 80528 0 0 0 0 0 0 0 0 0 0 1537 0 0 0 0 0 0 0 0 35803 0 58250 0 0 0 73411 0 0 0 0 0 0 27099 0 0 0 0 0 0 0 0 0 0 0 0 0 0 0 0 83644 0 0 0 0 0 0 0 0 66902 12368 0 0 0 0 0 0 0 0 0 0 0 7579 0 0 0 0 0 0 0 0 0 0 0 0 0 0 0 0 0 12581 81975 0 0 0 0 0 0 0 0 5392 0 0 0 0 65723 4313 0 886 0 0 0 0 0 0 0 0 0 0 83916 0 0 0 0 0 0 0 0 0 88670 23752 0
0 0 0 0 0 0 0 0 0 0 0 0 0 0 0 0 0 61494 0 0 0 76191 0 0 0 0 0 0 0 22328 0 0 0 0 0 0 0 0 0 0 0 0 29674 0 0 0 0 0 0 0 0 0 0 0 0 1685 0 0 0 0 0 0 0 0 0 0 0 0 0 0 0 0 0 0 0 0 0 36951 0 0 0 0 0 0 0 0 0 35822 0 0 0 0 0 88370 0 0 0 0 7751 68923 0 13577 0 31712 0 0 0 84558 0 0 0 0 0 0 0 0 0 0 0 0 0 0 0 0 0 85296 0 0 47321 0 0 0 0 0 0 0 0 66515 0 2017 0 0 0 0 0 0 0 0 0 0 0 0 0 38970 0 0 0 0 0 5366 0 0 0 0 0 0 36099 0 76589 0 0 0 0 0 0 0 0 0 0 0 0 0 0 0 0 9649 0 0 0 45498 11234 0 0 0 0 0 0 0 0 0
0 0 0 0 0 0 0 56091 0 0 0 0 0 0 0 0 0 0 0 0 0 0 0 0 0 0 0 27018 0 0 61009 0 0 17651 0 52810 0 0 0 0 0 0 31066 0 0 0 53327 0 6972 0 0 0 0 0 0 0 0 0 0 0 0 0 0 0 0 0 0 70415 0 0 0 0 0 0 0 0 0 0 0 0 0 0 0 0 42636 0 0 0 0 0 0 0 0 0 0 0 0 0 0 0 0 0 0 0 0 0 0 0 0 0 37922 0 0 0 0 0 0 0 0 0 0 0 24094 0 0 7213 9399 0 0 0 0 0 0 0 0 8827 3965 0 0 0 0 0 0 0 0 0 0 0 0 0 0 0 0 0 71609 0 0 0 0 39471 0 0 0 0 0 0 0 0 0 0 0 0 0 0 0 0 75379 0 0 0 0 0 0 0 0 0 0 0 0 0 0 0 0 0 0 0 0 0 0 0
0 0 0 0 0 25398 0 0 0 0 0 0 0 0 0 0 0 0 0 0 0 0 0 0 0 0 0 0 0 0 0 0 0 0 0 0 0 0 0 0 0 0 0 0 0 0 0 0 0 0 0 0 0 0 0 0 0 43246 0 0 0 0 0 0 80741 0 0 0 0 0 0 0 0 0 0 0 0 0 0 0 0 67928 0 0 19722 7865 0 0 0 0 0 0 0 0 0 60492 0 0 0 0 0 0 0 0 18930 0 0 0 0 0 0 0 0 0 0 67623 0 0 9616 0 0 0 0 0 0 0 0 0 0 0 0 0 0 0 0 0 0 0 0 48387 0 0 0 0 28332 0 0 0 0 0 0 4830 0 0 0 0 0 17015 0 0 0 0 19985 0 0 0 0 0 0 30013 0 0 0 0 0 0 0 0 0 0 0 0 0 0 0 0 0 0 0 0 18995 0 0 0 0 0 0 0 0 0
0 0 0 0 0 0 0 0 0 0 0 0 0 0 0 0 0 0 0 0 0 0 0 0 0 0 0 0 0 0 0 0 0 0 0 0 0 0 48003 0 0 0 0 0 0 0 0 0 0 0 0 0 0 0 0 0 0 0 0 0 0 0 0 0 0 0 0 0 0 0 4507 0 0 0 0 0 0 0 0 0 0 0 0 0 38801 0 0 0 0 0 0 0 0 0 0 0 0 0 0 0 0 0 0 0 0 0 15789 88111 47671 0 0 1833 0 0 0 0 52170 0 0 0 29067 0 42724 0 0 0 0 31619 0 0 0 0 0 0 0 0 0 0 0 0 0 0 48953 0 0 0 0 0 64844 0 0 0 0 0 0 0 0 0 0 0 0 0 0 48995 0 0 0 0 11372 0 0 0 18899 0 0 0 0 0 0 0 0 0 0 0 0 74814 0 0 0 0 0 0 0 0 0 0 0 0 0 0
3482 0 0 0 0 0 0 0 0 0 0 0 0 0 0 0 0 0 0 0 0 0 0 0 0 0 0 46411 4069 0 0 0 0 0 0 0 0 0 0 0 0 0 0 0 0 0 0 11033 7015 0 0 0 0 0 0 0 0 0 0 0 0 0 0 0 0 0 19511 14364 0 0 0 0 0 0 0 71941 0 0 54703 0 19042 0 88645 0 0 0 0 0 0 0 0 0 0 45829 0 0 0 0 0 0 0 0 68697 0 0 0 0 0 0 0 0 0 0 0 19734 83573 68151 0 6554 0 0 0 0 0 0 0 0 0 0 0 67789 0 23446 0 0 0 0 0 5374 0 0 0 0 0 0 60271 0 0 0 0 0 0 0 0 0 0 0 0 0 0 0 0 0 0 0 0 0 0 0 0 0 0 0 0 85270 61561 0 16104 0 9501 0 31665 0 0 0 0 0 0 0 0 0 0 0 0 0 30160 0 0 60237 0
0 0 0 0 0 0 0 0 0 0 0 0 0 0 0 0 0 0 0 0 0 0 33861 0 0 0 0 0 58858 0 0 0 64448 0 0 0 0 0 0 0 0 0 0 0 0 0 0 0 0 0 0 0 0 0 0 0 0 0 0 0 0 0 0 0 0 0 0 0 0 0 0 0 0 27928 0 17840 0 7084 0 0 0 0 55486 0 0 0 0 0 0 0 0 0 0 0 33037 0 0 0 0 0 0 0 0 0 0 0 0 0 0 0 0 0 0 0 0 0 0 0 0 0 0 0 0 0 0 0 0 0 57984 0 0 0 0 0 0 0 0 0 0 0 0 0 0 0 0 33449 13243 88464 0 0 0 0 0 0 0 0 0 0 0 0 0 0 0 0 0 0 0 0 0 0 0 0 0 0 0 0 0 0 0 28949 0 0 0 47435 0 0 0 0 0 0 4183 0 0 0 0 0 0 0 0 0
0 0 0 0 0 0 0 0 0 0 0 0 0 0 0 86063 0 0 0 0 0 0 0 0 0 0 0 0 0 58782 0 0 0 0 80347 55835 0 0 0 0 66852 0 0 25366 0 0 53956 0 33359 0 0 0 56645 0 0 0 0 0 0 0 0 86413 0 0 0 45785 0 0 0 0 40428 0 0 0 58827 0 0 0 0 0 0 0 0 0 71505 0 0 0 0 0 0 0 0 0 0 0 22339 77077 65232 0 0 0 0 0 0 0 0 0 0 0 0 0 0 0 0 0 86421 4364 0 0 0 0 0 0 73656 0 0 65497 0 0 0 0 0 0 0 0 0 0 0 0 0 0 0 0 0 0 0 0 0 0 0 25686 0 0 21823 0 0 3778 19250 0 0 0 57728 0 0 0 0 0 0 0 0 0 0 0 0 54874 0 0 0 0 0 0 0 51948 0 0 0 0 0 0 0 0 0 0 0 0 0 0 0 0
79143 62861 0 0 0 0 0 0 0 0 9536 0 0 0 62439 0 0 0 0 0 0 0 0 0 0 0 0 0 0 0 0 0 0 0 0 55128 0 0 0 83757 0 0 0 0 0 0 0 29326 0 0 0 0 0 0 0 0 0 0 0 0 0 0 0 0 60556 0 0 0 0 0 0 0 0 43945 0 0 0 0 0 0 0 0 0 0 0 0 0 0 68205 0 0 0 0 0 0 0 0 0 0 0 0 74985 0 0 0 0 0 0 0 0 0 29570 0 0 0 0 43848 0 0 81822 0 0 0 0 0 0 0 0 0 0 0 0 0 0 0 3038 0 0 0 0 0 0 0 0 0 29835 0 0 0 0 0 0 0 0 0 0 0 0 0 0 0 0 0 0 0 0 0 0 0 0 0 0 0 0 0 0 0 0 53595 0 0 0 0 0 0 0 0 0 0 0 0 0 56134 0 13383 0 0 0 0 0
0 0 0 0 0 0 0 0 0 0 0 0 0 0 0 0 0 0 0 0 0 0 0 0 0 0 0 0 0 0 0 0 0 0 0 0 0 0 0 0 0 0 0 0 42296 0 52659 0 0 0 0 0 0 69634 0 0 0 0 0 0 0 0 0 0 0 0 0 0 0 0 0 0 0 0 0 0 0 0 0 0 2539 0 0 0 0 0 0 0 0 0 0 10028 0 0 0 0 0 0 0 0 0 0 0 0 0 0 0 0 0 32226 0 0 0 0 0 0 0 0 0 0 0 0 0 0 0 0 0 0 0 0 0 0 0 0 0 0 0 0 0 25179 0 0 0 0 0 0 0 0 0 0 0 0 0 0 0 64231 0 0 0 0 51715 0 0 0 0 0 0 0 0 65084 0 0 58759 0 0 0 0 0 0 0 0 0 0 0 0 0 0 0 0 0 0 0 0 0 0 0 0 0 0 82318
0 0 0 0 0 0 0 0 0 0 0 0 0 0 0 0 0 0 0 0 0 0 0 0 0 0 0 0 0 0 0 0 0 0 0 0 0 0 0 0 0 0 0 0 0 0 0 0 0 56733 0 0 0 0 0 0 0 0 0 0 0 0 0 0 0 0 68412 0 0 10252 0 0 0 0 0 0 0 0 0 0 0 0 0 0 0 0 0 0 0 87327 0 0 0 0 0 0 0 0 0 0 41815 0 28861 0 0 0 0 0 66268 0 0 45391 23698 0 0 0 0 0 0 0 0 0 0 0 0 0 0 0 0 0 0 0 0 0 0 0 41769 0 0 0 0 0 0 0 0 0 0 0 0 0 0 0 0 0 0 0 0 0 0 0 0 0 0 0 0 0 0 0 0 0 57223 0 0 0 0 0 0 0 0 0 0 0 0 0 0 0 0 0 0 75172 0 0 0 0 0 0 0 0 0 13810
0 0 0 0 0 0 0 0 0 0 0 0 0 0 0 0 0 0 0 0 0 15579 0 0 0 0 0 0 0 0 0 0 0 0 0 0 0 9454 0 0 0 0 0 0 0 0 0 20251 0 0 0 0 0 0 0 0 70074 0 0 0 0 0 0 0 42296 0 0 0 0 0 55193 0 0 0 0 0 0 0 0 0 0 0 0 0 0 26625 0 0 0 0 38319 0 0 0 0 0 0 0 0 0 0 0 0 0 0 0 64146 0 0 0 0 0 0 0 0 0 54194 0 0 5069 0 0 0 0 0 0 0 0 0 0 0 0 0 0 0 0 0 0 0 0 0 43339 0 0 0 0 0 0 0 0 0 0 0 0 0 0 0 0 0 0 0 0 0 0 0 0 0 0 0 0 0 0 0 0 0 0 0 0 0 0 0 0 0 0 0 0 0 0 0 0 0 59040 0 76161 0 0 0 0 0 0
0 0 0 0 0 0 0 0 0 0 0 0 0 0 0 0 0 0 0 0 0 0 0 0 0 0 0 67364 0 0 0 0 0 0 0 0 0 0 0 21973 0 0 0 0 0 0 0 0 0 0 0 0 0 0 0 0 0 0 0 0 0 0 0 0 0 0 0 0 0 0 0 0 0 0 0 29254 0 0 0 0 0 0 0 0 0 0 0 0 0 0 0 0 0 0 0 11149 0 0 0 0 45172 0 0 0 0 81791 0 0 0 0 0 0 20925 0 0 0 0 0 0 0 40777 0 0 0 0 0 0 0 0 0 3360 0 0 0 0 0 0 0 0 0 0 0 57757 0 0 0 0 0 0 6006 0 0 21000 0 0 0 0 10904 0 0 0 0 0 0 0 0 0 0 0 0 0 0 0 0 0 0 87305 0 0 62174 0 0 62562 0 77238 0 0 0 0 0 0 0 0 0 0 13530 0 0 0 0
0 0 0 0 0 0 0 18127 0 0 68574 0 0 0 0 66637 0 0 0 0 0 0 0 0 0 0 0 0 34835 75791 0 0 10681 0 26730 30256 0 0 0 52797 0 0 0 0 0 0 0 0 12791 0 0 0 0 0 0 0 0 0 0 0 0 0 0 0 0 0 0 0 0 0 0 0 0 0 0 0 0 0 0 0 0 0 0 0 0 0 0 0 0 0 0 0 0 0 0 0 0 0 0 0 0 0 0 0 54607 0 0 0 0 0 0 68933 0 0 0 0 0 0 0 0 23756 0 0 0 0 0 76894 0 0 0 0 0 0 0 0 0 0 0 0 0 0 0 0 0 0 0 0 0 0 0 0 0 0 0 0 6456 0 38606 0 0 0 0 0 0 0 0 0 0 0 0 0 0 0 0 0 0 0 0 0 0 0 0 0 0 0 0 0 0 0 88303 0 0 0 0 0 0 0 0 0 0
0 0 0 0 0 0 0 0 0 0 0 0 0 84464 0 0 0 0 0 0 0 0 0 0 0 0 0 0 0 0 0 0 0 0 0 0 0 0 0 0 0 0 0 0 0 0 0 0 38646 0 0 0 0 0 0 0 0 0 0 0 0 0 0 0 0 0 0 0 0 0 0 0 0 0 0 0 0 0 0 0 0 0 0 0 0 0 0 0 0 0 0 0 29992 0 0 0 0 0 0 0 0 0 0 0 0 49881 0 0 0 0 0 82186 0 0 0 0 0 0 0 0 0 0 0 0 0 0 0 74489 0 0 0 0 0 0 0 0 0 0 0 0 0 0 0 0 0 0 0 0 0 0 0 0 0 0 0 0 0 0 0 0 0 0 0 0 0 0 0 0 0 0 0 0 24648 0 0 0 61651 0 0 0 0 0 0 0 0 0 0 0 0 0 0 0 0 0 0 0 0 0 0 64432
0 0 0 0 0 0 0 0 0 0 0 0 0 0 0 0 0 0 0 0 56473 0 56621 0 0 0 10368 0 0 0 0 0 0 0 0 0 0 0 0 0 0 0 0 0 47746 0 0 0 0 0 0 0 0 36750 0 0 0 0 0 0 0 0 0 0 0 0 0 0 0 0 0 0 0 0 0 0 0 0 0 0 0 0 0 0 0 0 0 0 0 0 0 0 0 0 0 0 0 0 0 13685 0 0 0 0 0 0 0 0 0 0 0 0 0 0 0 0 0 0 0 0 0 0 0 0 0 0 0 0 0 0 0 86110 0 0 0 0 0 0 0 0 0 0 52450 0 85753 0 0 0 0 0 0 0 0 71905 0 0 0 0 0 0 0 0 0 0 0 0 0 0 0 0 0 0 0 0 0 0 0 0 0 0 0 0 0 0 0 57108 0 0 0 0 0 0 0 0 0 0 0 0 0 0
0 0 0 0 0 0 0 0 0 0 21662 0 0 0 0 0 0 0 0 0 0 0 0 80569 0 0 0 0 0 0 0 0 0 0 0 0 0 0 75419 0 0 0 5558 0 0 6580 0 0 0 19319 0 0 0 0 0 0 0 0 54088 0 0 0 0 0 0 0 0 0 0 0 48469 55974 0 0 0 0 0 0 0 0 0 7490 0 0 0 0 8455 0 0 0 0 0 0 0 0 0 0 0 76187 0 0 0 0 0 0 0 0 0 0 0 0 0 0 0 0 0 0 0 0 0 0 0 0 0 0 0 0 0 0 0 0 0 0 0 0 0 0 60666 0 0 0 0 0 0 71465 0 0 0 34570 0 0 0 0 0 0 0 0 0 0 0 0 0 0 88384 25165 0 0 0 0 0 26409 0 0 0 0 0 0 0 0 0 0 0 0 0 0 0 0 0 0 0 0 0 0 0 0 0 0 0 0 58307
0 0 0 0 0 0 0 0 0 0 0 0 0 0 0 0 33248 34123 0 0 0 0 0 0 0 0 0 0 0 16838 0 53891 0 0 0 0 0 34122 0 0 0 0 0 0 0 32833 0 0 0 0 0 0 0 0 0 0 0 28911 0 0 0 0 0 0 0 0 0 0 0 0 0 0 0 0 0 0 28794 0 76491 0 0 0 0 0 0 0 0 0 0 0 0 0 0 13464 0 0 0 0 0 0 0 0 0 0 0 0 0 0 0 0 0 0 0 0 0 0 0 0 0 0 0 0 0 0 0 0 0 0 0 0 0 0 0 0 0 0 0 44605 32363 0 0 0 0 0 0 0 0 0 0 0 0 0 0 0 68119 0 0 0 0 0 0 0 0 0 0 0 0 0 0 0 0 51714 0 0 0 0 0 0 0 0 0 0 0 0 0 0 0 0 0 0 0 0 0 0 0 0 0 0 0 0
0 0 0 0 0 0 0 0 0 0 0 0 0 0 0 0 0 0 0 0 0 0 0 0 0 0 0 0 47286 0 0 0 0 0 0 48651 0 0 0 0 0 0 0 0 0 0 0 0 0 0 0 0 80347 0 0 0 62550 0 0 0 0 0 0 0 0 0 0 0 0 88093 0 0 0 0 0 0 0 0 13632 0 0 0 0 0 0 0 0 0 0 0 0 0 0 0 0 0 73790 0 0 0 0 0 0 0 0 0 0 0 0 0 0 0 0 0 0 0 0 0 87939 0 0 0 85384 15206 0 0 0 0 0 70663 0 0 0 0 0 0 0 0 0 0 0 0 0 0 0 0 0 0 26055 0 0 0 0 0 0 0 0 0 0 0 71618 0 0 53446 0 0 0 0 0 0 0 0 0 0 0 32271 0 0 0 0 80474 0 0 0 0 0 0 0 0 0 5421 0 0 1836 14912 0 0 0 0 51286
0 0 0 0 0 3417 0 0 0 62989 0 0 0 0 0 0 0 0 0 0 0 0 0 0 13276 0 0 0 0 0 0 0 0 0 0 0 0 62458 0 0 0 0 0 0 0 0 0 0 0 0 0 0 49516 0 0 0 50795 0 11873 0 0 0 0 0 0 0 0 0 0 0 0 0 0 0 0 0 0 34075 0 0 0 0 0 0 0 0 0 0 0 0 0 0 0 0 42771 0 19199 0 0 0 0 0 0 0 0 9972 0 0 0 0 0 0 81243 0 0 0 0 0 0 0 0 0 0 0 0 53022 0 0 0 0 0 0 0 0 0 0 0 0 0 0 0 0 0 0 0 0 0 0 0 0 0 0 0 0 0 0 0 0 0 0 0 0 0 0 0 0 0 0 0 0 0 0 0 0 0 0 0 0 0 0 0 0 40127 0 0 0 0 0 0 0 0 0 32747 0 0 0 0 0 0 0
0 45259 0 0 0 0 0 0 0 0 0 0 0 0 0 0 0 0 0 0 0 0 0 0 0 0 0 0 0 0 0 83665 0 0 0 0 0 0 0 0 0 54249 0 0 0 0 0 0 0 0 0 0 0 66319 6884 17866 0 0 0 0 0 0 0 0 0 0 0 0 0 41991 0 0 0 0 0 737 0 0 0 0 0 0 0 0 0 0 0 0 0 0 0 37777 0 23347 0 0 8116 0 0 0 0 0 0 0 0 0 0 0 0 0 0 0 67108 0 0 0 0 0 0 0 0 0 0 0 28056 0 0 0 0 0 0 0 0 0 0 0 0 0 0 0 0 0 75319 0 0 0 0 0 0 0 0 0 0 0 40301 0 0 0 0 0 0 0 0 0 0 0 0 0 0 0 0 0 0 0 0 0 0 0 0 0 0 0 0 0 0 0 0 0 0 0 0 0 0 0 0 0 0 0 0 19499
0 0 0 0 42344 0 0 0 0 0 0 0 0 0 30624 0 0 0 0 0 0 0 0 81892 0 0 0 0 42151 0 0 56057 0 0 0 0 0 0 0 0 0 0 0 0 6151 0 0 42002 0 0 0 0 0 0 0 0 0 0 0 0 0 0 0 0 0 0 0 0 0 0 0 0 0 0 0 0 0 0 0 0 0 68700 0 0 0 0 0 0 0 0 0 0 0 0 0 0 0 0 0 0 0 0 0 0 0 8927 62773 0 0 0 0 0 0 0 0 0 71247 0 0 0 0 7857 0 0 0 77553 0 65426 0 0 0 0 0 0 0 0 0 0 0 0 0 0 19975 0 50071 0 0 0 0 0 0 0 0 0 47916 0 0 0 0 0 0 0 0 0 2994 0 0 32891 0 0 0 0 0 0 0 0 0 0 0 0 0 0 0 0 0 0 0 0 0 0 0 3837 0 0 0 0 12722 0 0 0
0 0 0 0 0 0 0 0 0 0 0 0 0 0 0 0 0 0 0 0 0 0 0 0 0 0 0 0 0 40996 0 0 0 0 66795 0 0 0 0 64836 0 0 0 0 0 0 0 76857 0 0 0 0 0 0 0 0 0 0 0 0 0 0 0 66030 0 0 0 0 0 24082 83828 0 0 0 0 0 922 0 0 0 0 0 0 0 0 0 0 0 0 0 0 0 0 0 0 0 20046 0 0 0 0 0 0 0 0 0 0 0 0 0 0 0 0 0 0 0 0 69082 0 0 33972 0 0 0 0 0 0 0 0 0 0 0 0 0 0 0 25078 0 35391 0 0 0 0 0 0 0 0 0 0 0 0 0 0 0 0 0 0 0 0 0 0 0 0 0 0 0 0 3754 0 0 0 0 0 0 0 0 0 0 0 0 0 60137 0 0 0 0 0 0 0 0 42536 0 0 0 0 0 0 0 0 0
0 0 0 0 0 0 0 0 0 0 0 0 0 0 0 0 0 0 0 0 0 0 0 0 0 0 0 0 0 0 0 0 0 0 0 0 0 0 0 2341 0 0 0 0 0 0 0 0 0 0 0 0 0 0 0 0 0 0 0 0 0 0 0 0 0 0 0 0 0 0 0 0 49171 0 0 0 0 0 0 0 0 0 83934 0 0 0 0 0 0 0 48720 81329 0 0 57815 0 0 0 0 0 0 0 26596 0 0 0 0 0 0 0 0 0 0 0 0 0 0 0 0 0 0 1422 0 73524 0 0 0 0 0 0 0 0 0 0 0 0 0 0 47842 58022 0 0 0 0 0 0 0 0 88241 0 0 0 0 0 0 0 23270 0 0 0 0 0 0 0 0 0 0 0 0 4319 0 88584 0 0 44095 0 0 67180 0 0 0 0 0 0 0 0 0 0 78985 0 0 0 0 11551 0 0 0 0 0 0
0 0 0 0 0 0 0 0 7386 0 0 0 0 0 0 37029 0 0 0 0 0 0 0 0 0 0 0 0 0 0 0 0 0 0 0 68619 0 0 33522 0 0 0 0 0 0 0 0 0 0 0 0 0 0 0 0 0 0 0 0 0 0 0 0 0 40046 0 45978 0 0 0 0 0 0 0 0 0 0 0 0 0 0 0 57613 0 0 0 0 0 0 0 0 0 63465 0 0 0 0 0 0 0 0 45162 3111 0 0 83416 0 0 64300 0 0 0 0 0 0 0 0 0 0 0 0 0 0 0 0 0 0 0 48501 0 0 0 0 0 0 0 0 0 0 0 0 0 0 0 0 0 0 0 21464 33263 0 0 0 0 0 0 21966 0 0 0 0 0 0 0 0 0 15690 0 0 0 0 0 0 0 0 0 0 0 70716 53902 0 0 0 0 0 0 0 0 0 0 0 0 0 0 0 0 0 0 0 46713
0 0 0 0 0 0 52844 0 0 0 0 0 0 0 0 0 0 0 0 0 0 0 0 0 77787 0 0 84061 0 0 0 0 0 0 0 0 0 0 0 0 0 0 0 0 0 0 0 0 0 0 0 0 0 0 0 0 0 0 0 0 76362 45444 0 0 0 0 0 0 0 0 0 0 0 0 0 0 0 0 0 0 0 0 0 0 0 0 0 0 0 0 0 0 0 0 81088 0 0 0 0 0 0 0 0 0 0 0 0 0 41082 0 0 0 0 0 0 0 0 0 0 0 0 0 0 0 0 0 86427 0 0 0 0 0 0 0 84088 56127 0 0 0 61275 0 0 67851 0 0 0 0 0 0 0 0 0 0 0 0 0 0 0 0 0 0 0 0 0 0 0 66865 0 0 0 0 0 0 40871 15306 0 0 0 0 0 0 0 0 0 0 0 0 0 0 0 0 0 0 0 0 0 0 79589 0 0
0 0 0 0 0 0 0 0 0 2877 0 0 0 0 0 0 0 0 0 0 0 0 0 0 0 0 0 0 0 0 72181 0 0 0 13178 0 0 0 0 0 0 0 0 0 0 0 0 12924 35410 0 0 0 0 54472 0 0 0 0 0 10620 0 0 0 0 0 0 0 0 0 0 0 0 0 0 0 0 57187 0 0 0 0 0 0 0 0 0 0 0 0 0 42435 88510 0 78657 0 0 0 0 0 0 0 0 0 0 0 0 21209 0 0 0 0 0 0 0 0 0 0 0 0 0 0 0 0 0 0 0 0 0 0 0 0 0 0 0 0 0 0 0 0 0 0 0 0 0 0 0 0 0 23927 0 0 0 0 0 0 33063 0 0 0 0 0 0 0 0 0 0 0 0 0 0 0 0 0 0 0 0 0 0 0 0 0 0 0 0 0 0 33184 0 0 0 0 0 0 0 0 0 0 58723 0 31704
63177 0 0 0 0 0 0 0 26333 75457 0 0 32374 0 0 0 0 0 0 0 0 0 0 0 35752 0 0 38000 74163 0 0 69238 0 0 0 0 0 0 0 0 0 0 0 0 54248 0 0 0 0 0 0 0 0 0 0 0 0 0 0 0 0 0 0 0 0 0 0 0 22209 0 0 0 0 0 0 0 0 0 0 0 0 0 0 0 0 0 0 0 0 0 0 0 0 0 0 0 0 0 0 0 0 0 0 0 11793 32513 0 0 0 4025 0 0 0 0 0 0 0 0 0 0 0 0 79722 0 0 0 0 40517 49167 0 0 0 0 0 0 0 0 0 0 0 0 0 0 0 0 0 0 0 0 0 0 0 0 0 0 0 0 0 42349 0 0 0 0 66995 53715 0 33027 0 6453 1491 0 37193 0 0 0 0 0 0 0 0 0 0 0 0 0 0 0 0 0 0 0 31386 0 58857 0 0 0 0 0 0
0 0 0 0 0 63208 0 0 0 0 0 0 0 0 0 0 0 0 0 0 0 0 0 0 31894 0 0 0 0 0 0 0 0 0 0 25682 0 0 0 0 0 0 0 0 0 0 0 0 0 0 0 0 0 0 0 0 0 0 0 0 0 0 0 0 0 0 0 0 0 0 0 0 0 0 0 0 0 0 0 0 0 0 0 0 0 0 0 0 0 0 0 0 0 0 0 0 0 0 0 0 0 0 58482 0 0 0 0 0 0 0 0 0 0 0 0 0 0 0 0 0 35447 0 0 0 0 0 0 0 0 0 0 0 0 0 0 0 0 0 0 0 0 0 0 0 0 0 0 0 0 0 0 0 0 0 0 0 0 0 0 0 0 0 0 0 0 27847 0 0 0 0 0 0 0 52954 0 0 0 0 26594 0 0 0 0 0 0 0 0 0 0 0 0 0 0 0 0 0 0 0 0 0
73390 0 0 0 0 33162 0 0 3341 0 0 0 0 0 74288 0 0 0 0 0 0 0 0 0 0 0 0 0 0 0 0 0 60655 0 0 0 0 16405 0 0 58541 0 0 0 84296 0 0 0 0 14870 0 0 0 0 0 0 0 0 0 0 0 0 9384 49866 0 0 0 0 0 0 0 0 0 0 0 0 19417 0 0 0 0 0 0 0 0 0 0 0 0 0 0 0 0 0 0 0 0 87989 0 0 0 0 0 0 0 76523 0 0 40536 0 0 0 0 0 0 0 23248 0 0 0 0 0 0 18773 0 0 0 0 78418 87229 0 0 0 0 0 0 23511 0 0 0 0 0 0 0 0 0 80058 61351 0 19557 0 0 0 0 0 0 0 0 0 0 0 0 0 0 0 0 0 0 0 0 50833 29011 7729 0 0 0 0 58676 0 22983 0 0 0 0 0 0 0 0 0 82999 0 0 0 0 7466 0 0 0 0 0
0 0 0 0 0 0 0 0 0 0 0 0 0 0 0 0 0 59964 0 0 0 0 0 0 0 0 0 0 0 0 0 0 0 0 57420 0 0 0 0 0 0 0 25291 0 64306 0 0 0 0 0 0 0 0 0 0 0 0 0 0 0 0 0 0 37670 0 23206 0 49300 0 0 0 0 0 0 0 0 0 0 0 0 0 0 0 0 0 0 0 0 0 0 0 14818 0 22134 0 0 0 0 0 0 0 0 0 0 0 0 0 0 0 0 16700 0 0 0 0 0 0 0 0 0 0 0 0 28144 0 0 0 0 0 0 0 0 0 0 0 0 0 0 0 0 0 0 0 0 0 0 0 28025 0 0 0 0 0 0 0 0 0 0 28686 0 5596 0 0 0 0 0 0 0 10093 0 0 83962 0 0 0 0 0 0 0 0 0 0 0 0 0 0 0 0 0 0 0 63791 0 0 0 0 0 0 0 0
49311 0 0 0 0 0 0 0 0 0 0 0 0 0 0 0 0 0 0 0 0 0 0 0 0 0 0 0 0 0 0 0 0 0 54835 0 0 0 0 0 0 0 0 0 0 0 0 0 0 0 0 0 0 0 0 0 0 0 0 0 0 0 0 0 0 34906 0 0 0 0 0 0 0 0 0 0 0 0 0 0 40289 0 0 0 0 0 0 79232 0 0 0 0 0 0 0 0 0 0 0 0 0 0 0 0 0 0 0 0 0 0 0 0 0 60745 0 0 0 0 0 0 1829 0 0 0 0 0 0 0 0 0 0 0 80174 0 0 0 0 0 26471 0 0 0 0 0 17466 0 0 0 0 0 0 0 0 0 45658 0 0 0 0 0 0 0 0 0 0 0 0 0 0 0 0 0 0 58438 0 0 0 0 0 0 0 0 0 0 0 0 0 0 0 0 0 0 0 0 0 0 0 0 0 0
0 0 0 36036 0 0 0 0 0 40435 0 0 0 0 0 0 0 0 0 0 0 0 0 0 0 76307 23682 0 0 0 0 70118 0 0 0 0 0 0 0 0 0 0 61445 0 0 9958 0 0 0 0 0 0 15615 22699 0 28264 0 0 0 0 0 0 0 0 0 0 0 0 0 0 0 0 0 0 0 0 0 0 0 0 0 0 0 0 0 0 0 0 0 0 0 0 0 0 0 0 0 35447 4717 0 43701 0 79684 0 0 0 66934 0 0 0 0 0 0 0 0 66145 0 74214 0 71911 0 0 0 0 0 0 0 0 74925 0 0 0 0 0 0 25232 0 0 0 0 0 0 0 0 0 0 0 0 0 0 0 0 11177 0 0 0 0 0 0 0 0 87601 0 0 0 0 0 0 0 0 48484 0 0 0 60100 0 56230 0 0 0 0 0 74431 0 0 0 0 0 0 67420 0 0 0 0 0 0 87583 0 0 0
