100
0 1
409 1001
26 2001
2578 3001
3410 4001
2433 5001
2415 6001
864 7001
0 8001
3404 9001
6010 10001
3128 11001
1711 12001
5203 13001
0 14001
9233 15001
2437 16001
16916 17001
10958 18001
2119 19001
4113 20001
1165 21001
18004 22001
8650 23001
2301 24001
2471 25001
8396 26001
19276 27001
17797 28001
17387 29001
1004 30001
14527 31001
9866 32001
23450 33001
7935 34001
21018 35001
20966 36001
9839 37001
9007 38001
2608 39001
1507 40001
34943 41001
8797 42001
33135 43001
21061 44001
32689 45001
23798 46001
33271 47001
22325 48001
43111 49001
31876 50001
31689 51001
1406 52001
5027 53001
39008 54001
13309 55001
12898 56001
42339 57001
4279 58001
35316 59001
13449 60001
20280 61001
47416 62001
58729 63001
21814 64001
38328 65001
20235 66001
19227 67001
13182 68001
41396 69001
47566 70001
10972 71001
27744 72001
50786 73001
3620 74001
16731 75001
71535 76001
18350 77001
66094 78001
74032 79001
5687 80001
28359 81001
73525 82001
47543 83001
10438 84001
36709 85001
13152 86001
61669 87001
54094 88001
70444 89001
57066 90001
2020 91001
73648 92001
18202 93001
13827 94001
11287 95001
60337 96001
73350 97001
75811 98001
84824 99001
