100
0 1
0 1001
523 2001
1737 3001
1749 4001
2875 5001
2384 6001
5108 7001
4559 8001
8301 9001
7534 10001
9954 11001
5001 12001
29 13001
13546 14001
6866 15001
8491 16001
27 17001
3528 18001
8659 19001
17492 20001
10763 21001
20488 22001
16448 23001
15956 24001
10414 25001
21607 26001
15175 27001
23179 28001
7806 29001
5654 30001
20998 31001
30142 32001
19431 33001
1904 34001
8540 35001
2722 36001
20494 37001
35447 38001
4780 39001
31153 40001
10682 41001
553 42001
311 43001
21331 44001
38233 45001
14595 46001
9753 47001
27050 48001
2301 49001
45850 50001
6368 51001
28489 52001
9923 53001
13324 54001
22603 55001
35410 56001
3566 57001
25852 58001
49274 59001
28074 60001
13390 61001
15367 62001
51646 63001
24229 64001
53399 65001
44748 66001
16876 67001
33366 68001
23762 69001
2633 70001
8870 71001
43969 72001
68239 73001
48691 74001
64197 75001
48863 76001
12568 77001
66086 78001
13751 79001
48002 80001
49132 81001
79083 82001
11633 83001
15329 84001
33762 85001
44698 86001
54406 87001
54313 88001
66512 89001
38739 90001
9734 91001
84137 92001
89036 93001
22447 94001
43681 95001
16605 96001
92000 97001
27082 98001
98018 99001
