1000
0 1
1 1001
905 2001
0 3001
783 4001
2860 5001
1145 6001
2605 7001
4920 8001
2912 9001
9090 10001
1 11001
6900 12001
3485 13001
13118 14001
1588 15001
13834 16001
11580 17001
15462 18001
10060 19001
18632 20001
20583 21001
16090 22001
5477 23001
5823 24001
7026 25001
25393 26001
21018 27001
1722 28001
6038 29001
8861 30001
23727 31001
30906 32001
3878 33001
19795 34001
24201 35001
14235 36001
31045 37001
20589 38001
35163 39001
6098 40001
33295 41001
27829 42001
4132 43001
35646 44001
38364 45001
42848 46001
13626 47001
41578 48001
13407 49001
38544 50001
50776 51001
28739 52001
49429 53001
40510 54001
26405 55001
639 56001
33857 57001
26635 58001
6560 59001
24144 60001
27686 61001
56142 62001
55922 63001
51712 64001
17422 65001
22485 66001
22328 67001
36670 68001
49572 69001
67062 70001
7116 71001
7699 72001
49936 73001
53082 74001
58481 75001
31434 76001
8155 77001
46763 78001
61996 79001
63084 80001
73691 81001
8582 82001
29491 83001
65406 84001
11423 85001
16330 86001
23896 87001
42147 88001
72395 89001
29728 90001
4724 91001
46114 92001
49855 93001
78015 94001
72329 95001
21132 96001
52619 97001
66401 98001
10718 99001
76509 100001
64486 101001
10654 102001
14499 103001
25704 104001
61013 105001
63726 106001
65887 107001
73024 108001
22865 109001
38950 110001
38818 111001
33412 112001
502 113001
5076 114001
58197 115001
33653 116001
1598 117001
100929 118001
56321 119001
95001 120001
55913 121001
107362 122001
84654 123001
65807 124001
58205 125001
14746 126001
82744 127001
60741 128001
32236 129001
1 130001
25569 131001
22319 132001
282 133001
118888 134001
103412 135001
110092 136001
126319 137001
82074 138001
111524 139001
41892 140001
17202 141001
24848 142001
51583 143001
118957 144001
3367 145001
118966 146001
23914 147001
41459 148001
136569 149001
91086 150001
78825 151001
13753 152001
126908 153001
102573 154001
61166 155001
8924 156001
65840 157001
109661 158001
92236 159001
129309 160001
109775 161001
113138 162001
106984 163001
122475 164001
134622 165001
124405 166001
61965 167001
59030 168001
165608 169001
137548 170001
104647 171001
82066 172001
23621 173001
121992 174001
36122 175001
148114 176001
165133 177001
67578 178001
3281 179001
43802 180001
160259 181001
22307 182001
115251 183001
118101 184001
146695 185001
47540 186001
80741 187001
2614 188001
185888 189001
13515 190001
141190 191001
159493 192001
2679 193001
147137 194001
151106 195001
169789 196001
110810 197001
32839 198001
182051 199001
35924 200001
176624 201001
191883 202001
40049 203001
104130 204001
78227 205001
194464 206001
112172 207001
149319 208001
20782 209001
119579 210001
174395 211001
18838 212001
205103 213001
71038 214001
63631 215001
88292 216001
11838 217001
161347 218001
92124 219001
62073 220001
202451 221001
167407 222001
149021 223001
138481 224001
181314 225001
213954 226001
358 227001
208588 228001
61634 229001
56573 230001
154884 231001
226684 232001
31519 233001
43465 234001
139571 235001
127042 236001
40451 237001
219931 238001
203918 239001
136931 240001
183 241001
180098 242001
171106 243001
101122 244001
190519 245001
132031 246001
189266 247001
129743 248001
129097 249001
25602 250001
139087 251001
201507 252001
2222 253001
104706 254001
40915 255001
131652 256001
196161 257001
1028 258001
45907 259001
147448 260001
197519 261001
221830 262001
243937 263001
59312 264001
70162 265001
240313 266001
64509 267001
37876 268001
40727 269001
36086 270001
81473 271001
220262 272001
3254 273001
249414 274001
54300 275001
74014 276001
5772 277001
172105 278001
166178 279001
263802 280001
91095 281001
227936 282001
255424 283001
123709 284001
131157 285001
122633 286001
210683 287001
207705 288001
159482 289001
215729 290001
286908 291001
183179 292001
20264 293001
214757 294001
37102 295001
157289 296001
16173 297001
41498 298001
182466 299001
107167 300001
168448 301001
59733 302001
108392 303001
176385 304001
266040 305001
151041 306001
169545 307001
29480 308001
66131 309001
109510 310001
113796 311001
172817 312001
289356 313001
204347 314001
314451 315001
87876 316001
195430 317001
103488 318001
19667 319001
16030 320001
109900 321001
36137 322001
223125 323001
52115 324001
88454 325001
255132 326001
4778 327001
309954 328001
322806 329001
276077 330001
250662 331001
126527 332001
285996 333001
323110 334001
138553 335001
26150 336001
86213 337001
229781 338001
104850 339001
73017 340001
38800 341001
257675 342001
265199 343001
273090 344001
334072 345001
116477 346001
264814 347001
47222 348001
233337 349001
334886 350001
235971 351001
170855 352001
264101 353001
210821 354001
48201 355001
306379 356001
134208 357001
68238 358001
215030 359001
72980 360001
11313 361001
264928 362001
288943 363001
267974 364001
101729 365001
6091 366001
177221 367001
76012 368001
105972 369001
160446 370001
112080 371001
84289 372001
187011 373001
140167 374001
256098 375001
151921 376001
3629 377001
35233 378001
213346 379001
4712 380001
108061 381001
23023 382001
163305 383001
151184 384001
318882 385001
142190 386001
369095 387001
67502 388001
33288 389001
313125 390001
33312 391001
221820 392001
331550 393001
330003 394001
324434 395001
376630 396001
340021 397001
346957 398001
365396 399001
398816 400001
260192 401001
47781 402001
152813 403001
397996 404001
335968 405001
202461 406001
133004 407001
179091 408001
364450 409001
295680 410001
312473 411001
347782 412001
78819 413001
277233 414001
310315 415001
166639 416001
97704 417001
139936 418001
14624 419001
118451 420001
415131 421001
11276 422001
362419 423001
92478 424001
254941 425001
360309 426001
106600 427001
25415 428001
177912 429001
342111 430001
173636 431001
132302 432001
410422 433001
151305 434001
243653 435001
150946 436001
203667 437001
347563 438001
155224 439001
31396 440001
328379 441001
7272 442001
40903 443001
338407 444001
412832 445001
188289 446001
38393 447001
9943 448001
2136 449001
322172 450001
82198 451001
251802 452001
192712 453001
249218 454001
101402 455001
165348 456001
288407 457001
46713 458001
413798 459001
308182 460001
88803 461001
90129 462001
452318 463001
362050 464001
188431 465001
97387 466001
15238 467001
210570 468001
261078 469001
131655 470001
51836 471001
460737 472001
92042 473001
472576 474001
248986 475001
114223 476001
105135 477001
219723 478001
424078 479001
12646 480001
50394 481001
233938 482001
457749 483001
114320 484001
96008 485001
77219 486001
103289 487001
2752 488001
154864 489001
354568 490001
488841 491001
320163 492001
29624 493001
223628 494001
479838 495001
254355 496001
227823 497001
32219 498001
172865 499001
98093 500001
12341 501001
46072 502001
115082 503001
350924 504001
146277 505001
398619 506001
363129 507001
266897 508001
124496 509001
489748 510001
203916 511001
492162 512001
261282 513001
443884 514001
227286 515001
228743 516001
471539 517001
328531 518001
321558 519001
101298 520001
88235 521001
67101 522001
162836 523001
504611 524001
29728 525001
444583 526001
472627 527001
411841 528001
290628 529001
280298 530001
484046 531001
278262 532001
188880 533001
461166 534001
109565 535001
219399 536001
69377 537001
317061 538001
279443 539001
531451 540001
393825 541001
230191 542001
131708 543001
61965 544001
5400 545001
498234 546001
349407 547001
27707 548001
126586 549001
62860 550001
34151 551001
510543 552001
328830 553001
242721 554001
281264 555001
487408 556001
114087 557001
34945 558001
249836 559001
70755 560001
124110 561001
232209 562001
298332 563001
211426 564001
511811 565001
494563 566001
144564 567001
384955 568001
482832 569001
39120 570001
348194 571001
185348 572001
242560 573001
239463 574001
230156 575001
384121 576001
81391 577001
169630 578001
516346 579001
348818 580001
79236 581001
432296 582001
406568 583001
479989 584001
324771 585001
275842 586001
66029 587001
122952 588001
554811 589001
143412 590001
414513 591001
498328 592001
414801 593001
567775 594001
7482 595001
440180 596001
129837 597001
182335 598001
16061 599001
94777 600001
21678 601001
333417 602001
29267 603001
494279 604001
595056 605001
75068 606001
181601 607001
428493 608001
371096 609001
96605 610001
99740 611001
271071 612001
292172 613001
369935 614001
272142 615001
387316 616001
562580 617001
482189 618001
552457 619001
550983 620001
343727 621001
307132 622001
410624 623001
44754 624001
392388 625001
132853 626001
113774 627001
108333 628001
301254 629001
100173 630001
281808 631001
365006 632001
250664 633001
584719 634001
33970 635001
453810 636001
537952 637001
388724 638001
203186 639001
538762 640001
7176 641001
528430 642001
513624 643001
528013 644001
248997 645001
621507 646001
307003 647001
257313 648001
388086 649001
269057 650001
543179 651001
327498 652001
216851 653001
436817 654001
345817 655001
616185 656001
113448 657001
180027 658001
356363 659001
493985 660001
355989 661001
105720 662001
177387 663001
510103 664001
282904 665001
405718 666001
279497 667001
481828 668001
112086 669001
29678 670001
63955 671001
122281 672001
652097 673001
251581 674001
79649 675001
321988 676001
371813 677001
467563 678001
587291 679001
607469 680001
57663 681001
20737 682001
95158 683001
392029 684001
549838 685001
120233 686001
18126 687001
596437 688001
231406 689001
391874 690001
447408 691001
342793 692001
227869 693001
532577 694001
137645 695001
380887 696001
76227 697001
365692 698001
445066 699001
115340 700001
190065 701001
38400 702001
595262 703001
430854 704001
405123 705001
207381 706001
614277 707001
261323 708001
116354 709001
314711 710001
133596 711001
429907 712001
337099 713001
287755 714001
474027 715001
707824 716001
220831 717001
294065 718001
489603 719001
614484 720001
191885 721001
363068 722001
55667 723001
665032 724001
414092 725001
676359 726001
439528 727001
511174 728001
189199 729001
114482 730001
328352 731001
326053 732001
233685 733001
88245 734001
45621 735001
524824 736001
236053 737001
128622 738001
369719 739001
358893 740001
645247 741001
542178 742001
433984 743001
467704 744001
542478 745001
481229 746001
34044 747001
679243 748001
404972 749001
332195 750001
294333 751001
535184 752001
84787 753001
428682 754001
539972 755001
598867 756001
684756 757001
182317 758001
189390 759001
57757 760001
359701 761001
119796 762001
87640 763001
285569 764001
425606 765001
348571 766001
307206 767001
659581 768001
357249 769001
616533 770001
194768 771001
388920 772001
267750 773001
506710 774001
388578 775001
432358 776001
405373 777001
591266 778001
284023 779001
80175 780001
143346 781001
734148 782001
667230 783001
356599 784001
711301 785001
206108 786001
468121 787001
748445 788001
618551 789001
610910 790001
431229 791001
27000 792001
524916 793001
646415 794001
400439 795001
225441 796001
144802 797001
92428 798001
154618 799001
152869 800001
786099 801001
430570 802001
358872 803001
294120 804001
345833 805001
62489 806001
349953 807001
147714 808001
236288 809001
437668 810001
387958 811001
518251 812001
105420 813001
110846 814001
788601 815001
792426 816001
85867 817001
694277 818001
586800 819001
491407 820001
653741 821001
302780 822001
321258 823001
75477 824001
785100 825001
698330 826001
8408 827001
482168 828001
430566 829001
363785 830001
803940 831001
261437 832001
661495 833001
783239 834001
700889 835001
367257 836001
199537 837001
459837 838001
48850 839001
539565 840001
366311 841001
117291 842001
565717 843001
140186 844001
199811 845001
564770 846001
711762 847001
842349 848001
717776 849001
141288 850001
582420 851001
21561 852001
154615 853001
681982 854001
807040 855001
854444 856001
65341 857001
490921 858001
146144 859001
437672 860001
8022 861001
59966 862001
816077 863001
715980 864001
555593 865001
379555 866001
652831 867001
132786 868001
617604 869001
552935 870001
720836 871001
40761 872001
22049 873001
197625 874001
290157 875001
542152 876001
512965 877001
406308 878001
75698 879001
842956 880001
82417 881001
612992 882001
774883 883001
126485 884001
107437 885001
380259 886001
377327 887001
759252 888001
107285 889001
854405 890001
290823 891001
524759 892001
542869 893001
97863 894001
461001 895001
746645 896001
872063 897001
580673 898001
890867 899001
272684 900001
613437 901001
340148 902001
289042 903001
305741 904001
744595 905001
472603 906001
832484 907001
478098 908001
818689 909001
104861 910001
344743 911001
471323 912001
156363 913001
379346 914001
515992 915001
225925 916001
393801 917001
785004 918001
140223 919001
75182 920001
606991 921001
886075 922001
230181 923001
900306 924001
151170 925001
434144 926001
514594 927001
343785 928001
528270 929001
685577 930001
641787 931001
719452 932001
616350 933001
480619 934001
272630 935001
414307 936001
663408 937001
424905 938001
82717 939001
702439 940001
56023 941001
676239 942001
250920 943001
362075 944001
680726 945001
12021 946001
126320 947001
595549 948001
9415 949001
363238 950001
200556 951001
901728 952001
595488 953001
253068 954001
748734 955001
663596 956001
383693 957001
672354 958001
772534 959001
605536 960001
669176 961001
360186 962001
403275 963001
421267 964001
611419 965001
120326 966001
548151 967001
94228 968001
819780 969001
275685 970001
820847 971001
746955 972001
58103 973001
450022 974001
546204 975001
777665 976001
342061 977001
109587 978001
741058 979001
439742 980001
377713 981001
979379 982001
290632 983001
435047 984001
256607 985001
436712 986001
499090 987001
14724 988001
889899 989001
517765 990001
551505 991001
658788 992001
799565 993001
291050 994001
644649 995001
586279 996001
545267 997001
909224 998001
996540 999001
