1000
0 1
100 1001
873 2001
456 3001
3728 4001
3330 5001
5535 6001
4560 7001
6354 8001
439 9001
9049 10001
897 11001
9000 12001
6407 13001
2811 14001
4185 15001
1897 16001
11982 17001
2513 18001
3093 19001
2031 20001
10702 21001
7133 22001
8492 23001
17018 24001
17251 25001
723 26001
0 27001
0 28001
0 29001
5232 30001
27128 31001
516 32001
5953 33001
8127 34001
11720 35001
15557 36001
2140 37001
7521 38001
24913 39001
24865 40001
35556 41001
33738 42001
23854 43001
29101 44001
3938 45001
11103 46001
14368 47001
44185 48001
7307 49001
27935 50001
9969 51001
22546 52001
32685 53001
8756 54001
1523 55001
13310 56001
40562 57001
42229 58001
4407 59001
6880 60001
10265 61001
7617 62001
16504 63001
19441 64001
33998 65001
39871 66001
6988 67001
8292 68001
45609 69001
45901 70001
42466 71001
51726 72001
18812 73001
1353 74001
58164 75001
22266 76001
0 77001
49651 78001
0 79001
56644 80001
47049 81001
65819 82001
27878 83001
9358 84001
27392 85001
2236 86001
44242 87001
46689 88001
53496 89001
76633 90001
37659 91001
48251 92001
65456 93001
1 94001
86749 95001
47871 96001
6742 97001
42604 98001
46392 99001
78049 100001
95438 101001
13844 102001
39789 103001
94539 104001
86387 105001
78466 106001
69158 107001
107451 108001
91733 109001
96090 110001
66984 111001
23015 112001
103643 113001
87918 114001
50650 115001
92998 116001
48420 117001
36595 118001
49195 119001
63125 120001
119403 121001
39696 122001
44843 123001
0 124001
42754 125001
12757 126001
118469 127001
39436 128001
21551 129001
12594 130001
90086 131001
41343 132001
58379 133001
61370 134001
64880 135001
101279 136001
29427 137001
134081 138001
23917 139001
26136 140001
106435 141001
48188 142001
127017 143001
80790 144001
94988 145001
134131 146001
80289 147001
17505 148001
12358 149001
54196 150001
80032 151001
131993 152001
64836 153001
24708 154001
102959 155001
113824 156001
2008 157001
45661 158001
96113 159001
114665 160001
94105 161001
48538 162001
139148 163001
49336 164001
146817 165001
59428 166001
81911 167001
61438 168001
23715 169001
95364 170001
34980 171001
37805 172001
140982 173001
115110 174001
11745 175001
130666 176001
170827 177001
133031 178001
31593 179001
1943 180001
33645 181001
90137 182001
112878 183001
18800 184001
121525 185001
15342 186001
103467 187001
8062 188001
71698 189001
56184 190001
141053 191001
85072 192001
161058 193001
43389 194001
126090 195001
40463 196001
3393 197001
117664 198001
174487 199001
19594 200001
176892 201001
190324 202001
45123 203001
144810 204001
103338 205001
66202 206001
135329 207001
14876 208001
206154 209001
97639 210001
58300 211001
65013 212001
175530 213001
109619 214001
173681 215001
71087 216001
29976 217001
175536 218001
172320 219001
110899 220001
88184 221001
39785 222001
108106 223001
118735 224001
16539 225001
161790 226001
120546 227001
69508 228001
26529 229001
169537 230001
1699 231001
138468 232001
205747 233001
64975 234001
53178 235001
124605 236001
80056 237001
162578 238001
12735 239001
236671 240001
148905 241001
223871 242001
203473 243001
119045 244001
53417 245001
117624 246001
196117 247001
158282 248001
138019 249001
72841 250001
97022 251001
189522 252001
147551 253001
219123 254001
43040 255001
227077 256001
254247 257001
81224 258001
102955 259001
174156 260001
40130 261001
121519 262001
7381 263001
118741 264001
81583 265001
20619 266001
27774 267001
35584 268001
192802 269001
200063 270001
162605 271001
210131 272001
85790 273001
265211 274001
246378 275001
38126 276001
55803 277001
16149 278001
147364 279001
234457 280001
250591 281001
163169 282001
87729 283001
201409 284001
216568 285001
172811 286001
126904 287001
14206 288001
17009 289001
72681 290001
74423 291001
38174 292001
170428 293001
112940 294001
160500 295001
230375 296001
33659 297001
182576 298001
107410 299001
111841 300001
75844 301001
255832 302001
212248 303001
77876 304001
81890 305001
52037 306001
188205 307001
213826 308001
15429 309001
254312 310001
234931 311001
236171 312001
85522 313001
107652 314001
19345 315001
28021 316001
128829 317001
15829 318001
136951 319001
144486 320001
163750 321001
131139 322001
281824 323001
45699 324001
66023 325001
52958 326001
165924 327001
92299 328001
253801 329001
73758 330001
254053 331001
17796 332001
142218 333001
141204 334001
4559 335001
274335 336001
197948 337001
83561 338001
138322 339001
35645 340001
234564 341001
58995 342001
319101 343001
150429 344001
61062 345001
228301 346001
284098 347001
326698 348001
32123 349001
297649 350001
200238 351001
10541 352001
82270 353001
279365 354001
38989 355001
112358 356001
249486 357001
217512 358001
131767 359001
238423 360001
78073 361001
123876 362001
190825 363001
21449 364001
52882 365001
275022 366001
236407 367001
31934 368001
1944 369001
55025 370001
146779 371001
203501 372001
256210 373001
78485 374001
24756 375001
269438 376001
38177 377001
58495 378001
129436 379001
144862 380001
8824 381001
114443 382001
312139 383001
41300 384001
198312 385001
248461 386001
354031 387001
353010 388001
146156 389001
169316 390001
283151 391001
43825 392001
315316 393001
224107 394001
131384 395001
108280 396001
335394 397001
85639 398001
168166 399001
149204 400001
220608 401001
149244 402001
34120 403001
326864 404001
89912 405001
62612 406001
318570 407001
125075 408001
124047 409001
311185 410001
232882 411001
224443 412001
165851 413001
309618 414001
269653 415001
410452 416001
162429 417001
293819 418001
231255 419001
404237 420001
382905 421001
298371 422001
297098 423001
335005 424001
73080 425001
167860 426001
368190 427001
21109 428001
350376 429001
217746 430001
234019 431001
167870 432001
221513 433001
312112 434001
376430 435001
261025 436001
385206 437001
202730 438001
431907 439001
44260 440001
83839 441001
245450 442001
237923 443001
11087 444001
21194 445001
108157 446001
101127 447001
83882 448001
152147 449001
378478 450001
311843 451001
404795 452001
350673 453001
276945 454001
402810 455001
178939 456001
443995 457001
452112 458001
161316 459001
453994 460001
4231 461001
160715 462001
398244 463001
448475 464001
272629 465001
154311 466001
60159 467001
166603 468001
292924 469001
241300 470001
96683 471001
471486 472001
160099 473001
430238 474001
46338 475001
327214 476001
322880 477001
268052 478001
115450 479001
154898 480001
291579 481001
29131 482001
347142 483001
38556 484001
342392 485001
83636 486001
27957 487001
225892 488001
357640 489001
317372 490001
198165 491001
472124 492001
90825 493001
491770 494001
108556 495001
85378 496001
446612 497001
406336 498001
69390 499001
395806 500001
41119 501001
500125 502001
138407 503001
151280 504001
213465 505001
258556 506001
392893 507001
369987 508001
238312 509001
190115 510001
45651 511001
61467 512001
49034 513001
93763 514001
225464 515001
310761 516001
175101 517001
500904 518001
400047 519001
278898 520001
236945 521001
15349 522001
64073 523001
365421 524001
109121 525001
103961 526001
32611 527001
508907 528001
192122 529001
114792 530001
107379 531001
467615 532001
311351 533001
181250 534001
458838 535001
492449 536001
260367 537001
307073 538001
98798 539001
240836 540001
401795 541001
261747 542001
259659 543001
69740 544001
317164 545001
357634 546001
339282 547001
415210 548001
505596 549001
93257 550001
162191 551001
3761 552001
208848 553001
228233 554001
338980 555001
529183 556001
187752 557001
132003 558001
392589 559001
272166 560001
239263 561001
126252 562001
405649 563001
133539 564001
99655 565001
216053 566001
304312 567001
516548 568001
79046 569001
366052 570001
4823 571001
312331 572001
11523 573001
189242 574001
52186 575001
142081 576001
51940 577001
341345 578001
489204 579001
552566 580001
508378 581001
80961 582001
470317 583001
70546 584001
343103 585001
166839 586001
29282 587001
100470 588001
359844 589001
390543 590001
232538 591001
23649 592001
298004 593001
588466 594001
94600 595001
302603 596001
400836 597001
301379 598001
395373 599001
3610 600001
18288 601001
72835 602001
220878 603001
3069 604001
81741 605001
258536 606001
215529 607001
67902 608001
285322 609001
136357 610001
404642 611001
372365 612001
159509 613001
594345 614001
333135 615001
471508 616001
574254 617001
320963 618001
537791 619001
98876 620001
142024 621001
555418 622001
89851 623001
375642 624001
445207 625001
395687 626001
571887 627001
106405 628001
361219 629001
401297 630001
204401 631001
181758 632001
32229 633001
432846 634001
435855 635001
314712 636001
572544 637001
488892 638001
279290 639001
66237 640001
546528 641001
64647 642001
128725 643001
171479 644001
472850 645001
334641 646001
465613 647001
213552 648001
353584 649001
211680 650001
533832 651001
501546 652001
234609 653001
248732 654001
178154 655001
223758 656001
98729 657001
485350 658001
556630 659001
643275 660001
95158 661001
653174 662001
215985 663001
382810 664001
572869 665001
234414 666001
17005 667001
355996 668001
94652 669001
190410 670001
121420 671001
128688 672001
215612 673001
448896 674001
555568 675001
294685 676001
469601 677001
70920 678001
492365 679001
174150 680001
514961 681001
424591 682001
498694 683001
106182 684001
284605 685001
340100 686001
23002 687001
185172 688001
546625 689001
542941 690001
546011 691001
228114 692001
206339 693001
174247 694001
468390 695001
215008 696001
192361 697001
92717 698001
561611 699001
318843 700001
50534 701001
17401 702001
84022 703001
114966 704001
37013 705001
73650 706001
209146 707001
638161 708001
195969 709001
61423 710001
122926 711001
667035 712001
310765 713001
205318 714001
510497 715001
409610 716001
180216 717001
685464 718001
348814 719001
274804 720001
409584 721001
546727 722001
362233 723001
432375 724001
193379 725001
628711 726001
634199 727001
654701 728001
525272 729001
369840 730001
657233 731001
66135 732001
89003 733001
592463 734001
237457 735001
351727 736001
41172 737001
81762 738001
49784 739001
335998 740001
635069 741001
694387 742001
581799 743001
124026 744001
135927 745001
494976 746001
594212 747001
89773 748001
696880 749001
272718 750001
124462 751001
444391 752001
435004 753001
392847 754001
13498 755001
333419 756001
633975 757001
133125 758001
450511 759001
120097 760001
446365 761001
302458 762001
735129 763001
106429 764001
45479 765001
33266 766001
414884 767001
101840 768001
162672 769001
292260 770001
144157 771001
257427 772001
539667 773001
516627 774001
280570 775001
87069 776001
744475 777001
696554 778001
658271 779001
153630 780001
540624 781001
122741 782001
568718 783001
659748 784001
591451 785001
32033 786001
495645 787001
4447 788001
174767 789001
663162 790001
482819 791001
119123 792001
406490 793001
446102 794001
357825 795001
215418 796001
99244 797001
675544 798001
725486 799001
518869 800001
463744 801001
732814 802001
131388 803001
465896 804001
748611 805001
45254 806001
647247 807001
28310 808001
335400 809001
618242 810001
568114 811001
112075 812001
126812 813001
375626 814001
618128 815001
764801 816001
99960 817001
626188 818001
273709 819001
440622 820001
394648 821001
186876 822001
364265 823001
522985 824001
810949 825001
497802 826001
817803 827001
464838 828001
236820 829001
506681 830001
627962 831001
130620 832001
1313 833001
610856 834001
364757 835001
183284 836001
596464 837001
410229 838001
205351 839001
75862 840001
286584 841001
749562 842001
44783 843001
764706 844001
228667 845001
544831 846001
696591 847001
111318 848001
413460 849001
527266 850001
454155 851001
607175 852001
50701 853001
106842 854001
204681 855001
367837 856001
522588 857001
629234 858001
327838 859001
551852 860001
313733 861001
311723 862001
286484 863001
335768 864001
148088 865001
675037 866001
803641 867001
244928 868001
567406 869001
740218 870001
513349 871001
636367 872001
320216 873001
755702 874001
184651 875001
19174 876001
103657 877001
595435 878001
230049 879001
515409 880001
749798 881001
287844 882001
811599 883001
845116 884001
113154 885001
633748 886001
513662 887001
537879 888001
283938 889001
305771 890001
120866 891001
21775 892001
798211 893001
542865 894001
86888 895001
389663 896001
573381 897001
757638 898001
351316 899001
573373 900001
98154 901001
819812 902001
798260 903001
34822 904001
787423 905001
781322 906001
306556 907001
714491 908001
179907 909001
354125 910001
384140 911001
643272 912001
826267 913001
178951 914001
396849 915001
342522 916001
811397 917001
674595 918001
466355 919001
232026 920001
226176 921001
682474 922001
530320 923001
32413 924001
27321 925001
528572 926001
678287 927001
311421 928001
796781 929001
311072 930001
204752 931001
674760 932001
659564 933001
823113 934001
854054 935001
79808 936001
649045 937001
406362 938001
265477 939001
934422 940001
915488 941001
294745 942001
366087 943001
797391 944001
206911 945001
18234 946001
419164 947001
465116 948001
226930 949001
551074 950001
510528 951001
612325 952001
933621 953001
277328 954001
423698 955001
9141 956001
5202 957001
74641 958001
610639 959001
821517 960001
468389 961001
105258 962001
190460 963001
54748 964001
196024 965001
659727 966001
757545 967001
349159 968001
587792 969001
572007 970001
19589 971001
911572 972001
138821 973001
732386 974001
737054 975001
37104 976001
258099 977001
721833 978001
89175 979001
132501 980001
399574 981001
163191 982001
43182 983001
501601 984001
546674 985001
336400 986001
478450 987001
493830 988001
264460 989001
210942 990001
825393 991001
474367 992001
179418 993001
870846 994001
993809 995001
631135 996001
788472 997001
374007 998001
823510 999001
