1000
0 1
1 1001
507 2001
2382 3001
3565 4001
796 5001
2345 6001
4870 7001
4444 8001
556 9001
5276 10001
10111 11001
8500 12001
7255 13001
11584 14001
190 15001
10923 16001
2073 17001
16960 18001
3170 19001
6489 20001
16470 21001
1 22001
8169 23001
15387 24001
18007 25001
12439 26001
1586 27001
27523 28001
11725 29001
9648 30001
16463 31001
13310 32001
25843 33001
11622 34001
12093 35001
16657 36001
4365 37001
23125 38001
26777 39001
27164 40001
4966 41001
16868 42001
9402 43001
35625 44001
21042 45001
29247 46001
6254 47001
26923 48001
8843 49001
24124 50001
41021 51001
13632 52001
865 53001
48484 54001
43299 55001
40439 56001
23210 57001
3981 58001
11593 59001
50958 60001
58628 61001
36710 62001
37245 63001
45667 64001
31357 65001
47221 66001
56415 67001
11222 68001
396 69001
30199 70001
10218 71001
57560 72001
43862 73001
42277 74001
26018 75001
27587 76001
2191 77001
10878 78001
64713 79001
74132 80001
77611 81001
50877 82001
71211 83001
45466 84001
46705 85001
64999 86001
9072 87001
80967 88001
83658 89001
61663 90001
51280 91001
9921 92001
51597 93001
37065 94001
73587 95001
79990 96001
86453 97001
7094 98001
33182 99001
32108 100001
1281 101001
21634 102001
44988 103001
3999 104001
26300 105001
48188 106001
41372 107001
98509 108001
94018 109001
80760 110001
24340 111001
96207 112001
31894 113001
11150 114001
85701 115001
113233 116001
49263 117001
59825 118001
41143 119001
9593 120001
72080 121001
98238 122001
97092 123001
83495 124001
30891 125001
36513 126001
3075 127001
37052 128001
48950 129001
101230 130001
94356 131001
17028 132001
93005 133001
7750 134001
116792 135001
1 136001
63644 137001
63590 138001
52159 139001
11371 140001
48597 141001
5153 142001
451 143001
102048 144001
11157 145001
115592 146001
33740 147001
17605 148001
3217 149001
39685 150001
141505 151001
22187 152001
3835 153001
74100 154001
78642 155001
133786 156001
31693 157001
55021 158001
5422 159001
58120 160001
152953 161001
54407 162001
50792 163001
65516 164001
48629 165001
90330 166001
156062 167001
67557 168001
75356 169001
112105 170001
114359 171001
141064 172001
11182 173001
142106 174001
123870 175001
87588 176001
164179 177001
82118 178001
65678 179001
95510 180001
37689 181001
101332 182001
28018 183001
160334 184001
167915 185001
10983 186001
78677 187001
152340 188001
98920 189001
117522 190001
28250 191001
1144 192001
72729 193001
132314 194001
172903 195001
142562 196001
164441 197001
35286 198001
91751 199001
116798 200001
83956 201001
111185 202001
145924 203001
41967 204001
145027 205001
124373 206001
206395 207001
43848 208001
85625 209001
17710 210001
73522 211001
198867 212001
172466 213001
52322 214001
88401 215001
161885 216001
137501 217001
201300 218001
148669 219001
211468 220001
193140 221001
196693 222001
45103 223001
166776 224001
140006 225001
109513 226001
191293 227001
38448 228001
224191 229001
158843 230001
63467 231001
122178 232001
87241 233001
146537 234001
174428 235001
6536 236001
35359 237001
44190 238001
122725 239001
157486 240001
99437 241001
219144 242001
87697 243001
186410 244001
220293 245001
156205 246001
229969 247001
58780 248001
204323 249001
65019 250001
161624 251001
235734 252001
167526 253001
144900 254001
53357 255001
102446 256001
137761 257001
90855 258001
221457 259001
146304 260001
143936 261001
248181 262001
103606 263001
234375 264001
129033 265001
87271 266001
19906 267001
67942 268001
233395 269001
118861 270001
246181 271001
61519 272001
210579 273001
194375 274001
166105 275001
234038 276001
266194 277001
52149 278001
58359 279001
103545 280001
221758 281001
246430 282001
225306 283001
112093 284001
40202 285001
184973 286001
151823 287001
183805 288001
279357 289001
82223 290001
29200 291001
190689 292001
57957 293001
81857 294001
230676 295001
268172 296001
74685 297001
90446 298001
75665 299001
66175 300001
80022 301001
124837 302001
170468 303001
130266 304001
119257 305001
269608 306001
4945 307001
290738 308001
62992 309001
143048 310001
170599 311001
130152 312001
81016 313001
97686 314001
9794 315001
215598 316001
247202 317001
40214 318001
65840 319001
261470 320001
44894 321001
32026 322001
177273 323001
284161 324001
300123 325001
246763 326001
109740 327001
276978 328001
104153 329001
239342 330001
5108 331001
280837 332001
250782 333001
8824 334001
58516 335001
39702 336001
251113 337001
193897 338001
137120 339001
207707 340001
297931 341001
112925 342001
88191 343001
182128 344001
302699 345001
142326 346001
152636 347001
141193 348001
120770 349001
124721 350001
310632 351001
245694 352001
269190 353001
248339 354001
167379 355001
17896 356001
176560 357001
250157 358001
287162 359001
100590 360001
118538 361001
1616 362001
226102 363001
152252 364001
2431 365001
152435 366001
214364 367001
255338 368001
162213 369001
220711 370001
208275 371001
315474 372001
64184 373001
148966 374001
152720 375001
341354 376001
304475 377001
125803 378001
291264 379001
241936 380001
64449 381001
34902 382001
264754 383001
61703 384001
58990 385001
251191 386001
324871 387001
208596 388001
10885 389001
149887 390001
293004 391001
390819 392001
385272 393001
117302 394001
168785 395001
257515 396001
255013 397001
377600 398001
331321 399001
162603 400001
156134 401001
289451 402001
285113 403001
116989 404001
285943 405001
359493 406001
305728 407001
177944 408001
329254 409001
139530 410001
264749 411001
336298 412001
156119 413001
106050 414001
34947 415001
238548 416001
242031 417001
31366 418001
52469 419001
264754 420001
235424 421001
35347 422001
377253 423001
423703 424001
214177 425001
284431 426001
4523 427001
163233 428001
327499 429001
18286 430001
379168 431001
114401 432001
333787 433001
271201 434001
233057 435001
209598 436001
148467 437001
50859 438001
188956 439001
392553 440001
43738 441001
23169 442001
33116 443001
397470 444001
226221 445001
355023 446001
443688 447001
312520 448001
392433 449001
104724 450001
271274 451001
153654 452001
74428 453001
247537 454001
122942 455001
367946 456001
129426 457001
159631 458001
347521 459001
170288 460001
360501 461001
7951 462001
107122 463001
305621 464001
327089 465001
88117 466001
465061 467001
122157 468001
434189 469001
445999 470001
343660 471001
326151 472001
370188 473001
280825 474001
16514 475001
38573 476001
35187 477001
358552 478001
389394 479001
2402 480001
144239 481001
363112 482001
467073 483001
61351 484001
62096 485001
55976 486001
222657 487001
4396 488001
270217 489001
296314 490001
486931 491001
122683 492001
330635 493001
767 494001
105419 495001
173627 496001
23088 497001
307776 498001
178057 499001
468654 500001
39955 501001
22325 502001
478662 503001
123134 504001
369852 505001
429210 506001
496417 507001
429079 508001
144438 509001
4212 510001
392015 511001
270187 512001
337631 513001
20776 514001
38943 515001
313063 516001
265580 517001
228231 518001
312212 519001
43252 520001
280639 521001
426387 522001
251443 523001
33813 524001
258877 525001
196175 526001
387246 527001
2328 528001
120966 529001
34957 530001
46103 531001
220671 532001
439307 533001
531838 534001
250152 535001
170764 536001
519020 537001
462974 538001
121748 539001
356764 540001
117239 541001
474864 542001
286268 543001
73177 544001
474680 545001
204496 546001
330595 547001
112980 548001
153739 549001
51445 550001
338516 551001
412017 552001
270415 553001
257771 554001
94624 555001
512843 556001
271477 557001
63121 558001
364837 559001
303353 560001
280753 561001
341944 562001
288256 563001
473189 564001
271310 565001
186281 566001
563884 567001
452734 568001
440484 569001
269370 570001
121984 571001
452791 572001
93772 573001
246449 574001
284441 575001
59990 576001
241615 577001
541862 578001
14521 579001
579281 580001
100988 581001
48493 582001
200210 583001
223215 584001
526322 585001
152445 586001
146119 587001
217762 588001
171331 589001
517209 590001
248009 591001
496762 592001
216874 593001
314084 594001
354370 595001
226883 596001
260392 597001
285767 598001
522909 599001
519305 600001
593251 601001
559597 602001
565510 603001
147416 604001
155239 605001
330993 606001
302525 607001
369333 608001
323331 609001
146462 610001
264212 611001
318751 612001
35644 613001
171559 614001
340796 615001
394224 616001
377477 617001
495142 618001
497536 619001
107706 620001
384235 621001
100588 622001
476871 623001
528299 624001
248438 625001
219678 626001
432149 627001
10874 628001
503412 629001
462343 630001
244243 631001
138982 632001
5327 633001
114998 634001
578168 635001
406713 636001
232081 637001
632903 638001
356063 639001
68867 640001
262688 641001
412703 642001
531763 643001
18812 644001
295657 645001
316262 646001
91091 647001
624217 648001
534802 649001
260121 650001
108377 651001
288012 652001
210053 653001
6199 654001
139054 655001
84273 656001
578482 657001
288729 658001
213718 659001
522176 660001
143319 661001
555817 662001
640944 663001
158094 664001
68407 665001
629597 666001
111945 667001
266161 668001
307771 669001
621229 670001
649310 671001
171959 672001
360019 673001
631104 674001
382604 675001
436804 676001
300256 677001
186142 678001
54871 679001
100971 680001
434252 681001
385258 682001
444597 683001
323619 684001
228899 685001
518108 686001
90385 687001
552628 688001
362347 689001
136158 690001
33309 691001
5076 692001
367531 693001
337071 694001
417689 695001
445283 696001
533386 697001
421188 698001
328393 699001
519690 700001
293793 701001
405790 702001
178534 703001
439608 704001
632822 705001
444154 706001
266075 707001
130712 708001
459821 709001
563562 710001
629307 711001
540430 712001
491164 713001
23280 714001
41581 715001
482014 716001
551576 717001
3368 718001
128309 719001
336584 720001
387132 721001
121276 722001
313054 723001
143812 724001
391291 725001
352478 726001
444821 727001
707118 728001
229628 729001
248855 730001
34285 731001
109463 732001
564721 733001
672647 734001
200689 735001
32071 736001
466440 737001
491998 738001
28715 739001
237839 740001
389496 741001
658165 742001
166858 743001
584094 744001
19592 745001
322758 746001
64082 747001
441700 748001
285907 749001
93590 750001
74135 751001
329522 752001
647886 753001
162656 754001
516725 755001
568597 756001
192864 757001
528559 758001
584940 759001
683379 760001
587491 761001
675486 762001
220136 763001
299219 764001
201792 765001
726782 766001
97270 767001
607808 768001
551129 769001
19839 770001
172938 771001
403617 772001
85193 773001
453767 774001
92093 775001
319390 776001
603302 777001
523315 778001
356582 779001
48344 780001
705855 781001
116780 782001
560426 783001
601644 784001
594241 785001
594323 786001
268425 787001
60881 788001
171926 789001
457423 790001
380756 791001
607645 792001
581232 793001
148742 794001
794956 795001
503469 796001
109235 797001
592593 798001
13884 799001
228546 800001
505625 801001
228485 802001
566121 803001
137672 804001
391077 805001
22727 806001
205111 807001
160349 808001
275909 809001
435956 810001
237807 811001
70919 812001
69936 813001
433530 814001
86247 815001
81309 816001
302695 817001
457673 818001
160543 819001
579915 820001
448644 821001
734855 822001
224912 823001
653529 824001
36648 825001
451455 826001
393589 827001
791689 828001
50177 829001
336328 830001
214241 831001
303213 832001
332027 833001
505062 834001
38022 835001
82752 836001
680629 837001
383861 838001
784800 839001
819163 840001
519924 841001
369753 842001
32594 843001
412245 844001
507752 845001
687390 846001
681042 847001
295648 848001
477196 849001
537718 850001
809963 851001
722190 852001
379690 853001
749398 854001
824581 855001
128348 856001
287874 857001
806735 858001
523654 859001
716358 860001
16774 861001
581775 862001
268217 863001
782938 864001
575308 865001
782420 866001
757224 867001
607646 868001
809201 869001
287659 870001
250519 871001
442023 872001
451498 873001
297973 874001
8049 875001
867009 876001
748990 877001
297906 878001
583728 879001
331316 880001
797579 881001
52607 882001
570595 883001
32266 884001
581383 885001
104857 886001
596440 887001
281573 888001
778466 889001
373345 890001
280283 891001
313723 892001
118281 893001
130230 894001
568246 895001
475405 896001
183976 897001
775836 898001
374435 899001
605629 900001
792089 901001
152450 902001
657474 903001
729405 904001
27420 905001
65110 906001
551836 907001
389671 908001
737347 909001
752427 910001
665153 911001
601640 912001
437198 913001
373056 914001
179540 915001
830582 916001
139042 917001
638985 918001
198664 919001
239966 920001
708494 921001
356559 922001
188639 923001
23466 924001
741326 925001
300493 926001
809141 927001
370178 928001
451302 929001
819475 930001
179733 931001
258473 932001
658438 933001
321185 934001
286347 935001
522355 936001
536465 937001
908858 938001
369782 939001
447643 940001
903103 941001
44231 942001
13146 943001
915457 944001
690139 945001
438512 946001
55996 947001
937618 948001
339117 949001
351258 950001
138971 951001
357143 952001
368931 953001
687528 954001
415833 955001
702806 956001
259901 957001
209613 958001
158229 959001
134055 960001
867213 961001
692366 962001
73203 963001
405976 964001
426060 965001
200691 966001
624136 967001
233575 968001
561336 969001
411607 970001
79309 971001
909868 972001
318142 973001
414201 974001
340032 975001
125483 976001
675440 977001
284189 978001
32675 979001
31860 980001
54601 981001
593244 982001
746818 983001
150783 984001
841705 985001
604701 986001
462115 987001
927518 988001
191327 989001
98101 990001
492403 991001
936054 992001
316196 993001
394979 994001
492712 995001
385341 996001
922685 997001
750220 998001
579660 999001
