100
18 797
61 840
4 783
16 795
28 807
98 877
27 806
48 827
73 852
81 860
3 782
31 810
82 861
59 838
43 822
64 843
10 789
91 870
97 876
60 839
51 830
7 786
100 879
22 801
32 811
67 846
65 844
56 835
69 848
80 859
93 872
99 878
15 794
57 836
52 831
29 808
30 809
53 832
90 869
20 799
44 823
85 864
37 816
39 818
12 791
94 873
77 856
13 792
35 814
9 788
5 784
66 845
75 854
45 824
54 833
6 785
19 798
38 817
58 837
14 793
2 781
46 825
8 787
24 803
50 829
62 841
84 863
63 842
36 815
92 871
88 867
49 828
68 847
25 804
17 796
72 851
11 790
87 866
23 802
42 821
21 800
70 849
74 853
26 805
83 862
95 874
40 819
34 813
96 875
41 820
78 857
47 826
89 868
71 850
76 855
55 834
1 780
33 812
86 865
79 858
