100
18 797
4675 5454
4 783
16 795
1566 2345
6250 7029
1565 2344
3124 3903
4687 5466
6233 7012
3 782
1569 2348
6234 7013
3135 3914
3119 3898
4678 5457
10 789
6243 7022
6249 7028
3136 3915
3127 3906
7 786
6252 7031
1560 2339
1570 2349
4681 5460
4679 5458
3132 3911
4683 5462
4694 5473
6245 7024
6251 7030
15 794
3133 3912
3128 3907
1567 2346
1568 2347
3129 3908
6242 7021
20 799
3120 3899
6237 7016
1575 2354
1577 2356
12 791
6246 7025
4691 5470
13 792
1573 2352
9 788
5 784
4680 5459
4689 5468
3121 3900
3130 3909
6 785
19 798
1576 2355
3134 3913
14 793
2 781
3122 3901
8 787
1562 2341
3126 3905
4676 5455
6236 7015
4677 5456
1574 2353
6244 7023
6240 7019
3125 3904
4682 5461
1563 2342
17 796
4686 5465
11 790
6239 7018
1561 2340
3118 3897
1559 2338
4684 5463
4688 5467
1564 2343
6235 7014
6247 7026
1578 2357
1572 2351
6248 7027
3117 3896
4692 5471
3123 3902
6241 7020
4685 5464
4690 5469
3131 3910
1 780
1571 2350
6238 7017
4693 5472
