100
1566 2345
9349 10128
4 783
1564 2343
3124 3903
14030 14809
3123 3902
6240 7019
10909 11688
12465 13244
3 782
4675 5454
12466 13245
7799 8578
6235 7014
9352 10131
10 789
14023 14802
14029 14808
7800 8579
7791 8570
7 786
14032 14811
3118 3897
4676 5455
9355 10134
9353 10132
7796 8575
9357 10136
10916 11695
14025 14804
14031 14810
1563 2342
7797 8576
7792 8571
3125 3904
3126 3905
7793 8572
12474 13253
1568 2347
6236 7015
12469 13248
4681 5460
4683 5462
1560 2339
14026 14805
10913 11692
1561 2340
4679 5458
9 788
5 784
9354 10133
10911 11690
6237 7016
7794 8573
6 785
1567 2346
4682 5461
7798 8577
1562 2341
2 781
6238 7017
8 787
3120 3899
6242 7021
9350 10129
12468 13247
9351 10130
4680 5459
14024 14803
12472 13251
6241 7020
9356 10135
3121 3900
1565 2344
10908 11687
1559 2338
12471 13250
3119 3898
6234 7013
3117 3896
9358 10137
10910 11689
3122 3901
12467 13246
14027 14806
4684 5463
4678 5457
14028 14807
6233 7012
10914 11693
6239 7018
12473 13252
10907 11686
10912 11691
7795 8574
1 780
4677 5456
12470 13249
10915 11694
