100
3120 3899
12469 13248
4 783
3118 3897
4681 5460
21816 22595
4680 5459
9354 10133
15583 16362
17143 17922
3 782
6235 7014
17144 17923
12467 13246
9349 10128
14023 14802
1561 2340
20257 21036
21815 22594
12468 13247
10908 11687
7 786
21818 22597
4675 5454
6236 7015
14026 14805
14024 14803
10913 11692
14028 14807
17142 17921
20259 21038
21817 22596
3117 3896
12465 13244
10909 11688
6233 7012
6234 7013
10910 11689
20256 21035
3122 3901
9350 10129
18699 19478
7792 8571
7794 8573
1563 2342
20260 21039
17139 17918
1564 2343
6239 7018
1560 2339
5 784
14025 14804
15585 16364
9351 10130
10911 11690
6 785
3121 3900
7793 8572
12466 13245
1565 2344
2 781
9352 10131
1559 2338
4677 5456
10907 11686
12470 13249
18698 19477
12471 13250
7791 8570
20258 21037
18702 19481
9355 10134
14027 14806
4678 5457
3119 3898
15582 16361
1562 2341
18701 19480
4676 5455
7797 8576
3123 3902
14029 14808
15584 16363
4679 5458
18697 19476
21813 22592
7795 8574
6238 7017
21814 22593
7796 8575
17140 17919
9353 10132
20255 21034
15581 16360
15586 16365
10912 11691
1 780
6237 7016
18700 19479
17141 17920
