100
4677 5456
18697 19476
4 783
4675 5454
7793 8572
29605 30384
7792 8571
14025 14804
21815 22594
24929 25708
3 782
9349 10128
24930 25709
17142 17921
12467 13246
18700 19479
1563 2342
28045 28824
29604 30383
17143 17922
15581 16360
1560 2339
29607 30386
6234 7013
9350 10129
20256 21035
18701 19480
17139 17918
20258 21037
23375 24154
28047 28826
29606 30385
3121 3900
17140 17919
15582 16361
7794 8573
7795 8574
15583 16362
26491 27270
4679 5458
12468 13247
24933 25712
10908 11687
10910 11689
3118 3897
28048 28827
23372 24151
3119 3898
9353 10132
1562 2341
5 784
20255 21034
21817 22596
12469 13248
15584 16363
1559 2338
4678 5457
10909 11688
17141 17920
3120 3899
2 781
14023 14802
1561 2340
6236 7015
14027 14806
18698 19477
24932 25711
18699 19478
10907 11686
28046 28825
26489 27268
14026 14805
20257 21036
6237 7016
4676 5455
21814 22593
3117 3896
26488 27267
6235 7014
12466 13245
6233 7012
20259 21038
21816 22595
7791 8570
24931 25710
28049 28828
10911 11690
9352 10131
29603 30382
12465 13244
23373 24152
14024 14803
26490 27269
21813 22592
23371 24150
15585 16364
1 780
9351 10130
26487 27266
23374 24153
