100
12466 13245
46741 47520
1560 2339
10908 11687
20256 21035
74786 75565
20255 21034
35836 36615
56089 56868
62321 63100
1559 2338
23371 24150
62322 63101
45183 45962
32719 33498
48300 49079
6234 7013
70111 70890
74785 75564
45184 45963
38951 39730
4675 5454
76344 77123
15582 16361
23372 24151
51415 52194
49857 50636
42068 42847
52973 53752
60764 61543
71669 72448
76343 77122
10907 11686
43625 44404
38952 39731
21813 22592
21814 22593
40509 41288
68554 69333
14024 14803
32720 33499
65437 66216
28045 28824
29603 30382
7792 8571
71670 72449
59205 59984
9349 10128
26487 27266
6233 7012
3117 3896
49858 50637
57647 58426
34277 35056
40510 41289
3118 3897
14023 14802
28046 28825
43626 44405
9350 10129
2 781
34278 35057
4676 5455
17140 17919
37394 38173
46742 47521
63880 64659
48299 49078
26488 27267
70112 70891
66996 67775
37393 38172
51416 52195
18697 19476
12465 13244
54532 55311
7791 8570
66995 67774
17139 17918
31162 31941
15581 16360
52974 53753
56090 56869
18698 19477
63879 64658
73227 74006
29604 30383
24930 25709
73228 74007
31161 31940
59206 59985
35835 36614
68553 69332
54531 55310
57648 58427
42067 42846
1 780
24929 25708
65438 66217
60763 61542
