100
24929 25708
91923 92702
3117 3896
21813 22592
40509 41288
149569 150348
38951 39730
71669 72448
110619 111398
123083 123862
1559 2338
45183 45962
124641 125420
88807 89586
63879 64658
96597 97376
12465 13244
138663 139442
148011 148790
90365 91144
76343 77122
7791 8570
152685 153464
31161 31940
46741 47520
101271 102050
98155 98934
84133 84912
104387 105166
121525 122304
141779 142558
151127 151906
20255 21034
85691 86470
77901 78680
42067 42846
43625 44404
79459 80238
137105 137884
28045 28824
65437 66216
129315 130094
54531 55310
57647 58426
15581 16360
143337 144116
116851 117630
17139 17918
51415 52194
10907 11686
4675 5454
99713 100492
113735 114514
66995 67774
81017 81796
6233 7012
26487 27266
56089 56868
87249 88028
18697 19476
2 781
68553 69332
9349 10128
34277 35056
74785 75564
93481 94260
127757 128536
95039 95818
52973 53752
140221 141000
133989 134768
73227 74006
102829 103608
35835 36614
23371 24150
109061 109840
14023 14802
132431 133210
32719 33498
62321 63100
29603 30382
105945 106724
112177 112956
37393 38172
126199 126978
144895 145674
59205 59984
49857 50636
146453 147232
60763 61542
118409 119188
70111 70890
135547 136326
107503 108282
115293 116072
82575 83354
1 780
48299 49078
130873 131652
119967 120746
