100
26487 27266
93481 94260
4675 5454
23371 24150
42067 42846
151127 151906
40509 41288
73227 74006
112177 112956
124641 125420
3117 3896
46741 47520
126199 126978
90365 91144
65437 66216
98155 98934
14023 14802
140221 141000
149569 150348
91923 92702
77901 78680
9349 10128
154243 155022
32719 33498
48299 49078
102829 103608
99713 100492
85691 86470
105945 106724
123083 123862
143337 144116
152685 153464
21813 22592
87249 88028
79459 80238
43625 44404
45183 45962
81017 81796
138663 139442
29603 30382
66995 67774
130873 131652
56089 56868
59205 59984
17139 17918
144895 145674
118409 119188
18697 19476
52973 53752
12465 13244
6233 7012
101271 102050
115293 116072
68553 69332
82575 83354
7791 8570
28045 28824
57647 58426
88807 89586
20255 21034
1559 2338
70111 70890
10907 11686
35835 36614
76343 77122
95039 95818
129315 130094
96597 97376
54531 55310
141779 142558
135547 136326
74785 75564
104387 105166
37393 38172
24929 25708
110619 111398
15581 16360
133989 134768
34277 35056
63879 64658
31161 31940
107503 108282
113735 114514
38951 39730
127757 128536
146453 147232
60763 61542
51415 52194
148011 148790
62321 63100
119967 120746
71669 72448
137105 137884
109061 109840
116851 117630
84133 84912
1 780
49857 50636
132431 133210
121525 122304
