1000
261 1040
573 1352
134 913
565 1344
360 1139
466 1245
829 1608
544 1323
260 1039
451 1230
427 1206
960 1739
458 1237
920 1699
798 1577
672 1451
326 1105
543 1322
720 1499
842 1621
108 887
673 1452
462 1241
281 1060
220 999
135 914
632 1411
239 1018
77 856
426 1205
418 1197
87 866
487 1266
93 872
49 828
645 1424
128 907
756 1535
322 1101
661 1440
190 969
422 1201
782 1561
307 1086
75 854
448 1227
554 1333
505 1284
818 1597
333 1112
483 1262
357 1136
400 1179
926 1705
879 1658
23 802
608 1387
69 848
213 992
895 1674
159 938
96 875
234 1013
101 880
328 1107
132 911
463 1242
455 1234
517 1296
433 1212
119 898
224 1003
810 1589
476 1255
336 1115
663 1442
886 1665
412 1191
615 1394
188 967
490 1269
820 1599
701 1480
805 1584
837 1616
846 1625
155 934
223 1002
270 1049
625 1404
17 796
331 1110
725 1504
840 1619
12 791
726 1505
606 1385
839 1618
651 1430
940 1719
180 959
283 1062
31 810
639 1418
51 830
965 1744
757 1536
371 1150
13 792
662 1441
313 1092
141 920
48 827
353 1132
9 788
467 1246
479 1258
778 1557
875 1654
867 1646
574 1353
644 1423
552 1331
695 1474
406 1185
287 1066
374 1153
850 1629
542 1321
36 815
669 1448
358 1137
384 1163
982 1761
927 1706
629 1408
456 1235
753 1532
506 1285
857 1636
147 926
942 1721
607 1386
732 1511
949 1728
211 990
592 1371
963 1742
178 957
519 1298
117 896
878 1657
799 1578
372 1151
391 1170
338 1117
168 947
139 918
243 1022
601 1380
900 1679
894 1673
998 1777
291 1070
449 1228
566 1345
612 1391
362 1141
631 1410
521 1300
680 1459
611 1390
729 1508
21 800
151 930
454 1233
649 1428
403 1182
98 877
621 1400
8 787
316 1095
930 1709
152 931
984 1763
288 1067
681 1460
715 1494
780 1559
289 1068
602 1381
60 839
791 1570
856 1635
37 816
570 1349
478 1257
402 1181
5 784
972 1751
944 1723
496 1275
898 1677
145 924
344 1123
759 1538
184 963
254 1033
845 1624
434 1213
425 1204
375 1154
627 1406
545 1324
712 1491
202 981
579 1358
444 1223
210 989
381 1160
319 1098
309 1088
784 1563
170 949
421 1200
614 1393
127 906
100 879
237 1016
748 1527
876 1655
286 1065
395 1174
431 1210
337 1116
863 1642
887 1666
697 1476
907 1686
682 1461
620 1399
534 1313
265 1044
994 1773
182 961
332 1111
144 923
968 1747
678 1457
498 1277
827 1606
674 1453
320 1099
891 1670
194 973
739 1518
20 799
80 859
951 1730
446 1225
233 1012
622 1401
481 1260
584 1363
161 940
292 1071
111 890
6 785
436 1215
722 1501
494 1273
598 1377
743 1522
396 1175
675 1454
486 1265
83 862
204 983
201 980
203 982
171 950
143 922
668 1447
906 1685
806 1585
482 1261
841 1620
339 1118
825 1604
29 808
268 1047
512 1291
18 797
343 1122
522 1301
162 941
532 1311
533 1312
15 794
122 901
667 1446
866 1645
311 1090
572 1351
623 1402
797 1576
272 1051
921 1700
103 882
814 1593
734 1513
38 817
730 1509
957 1736
794 1573
306 1085
785 1564
836 1615
955 1734
53 832
688 1467
310 1089
593 1372
981 1760
786 1565
130 909
45 824
472 1251
308 1087
527 1306
240 1019
777 1556
705 1484
536 1315
655 1434
325 1104
997 1776
861 1640
397 1176
520 1299
61 840
452 1231
399 1178
670 1449
628 1407
56 835
140 919
817 1596
495 1274
423 1202
356 1135
218 997
763 1542
595 1374
22 801
64 843
113 892
222 1001
488 1267
474 1253
526 1305
138 917
535 1314
641 1420
652 1431
646 1425
206 985
665 1444
10 789
860 1639
150 929
610 1389
348 1127
671 1450
408 1187
935 1714
263 1042
387 1166
30 809
258 1037
195 974
355 1134
773 1552
617 1396
485 1264
936 1715
160 939
112 891
484 1263
104 883
441 1220
518 1297
943 1722
924 1703
996 1775
324 1103
904 1683
530 1309
419 1198
393 1172
945 1724
590 1369
300 1079
405 1184
577 1356
733 1512
193 972
116 895
383 1162
883 1662
835 1614
918 1697
63 842
881 1660
549 1328
146 925
618 1397
975 1754
567 1346
559 1338
7 786
305 1084
280 1059
377 1156
327 1106
114 893
553 1332
630 1409
740 1519
142 921
1000 1779
677 1456
528 1307
174 953
700 1479
650 1429
390 1169
464 1243
19 798
504 1283
321 1100
807 1586
149 928
624 1403
793 1572
175 954
50 829
813 1592
347 1126
889 1668
922 1701
838 1617
442 1221
428 1207
329 1108
723 1502
589 1368
686 1465
977 1756
990 1769
702 1481
575 1354
640 1419
189 968
394 1173
42 821
437 1216
199 978
417 1196
227 1006
11 790
576 1355
301 1080
277 1056
999 1778
986 1765
323 1102
587 1366
123 902
247 1026
253 1032
215 994
555 1334
262 1041
158 937
660 1439
515 1294
719 1498
771 1550
638 1417
556 1335
954 1733
126 905
334 1113
57 836
914 1693
414 1193
744 1523
232 1011
157 936
465 1244
704 1483
929 1708
980 1759
229 1008
209 988
79 858
539 1318
902 1681
125 904
892 1671
988 1767
85 864
276 1055
41 820
823 1602
164 943
416 1195
789 1568
293 1072
952 1731
911 1690
470 1249
385 1164
775 1554
235 1014
59 838
109 888
176 955
99 878
928 1707
468 1247
958 1737
74 853
212 991
231 1010
869 1648
746 1525
910 1689
643 1422
647 1426
404 1183
964 1743
568 1347
736 1515
443 1222
205 984
148 927
946 1725
28 807
800 1579
267 1046
713 1492
745 1524
507 1286
811 1590
26 805
290 1069
65 844
978 1757
66 845
94 873
758 1537
450 1229
429 1208
882 1661
919 1698
16 795
915 1694
909 1688
832 1611
979 1758
124 903
974 1753
256 1035
772 1551
600 1379
196 975
685 1464
460 1239
424 1203
524 1303
987 1766
755 1534
131 910
684 1463
939 1718
177 956
172 951
596 1375
973 1752
750 1529
727 1506
683 1462
477 1256
269 1048
992 1771
888 1667
938 1717
92 871
208 987
931 1710
133 912
687 1466
578 1357
885 1664
970 1749
497 1276
550 1329
89 868
361 1140
707 1486
318 1097
225 1004
35 814
392 1171
4 783
516 1295
609 1388
264 1043
586 1365
767 1546
314 1093
852 1631
121 900
118 897
971 1750
803 1582
153 932
779 1558
90 869
995 1774
699 1478
541 1320
513 1292
251 1030
491 1270
274 1053
594 1373
636 1415
548 1327
874 1653
969 1748
831 1610
962 1741
634 1413
870 1649
604 1383
369 1148
40 819
373 1152
350 1129
401 1180
953 1732
95 874
315 1094
279 1058
228 1007
540 1319
469 1248
816 1595
792 1571
764 1543
341 1120
551 1330
349 1128
790 1569
91 870
67 846
658 1437
531 1310
766 1545
54 833
191 970
558 1337
489 1268
642 1421
884 1663
830 1609
102 881
703 1482
774 1553
569 1348
966 1745
214 993
812 1591
78 857
129 908
317 1096
635 1414
480 1259
52 831
380 1159
937 1716
580 1359
561 1340
571 1350
459 1238
297 1076
724 1503
43 822
788 1567
509 1288
597 1376
226 1005
854 1633
776 1555
415 1194
747 1526
461 1240
873 1652
976 1755
822 1601
864 1643
858 1637
735 1514
819 1598
249 1028
378 1157
653 1432
781 1560
445 1224
656 1435
648 1427
710 1489
868 1647
364 1143
546 1325
862 1641
410 1189
903 1682
872 1651
303 1082
896 1675
562 1341
616 1395
899 1678
304 1083
2 781
345 1124
447 1226
796 1575
299 1078
588 1367
768 1547
39 818
346 1125
230 1009
950 1729
514 1293
137 916
76 855
826 1605
525 1304
834 1613
259 1038
989 1768
97 876
471 1250
591 1370
187 966
557 1336
386 1165
538 1317
165 944
502 1281
599 1378
266 1045
246 1025
865 1644
908 1687
179 958
285 1064
708 1487
273 1052
666 1445
376 1155
871 1650
27 806
877 1656
492 1271
166 945
370 1149
389 1168
107 886
721 1500
770 1549
637 1416
737 1516
760 1539
804 1583
238 1017
738 1517
340 1119
207 986
44 823
169 948
302 1081
409 1188
933 1712
934 1713
657 1436
379 1158
411 1190
698 1477
278 1057
880 1659
848 1627
241 1020
173 952
769 1548
787 1566
200 979
664 1443
510 1289
192 971
581 1360
613 1392
435 1214
398 1177
802 1581
25 804
563 1342
711 1490
833 1612
167 946
849 1628
941 1720
440 1219
741 1520
696 1475
783 1562
761 1540
475 1254
901 1680
905 1684
82 861
619 1398
368 1147
420 1199
912 1691
432 1211
58 837
330 1109
897 1676
236 1015
821 1600
105 884
3 782
585 1364
70 849
221 1000
181 960
654 1433
859 1638
751 1530
156 935
382 1161
983 1762
388 1167
916 1695
244 1023
271 1050
248 1027
84 863
560 1339
503 1282
801 1580
603 1382
731 1510
890 1669
795 1574
511 1290
709 1488
252 1031
163 942
828 1607
363 1142
367 1146
186 965
932 1711
583 1362
106 885
693 1472
46 825
284 1063
1 780
501 1280
430 1209
24 803
913 1692
439 1218
219 998
438 1217
499 1278
762 1541
32 811
956 1735
413 1192
742 1521
217 996
691 1470
335 1114
275 1054
923 1702
679 1458
692 1471
959 1738
185 964
605 1384
81 860
242 1021
295 1074
991 1770
925 1704
359 1138
948 1727
564 1343
716 1495
312 1091
752 1531
843 1622
626 1405
717 1496
824 1603
547 1326
120 899
245 1024
947 1726
197 976
110 889
967 1746
365 1144
694 1473
582 1361
659 1438
294 1073
961 1740
255 1034
14 793
706 1485
366 1145
136 915
728 1507
690 1469
86 865
457 1236
508 1287
62 841
754 1533
855 1634
500 1279
154 933
453 1232
352 1131
73 852
676 1455
815 1594
985 1764
633 1412
250 1029
689 1468
216 995
68 847
537 1316
351 1130
529 1308
72 851
493 1272
765 1544
523 1302
88 867
808 1587
853 1632
407 1186
749 1528
298 1077
917 1696
198 977
714 1493
282 1061
851 1630
993 1772
296 1075
34 813
115 894
55 834
809 1588
718 1497
47 826
473 1252
71 850
844 1623
354 1133
183 962
257 1036
33 812
893 1672
342 1121
847 1626
