1000
261 10264
20079 30082
134 10137
20071 30074
360 10363
466 10469
20335 30338
20050 30053
260 10263
451 10454
427 10430
20466 30469
458 10461
20426 30429
20304 30307
20178 30181
326 10329
20049 30052
20226 30229
20348 30351
108 10111
20179 30182
462 10465
281 10284
220 10223
135 10138
20138 30141
239 10242
77 10080
426 10429
418 10421
87 10090
487 10490
93 10096
49 10052
20151 30154
128 10131
20262 30265
322 10325
20167 30170
190 10193
422 10425
20288 30291
307 10310
75 10078
448 10451
20060 30063
20011 30014
20324 30327
333 10336
483 10486
357 10360
400 10403
20432 30435
20385 30388
23 10026
20114 30117
69 10072
213 10216
20401 30404
159 10162
96 10099
234 10237
101 10104
328 10331
132 10135
463 10466
455 10458
20023 30026
433 10436
119 10122
224 10227
20316 30319
476 10479
336 10339
20169 30172
20392 30395
412 10415
20121 30124
188 10191
490 10493
20326 30329
20207 30210
20311 30314
20343 30346
20352 30355
155 10158
223 10226
270 10273
20131 30134
17 10020
331 10334
20231 30234
20346 30349
12 10015
20232 30235
20112 30115
20345 30348
20157 30160
20446 30449
180 10183
283 10286
31 10034
20145 30148
51 10054
20471 30474
20263 30266
371 10374
13 10016
20168 30171
313 10316
141 10144
48 10051
353 10356
9 10012
467 10470
479 10482
20284 30287
20381 30384
20373 30376
20080 30083
20150 30153
20058 30061
20201 30204
406 10409
287 10290
374 10377
20356 30359
20048 30051
36 10039
20175 30178
358 10361
384 10387
20488 30491
20433 30436
20135 30138
456 10459
20259 30262
20012 30015
20363 30366
147 10150
20448 30451
20113 30116
20238 30241
20455 30458
211 10214
20098 30101
20469 30472
178 10181
20025 30028
117 10120
20384 30387
20305 30308
372 10375
391 10394
338 10341
168 10171
139 10142
243 10246
20107 30110
20406 30409
20400 30403
20504 30507
291 10294
449 10452
20072 30075
20118 30121
362 10365
20137 30140
20027 30030
20186 30189
20117 30120
20235 30238
21 10024
151 10154
454 10457
20155 30158
403 10406
98 10101
20127 30130
8 10011
316 10319
20436 30439
152 10155
20490 30493
288 10291
20187 30190
20221 30224
20286 30289
289 10292
20108 30111
60 10063
20297 30300
20362 30365
37 10040
20076 30079
478 10481
402 10405
5 10008
20478 30481
20450 30453
496 10499
20404 30407
145 10148
344 10347
20265 30268
184 10187
254 10257
20351 30354
434 10437
425 10428
375 10378
20133 30136
20051 30054
20218 30221
202 10205
20085 30088
444 10447
210 10213
381 10384
319 10322
309 10312
20290 30293
170 10173
421 10424
20120 30123
127 10130
100 10103
237 10240
20254 30257
20382 30385
286 10289
395 10398
431 10434
337 10340
20369 30372
20393 30396
20203 30206
20413 30416
20188 30191
20126 30129
20040 30043
265 10268
20500 30503
182 10185
332 10335
144 10147
20474 30477
20184 30187
498 10501
20333 30336
20180 30183
320 10323
20397 30400
194 10197
20245 30248
20 10023
80 10083
20457 30460
446 10449
233 10236
20128 30131
481 10484
20090 30093
161 10164
292 10295
111 10114
6 10009
436 10439
20228 30231
494 10497
20104 30107
20249 30252
396 10399
20181 30184
486 10489
83 10086
204 10207
201 10204
203 10206
171 10174
143 10146
20174 30177
20412 30415
20312 30315
482 10485
20347 30350
339 10342
20331 30334
29 10032
268 10271
20018 30021
18 10021
343 10346
20028 30031
162 10165
20038 30041
20039 30042
15 10018
122 10125
20173 30176
20372 30375
311 10314
20078 30081
20129 30132
20303 30306
272 10275
20427 30430
103 10106
20320 30323
20240 30243
38 10041
20236 30239
20463 30466
20300 30303
306 10309
20291 30294
20342 30345
20461 30464
53 10056
20194 30197
310 10313
20099 30102
20487 30490
20292 30295
130 10133
45 10048
472 10475
308 10311
20033 30036
240 10243
20283 30286
20211 30214
20042 30045
20161 30164
325 10328
20503 30506
20367 30370
397 10400
20026 30029
61 10064
452 10455
399 10402
20176 30179
20134 30137
56 10059
140 10143
20323 30326
495 10498
423 10426
356 10359
218 10221
20269 30272
20101 30104
22 10025
64 10067
113 10116
222 10225
488 10491
474 10477
20032 30035
138 10141
20041 30044
20147 30150
20158 30161
20152 30155
206 10209
20171 30174
10 10013
20366 30369
150 10153
20116 30119
348 10351
20177 30180
408 10411
20441 30444
263 10266
387 10390
30 10033
258 10261
195 10198
355 10358
20279 30282
20123 30126
485 10488
20442 30445
160 10163
112 10115
484 10487
104 10107
441 10444
20024 30027
20449 30452
20430 30433
20502 30505
324 10327
20410 30413
20036 30039
419 10422
393 10396
20451 30454
20096 30099
300 10303
405 10408
20083 30086
20239 30242
193 10196
116 10119
383 10386
20389 30392
20341 30344
20424 30427
63 10066
20387 30390
20055 30058
146 10149
20124 30127
20481 30484
20073 30076
20065 30068
7 10010
305 10308
280 10283
377 10380
327 10330
114 10117
20059 30062
20136 30139
20246 30249
142 10145
20506 30509
20183 30186
20034 30037
174 10177
20206 30209
20156 30159
390 10393
464 10467
19 10022
20010 30013
321 10324
20313 30316
149 10152
20130 30133
20299 30302
175 10178
50 10053
20319 30322
347 10350
20395 30398
20428 30431
20344 30347
442 10445
428 10431
329 10332
20229 30232
20095 30098
20192 30195
20483 30486
20496 30499
20208 30211
20081 30084
20146 30149
189 10192
394 10397
42 10045
437 10440
199 10202
417 10420
227 10230
11 10014
20082 30085
301 10304
277 10280
20505 30508
20492 30495
323 10326
20093 30096
123 10126
247 10250
253 10256
215 10218
20061 30064
262 10265
158 10161
20166 30169
20021 30024
20225 30228
20277 30280
20144 30147
20062 30065
20460 30463
126 10129
334 10337
57 10060
20420 30423
414 10417
20250 30253
232 10235
157 10160
465 10468
20210 30213
20435 30438
20486 30489
229 10232
209 10212
79 10082
20045 30048
20408 30411
125 10128
20398 30401
20494 30497
85 10088
276 10279
41 10044
20329 30332
164 10167
416 10419
20295 30298
293 10296
20458 30461
20417 30420
470 10473
385 10388
20281 30284
235 10238
59 10062
109 10112
176 10179
99 10102
20434 30437
468 10471
20464 30467
74 10077
212 10215
231 10234
20375 30378
20252 30255
20416 30419
20149 30152
20153 30156
404 10407
20470 30473
20074 30077
20242 30245
443 10446
205 10208
148 10151
20452 30455
28 10031
20306 30309
267 10270
20219 30222
20251 30254
20013 30016
20317 30320
26 10029
290 10293
65 10068
20484 30487
66 10069
94 10097
20264 30267
450 10453
429 10432
20388 30391
20425 30428
16 10019
20421 30424
20415 30418
20338 30341
20485 30488
124 10127
20480 30483
256 10259
20278 30281
20106 30109
196 10199
20191 30194
460 10463
424 10427
20030 30033
20493 30496
20261 30264
131 10134
20190 30193
20445 30448
177 10180
172 10175
20102 30105
20479 30482
20256 30259
20233 30236
20189 30192
477 10480
269 10272
20498 30501
20394 30397
20444 30447
92 10095
208 10211
20437 30440
133 10136
20193 30196
20084 30087
20391 30394
20476 30479
497 10500
20056 30059
89 10092
361 10364
20213 30216
318 10321
225 10228
35 10038
392 10395
4 10007
20022 30025
20115 30118
264 10267
20092 30095
20273 30276
314 10317
20358 30361
121 10124
118 10121
20477 30480
20309 30312
153 10156
20285 30288
90 10093
20501 30504
20205 30208
20047 30050
20019 30022
251 10254
491 10494
274 10277
20100 30103
20142 30145
20054 30057
20380 30383
20475 30478
20337 30340
20468 30471
20140 30143
20376 30379
20110 30113
369 10372
40 10043
373 10376
350 10353
401 10404
20459 30462
95 10098
315 10318
279 10282
228 10231
20046 30049
469 10472
20322 30325
20298 30301
20270 30273
341 10344
20057 30060
349 10352
20296 30299
91 10094
67 10070
20164 30167
20037 30040
20272 30275
54 10057
191 10194
20064 30067
489 10492
20148 30151
20390 30393
20336 30339
102 10105
20209 30212
20280 30283
20075 30078
20472 30475
214 10217
20318 30321
78 10081
129 10132
317 10320
20141 30144
480 10483
52 10055
380 10383
20443 30446
20086 30089
20067 30070
20077 30080
459 10462
297 10300
20230 30233
43 10046
20294 30297
20015 30018
20103 30106
226 10229
20360 30363
20282 30285
415 10418
20253 30256
461 10464
20379 30382
20482 30485
20328 30331
20370 30373
20364 30367
20241 30244
20325 30328
249 10252
378 10381
20159 30162
20287 30290
445 10448
20162 30165
20154 30157
20216 30219
20374 30377
364 10367
20052 30055
20368 30371
410 10413
20409 30412
20378 30381
303 10306
20402 30405
20068 30071
20122 30125
20405 30408
304 10307
2 10005
345 10348
447 10450
20302 30305
299 10302
20094 30097
20274 30277
39 10042
346 10349
230 10233
20456 30459
20020 30023
137 10140
76 10079
20332 30335
20031 30034
20340 30343
259 10262
20495 30498
97 10100
471 10474
20097 30100
187 10190
20063 30066
386 10389
20044 30047
165 10168
20008 30011
20105 30108
266 10269
246 10249
20371 30374
20414 30417
179 10182
285 10288
20214 30217
273 10276
20172 30175
376 10379
20377 30380
27 10030
20383 30386
492 10495
166 10169
370 10373
389 10392
107 10110
20227 30230
20276 30279
20143 30146
20243 30246
20266 30269
20310 30313
238 10241
20244 30247
340 10343
207 10210
44 10047
169 10172
302 10305
409 10412
20439 30442
20440 30443
20163 30166
379 10382
411 10414
20204 30207
278 10281
20386 30389
20354 30357
241 10244
173 10176
20275 30278
20293 30296
200 10203
20170 30173
20016 30019
192 10195
20087 30090
20119 30122
435 10438
398 10401
20308 30311
25 10028
20069 30072
20217 30220
20339 30342
167 10170
20355 30358
20447 30450
440 10443
20247 30250
20202 30205
20289 30292
20267 30270
475 10478
20407 30410
20411 30414
82 10085
20125 30128
368 10371
420 10423
20418 30421
432 10435
58 10061
330 10333
20403 30406
236 10239
20327 30330
105 10108
3 10006
20091 30094
70 10073
221 10224
181 10184
20160 30163
20365 30368
20257 30260
156 10159
382 10385
20489 30492
388 10391
20422 30425
244 10247
271 10274
248 10251
84 10087
20066 30069
20009 30012
20307 30310
20109 30112
20237 30240
20396 30399
20301 30304
20017 30020
20215 30218
252 10255
163 10166
20334 30337
363 10366
367 10370
186 10189
20438 30441
20089 30092
106 10109
20199 30202
46 10049
284 10287
1 10004
20007 30010
430 10433
24 10027
20419 30422
439 10442
219 10222
438 10441
499 10502
20268 30271
32 10035
20462 30465
413 10416
20248 30251
217 10220
20197 30200
335 10338
275 10278
20429 30432
20185 30188
20198 30201
20465 30468
185 10188
20111 30114
81 10084
242 10245
295 10298
20497 30500
20431 30434
359 10362
20454 30457
20070 30073
20222 30225
312 10315
20258 30261
20349 30352
20132 30135
20223 30226
20330 30333
20053 30056
120 10123
245 10248
20453 30456
197 10200
110 10113
20473 30476
365 10368
20200 30203
20088 30091
20165 30168
294 10297
20467 30470
255 10258
14 10017
20212 30215
366 10369
136 10139
20234 30237
20196 30199
86 10089
457 10460
20014 30017
62 10065
20260 30263
20361 30364
500 10503
154 10157
453 10456
352 10355
73 10076
20182 30185
20321 30324
20491 30494
20139 30142
250 10253
20195 30198
216 10219
68 10071
20043 30046
351 10354
20035 30038
72 10075
493 10496
20271 30274
20029 30032
88 10091
20314 30317
20359 30362
407 10410
20255 30258
298 10301
20423 30426
198 10201
20220 30223
282 10285
20357 30360
20499 30502
296 10299
34 10037
115 10118
55 10058
20315 30318
20224 30227
47 10050
473 10476
71 10074
20350 30353
354 10357
183 10186
257 10260
33 10036
20399 30402
342 10345
20353 30356
