256
179 186
188 195
4 11
135 142
67 74
21 28
233 240
7 14
140 147
225 232
230 237
208 215
31 38
218 225
210 217
245 252
99 106
30 37
18 25
196 203
204 211
59 66
139 146
63 70
8 15
77 84
143 150
235 242
36 43
20 27
43 50
243 250
57 64
141 148
108 115
229 236
128 135
152 159
65 72
49 56
228 235
122 129
78 85
150 157
50 57
129 136
9 16
12 19
119 126
13 20
222 229
195 202
146 153
16 23
153 160
131 138
254 261
80 87
102 109
130 137
104 111
250 257
90 97
23 30
10 17
113 120
160 167
29 36
223 230
127 134
231 238
237 244
166 173
137 144
238 245
163 170
6 13
61 68
236 243
5 12
242 249
2 9
92 99
174 181
44 51
244 251
144 151
185 192
116 123
54 61
161 168
247 254
199 206
22 29
209 216
133 140
45 52
37 44
221 228
97 104
175 182
100 107
214 221
227 234
168 175
211 218
64 71
69 76
118 125
123 130
117 124
203 210
251 258
158 165
180 187
224 231
51 58
189 196
170 177
138 145
66 73
124 131
101 108
186 193
234 241
220 227
155 162
89 96
176 183
82 89
159 166
232 239
58 65
74 81
171 178
53 60
212 219
3 10
172 179
200 207
94 101
142 149
145 152
126 133
239 246
132 139
134 141
187 194
15 22
84 91
112 119
48 55
253 260
105 112
91 98
169 176
27 34
60 67
107 114
111 118
213 220
248 255
106 113
173 180
46 53
28 35
252 259
156 163
24 31
184 191
32 39
215 222
157 164
256 263
19 26
192 199
181 188
219 226
93 100
81 88
167 174
148 155
207 214
39 46
165 172
190 197
103 110
52 59
162 169
193 200
75 82
114 121
56 63
35 42
120 127
205 212
226 233
109 116
182 189
70 77
147 154
38 45
14 21
194 201
110 117
136 143
178 185
255 262
201 208
62 69
87 94
154 161
197 204
96 103
73 80
191 198
164 171
246 253
241 248
121 128
177 184
216 223
68 75
25 32
95 102
17 24
72 79
11 18
88 95
240 247
85 92
151 158
42 49
149 156
198 205
202 209
26 33
83 90
249 256
40 47
34 41
115 122
55 62
41 48
206 213
47 54
217 224
71 78
76 83
98 105
183 190
1 8
33 40
125 132
86 93
79 86
