1000
20067 30070
40185 50188
134 10137
40177 50180
20166 30169
40078 50081
80053 90056
40156 50159
20066 30069
40063 50066
40039 50042
80184 90187
40070 50073
80144 90147
60216 70219
60090 70093
20132 30135
40155 50158
60138 70141
80066 90069
108 10111
60091 70094
40074 50077
20087 30090
20026 30029
135 10138
60050 70053
20045 30048
77 10080
40038 50041
40030 50033
87 10090
40099 50102
93 10096
49 10052
60063 70066
128 10131
60174 70177
20128 30131
60079 70082
190 10193
40034 50037
60200 70203
20113 30116
75 10078
40060 50063
40166 50169
40117 50120
80042 90045
20139 30142
40095 50098
20163 30166
20206 30209
80150 90153
80103 90106
23 10026
60026 70029
69 10072
20019 30022
80119 90122
159 10162
96 10099
20040 30043
101 10104
20134 30137
132 10135
40075 50078
40067 50070
40129 50132
40045 50048
119 10122
20030 30033
80034 90037
40088 50091
20142 30145
60081 70084
80110 90113
40024 50027
60033 70036
188 10191
40102 50105
80044 90047
60119 70122
80029 90032
80061 90064
80070 90073
155 10158
20029 30032
20076 30079
60043 70046
17 10020
20137 30140
60143 70146
80064 90067
12 10015
60144 70147
60024 70027
80063 90066
60069 70072
80164 90167
180 10183
20089 30092
31 10034
60057 70060
51 10054
80189 90192
60175 70178
20177 30180
13 10016
60080 70083
20119 30122
141 10144
48 10051
20159 30162
9 10012
40079 50082
40091 50094
60196 70199
80099 90102
80091 90094
40186 50189
60062 70065
40164 50167
60113 70116
40018 50021
20093 30096
20180 30183
80074 90077
40154 50157
36 10039
60087 70090
20164 30167
20190 30193
80206 90209
80151 90154
60047 70050
40068 50071
60171 70174
40118 50121
80081 90084
147 10150
80166 90169
60025 70028
60150 70153
80173 90176
20017 30020
40204 50207
80187 90190
178 10181
40131 50134
117 10120
80102 90105
60217 70220
20178 30181
20197 30200
20144 30147
168 10171
139 10142
20049 30052
60019 70022
80124 90127
80118 90121
80222 90225
20097 30100
40061 50064
40178 50181
60030 70033
20168 30171
60049 70052
40133 50136
60098 70101
60029 70032
60147 70150
21 10024
151 10154
40066 50069
60067 70070
40015 50018
98 10101
60039 70042
8 10011
20122 30125
80154 90157
152 10155
80208 90211
20094 30097
60099 70102
60133 70136
60198 70201
20095 30098
60020 70023
60 10063
60209 70212
80080 90083
37 10040
40182 50185
40090 50093
40014 50017
5 10008
80196 90199
80168 90171
40108 50111
80122 90125
145 10148
20150 30153
60177 70180
184 10187
20060 30063
80069 90072
40046 50049
40037 50040
20181 30184
60045 70048
40157 50160
60130 70133
20008 30011
40191 50194
40056 50059
20016 30019
20187 30190
20125 30128
20115 30118
60202 70205
170 10173
40033 50036
60032 70035
127 10130
100 10103
20043 30046
60166 70169
80100 90103
20092 30095
20201 30204
40043 50046
20143 30146
80087 90090
80111 90114
60115 70118
80131 90134
60100 70103
60038 70041
40146 50149
20071 30074
80218 90221
182 10185
20138 30141
144 10147
80192 90195
60096 70099
40110 50113
80051 90054
60092 70095
20126 30129
80115 90118
194 10197
60157 70160
20 10023
80 10083
80175 90178
40058 50061
20039 30042
60040 70043
40093 50096
40196 50199
161 10164
20098 30101
111 10114
6 10009
40048 50051
60140 70143
40106 50109
40210 50213
60161 70164
20202 30205
60093 70096
40098 50101
83 10086
20010 30013
20007 30010
20009 30012
171 10174
143 10146
60086 70089
80130 90133
80030 90033
40094 50097
80065 90068
20145 30148
80049 90052
29 10032
20074 30077
40124 50127
18 10021
20149 30152
40134 50137
162 10165
40144 50147
40145 50148
15 10018
122 10125
60085 70088
80090 90093
20117 30120
40184 50187
60041 70044
60215 70218
20078 30081
80145 90148
103 10106
80038 90041
60152 70155
38 10041
60148 70151
80181 90184
60212 70215
20112 30115
60203 70206
80060 90063
80179 90182
53 10056
60106 70109
20116 30119
40205 50208
80205 90208
60204 70207
130 10133
45 10048
40084 50087
20114 30117
40139 50142
20046 30049
60195 70198
60123 70126
40148 50151
60073 70076
20131 30134
80221 90224
80085 90088
20203 30206
40132 50135
61 10064
40064 50067
20205 30208
60088 70091
60046 70049
56 10059
140 10143
80041 90044
40107 50110
40035 50038
20162 30165
20024 30027
60181 70184
40207 50210
22 10025
64 10067
113 10116
20028 30031
40100 50103
40086 50089
40138 50141
138 10141
40147 50150
60059 70062
60070 70073
60064 70067
20012 30015
60083 70086
10 10013
80084 90087
150 10153
60028 70031
20154 30157
60089 70092
40020 50023
80159 90162
20069 30072
20193 30196
30 10033
20064 30067
195 10198
20161 30164
60191 70194
60035 70038
40097 50100
80160 90163
160 10163
112 10115
40096 50099
104 10107
40053 50056
40130 50133
80167 90170
80148 90151
80220 90223
20130 30133
80128 90131
40142 50145
40031 50034
20199 30202
80169 90172
40202 50205
20106 30109
40017 50020
40189 50192
60151 70154
193 10196
116 10119
20189 30192
80107 90110
80059 90062
80142 90145
63 10066
80105 90108
40161 50164
146 10149
60036 70039
80199 90202
40179 50182
40171 50174
7 10010
20111 30114
20086 30089
20183 30186
20133 30136
114 10117
40165 50168
60048 70051
60158 70161
142 10145
80224 90227
60095 70098
40140 50143
174 10177
60118 70121
60068 70071
20196 30199
40076 50079
19 10022
40116 50119
20127 30130
80031 90034
149 10152
60042 70045
60211 70214
175 10178
50 10053
80037 90040
20153 30156
80113 90116
80146 90149
80062 90065
40054 50057
40040 50043
20135 30138
60141 70144
40201 50204
60104 70107
80201 90204
80214 90217
60120 70123
40187 50190
60058 70061
189 10192
20200 30203
42 10045
40049 50052
199 10202
40029 50032
20033 30036
11 10014
40188 50191
20107 30110
20083 30086
80223 90226
80210 90213
20129 30132
40199 50202
123 10126
20053 30056
20059 30062
20021 30024
40167 50170
20068 30071
158 10161
60078 70081
40127 50130
60137 70140
60189 70192
60056 70059
40168 50171
80178 90181
126 10129
20140 30143
57 10060
80138 90141
40026 50029
60162 70165
20038 30041
157 10160
40077 50080
60122 70125
80153 90156
80204 90207
20035 30038
20015 30018
79 10082
40151 50154
80126 90129
125 10128
80116 90119
80212 90215
85 10088
20082 30085
41 10044
80047 90050
164 10167
40028 50031
60207 70210
20099 30102
80176 90179
80135 90138
40082 50085
20191 30194
60193 70196
20041 30044
59 10062
109 10112
176 10179
99 10102
80152 90155
40080 50083
80182 90185
74 10077
20018 30021
20037 30040
80093 90096
60164 70167
80134 90137
60061 70064
60065 70068
40016 50019
80188 90191
40180 50183
60154 70157
40055 50058
20011 30014
148 10151
80170 90173
28 10031
60218 70221
20073 30076
60131 70134
60163 70166
40119 50122
80035 90038
26 10029
20096 30099
65 10068
80202 90205
66 10069
94 10097
60176 70179
40062 50065
40041 50044
80106 90109
80143 90146
16 10019
80139 90142
80133 90136
80056 90059
80203 90206
124 10127
80198 90201
20062 30065
60190 70193
40212 50215
196 10199
60103 70106
40072 50075
40036 50039
40136 50139
80211 90214
60173 70176
131 10134
60102 70105
80163 90166
177 10180
172 10175
40208 50211
80197 90200
60168 70171
60145 70148
60101 70104
40089 50092
20075 30078
80216 90219
80112 90115
80162 90165
92 10095
20014 30017
80155 90158
133 10136
60105 70108
40190 50193
80109 90112
80194 90197
40109 50112
40162 50165
89 10092
20167 30170
60125 70128
20124 30127
20031 30034
35 10038
20198 30201
4 10007
40128 50131
60027 70030
20070 30073
40198 50201
60185 70188
20120 30123
80076 90079
121 10124
118 10121
80195 90198
80027 90030
153 10156
60197 70200
90 10093
80219 90222
60117 70120
40153 50156
40125 50128
20057 30060
40103 50106
20080 30083
40206 50209
60054 70057
40160 50163
80098 90101
80193 90196
80055 90058
80186 90189
60052 70055
80094 90097
60022 70025
20175 30178
40 10043
20179 30182
20156 30159
40013 50016
80177 90180
95 10098
20121 30124
20085 30088
20034 30037
40152 50155
40081 50084
80040 90043
60210 70213
60182 70185
20147 30150
40163 50166
20155 30158
60208 70211
91 10094
67 10070
60076 70079
40143 50146
60184 70187
54 10057
191 10194
40170 50173
40101 50104
60060 70063
80108 90111
80054 90057
102 10105
60121 70124
60192 70195
40181 50184
80190 90193
20020 30023
80036 90039
78 10081
129 10132
20123 30126
60053 70056
40092 50095
52 10055
20186 30189
80161 90164
40192 50195
40173 50176
40183 50186
40071 50074
20103 30106
60142 70145
43 10046
60206 70209
40121 50124
40209 50212
20032 30035
80078 90081
60194 70197
40027 50030
60165 70168
40073 50076
80097 90100
80200 90203
80046 90049
80088 90091
80082 90085
60153 70156
80043 90046
20055 30058
20184 30187
60071 70074
60199 70202
40057 50060
60074 70077
60066 70069
60128 70131
80092 90095
20170 30173
40158 50161
80086 90089
40022 50025
80127 90130
80096 90099
20109 30112
80120 90123
40174 50177
60034 70037
80123 90126
20110 30113
2 10005
20151 30154
40059 50062
60214 70217
20105 30108
40200 50203
60186 70189
39 10042
20152 30155
20036 30039
80174 90177
40126 50129
137 10140
76 10079
80050 90053
40137 50140
80058 90061
20065 30068
80213 90216
97 10100
40083 50086
40203 50206
187 10190
40169 50172
20192 30195
40150 50153
165 10168
40114 50117
40211 50214
20072 30075
20052 30055
80089 90092
80132 90135
179 10182
20091 30094
60126 70129
20079 30082
60084 70087
20182 30185
80095 90098
27 10030
80101 90104
40104 50107
166 10169
20176 30179
20195 30198
107 10110
60139 70142
60188 70191
60055 70058
60155 70158
60178 70181
80028 90031
20044 30047
60156 70159
20146 30149
20013 30016
44 10047
169 10172
20108 30111
40021 50024
80157 90160
80158 90161
60075 70078
20185 30188
40023 50026
60116 70119
20084 30087
80104 90107
80072 90075
20047 30050
173 10176
60187 70190
60205 70208
200 10203
60082 70085
40122 50125
192 10195
40193 50196
60031 70034
40047 50050
20204 30207
80026 90029
25 10028
40175 50178
60129 70132
80057 90060
167 10170
80073 90076
80165 90168
40052 50055
60159 70162
60114 70117
60201 70204
60179 70182
40087 50090
80125 90128
80129 90132
82 10085
60037 70040
20174 30177
40032 50035
80136 90139
40044 50047
58 10061
20136 30139
80121 90124
20042 30045
80045 90048
105 10108
3 10006
40197 50200
70 10073
20027 30030
181 10184
60072 70075
80083 90086
60169 70172
156 10159
20188 30191
80207 90210
20194 30197
80140 90143
20050 30053
20077 30080
20054 30057
84 10087
40172 50175
40115 50118
80025 90028
60021 70024
60149 70152
80114 90117
60213 70216
40123 50126
60127 70130
20058 30061
163 10166
80052 90055
20169 30172
20173 30176
186 10189
80156 90159
40195 50198
106 10109
60111 70114
46 10049
20090 30093
1 10004
40113 50116
40042 50045
24 10027
80137 90140
40051 50054
20025 30028
40050 50053
40111 50114
60180 70183
32 10035
80180 90183
40025 50028
60160 70163
20023 30026
60109 70112
20141 30144
20081 30084
80147 90150
60097 70100
60110 70113
80183 90186
185 10188
60023 70026
81 10084
20048 30051
20101 30104
80215 90218
80149 90152
20165 30168
80172 90175
40176 50179
60134 70137
20118 30121
60170 70173
80067 90070
60044 70047
60135 70138
80048 90051
40159 50162
120 10123
20051 30054
80171 90174
197 10200
110 10113
80191 90194
20171 30174
60112 70115
40194 50197
60077 70080
20100 30103
80185 90188
20061 30064
14 10017
60124 70127
20172 30175
136 10139
60146 70149
60108 70111
86 10089
40069 50072
40120 50123
62 10065
60172 70175
80079 90082
40112 50115
154 10157
40065 50068
20158 30161
73 10076
60094 70097
80039 90042
80209 90212
60051 70054
20056 30059
60107 70110
20022 30025
68 10071
40149 50152
20157 30160
40141 50144
72 10075
40105 50108
60183 70186
40135 50138
88 10091
80032 90035
80077 90080
40019 50022
60167 70170
20104 30107
80141 90144
198 10201
60132 70135
20088 30091
80075 90078
80217 90220
20102 30105
34 10037
115 10118
55 10058
80033 90036
60136 70139
47 10050
40085 50088
71 10074
80068 90071
20160 30163
183 10186
20063 30066
33 10036
80117 90120
20148 30151
80071 90074
