1000
3177 3956
7863 8642
1592 2371
7855 8634
4734 5513
6298 7077
12493 13272
7834 8613
3176 3955
6283 7062
6259 7038
14082 14861
6290 7069
14042 14821
11004 11783
9420 10199
4700 5479
7833 8612
10926 11705
12506 13285
1566 2345
9421 10200
6294 7073
3197 3976
3136 3915
1593 2372
9380 10159
3155 3934
77 856
6258 7037
6250 7029
87 866
6319 7098
93 872
49 828
9393 10172
1586 2365
10962 11741
4696 5475
9409 10188
1648 2427
6254 7033
10988 11767
4681 5460
75 854
6280 7059
7844 8623
7795 8574
12482 13261
4707 5486
6315 7094
4731 5510
4774 5553
14048 14827
12543 13322
23 802
9356 10135
69 848
3129 3908
12559 13338
1617 2396
96 875
3150 3929
1559 2338
4702 5481
1590 2369
6295 7074
6287 7066
7807 8586
6265 7044
1577 2356
3140 3919
12474 13253
6308 7087
4710 5489
9411 10190
12550 13329
6244 7023
9363 10142
1646 2425
6322 7101
12484 13263
10907 11686
12469 13248
12501 13280
12510 13289
1613 2392
3139 3918
3186 3965
9373 10152
17 796
4705 5484
10931 11710
12504 13283
12 791
10932 11711
9354 10133
12503 13282
9399 10178
14062 14841
1638 2417
3199 3978
31 810
9387 10166
51 830
14087 14866
10963 11742
4745 5524
13 792
9410 10189
4687 5466
1599 2378
48 827
4727 5506
9 788
6299 7078
6311 7090
10984 11763
12539 13318
12531 13310
7864 8643
9392 10171
7842 8621
9443 10222
6238 7017
3203 3982
4748 5527
12514 13293
7832 8611
36 815
9417 10196
4732 5511
4758 5537
14104 14883
14049 14828
9377 10156
6288 7067
10959 11738
7796 8575
12521 13300
1605 2384
14064 14843
9355 10134
10938 11717
14071 14850
3127 3906
7882 8661
14085 14864
1636 2415
7809 8588
1575 2354
12542 13321
11005 11784
4746 5525
4765 5544
4712 5491
1626 2405
1597 2376
3159 3938
9349 10128
12564 13343
12558 13337
14120 14899
3207 3986
6281 7060
7856 8635
9360 10139
4736 5515
9379 10158
7811 8590
9428 10207
9359 10138
10935 11714
21 800
1609 2388
6286 7065
9397 10176
6235 7014
98 877
9369 10148
8 787
4690 5469
14052 14831
1610 2389
14106 14885
3204 3983
9429 10208
10921 11700
10986 11765
3205 3984
9350 10129
60 839
10997 11776
12520 13299
37 816
7860 8639
6310 7089
6234 7013
5 784
14094 14873
14066 14845
6328 7107
12562 13341
1603 2382
4718 5497
10965 11744
1642 2421
3170 3949
12509 13288
6266 7045
6257 7036
4749 5528
9375 10154
7835 8614
10918 11697
3118 3897
7869 8648
6276 7055
3126 3905
4755 5534
4693 5472
4683 5462
10990 11769
1628 2407
6253 7032
9362 10141
1585 2364
100 879
3153 3932
10954 11733
12540 13319
3202 3981
4769 5548
6263 7042
4711 5490
12527 13306
12551 13330
9445 10224
14029 14808
9430 10209
9368 10147
7824 8603
3181 3960
14116 14895
1640 2419
4706 5485
1602 2381
14090 14869
9426 10205
6330 7109
12491 13270
9422 10201
4694 5473
12555 13334
1652 2431
10945 11724
20 799
80 859
14073 14852
6278 7057
3149 3928
9370 10149
6313 7092
7874 8653
1619 2398
3208 3987
1569 2348
6 785
6268 7047
10928 11707
6326 7105
7888 8667
10949 11728
4770 5549
9423 10202
6318 7097
83 862
3120 3899
3117 3896
3119 3898
1629 2408
1601 2380
9416 10195
14028 14807
12470 13249
6314 7093
12505 13284
4713 5492
12489 13268
29 808
3184 3963
7802 8581
18 797
4717 5496
7812 8591
1620 2399
7822 8601
7823 8602
15 794
1580 2359
9415 10194
12530 13309
4685 5464
7862 8641
9371 10150
11003 11782
3188 3967
14043 14822
1561 2340
12478 13257
10940 11719
38 817
10936 11715
14079 14858
11000 11779
4680 5459
10991 11770
12500 13279
14077 14856
53 832
9436 10215
4684 5463
7883 8662
14103 14882
10992 11771
1588 2367
45 824
6304 7083
4682 5461
7817 8596
3156 3935
10983 11762
10911 11690
7826 8605
9403 10182
4699 5478
14119 14898
12525 13304
4771 5550
7810 8589
61 840
6284 7063
4773 5552
9418 10197
9376 10155
56 835
1598 2377
12481 13260
6327 7106
6255 7034
4730 5509
3134 3913
10969 11748
7885 8664
22 801
64 843
1571 2350
3138 3917
6320 7099
6306 7085
7816 8595
1596 2375
7825 8604
9389 10168
9400 10179
9394 10173
3122 3901
9413 10192
10 789
12524 13303
1608 2387
9358 10137
4722 5501
9419 10198
6240 7019
14057 14836
3179 3958
4761 5540
30 809
3174 3953
1653 2432
4729 5508
10979 11758
9365 10144
6317 7096
14058 14837
1618 2397
1570 2349
6316 7095
1562 2341
6273 7052
7808 8587
14065 14844
14046 14825
14118 14897
4698 5477
14026 14805
7820 8599
6251 7030
4767 5546
14067 14846
7880 8659
3216 3995
6237 7016
7867 8646
10939 11718
1651 2430
1574 2353
4757 5536
12547 13326
12499 13278
14040 14819
63 842
12545 13324
7839 8618
1604 2383
9366 10145
14097 14876
7857 8636
7849 8628
7 786
4679 5458
3196 3975
4751 5530
4701 5480
1572 2351
7843 8622
9378 10157
10946 11725
1600 2379
14122 14901
9425 10204
7818 8597
1632 2411
9448 10227
9398 10177
4764 5543
6296 7075
19 798
7794 8573
4695 5474
12471 13250
1607 2386
9372 10151
10999 11778
1633 2412
50 829
12477 13256
4721 5500
12553 13332
14044 14823
12502 13281
6274 7053
6260 7039
4703 5482
10929 11708
7879 8658
9434 10213
14099 14878
14112 14891
10908 11687
7865 8644
9388 10167
1647 2426
4768 5547
42 821
6269 7048
1657 2436
6249 7028
3143 3922
11 790
7866 8645
4675 5454
3193 3972
14121 14900
14108 14887
4697 5476
7877 8656
1581 2360
3163 3942
3169 3948
3131 3910
7845 8624
3178 3957
1616 2395
9408 10187
7805 8584
10925 11704
10977 11756
9386 10165
7846 8625
14076 14855
1584 2363
4708 5487
57 836
14036 14815
6246 7025
10950 11729
3148 3927
1615 2394
6297 7076
10910 11689
14051 14830
14102 14881
3145 3924
3125 3904
79 858
7829 8608
14024 14803
1583 2362
12556 13335
14110 14889
85 864
3192 3971
41 820
12487 13266
1622 2401
6248 7027
10995 11774
3209 3988
14074 14853
14033 14812
6302 7081
4759 5538
10981 11760
3151 3930
59 838
1567 2346
1634 2413
99 878
14050 14829
6300 7079
14080 14859
74 853
3128 3907
3147 3926
12533 13312
10952 11731
14032 14811
9391 10170
9395 10174
6236 7015
14086 14865
7858 8637
10942 11721
6275 7054
3121 3900
1606 2385
14068 14847
28 807
11006 11785
3183 3962
10919 11698
10951 11730
7797 8576
12475 13254
26 805
3206 3985
65 844
14100 14879
66 845
94 873
10964 11743
6282 7061
6261 7040
12546 13325
14041 14820
16 795
14037 14816
14031 14810
12496 13275
14101 14880
1582 2361
14096 14875
3172 3951
10978 11757
7890 8669
1654 2433
9433 10212
6292 7071
6256 7035
7814 8593
14109 14888
10961 11740
1589 2368
9432 10211
14061 14840
1635 2414
1630 2409
7886 8665
14095 14874
10956 11735
10933 11712
9431 10210
6309 7088
3185 3964
14114 14893
12552 13331
14060 14839
92 871
3124 3903
14053 14832
1591 2370
9435 10214
7868 8647
12549 13328
14092 14871
6329 7108
7840 8619
89 868
4735 5514
10913 11692
4692 5471
3141 3920
35 814
4766 5545
4 783
7806 8585
9357 10136
3180 3959
7876 8655
10973 11752
4688 5467
12516 13295
1579 2358
1576 2355
14093 14872
12467 13246
1611 2390
10985 11764
90 869
14117 14896
9447 10226
7831 8610
7803 8582
3167 3946
6323 7102
3190 3969
7884 8663
9384 10163
7838 8617
12538 13317
14091 14870
12495 13274
14084 14863
9382 10161
12534 13313
9352 10131
4743 5522
40 819
4747 5526
4724 5503
6233 7012
14075 14854
95 874
4689 5468
3195 3974
3144 3923
7830 8609
6301 7080
12480 13259
10998 11777
10970 11749
4715 5494
7841 8620
4723 5502
10996 11775
91 870
67 846
9406 10185
7821 8600
10972 11751
54 833
1649 2428
7848 8627
6321 7100
9390 10169
12548 13327
12494 13273
1560 2339
10909 11688
10980 11759
7859 8638
14088 14867
3130 3909
12476 13255
78 857
1587 2366
4691 5470
9383 10162
6312 7091
52 831
4754 5533
14059 14838
7870 8649
7851 8630
7861 8640
6291 7070
3213 3992
10930 11709
43 822
10994 11773
7799 8578
7887 8666
3142 3921
12518 13297
10982 11761
6247 7026
10953 11732
6293 7072
12537 13316
14098 14877
12486 13265
12528 13307
12522 13301
10941 11720
12483 13262
3165 3944
4752 5531
9401 10180
10987 11766
6277 7056
9404 10183
9396 10175
10916 11695
12532 13311
4738 5517
7836 8615
12526 13305
6242 7021
14025 14804
12536 13315
4677 5456
12560 13339
7852 8631
9364 10143
12563 13342
4678 5457
2 781
4719 5498
6279 7058
11002 11781
3215 3994
7878 8657
10974 11753
39 818
4720 5499
3146 3925
14072 14851
7804 8583
1595 2374
76 855
12490 13269
7815 8594
12498 13277
3175 3954
14111 14890
97 876
6303 7082
7881 8660
1645 2424
7847 8626
4760 5539
7828 8607
1623 2402
7792 8571
7889 8668
3182 3961
3162 3941
12529 13308
14030 14809
1637 2416
3201 3980
10914 11693
3189 3968
9414 10193
4750 5529
12535 13314
27 806
12541 13320
6324 7103
1624 2403
4744 5523
4763 5542
1565 2344
10927 11706
10976 11755
9385 10164
10943 11722
10966 11745
12468 13247
3154 3933
10944 11723
4714 5493
3123 3902
44 823
1627 2406
4676 5455
6241 7020
14055 14834
14056 14835
9405 10184
4753 5532
6243 7022
9446 10225
3194 3973
12544 13323
12512 13291
3157 3936
1631 2410
10975 11754
10993 11772
1658 2437
9412 10191
7800 8579
1650 2429
7871 8650
9361 10140
6267 7046
4772 5551
12466 13245
25 804
7853 8632
10917 11696
12497 13276
1625 2404
12513 13292
14063 14842
6272 7051
10947 11726
9444 10223
10989 11768
10967 11746
6307 7086
14023 14802
14027 14806
82 861
9367 10146
4742 5521
6252 7031
14034 14813
6264 7043
58 837
4704 5483
12561 13340
3152 3931
12485 13264
1563 2342
3 782
7875 8654
70 849
3137 3916
1639 2418
9402 10181
12523 13302
10957 11736
1614 2393
4756 5535
14105 14884
4762 5541
14038 14817
3160 3939
3187 3966
3164 3943
84 863
7850 8629
7793 8572
12465 13244
9351 10130
10937 11716
12554 13333
11001 11780
7801 8580
10915 11694
3168 3947
1621 2400
12492 13271
4737 5516
4741 5520
1644 2423
14054 14833
7873 8652
1564 2343
9441 10220
46 825
3200 3979
1 780
7791 8570
6262 7041
24 803
14035 14814
6271 7050
3135 3914
6270 7049
6331 7110
10968 11747
32 811
14078 14857
6245 7024
10948 11727
3133 3912
9439 10218
4709 5488
3191 3970
14045 14824
9427 10206
9440 10219
14081 14860
1643 2422
9353 10132
81 860
3158 3937
3211 3990
14113 14892
14047 14826
4733 5512
14070 14849
7854 8633
10922 11701
4686 5465
10958 11737
12507 13286
9374 10153
10923 11702
12488 13267
7837 8616
1578 2357
3161 3940
14069 14848
1655 2434
1568 2347
14089 14868
4739 5518
9442 10221
7872 8651
9407 10186
3210 3989
14083 14862
3171 3950
14 793
10912 11691
4740 5519
1594 2373
10934 11713
9438 10217
86 865
6289 7068
7798 8577
62 841
10960 11739
12519 13298
6332 7111
1612 2391
6285 7064
4726 5505
73 852
9424 10203
12479 13258
14107 14886
9381 10160
3166 3945
9437 10216
3132 3911
68 847
7827 8606
4725 5504
7819 8598
72 851
6325 7104
10971 11750
7813 8592
88 867
12472 13251
12517 13296
6239 7018
10955 11734
3214 3993
14039 14818
1656 2435
10920 11699
3198 3977
12515 13294
14115 14894
3212 3991
34 813
1573 2352
55 834
12473 13252
10924 11703
47 826
6305 7084
71 850
12508 13287
4728 5507
1641 2420
3173 3952
33 812
12557 13336
4716 5495
12511 13290
