1000
4734 5513
12501 13280
1625 2404
12493 13272
7815 8594
9412 10191
18723 19502
12472 13251
4733 5512
9397 10176
9373 10152
21838 22617
9404 10183
20306 21085
17200 17979
15582 16361
6290 7069
12471 13250
15630 16409
18736 19515
1599 2378
15583 16362
9408 10187
6245 7024
4693 5472
3117 3896
14051 14830
4712 5491
1568 2347
9372 10151
9364 10143
1578 2357
10924 11703
1584 2363
49 828
14064 14843
1619 2398
17158 17937
6286 7065
14080 14859
3172 3951
9368 10147
17184 17963
6271 7050
1566 2345
9394 10173
12482 13261
10942 11721
18712 19491
6297 7076
10920 11699
7812 8591
7855 8634
20312 21091
20265 21044
23 802
14027 14806
1560 2339
4686 5465
20281 21060
3141 3920
1587 2366
4707 5486
1592 2371
6292 7071
1623 2402
9409 10188
9401 10180
10954 11733
9379 10158
1610 2389
4697 5476
18704 19483
10913 11692
7791 8570
14082 14861
20272 21051
9358 10137
14034 14813
3170 3949
10927 11706
18714 19493
15611 16390
18699 19478
18731 19510
18740 19519
3137 3916
4696 5475
6234 7013
14044 14823
17 796
6295 7074
15635 16414
18734 19513
12 791
15636 16415
14025 14804
18733 19512
14070 14849
21818 22597
3162 3941
6247 7026
31 810
14058 14837
51 830
21843 22622
17159 17938
7826 8605
13 792
14081 14860
6277 7056
3123 3902
48 827
7808 8587
9 788
9413 10192
10916 11695
17180 17959
20261 21040
18761 19540
12502 13281
14063 14842
12480 13259
15605 16384
9352 10131
6251 7030
7829 8608
18744 19523
12470 13249
36 815
14088 14867
7813 8592
7839 8618
21860 22639
20313 21092
14048 14827
9402 10181
17155 17934
10943 11722
18751 19530
3129 3908
21820 22599
14026 14805
15642 16421
21827 22606
4684 5463
12520 13299
21841 22620
3160 3939
10956 11735
1608 2387
20264 21043
17201 17980
7827 8606
7846 8625
7793 8572
3150 3929
3121 3900
4716 5495
12529 13308
20286 21065
20280 21059
21876 22655
6255 7034
9395 10174
12494 13273
14031 14810
7817 8596
14050 14829
10958 11737
15590 16369
14030 14809
15639 16418
21 800
3133 3912
9400 10179
14068 14847
9349 10128
1589 2368
14040 14819
8 787
6280 7059
20316 21095
3134 3913
21862 22641
6252 7031
15591 16370
15625 16404
17182 17961
6253 7032
12530 13309
60 839
17193 17972
18750 19529
37 816
12498 13277
10915 11694
7857 8636
5 784
21850 22629
21822 22601
10933 11712
20284 21063
3127 3906
7799 8578
17161 17940
3166 3945
4727 5506
18739 19518
9380 10159
9371 10150
7830 8609
14046 14825
12473 13252
15622 16401
4675 5454
12507 13286
9390 10169
4683 5462
7836 8615
6283 7062
6273 7052
17186 17965
3152 3931
9367 10146
14033 14812
1618 2397
1591 2370
4710 5489
17150 17929
20262 21041
6250 7029
7850 8629
9377 10156
7792 8571
18757 19536
20273 21052
15607 16386
20293 21072
15592 16371
14039 14818
10971 11750
4738 5517
21872 22651
3164 3943
6296 7075
3126 3905
21846 22625
15588 16367
10935 11714
18721 19500
15584 16363
6284 7063
20277 21056
3176 3955
17141 17920
20 799
1571 2350
21829 22608
9392 10171
4706 5485
14041 14820
10918 11697
12512 13291
3143 3922
6256 7035
1602 2381
6 785
9382 10161
15632 16411
10931 11710
12526 13305
17145 17924
7851 8630
15585 16364
10923 11702
1574 2353
4677 5456
3183 3962
4676 5455
3153 3932
3125 3904
14087 14866
20292 21071
18700 19479
10919 11698
18735 19514
7794 8573
18719 19498
29 808
4741 5520
10949 11728
18 797
7798 8577
10959 11738
3144 3923
10969 11748
10970 11749
15 794
1613 2392
14086 14865
18760 19539
6275 7054
12500 13279
14042 14821
17199 17978
6236 7015
20307 21086
1594 2373
18708 19487
15644 16423
38 817
15640 16419
21835 22614
17196 17975
6270 7049
17187 17966
18730 19509
21833 22612
53 832
15598 16377
6274 7053
12521 13300
21859 22638
17188 17967
1621 2400
45 824
10909 11688
6272 7051
10964 11743
4713 5492
17179 17958
15615 16394
10973 11752
14074 14853
6289 7068
21875 22654
18755 19534
7852 8631
10957 11736
61 840
9398 10177
7854 8633
14089 14868
14047 14826
56 835
3122 3901
18711 19490
10932 11711
9369 10148
7811 8590
4691 5470
17165 17944
12523 13302
22 801
64 843
1604 2383
4695 5474
10925 11704
10911 11690
10963 11742
3120 3899
10972 11751
14060 14839
14071 14850
14065 14844
4679 5458
14084 14863
10 789
18754 19533
3132 3911
14029 14808
7803 8582
15581 16360
9354 10133
21813 22592
4736 5515
7842 8621
30 809
4731 5510
3177 3956
7810 8589
17175 17954
14036 14815
10922 11701
21814 22593
3142 3921
1603 2382
10921 11700
1595 2374
9387 10166
10955 11734
21821 22600
20310 21089
21874 22653
6288 7067
20290 21069
10967 11746
9365 10144
7848 8627
21823 22602
12518 13297
6264 7043
9351 10130
12505 13284
15643 16422
3175 3954
1607 2386
7838 8617
20269 21048
18729 19508
20304 21083
63 842
20267 21046
12477 13256
3128 3907
14037 14816
21853 22632
12495 13274
12487 13266
7 786
6269 7048
6244 7023
7832 8611
6291 7070
1605 2384
12481 13260
14049 14828
17142 17921
3124 3903
21878 22657
15587 16366
10965 11744
3156 3935
15610 16389
14069 14848
7845 8624
9410 10189
19 798
10941 11720
6285 7064
18701 19480
3131 3910
14043 14822
17195 17974
3157 3936
50 829
18707 19486
7802 8581
20275 21054
20308 21087
18732 19511
9388 10167
9374 10153
6293 7072
15633 16412
12517 13296
15596 16375
21855 22634
21868 22647
15612 16391
12503 13282
14059 14838
3171 3950
7849 8628
42 821
9383 10162
3181 3960
9363 10142
4700 5479
11 790
12504 13283
6265 7044
6241 7020
21877 22656
21864 22643
6287 7066
12515 13294
1614 2393
4720 5499
4726 5505
4688 5467
12483 13262
4735 5514
3140 3919
14079 14858
10952 11731
15629 16408
17173 17952
14057 14836
12484 13263
21832 22611
1617 2396
6298 7077
57 836
20300 21079
9360 10139
17146 17925
4705 5484
3139 3918
9411 10190
15614 16393
20315 21094
21858 22637
4702 5481
4682 5461
1570 2349
12467 13246
20288 21067
1616 2395
20278 21057
21866 22645
1576 2355
6240 7019
41 820
18717 19496
3146 3925
9362 10141
17191 17970
6257 7036
21830 22609
20297 21076
10907 11686
7840 8619
17177 17956
4708 5487
59 838
1600 2379
3158 3937
1590 2369
20314 21093
9414 10193
21836 22615
1565 2344
4685 5464
4704 5483
20255 21034
17148 17927
20296 21075
14062 14841
14066 14845
9350 10129
21842 22621
12496 13275
15646 16425
9389 10168
4678 5457
3130 3909
21824 22603
28 807
17202 17981
4740 5519
15623 16402
17147 17926
10944 11723
18705 19484
26 805
6254 7033
65 844
21856 22635
66 845
1585 2364
17160 17939
9396 10175
9375 10154
20268 21047
20305 21084
16 795
20301 21080
20295 21074
18726 19505
21857 22636
1615 2394
21852 22631
4729 5508
17174 17953
12528 13307
3178 3957
15595 16374
9406 10185
9370 10149
10961 11740
21865 22644
17157 17936
1622 2401
15594 16373
21817 22596
3159 3938
3154 3933
12524 13303
21851 22630
17152 17931
15637 16416
15593 16372
10914 11693
6233 7012
21870 22649
20274 21053
21816 22595
1583 2362
4681 5460
20317 21096
1624 2403
15597 16376
12506 13285
20271 21050
21848 22627
10934 11713
12478 13257
1580 2359
7816 8595
15617 16396
6282 7061
4698 5477
35 814
7847 8626
4 783
10953 11732
14028 14807
4737 5516
12514 13293
17169 17948
6278 7057
18746 19525
1612 2391
1609 2388
21849 22628
18697 19476
3135 3914
17181 17960
1581 2360
21873 22652
15609 16388
12469 13248
10950 11729
4724 5503
10928 11707
6238 7017
12522 13301
14055 14834
12476 13255
20260 21039
21847 22626
18725 19504
21840 22619
14053 14832
20256 21035
14023 14802
7824 8603
40 819
7828 8607
7805 8584
7856 8635
21831 22610
1586 2365
6279 7058
6243 7022
4701 5480
12468 13247
9415 10194
18710 19489
17194 17973
17166 17945
7796 8575
12479 13258
7804 8583
17192 17971
1582 2361
67 846
14077 14856
10968 11747
17168 17947
54 833
3173 3952
12486 13265
10926 11705
14061 14840
20270 21049
18724 19503
1593 2372
15613 16392
17176 17955
12497 13276
21844 22623
4687 5466
18706 19485
1569 2348
1620 2399
6281 7060
14054 14833
10917 11696
52 831
7835 8614
21815 22594
12508 13287
12489 13268
12499 13278
9405 10184
6261 7040
15634 16413
43 822
17190 17969
10946 11725
12525 13304
4699 5478
18748 19527
17178 17957
9361 10140
17149 17928
9407 10186
20259 21038
21854 22633
18716 19495
18758 19537
18752 19531
15645 16424
18713 19492
4722 5501
7833 8612
14072 14851
17183 17962
9391 10170
14075 14854
14067 14846
15620 16399
18762 19541
7819 8598
12474 13253
18756 19535
9356 10135
20289 21068
20258 21037
6267 7046
20282 21061
12490 13269
14035 14814
20285 21064
6268 7047
2 781
7800 8579
9393 10172
17198 17977
6263 7042
12516 13295
17170 17949
39 818
7801 8580
4703 5482
21828 22607
10951 11730
3119 3898
1567 2346
18720 19499
10962 11741
18728 19507
4732 5511
21867 22646
1588 2367
10908 11687
12519 13298
3169 3948
12485 13264
7841 8620
12466 13245
3147 3926
10939 11718
12527 13306
4739 5518
4719 5498
18759 19538
20294 21073
3161 3940
6249 7028
15618 16397
6237 7016
14085 14864
7831 8610
20257 21036
27 806
20263 21042
10929 11708
3148 3927
7825 8604
7844 8623
1598 2377
15631 16410
17172 17951
14056 14835
17139 17918
17162 17941
18698 19477
4711 5490
17140 17919
7795 8574
4680 5459
44 823
3151 3930
6266 7045
9355 10134
20319 21098
20320 21099
14076 14855
7834 8613
9357 10136
15608 16387
6242 7021
20266 21045
18742 19521
4714 5493
3155 3934
17171 17950
17189 17968
3182 3961
14083 14862
10947 11726
3174 3953
12509 13288
14032 14811
9381 10160
7853 8632
17204 17983
25 804
12491 13270
15621 16400
18727 19506
3149 3928
18743 19522
21819 22598
9386 10165
17143 17922
15606 16385
17185 17964
17163 17942
10912 11691
20287 21066
20291 21070
1573 2352
14038 14817
7823 8602
9366 10145
20298 21077
9378 10157
58 837
6294 7073
20283 21062
4709 5488
18715 19494
1596 2375
3 782
12513 13292
1561 2340
4694 5473
3163 3942
14073 14852
18753 19532
17153 17932
3138 3917
7837 8616
21861 22640
7843 8622
20302 21081
4717 5496
6235 7014
4721 5500
1575 2354
12488 13267
10940 11719
17203 17982
12531 13310
15641 16420
20276 21055
17197 17976
10948 11727
15619 16398
4725 5504
3145 3924
18722 19501
7818 8597
7822 8601
3168 3947
20318 21097
12511 13290
1597 2376
15603 16382
46 825
6248 7027
1 780
10938 11717
9376 10155
24 803
20299 21078
9385 10164
4692 5471
9384 10163
10936 11715
17164 17943
32 811
21834 22613
9359 10138
17144 17923
4690 5469
15601 16380
6299 7078
6239 7018
20309 21088
15589 16368
15602 16381
21837 22616
3167 3946
14024 14803
1572 2351
4715 5494
6259 7038
21869 22648
20311 21090
7814 8593
21826 22605
12492 13271
15626 16405
6276 7055
17154 17933
18737 19516
14045 14824
15627 16406
18718 19497
12475 13254
1611 2390
4718 5497
21825 22604
3179 3958
1601 2380
21845 22624
7820 8599
15604 16383
12510 13289
14078 14857
6258 7037
21839 22618
4728 5507
14 793
15616 16395
7821 8600
3118 3897
15638 16417
15600 16379
1577 2356
9403 10182
10945 11724
62 841
17156 17935
18749 19528
10937 11716
3136 3915
9399 10178
7807 8586
1564 2343
15586 16365
18709 19488
21863 22642
14052 14831
4723 5502
15599 16378
4689 5468
1559 2338
12465 13244
7806 8585
10966 11745
1563 2342
10930 11709
17167 17946
10960 11739
1579 2358
18702 19481
18747 19526
9353 10132
17151 17930
6262 7041
20303 21082
3180 3959
15624 16403
6246 7025
18745 19524
21871 22650
6260 7039
34 813
1606 2385
55 834
18703 19482
15628 16407
47 826
10910 11689
1562 2341
18738 19517
7809 8588
3165 3944
4730 5509
33 812
20279 21058
7797 8576
18741 19520
