1000
7801 8580
17161 17940
3150 3929
17153 17932
10916 11695
14038 14817
24957 25736
15624 16403
7800 8579
14023 14802
12491 13270
29612 30391
14030 14809
28064 28843
23418 24197
20276 21055
9374 10153
15623 16402
21832 22611
24970 25749
3124 3903
20277 21056
14034 14813
7821 8600
6252 7031
3151 3930
18728 19507
6271 7050
1585 2364
12490 13269
12482 13261
1595 2374
14059 14838
1601 2380
49 828
18741 19520
3144 3923
23376 24155
9370 10149
20265 21044
4714 5493
12486 13265
23402 24181
9355 10134
1583 2362
12512 13291
17142 17921
15585 16364
24946 25725
9381 10160
14055 14834
10913 11692
10956 11735
28070 28849
26515 27294
23 802
18704 19483
1577 2356
6245 7024
26531 27310
4683 5462
1604 2383
6266 7045
3117 3896
9376 10155
3148 3927
14035 14814
14027 14806
15597 16376
12497 13276
3135 3914
6256 7035
24938 25717
14048 14827
9384 10163
20267 21046
26522 27301
12476 13255
18711 19490
4712 5491
14062 14841
24948 25727
21813 22592
24933 25712
24965 25744
24974 25753
4679 5458
6255 7034
7810 8589
18721 19500
17 796
9379 10158
21837 22616
24968 25747
12 791
21838 22617
18702 19481
24967 25746
20255 21034
28084 28863
4704 5483
7823 8602
31 810
18735 19514
1559 2338
29617 30396
23377 24156
10927 11706
13 792
20266 21045
9361 10140
3157 3936
48 827
10909 11688
9 788
14039 14818
14051 14830
23398 24177
26511 27290
26503 27282
17162 17941
18740 19519
17140 17919
20299 21078
12470 13249
7827 8606
10930 11709
24978 25757
15622 16401
36 815
20273 21052
10914 11693
10940 11719
29634 30413
28071 28850
18725 19504
14028 14807
23373 24152
15586 16365
26493 27272
3163 3942
28086 28865
18703 19482
21844 22623
28093 28872
6243 7022
17180 17959
29615 30394
4702 5481
15599 16378
3133 3912
26514 27293
23419 24198
10928 11707
10947 11726
9386 10165
4692 5471
3155 3934
6275 7054
18697 19476
26536 27315
26530 27309
29650 30429
7831 8610
12513 13292
17154 17933
18708 19487
10918 11697
18727 19506
15601 16380
20284 21063
18707 19486
21841 22620
21 800
4675 5454
14026 14805
18745 19524
12467 13246
1606 2385
18717 19496
8 787
9364 10143
28074 28853
4676 5455
29636 30415
7828 8607
20285 21064
21827 22606
23400 24179
7829 8608
18698 19477
1568 2347
23411 24190
26492 27271
37 816
17158 17937
14050 14829
12466 13245
5 784
29624 30403
28088 28867
14068 14847
26534 27313
3161 3940
9392 10171
23379 24158
4708 5487
7794 8573
24973 25752
12498 13277
12489 13268
10931 11710
18723 19502
15625 16404
21824 22603
6234 7013
17167 17946
12508 13287
6242 7021
10937 11716
9367 10146
9357 10136
23404 24183
4694 5473
12485 13264
18710 19489
3143 3922
1608 2387
6269 7048
21860 22639
26512 27291
7826 8605
10951 11730
12495 13274
9385 10164
26499 27278
26523 27302
20301 21080
28051 28830
20286 21065
18716 19495
15614 16393
7805 8584
29646 30425
4706 5485
9380 10159
3160 3939
29620 30399
20282 21061
14070 14849
24955 25734
20278 21057
9368 10147
26527 27306
4718 5497
21851 22630
20 799
1588 2367
29603 30382
12510 13289
6265 7044
18718 19497
14053 14832
17172 17951
4685 5464
7832 8611
3127 3906
6 785
12500 13279
21834 22613
14066 14845
17186 17965
21855 22634
10952 11731
20279 21058
14058 14837
1591 2370
6236 7015
6233 7012
6235 7014
4695 5474
3159 3938
20272 21051
28050 28829
24934 25713
14054 14833
24969 25748
9387 10166
24953 25732
29 808
7808 8587
15592 16371
18 797
9391 10170
15602 16381
4686 5465
15612 16391
15613 16392
15 794
3138 3917
20271 21050
26502 27281
9359 10138
17160 17939
18719 19498
23417 24196
7812 8591
28065 28844
3119 3898
24942 25721
21846 22625
38 817
21842 22621
29609 30388
23414 24193
9354 10133
23405 24184
24964 25743
29607 30386
1561 2340
20292 21071
9358 10137
17181 17960
29633 30412
23406 24185
3146 3925
45 824
14044 14823
9356 10135
15607 16386
6272 7051
23397 24176
21817 22596
15616 16395
20259 21038
9373 10152
29649 30428
26497 27276
10953 11732
15600 16379
1569 2348
14024 14803
10955 11734
20274 21053
18724 19503
1564 2343
3156 3935
24945 25724
14067 14846
12487 13266
10912 11691
6250 7029
23383 24162
17183 17962
22 801
1572 2351
3129 3908
6254 7033
14060 14839
14046 14825
15606 16385
3154 3933
15615 16394
18737 19516
20256 21035
18742 19521
6238 7017
20269 21048
10 789
26496 27275
3166 3945
18706 19485
9396 10175
20275 21054
12472 13251
28079 28858
7803 8582
10943 11722
30 809
7798 8577
4719 5498
10911 11690
23393 24172
18713 19492
14057 14836
28080 28859
4684 5463
3128 3907
14056 14835
3120 3899
12505 13284
15598 16377
28087 28866
28068 28847
29648 30427
9372 10151
28048 28827
15610 16389
12483 13262
10949 11728
28089 28868
17178 17957
7840 8619
12469 13248
17165 17944
21845 22624
4717 5496
3132 3911
10939 11718
26519 27298
24963 25742
28062 28841
1571 2350
26517 27296
15629 16408
3162 3941
18714 19493
29627 30406
17155 17934
17147 17926
7 786
9353 10132
7820 8599
10933 11712
9375 10154
3130 3909
17141 17920
18726 19505
21852 22631
3158 3937
29652 30431
20281 21060
15608 16387
4698 5477
20304 21083
18746 19525
10946 11725
14036 14815
19 798
15584 16363
9369 10148
24935 25714
3165 3944
18720 19499
23413 24192
4699 5478
50 829
24941 25720
9395 10174
26525 27304
28066 28845
24966 25745
12506 13285
12492 13271
9377 10156
21835 22614
17177 17956
20290 21069
29629 30408
29642 30421
21814 22593
17163 17942
18736 19515
4713 5492
10950 11729
42 821
12501 13280
4723 5502
12481 13260
6259 7038
11 790
17164 17943
9349 10128
7817 8596
29651 30430
29638 30417
9371 10150
17175 17954
3139 3918
6279 7058
7793 8572
6247 7026
17143 17922
7802 8581
4682 5461
20264 21043
15595 16374
21831 22610
23391 24170
18734 19513
17144 17923
29606 30385
3142 3921
9382 10161
1565 2344
28058 28837
12478 13257
21856 22635
6264 7043
4681 5460
14037 14816
21816 22595
28073 28852
29632 30411
6261 7040
6241 7020
1587 2366
15619 16398
28046 28825
3141 3920
26528 27307
29640 30419
1593 2372
7816 8595
41 820
24951 25730
4688 5467
12480 13259
23409 24188
7833 8612
29604 30383
28055 28834
14042 14821
10941 11720
23395 24174
6267 7046
1567 2346
3125 3904
4700 5479
1607 2386
28072 28851
14040 14819
29610 30389
1582 2361
6244 7023
6263 7042
26505 27284
21858 22637
28054 28833
18739 19518
18743 19522
12468 13247
29616 30395
17156 17935
21848 22627
12507 13286
6237 7016
3164 3943
28090 28869
28 807
23420 24199
7807 8586
21825 22604
21857 22636
15587 16366
24939 25718
26 805
7830 8609
1573 2352
29630 30409
1574 2353
1602 2381
23378 24157
12514 13293
12493 13272
26518 27297
28063 28842
16 795
28059 28838
28053 28832
24960 25739
29631 30410
3140 3919
29626 30405
7796 8575
23392 24171
17188 17967
4720 5499
20289 21068
14032 14811
12488 13267
15604 16383
29639 30418
23375 24154
3147 3926
20288 21067
28083 28862
4701 5480
4696 5475
17184 17963
29625 30404
21862 22641
21839 22618
20287 21066
14049 14828
7809 8588
29644 30423
26524 27303
28082 28861
1600 2379
6240 7019
28075 28854
3149 3928
20291 21070
17166 17945
26521 27300
29622 30401
14069 14848
15630 16409
1597 2376
10917 11696
21819 22598
9366 10145
6257 7036
35 814
10948 11727
4 783
15596 16375
18705 19484
7804 8583
17174 17953
23387 24166
9362 10141
26488 27267
3137 3916
3134 3913
29623 30402
24931 25710
4677 5456
23399 24178
1598 2377
29647 30426
20303 21082
15621 16400
15593 16372
7791 8570
14063 14842
7814 8593
17182 17961
18732 19511
15628 16407
26510 27289
29621 30400
24959 25738
29614 30393
18730 19509
26506 27285
18700 19479
10925 11704
40 819
10929 11708
9398 10177
12465 13244
29605 30384
1603 2382
9363 10142
7819 8598
6260 7039
15620 16399
14041 14820
24944 25723
23412 24191
23384 24163
9389 10168
17139 17918
9397 10176
23410 24189
1599 2378
1575 2354
20262 21041
15611 16390
23386 24165
1562 2341
4715 5494
17146 17925
14061 14840
18738 19517
26520 27299
24958 25737
3118 3897
21815 22594
23394 24173
17157 17936
29618 30397
6246 7025
24940 25719
1586 2365
3145 3924
9365 10144
18731 19510
14052 14831
1560 2339
10936 11715
28081 28860
17168 17947
17149 17928
17159 17938
14031 14810
7837 8616
21836 22615
43 822
23408 24187
15589 16368
17185 17964
6258 7037
26490 27269
23396 24175
12479 13258
21859 22638
14033 14812
26509 27288
29628 30407
24950 25729
26500 27279
26494 27273
21847 22626
24947 25726
6281 7060
10934 11713
20257 21036
23401 24180
12509 13288
20260 21039
18744 19523
21822 22601
26504 27283
10920 11699
15626 16405
26498 27277
12474 13253
28047 28826
26508 27287
9351 10130
26532 27311
17150 17929
18712 19491
26535 27314
9352 10131
2 781
9393 10172
12511 13290
23416 24195
7839 8618
17176 17955
23388 24167
39 818
9394 10173
6262 7041
28094 28873
15594 16373
3153 3932
1584 2363
24954 25733
15605 16384
24962 25741
7799 8578
29641 30420
1605 2384
14043 14822
17179 17958
4711 5490
17145 17924
10942 11721
15618 16397
4689 5468
15582 16361
17187 17966
7806 8585
6278 7057
26501 27280
28052 28831
4703 5482
7825 8604
21820 22599
7813 8592
20270 21049
10932 11711
26507 27286
27 806
26513 27292
14064 14843
4690 5469
10926 11705
10945 11724
3123 3902
21833 22612
23390 24169
18733 19512
21849 22628
23380 24159
24932 25711
6270 7049
21850 22629
9388 10167
6239 7018
44 823
4693 5472
9350 10129
12473 13252
28077 28856
28078 28857
20261 21040
10935 11714
12475 13254
20302 21081
7818 8597
26516 27295
24976 25755
6273 7052
4697 5476
23389 24168
23407 24186
4724 5503
20268 21047
15590 16369
4716 5495
17169 17948
18709 19488
12499 13278
10954 11733
24930 25709
25 804
17151 17930
21823 22602
24961 25740
4691 5470
24977 25756
28085 28864
12504 13283
21853 22632
20300 21079
23403 24182
23381 24160
14047 14826
28045 28824
28049 28828
1590 2369
18715 19494
10924 11703
12484 13263
28056 28835
12496 13275
1566 2345
9378 10157
26533 27312
6268 7047
24949 25728
3121 3900
3 782
17173 17952
1578 2357
6253 7032
4705 5484
20258 21037
26495 27274
23371 24150
4680 5459
10938 11717
29635 30414
10944 11723
28060 28839
6276 7055
7811 8590
6280 7059
1592 2371
17148 17927
15583 16362
24929 25708
18699 19478
21843 22622
26526 27305
23415 24194
15591 16370
21821 22600
7792 8571
4687 5466
24956 25735
10919 11698
10923 11702
4710 5489
28076 28855
17171 17950
3122 3901
20297 21076
46 825
7824 8603
1 780
15581 16360
12494 13273
24 803
28057 28836
12503 13282
6251 7030
12502 13281
14071 14850
23382 24161
32 811
29608 30387
12477 13256
21854 22633
6249 7028
20295 21074
9383 10162
7815 8594
28067 28846
20283 21062
20296 21075
29611 30390
4709 5488
18701 19480
1589 2368
6274 7053
7835 8614
29643 30422
28069 28848
10915 11694
28092 28871
17152 17931
21828 22607
9360 10139
23372 24151
24971 25750
18722 19501
21829 22608
24952 25731
15627 16406
3136 3915
6277 7056
28091 28870
4721 5500
3126 3905
29619 30398
10921 11700
20298 21077
17170 17949
20263 21042
7834 8613
29613 30392
7795 8574
14 793
21818 22597
10922 11701
3152 3931
21840 22619
20294 21073
1594 2373
14029 14808
15588 16367
1570 2349
23374 24153
26491 27270
14072 14851
4678 5457
14025 14804
10908 11687
1581 2360
20280 21059
24943 25722
29637 30416
18729 19508
6282 7061
20293 21072
6248 7027
1576 2355
15617 16396
10907 11686
15609 16388
1580 2359
14065 14844
23385 24164
15603 16382
1596 2375
24936 25715
26489 27268
12471 13250
21861 22640
7838 8617
28061 28840
4722 5501
21826 22605
7822 8601
26487 27266
29645 30424
7836 8615
34 813
3131 3910
1563 2342
24937 25716
21830 22609
47 826
14045 14824
1579 2358
24972 25751
10910 11689
4707 5486
7797 8576
33 812
26529 27308
9390 10169
24975 25754
