1000
20255 21034
43637 44416
9362 10141
43629 44408
26506 27285
35840 36619
63887 64666
42070 42849
18716 19495
34287 35066
32725 33504
73246 74025
34294 35073
70130 70909
60780 61559
51426 52205
24934 25713
42069 42848
54550 55329
65438 66217
7798 8577
51427 52206
35836 36615
21813 22592
15600 16379
9363 10142
48310 49089
17157 17936
4691 5470
32724 33503
31178 31957
6239 7018
37399 38178
6245 7024
3125 3904
49861 50640
9356 10135
57662 58441
24930 25709
51415 52194
14032 14811
32720 33499
60764 61543
23377 24156
4689 5468
34284 35063
42080 42859
38955 39734
62338 63117
24941 25720
37395 38174
26503 27282
29622 30401
71674 72453
67013 67792
1561 2340
46748 47527
4683 5462
15593 16372
68567 69346
10925 11704
6248 7027
17152 17931
7791 8570
24936 25715
9360 10139
35837 36616
34291 35070
38967 39746
32731 33510
7809 8588
17142 17921
62330 63109
35850 36629
24944 25723
51417 52196
68558 69337
31172 31951
46755 47534
14030 14809
37402 38181
62340 63119
54531 55310
62325 63104
63895 64674
65442 66221
10921 11700
17141 17920
20264 21043
48303 49082
17 796
24939 25718
56093 56872
63898 64677
12 791
56094 56873
46746 47525
63897 64676
49867 50646
71688 72467
12484 13263
21815 22594
1569 2348
48317 49096
3127 3906
74789 75568
57663 58442
28055 28834
13 792
51416 52195
23383 24162
10907 11686
3124 3903
26499 27278
9 788
35841 36620
35853 36632
59222 60001
67009 67788
67001 67780
43638 44417
49860 50639
42078 42857
52987 53766
31166 31945
21819 22598
28058 28837
65446 66225
42068 42847
1574 2353
51423 52202
26504 27283
29606 30385
76344 77123
71675 72454
48307 49086
34292 35071
57659 58438
38956 39735
65453 66232
10913 11692
73228 74007
46747 47526
56100 56879
73235 74014
15591 16370
45194 45973
74787 75566
12482 13261
38969 39748
7807 8586
67012 67791
60781 61560
28056 28835
29613 30392
24946 25725
12472 13251
9367 10146
18699 19478
46741 47520
68572 69351
68566 69345
76360 77139
21823 22602
34285 35064
43630 44409
46752 47531
28046 28825
48309 49088
40509 41288
51434 52213
46751 47530
56097 56876
1559 2338
10917 11696
34290 35069
49865 50644
31163 31942
6250 7029
48299 49078
8 787
23386 24165
71678 72457
10918 11697
76346 77125
21820 22599
52973 53752
54545 55324
59224 60003
21821 22600
46742 47521
3136 3915
60773 61552
65452 66231
1575 2354
43634 44413
35852 36631
31162 31941
5 784
74796 75575
73230 74009
37408 38187
68570 69349
10911 11690
26490 27269
57665 58444
14026 14805
18710 19489
65441 66220
32732 33511
32723 33502
28059 28838
48305 49084
42071 42850
54542 55321
15582 16361
43643 44422
34280 35059
15590 16369
29603 30382
23389 24168
23379 24158
60766 61545
12474 13253
32719 33498
46754 47533
9355 10134
6252 7031
17155 17934
57654 58433
67010 67789
21818 22597
29617 30396
32729 33508
24945 25724
66997 67776
68559 69338
52989 53768
70117 70896
52974 53753
46760 47539
40522 41301
20259 21038
76356 77135
14024 14803
24940 25719
10910 11689
74792 75571
51432 52211
37410 38189
63885 64664
51428 52207
23390 24169
68563 69342
14036 14815
56107 56886
20 799
4694 5473
73237 74016
34282 35061
17151 17930
48300 49079
37393 38172
45186 45965
12465 13244
21824 22603
7801 8580
6 785
32734 33513
56090 56869
37406 38185
45200 45979
57649 58428
29618 30397
51429 52208
37398 38177
6235 7014
15584 16363
15581 16360
15583 16362
12475 13254
10909 11688
51422 52201
70116 70895
62326 63105
37394 38173
65437 66216
24947 25726
63883 64662
1567 2346
20262 21041
38962 39741
18 797
26489 27268
40510 41289
12466 13245
40520 41299
40521 41300
15 794
9350 10129
51421 52200
67000 67779
23381 24160
43636 44415
48301 49080
60779 61558
20266 21045
71669 72448
7793 8572
62334 63113
56102 56881
1576 2355
56098 56877
73243 74022
60776 61555
23376 24155
60767 61546
63894 64673
73241 74020
3129 3908
52980 53759
23380 24159
45195 45974
76343 77122
60768 61547
9358 10137
3121 3900
35846 36625
23378 24157
40515 41294
17158 17937
59221 60000
54535 55314
40524 41303
49871 50650
24933 25712
76359 77138
66995 67774
29619 30398
38970 39749
4675 5454
34288 35067
29621 30400
51424 52203
48306 49085
3132 3911
9368 10147
62337 63116
37407 38186
32721 33500
26502 27281
15598 16377
59207 59986
45197 45976
1560 2339
4678 5457
7803 8582
17140 17919
37400 38179
35848 36627
40514 41293
9366 10145
40523 41302
49857 50636
49868 50647
49862 50641
15586 16365
51419 52198
10 789
65456 66235
10916 11695
46750 47529
26494 27273
51425 52204
31168 31947
71683 72462
20257 21036
29609 30388
1568 2347
18714 19493
14037 14816
26501 27280
59217 59996
46757 47536
37397 38176
71684 72463
10926 11705
7802 8581
37396 38175
7794 8573
34277 35056
38968 39747
73229 74008
71672 72451
76358 77137
24932 25711
70114 70893
40518 41297
31179 31958
29615 30394
73231 74010
45192 45971
21832 22611
31165 31944
43641 44420
56101 56880
14035 14814
7806 8585
29605 30384
68555 69334
63893 64672
70128 70907
4677 5456
68553 69332
42075 42854
10912 11691
46758 47537
74799 75578
43631 44410
42085 42864
7 786
23375 24154
20274 21053
28061 28840
24935 25714
7804 8583
42079 42858
48308 49087
56108 56887
10908 11687
76362 77141
51431 52210
40516 41295
12478 13257
52992 53771
49866 50645
29612 30391
35838 36617
19 798
38954 39733
24929 25708
62327 63106
10915 11694
48302 49081
60775 61554
12479 13258
3126 3905
62333 63112
26493 27272
68561 69340
71670 72449
63896 64675
34278 35057
32726 33505
24937 25716
56091 56870
45191 45970
52978 53757
74801 75580
76352 77131
54532 55311
43639 44418
48318 49097
14031 14810
29616 30395
3118 3897
32735 33514
14041 14820
31177 31956
17145 17924
11 790
43640 44419
23371 24150
20271 21050
76361 77140
76348 77127
24931 25710
45189 45968
9351 10130
18703 19482
18709 19488
15595 16374
42081 42860
20256 21035
10924 11703
49876 50655
38965 39744
54549 55328
59215 59994
48316 49095
42082 42861
73240 74019
9354 10133
24942 25721
3133 3912
70124 70903
31174 31953
57650 58429
17150 17929
10923 11702
35839 36618
54534 55313
71677 72456
74804 75583
17147 17926
15589 16368
4693 5472
40527 41306
70112 70891
9353 10132
68564 69343
76350 77129
6237 7016
20270 21049
3117 3896
63881 64660
12468 13247
31176 31955
60771 61550
21825 22604
73238 74017
70121 70900
35844 36623
29607 30386
59219 59998
17153 17932
3135 3914
7799 8578
12480 13259
6251 7030
71676 72455
35842 36621
73244 74023
4688 5467
15592 16371
17149 17928
67003 67782
57652 58431
70120 70899
49859 50638
49863 50642
31164 31943
74788 75567
43632 44411
56104 56883
34279 35058
15585 16364
10914 11693
73232 74011
1566 2345
60782 61561
20261 21040
54543 55322
57651 58430
38957 39736
62331 63110
1564 2343
21822 22601
4679 5458
74802 75581
4680 5459
6246 7025
57664 58443
34286 35065
32727 33506
68554 69333
70129 70908
16 795
70125 70904
70119 70898
63890 64669
74803 75582
9352 10131
74798 75577
18712 19491
59216 59995
45202 45981
14038 14817
52977 53756
34296 35075
32722 33501
40512 41291
76349 77128
57661 58440
9359 10138
52976 53755
71687 72466
12481 13260
12476 13255
45198 45977
74797 75576
57656 58435
56095 56874
52975 53754
35851 36630
20263 21042
76354 77133
68560 69339
71686 72465
6244 7023
15588 16367
71679 72458
9361 10140
52979 53758
43642 44421
68557 69336
74794 75573
37409 38188
42076 42855
6241 7020
28045 28824
54537 55316
23388 24167
17143 17922
1573 2352
29614 30393
4 783
38966 39745
46749 47528
20258 21037
45188 45967
59211 59990
23384 24163
65448 66227
9349 10128
7808 8587
74795 75574
62323 63102
10919 11698
59223 60002
6242 7021
76357 77136
52991 53770
42067 42846
38963 39742
18707 19486
37403 38182
20268 21047
45196 45975
48314 49093
42074 42853
67008 67787
74793 75572
63889 64668
74786 75565
48312 49091
67004 67783
46744 47523
28053 28832
1578 2357
28057 28836
26496 27275
31161 31940
73239 74018
6247 7026
23385 24164
20273 21052
17146 17925
40528 41307
35843 36622
62336 63115
60774 61553
59208 59987
26487 27266
42077 42856
26495 27274
60772 61551
6243 7022
4681 5460
49874 50653
40519 41298
59210 59989
3130 3909
14033 14812
42084 42863
37401 38180
49858 50637
68556 69335
63888 64667
7792 8571
54533 55312
59218 59997
43633 44412
74790 75569
15594 16373
62332 63111
4692 5471
9357 10136
23387 24166
48313 49092
35854 36633
3128 3907
28064 28843
71685 72464
43644 44423
43625 44404
43635 44414
34295 35074
21829 22608
56092 56871
3119 3898
60770 61549
38959 39738
45199 45978
17144 17923
65450 66229
59220 59999
31175 31954
57653 58432
35835 36614
67007 67786
74800 75579
63880 64659
66998 67777
65454 66233
56103 56882
62339 63118
18705 19484
28062 28841
49869 50648
60763 61542
34281 35060
49872 50651
49864 50643
54540 55319
67002 67781
28048 28827
42072 42851
66996 67775
31170 31949
70113 70892
67006 67785
23373 24152
68568 69347
43626 44405
46756 47535
68571 69350
23374 24153
2 781
26491 27270
34283 35062
60778 61557
21831 22610
45190 45969
59212 59991
1577 2356
26492 27271
17148 17927
73236 74015
38964 39743
9365 10144
4690 5469
63884 64663
40513 41292
63892 64671
18715 19494
76351 77130
6249 7028
35845 36624
45193 45972
14029 14808
42083 42862
29608 30387
40526 41305
12469 13248
38952 39731
45201 45980
20260 21039
18702 19481
66999 67778
70118 70897
12483 13262
21817 22596
54538 55317
20267 21046
51420 52199
28060 28839
67005 67784
1565 2344
67011 67790
37404 38183
12470 13249
28054 28833
29611 30390
7797 8576
56089 56868
59214 59993
48315 49094
56105 56884
57666 58445
62324 63103
17156 17935
56106 56885
24948 25727
15587 16366
3120 3899
12473 13252
23372 24151
31169 31948
71681 72460
71682 72461
49873 50652
28063 28842
31171 31950
52990 53769
20272 21051
67014 67793
65444 66223
18697 19476
12477 13256
59213 59992
60769 61548
14042 14821
51418 52197
38960 39739
14034 14813
45183 45962
46753 47532
32733 33512
29620 30399
62322 63101
1563 2342
43627 44406
54541 55320
63891 64670
12471 13250
65445 66224
73227 74006
32738 33517
57647 58426
52988 53767
60765 61544
59205 59984
35849 36628
70111 70890
70115 70894
6234 7013
46759 47538
28052 28831
31180 31959
70122 70901
32730 33509
3134 3913
24938 25717
68569 69348
17154 17933
63879 64658
7795 8574
3 782
45187 45966
4684 5463
17139 17918
14023 14802
49870 50649
65455 66234
57657 58436
10922 11701
29604 30383
76345 77124
29610 30389
70126 70905
18700 19479
20265 21044
18704 19483
6236 7015
42086 42865
38953 39732
62321 63100
46743 47522
56099 56878
68562 69341
60777 61556
38961 39740
54539 55318
18708 19487
12467 13246
63886 64665
28047 28826
28051 28830
14028 14807
71680 72459
45185 45964
7796 8575
52985 53764
3122 3901
21816 22595
1 780
38951 39730
32728 33507
1562 2341
70123 70902
32737 33516
15599 16378
32736 33515
37411 38190
59206 59985
1570 2349
73242 74021
31173 31952
57648 58427
15597 16376
52983 53762
24943 25722
20269 21048
71671 72450
51433 52212
52984 53763
73245 74024
14027 14806
46745 47524
6233 7012
18698 19477
21827 22606
76353 77132
71673 72452
26505 27284
73234 74013
43628 44407
54546 55325
23382 24161
57658 58437
65439 66218
48304 49083
54547 55326
63882 64661
42073 42852
7810 8589
18701 19480
73233 74012
14039 14818
7800 8579
74791 75570
28049 28828
52986 53765
45184 45963
49875 50654
21826 22605
74785 75564
18711 19490
14 793
54536 55315
28050 28829
9364 10143
56096 56875
52982 53761
6238 7017
34293 35072
38958 39737
4676 5455
57660 58439
65451 66230
37412 38191
10920 11699
34289 35068
26498 27277
4687 5466
51430 52209
62335 63114
76347 77126
48311 49090
18706 19485
52981 53760
15596 16375
4682 5461
40525 41304
26497 27276
40517 41296
4686 5465
37405 38184
59209 59988
40511 41290
6240 7019
62328 63107
65449 66228
31167 31946
57655 58434
21830 22609
70127 70906
14040 14819
54544 55323
21814 22593
65447 66226
76355 77134
21828 22607
1572 2351
7805 8584
3131 3910
62329 63108
54548 55327
3123 3902
35847 36626
4685 5464
65440 66219
26500 27279
14025 14804
18713 19492
1571 2350
68565 69344
26488 27267
65443 66222
