1000
40509 41288
88809 89588
20258 21037
87253 88032
54540 55319
71674 72453
127765 128544
84136 84915
38960 39739
70111 70890
65443 66222
148020 148799
70118 70897
141788 142567
123090 123869
104388 105167
49862 50641
84135 84914
110628 111407
130874 131653
15588 16367
104389 105168
71670 72449
43625 44404
32728 33507
20259 21038
98156 98935
35843 36622
10913 11692
65442 66221
63886 64665
12471 13250
74791 75570
14025 14804
6241 7020
99717 100496
18704 19483
116856 117635
49858 50637
102829 103608
28054 28833
65438 66217
121526 122305
46747 47526
10911 11690
68560 69339
85694 86473
77905 78684
126206 126985
51417 52196
74787 75566
54537 55316
60772 61551
143342 144121
135555 136334
3119 3898
93488 94267
9357 10136
32721 33500
138667 139446
23379 24158
14028 14807
35838 36617
15581 16360
49864 50643
20256 21035
71671 72450
70115 70894
79465 80244
66997 67776
17147 17926
34280 35059
124650 125429
73232 74011
51420 52199
102831 103610
137110 137889
63880 64659
95043 95822
28052 28831
74794 75573
126208 126987
109061 109840
124645 125424
129321 130100
130878 131657
23375 24154
34279 35058
40518 41297
96601 97380
1565 2344
51415 52194
112181 112960
129324 130103
1560 2339
112182 112961
93486 94265
129323 130102
101271 102050
144904 145683
26496 27275
43627 44406
4675 5454
98163 98942
7791 8570
149573 150352
116857 117636
57647 58426
1561 2340
102830 103609
48301 49080
21813 22592
6240 7019
54533 55312
9 788
71675 72454
73235 74014
119974 120753
135551 136330
133995 134774
88810 89589
99716 100495
85692 86471
107507 108286
62326 63105
43631 44410
57650 58429
130882 131661
84134 84913
4680 5459
102837 103616
54538 55317
59208 59987
152686 153465
143343 144122
96605 97384
70116 70895
116853 117632
77906 78685
132437 133216
21819 22598
146454 147233
93487 94266
113736 114515
146461 147240
32719 33498
91924 92703
149571 150350
26494 27273
79467 80246
17145 17924
135554 136333
123091 123870
57648 58427
60763 61542
51422 52201
24936 25715
20263 21042
37395 38174
93481 94260
138672 139451
138666 139445
154250 155029
45183 45962
68561 69340
87254 88033
95040 95819
56090 56869
98155 98934
81017 81796
104396 105175
95039 95818
112185 112964
3117 3896
23371 24150
70114 70893
99721 100500
62323 63102
14030 14809
96597 97376
8 787
48304 49083
143346 144125
23372 24151
152688 153467
43632 44411
105945 106724
110623 111402
119976 120755
43633 44412
93482 94261
7800 8579
123083 123862
132436 133215
4681 5460
87258 88037
73234 74013
62322 63101
5 784
151128 151907
146456 147235
76348 77127
138670 139449
21817 22596
52976 53755
116859 117638
28048 28827
38954 39733
130877 131656
66998 67777
65441 66220
57651 58430
96603 97382
84137 84916
110620 111399
31162 31941
88815 89594
68556 69335
31170 31949
59205 59984
48307 49086
46749 47528
121528 122307
24938 25717
65437 66216
95042 95821
18703 19482
14032 14811
35841 36620
115300 116079
135552 136331
43630 44409
60767 61546
66995 67774
51421 52200
133991 134770
137111 137890
107509 108288
140227 141006
105946 106725
95048 95827
82578 83357
40513 41292
154246 155025
28046 28825
51416 52195
21816 22595
149576 150355
104394 105173
76350 77129
127763 128542
104390 105169
48308 49087
138663 139442
29606 30385
113743 114522
1568 2347
10916 11695
148011 148790
68558 69337
35837 36616
96598 97377
74785 75564
90368 91147
24929 25708
45184 45963
17139 17918
6 785
67000 67779
112178 112957
76346 77125
91930 92709
115295 116074
60768 61547
104391 105170
74790 75569
12467 13246
31164 31943
31161 31940
31163 31942
26487 27266
21815 22594
102836 103615
140226 141005
124646 125425
74786 75565
130873 131652
51423 52202
127761 128540
3125 3904
40516 41295
79460 80239
1566 2345
52975 53754
81018 81797
24930 25709
82576 83355
82577 83356
1563 2342
18698 19477
102835 103614
133994 134773
48299 49078
88808 89587
96599 97378
123089 123868
42068 42847
143337 144116
15583 16362
126202 126981
113738 114517
4682 5461
112186 112965
148017 148796
123086 123865
46746 47525
121529 122308
129320 130099
148015 148794
7793 8572
105952 106731
46750 47529
91925 92704
152685 153464
121530 122309
18706 19485
6237 7016
73228 74007
46748 47527
81023 81802
35844 36623
119973 120752
109065 109844
82580 83359
101275 102054
49861 50640
154249 155028
133989 134768
60769 61548
79468 80247
9349 10128
70112 70891
60771 61550
102838 103617
96604 97383
7796 8575
20264 21043
126205 126984
76347 77126
65439 66218
54536 55315
32726 33505
118411 119190
91927 92706
3118 3897
9352 10131
17141 17920
34278 35057
74792 75571
73230 74009
81022 81801
20262 21041
82579 83358
99713 100492
101272 102051
99718 100497
31166 31945
102833 103612
10 789
132440 133219
21822 22601
93490 94269
52980 53759
104387 105166
62328 63107
144899 145678
40511 41290
59211 59990
3126 3905
38958 39737
29607 30386
54535 55314
119969 120748
95045 95824
74789 75568
144900 145679
23380 24159
17140 17919
74788 75567
15584 16363
68553 69332
79466 80245
146455 147234
143340 144119
154248 155027
49860 50639
140224 141003
81026 81805
63887 64666
60765 61544
146457 147236
90374 91153
45192 45971
62325 63104
88813 89592
113737 114516
29605 30384
17144 17923
59207 59986
137107 137886
129319 130098
141786 142565
9351 10130
137105 137884
84141 84920
21818 22597
95046 95825
151131 151910
87255 88034
85699 86478
7 786
46745 47524
42076 42855
57653 58432
49863 50642
17142 17921
85693 86472
96606 97385
113744 114523
21814 22593
154252 155031
104393 105172
81024 81803
26490 27269
107512 108291
99722 100501
59214 59993
71672 72451
1567 2346
77904 78683
49857 50636
124647 125426
21821 22600
96600 97379
123085 123864
26491 27270
6242 7021
126201 126980
52979 53758
137113 137892
143338 144117
129322 130101
68554 69333
65444 66223
49865 50644
112179 112958
90373 91152
105950 106729
151133 151912
152694 153473
109062 109841
88811 89590
98164 98943
28053 28832
60766 61545
6234 7013
67001 67780
29611 30390
63885 64664
34283 35062
1559 2338
88812 89591
46741 47520
42073 42852
154251 155030
152690 153469
49859 50638
90371 91150
18699 19478
37399 38178
38953 39732
32723 33502
85695 86474
40510 41289
23378 24157
101280 102059
79463 80242
110627 111406
119967 120746
98162 98941
85696 86475
148014 148793
18702 19481
51418 52197
7797 8576
141782 142561
63882 64661
115296 116075
35836 36615
23377 24156
71673 72452
109064 109843
143345 144124
151136 151915
34285 35064
31169 31948
10915 11694
82583 83362
140222 141001
18701 19480
138664 139443
152692 153471
12469 13248
42072 42851
6233 7012
127759 128538
24932 25711
63884 64663
121533 122312
45185 45964
148012 148791
141779 142558
71678 72457
59209 59988
119971 120750
35839 36618
7799 8578
15589 16368
26492 27271
14031 14810
143344 144123
71676 72455
148018 148797
10910 11689
32720 33499
35835 36614
133997 134776
115298 116077
140230 141009
99715 100494
99719 100498
62324 63103
149572 150351
87256 88035
113740 114519
68555 69334
31165 31944
21820 22599
146458 147237
3124 3903
123092 123871
40515 41294
110621 111400
115297 116076
77907 78686
126199 126978
3122 3901
43634 44413
9353 10132
151134 151913
9354 10133
14026 14805
116858 117637
68562 69341
65445 66224
137106 137885
141787 142566
1564 2343
141783 142562
140229 141008
129316 130095
151135 151914
18700 19479
151130 151909
38956 39735
119968 120747
91932 92711
29608 30387
105949 106728
70120 70899
65440 66219
81020 81799
152691 153470
116855 117634
20255 21034
105948 106727
144903 145682
26493 27272
26488 27267
91928 92707
151129 151908
115302 116081
112183 112962
105947 106726
73233 74012
40517 41296
154244 155023
137112 137891
144902 145681
14024 14803
31168 31947
144895 145674
20257 21036
105951 106730
88814 89593
137109 137888
149578 150357
76349 77128
84142 84921
12473 13252
56089 56868
109067 109846
48306 49085
34281 35060
4679 5458
60764 61543
4 783
79464 80243
93489 94268
40512 41291
90370 91149
118415 119194
48302 49081
132432 133211
18697 19476
17146 17925
151127 151906
124643 125422
23373 24152
119975 120754
12474 13253
154247 155026
107511 108290
84133 84912
79461 80240
38951 39730
76343 77122
42070 42849
91926 92705
98160 98939
84140 84919
135550 136329
149577 150356
129315 130094
149570 150349
98158 98937
133998 134777
93484 94263
56097 56876
4684 5463
57649 58428
52982 53761
62321 63100
148013 148792
14027 14806
48303 49082
42075 42854
34284 35063
82584 83363
71677 72456
126204 126983
123084 123863
118412 119191
52973 53752
85691 86470
52981 53760
121534 122313
14023 14802
9355 10134
101278 102057
82575 83354
118414 119193
7794 8573
29603 30382
85698 86477
74793 75572
99714 100493
137108 137887
127766 128545
15582 16361
109063 109842
119970 120749
87257 88036
149574 150353
32722 33501
126200 126979
10914 11693
18705 19484
48305 49084
98159 98938
73236 74015
7792 8571
57656 58435
144901 145680
88816 89595
87249 88028
88807 89586
70119 70898
45189 45968
112180 112959
6235 7014
121532 122311
77909 78688
91929 92708
34282 35061
132434 133213
119972 120751
63883 64662
115299 116078
71669 72448
135549 136328
151132 151911
127758 128537
133992 134771
132438 133217
113739 114518
126207 126986
37401 38180
57654 58433
101273 102052
121525 122304
68557 69336
101276 102055
99720 100499
109070 109849
133996 134775
56092 56871
84138 84917
133990 134769
62330 63109
140223 141002
135548 136327
46743 47522
138668 139447
87250 88029
95044 95823
138671 139450
46744 47523
2 781
52977 53756
68559 69338
123088 123867
45191 45970
90372 91151
118416 119195
4683 5462
52978 53757
34286 35065
146462 147241
79462 80241
20261 21040
10912 11691
127762 128541
81021 81800
129318 130097
38959 39738
152693 153472
14029 14808
73227 74006
91923 92702
28051 28830
85697 86476
59210 59989
82582 83361
24933 25712
77902 78681
91931 92710
40514 41293
37398 38177
133993 134772
140228 141007
26495 27274
43629 44408
109068 109847
42069 42848
102834 103613
57652 58431
135547 136326
3123 3902
135553 136332
76344 77123
24934 25713
56098 56877
59213 59992
15587 16366
112177 112956
118418 119197
98161 98940
113741 114520
116860 117639
124644 125423
35842 36621
113742 114521
51424 52203
31167 31946
6236 7015
24937 25716
46742 47521
62329 63108
144897 145676
144898 145677
101277 102056
57655 58434
63879 64658
107510 108289
42074 42853
135556 136335
130880 131659
37393 38172
26489 27268
118417 119196
121531 122310
29612 30391
102832 103611
77910 78689
29604 30383
90365 91144
95041 95820
66999 67778
60770 61549
124642 125421
3121 3900
87251 88030
110619 111398
129317 130096
24935 25714
130881 131660
146453 147232
67004 67783
115293 116072
107508 108287
121527 122306
118409 119188
73231 74010
140221 141000
140225 141004
12466 13245
95047 95826
56096 56875
63888 64667
141780 142559
66996 67775
7798 8577
49866 50645
138669 139448
35840 36619
127757 128536
15585 16364
3 782
90369 91148
9358 10137
34277 35056
28045 28824
101274 102053
132439 133218
116851 117630
23376 24155
59206 59985
152687 153466
59212 59991
141784 142563
37396 38175
42067 42846
37400 38179
12468 13247
85700 86479
77903 78682
124641 125420
93483 94262
113735 114514
137114 137893
123087 123866
79459 80238
109069 109848
38952 39731
24931 25710
127764 128543
56091 56870
56095 56874
28050 28829
144896 145675
90367 91146
15586 16365
107505 108284
6238 7017
43628 44407
1 780
77901 78680
65446 66225
3120 3899
141781 142560
67003 67782
32727 33506
67002 67781
76351 77130
118410 119189
4676 5455
148016 148795
63881 64660
115294 116073
32725 33504
107503 108282
51419 52198
42071 42850
143339 144118
104395 105174
107504 108283
148019 148798
28049 28828
93485 94264
12465 13244
37394 38173
45187 45966
154243 155022
143341 144120
54539 55318
146460 147239
87252 88031
110624 111403
48300 49079
116852 117631
130875 131654
96602 97381
110625 111404
127760 128539
84139 84918
17148 17927
37397 38176
146459 147238
29609 30388
15590 16369
149575 150354
56093 56872
107506 108285
90366 91145
101279 102058
45186 45965
149569 150348
38955 39734
1562 2341
109066 109845
56094 56873
20260 21039
112184 112963
105954 106733
12470 13249
70117 70896
77908 78687
9350 10129
116854 117633
132435 133214
76352 77131
23374 24153
70113 70892
54532 55311
10909 11688
104392 105171
126203 126982
152689 153468
98157 98936
37402 38181
105953 106732
32724 33503
9356 10135
82581 83360
54531 55310
81025 81804
10908 11687
76345 77124
118413 119192
81019 81798
12472 13251
124648 125427
132433 133212
62327 63106
115301 116080
45190 45969
141785 142564
29610 30389
110622 111401
43626 44405
132431 133210
154245 155024
45188 45967
4678 5457
17143 17922
7795 8574
124649 125428
110626 111405
6239 7018
73229 74008
10907 11686
130876 131655
54534 55313
28047 28826
38957 39736
4677 5456
138665 139444
52974 53753
130879 131658
