1000
202541 203320
445589 446368
102830 103609
439357 440136
278884 279663
361458 362237
645013 645792
422220 422999
200984 201763
350551 351330
331855 332634
746284 747063
355226 356005
715124 715903
620086 620865
521932 522711
252398 253177
422219 422998
559324 560103
654362 655141
82576 83355
523489 524268
358342 359121
218121 218900
169824 170603
104387 105166
490772 491551
185403 186182
59205 59984
330298 331077
324066 324845
66995 67774
378595 379374
71669 72448
37393 38172
501677 502456
98156 98935
587368 588147
249282 250061
514141 514920
146454 147233
327182 327961
607622 608401
238375 239154
57647 58426
347436 348215
430010 430789
392617 393396
635666 636445
258629 259408
375479 376258
277325 278104
310044 310823
719798 720577
683963 684742
17139 17918
472076 472855
52973 53752
165149 165928
696427 697206
123083 123862
73228 74007
180730 181509
77901 78680
253956 254735
101272 102051
359899 360678
353667 354446
401965 402744
336529 337308
91923 92702
172940 173719
629434 630213
369248 370027
260188 260967
515699 516478
688638 689417
319392 320171
478307 479086
144896 145675
380154 380933
637224 638003
545301 546080
626317 627096
651245 652024
657478 658257
119967 120746
172939 173718
208774 209553
486097 486876
12465 13244
257071 257850
563997 564776
652804 653583
7792 8571
563998 564777
470518 471297
652803 653582
506351 507130
730704 731483
138664 139443
219679 220458
23371 24150
497003 497782
38951 39730
750957 751736
588925 589704
288231 289010
9349 10128
514142 514921
243049 243828
109061 109840
35836 36615
274209 274988
6233 7012
363015 363794
372363 373142
604506 605285
680847 681626
674615 675394
445590 446369
500120 500899
428452 429231
540627 541406
314718 315497
222795 223574
289790 290569
660594 661373
420662 421441
26488 27267
520373 521152
277326 278105
297580 298359
763422 764201
721355 722134
489213 489992
353668 354447
585809 586588
392618 393397
666825 667604
113735 114514
732262 733041
472075 472854
568672 569451
738493 739272
163591 164370
459612 460391
749399 750178
137106 137885
403523 404302
90365 91144
682406 683185
621643 622422
288232 289011
303811 304590
261746 262525
129316 130095
107503 108282
188519 189298
467401 468180
699544 700323
694870 695649
775886 776665
225911 226690
348993 349772
439358 440137
475192 475971
280442 281221
490771 491550
405081 405860
528164 528943
475191 475970
567113 567892
15581 16360
116851 117630
352110 352889
504793 505572
313159 313938
74786 75565
482981 483760
4676 5455
244608 245387
722914 723693
116852 117631
764980 765759
222796 223575
529721 530500
556207 556986
606064 606843
224353 225132
467402 468181
45184 45963
615411 616190
665268 666047
28045 28824
442474 443253
370806 371585
311602 312381
3117 3896
755632 756411
733820 734599
384828 385607
697986 698765
112177 112956
266420 267199
590483 591262
141780 142559
196310 197089
657477 658256
336530 337309
330297 331076
291347 292126
487655 488434
423777 424556
553092 553871
155802 156581
450263 451042
344320 345099
162034 162813
296021 296800
247723 248502
239933 240712
609180 609959
130874 131653
327181 327960
476750 477529
98155 98934
76344 77123
183845 184624
581136 581915
680848 681627
221238 222017
306927 307706
334971 335750
261745 262524
671499 672278
690195 690974
542185 542964
705775 706554
529722 530501
481424 482203
414430 415209
205657 206436
772770 773549
140222 141001
257072 257851
110620 111399
752516 753295
526606 527385
386386 387165
643455 644234
523490 524269
247724 248503
693311 694090
149570 150349
574903 575682
14024 14803
60764 61543
740051 740830
345878 346657
180729 181508
482982 483761
373921 374700
453380 454159
124641 125420
225912 226691
85691 86470
3118 3897
338088 338867
560882 561661
383270 384049
464286 465065
578019 578798
306928 307707
525047 525826
377038 377817
63879 64658
157360 158139
155801 156580
157359 158138
132431 133210
110619 111398
518816 519595
704218 704997
626318 627097
373922 374701
654361 655140
263303 264082
641897 642676
21813 22592
207216 207995
397292 398071
12466 13245
266419 267198
405082 405861
124642 125421
412872 413651
414429 415208
10907 11686
93482 94261
518815 519594
673058 673837
241491 242270
444032 444811
484539 485318
620085 620864
210332 211111
716681 717460
79459 80238
632550 633329
570230 571009
28046 28825
567114 567893
744725 745504
616970 617749
236818 237597
610737 611516
649688 650467
743167 743946
40509 41288
534396 535175
239934 240713
461169 461948
763421 764200
610738 611517
99714 100493
34277 35056
366132 366911
238376 239155
409755 410534
185404 186183
604505 605284
548417 549196
415988 416767
509467 510246
252397 253176
775885 776664
669941 670720
308485 309264
403524 404303
46741 47520
350552 351331
310043 310822
520374 521153
487656 488435
42068 42847
107504 108283
635665 636444
384827 385606
328739 329518
275768 276547
168266 169045
593599 594378
462727 463506
15582 16361
48300 49079
87249 88028
171382 172161
378596 379375
367690 368469
408198 408977
105946 106725
415987 416766
498561 499340
506352 507131
501678 502457
158918 159697
517257 518036
6234 7013
668384 669163
115294 116073
473634 474413
269536 270315
521931 522710
316276 317055
727587 728366
204099 204878
300695 301474
21814 22593
199426 200205
151127 151906
275767 276546
601389 602168
479865 480644
377037 377816
727588 728367
123084 123863
85692 86471
375480 376259
79460 80239
342761 343540
401966 402745
733819 734598
718240 719019
774328 775107
250840 251619
702660 703439
411314 412093
325623 326402
305369 306148
735377 736156
458054 458833
232144 232923
314717 315496
448705 449484
570229 571008
149569 150348
88808 89587
297579 298358
687079 687858
649687 650466
713566 714345
48299 49078
685521 686300
426893 427672
112178 112957
479866 480645
758747 759526
440915 441694
434683 435462
4675 5454
236817 237596
216564 217343
292905 293684
253955 254734
87250 88029
430009 430788
489214 489993
574904 575683
109062 109841
777444 778223
526605 527384
409756 410535
133990 134769
543744 544523
504794 505573
302254 303033
359900 360679
14023 14802
391060 391839
249281 250060
627875 628654
115293 116072
484540 485319
616969 617748
135547 136326
37394 38173
632549 633328
269535 270314
691753 692532
716682 717461
651246 652025
342762 343541
331856 332635
255513 256292
562439 563218
458053 458832
532838 533617
760305 761084
769654 770433
545302 546081
447147 447926
497004 497783
146453 147232
305370 306149
31162 31941
339645 340424
154243 155022
324065 324844
176055 176834
7791 8570
447148 447927
233701 234480
215005 215784
777443 778222
766538 767317
250839 251618
456495 457274
95039 95818
191635 192414
196309 197088
166707 167486
431567 432346
202542 203321
121526 122305
512584 513363
400407 401186
559323 560102
599831 600610
495446 496225
431568 432347
741610 742389
96598 97377
258630 259409
43625 44404
710450 711229
320950 321729
578020 578799
179172 179951
121525 122304
361457 362236
546860 547639
722913 723692
761864 762643
177613 178392
162033 162812
60763 61542
419103 419882
701102 701881
96597 97376
693312 694091
768096 768875
65437 66216
213448 214227
31161 31940
640339 641118
126200 126979
322508 323287
613853 614632
227469 228248
740052 740831
708891 709670
364574 365353
299137 299916
602947 603726
182287 183066
45183 45962
84133 84912
135548 136327
76343 77122
721356 722135
363016 363795
744726 745505
56090 56869
163592 164371
179171 179950
676173 676952
579578 580357
707334 708113
500119 500898
503235 504014
313160 313939
749400 750179
440916 441695
571788 572567
344319 345098
158917 159696
113736 114515
735378 736157
20256 21035
621644 622423
207215 207994
554649 555428
579577 580356
394175 394954
630991 631770
18698 19477
224354 225133
49857 50636
760306 761085
49858 50637
71670 72449
588926 589705
348994 349773
333413 334192
685522 686301
715123 715902
10908 11687
712007 712786
707333 708112
646572 647351
761863 762642
95040 95819
757190 757969
197868 198647
599832 600611
465844 466623
151128 151907
532837 533616
356784 357563
328740 329519
406640 407419
768095 768874
587367 588146
101271 102050
531280 532059
730703 731482
137105 137884
132432 133211
462728 463507
757189 757968
582694 583473
565555 566334
531279 532058
370805 371584
208773 209552
771212 771991
690196 690975
729146 729925
70112 70891
160476 161255
724471 725250
102829 103608
534395 535174
448706 449485
688637 689416
754074 754853
386385 387164
426894 427673
68553 69332
280441 281220
549975 550754
246166 246945
174497 175276
26487 27266
303812 304591
1560 2339
400408 401187
473633 474412
204100 204879
454938 455717
596715 597494
243050 243829
662152 662931
93481 94260
90366 91145
755631 756410
624759 625538
118409 119188
606063 606842
68554 69333
774327 775106
543743 544522
420661 421440
398849 399628
194751 195530
381711 382490
211890 212669
461170 461949
493888 494667
425336 426115
679290 680069
754073 754852
646571 647350
747842 748621
492330 493109
676174 676953
468960 469739
286673 287452
29604 30383
289789 290568
271094 271873
311601 312380
741609 742388
73227 74006
244607 245386
216563 217342
176056 176835
419104 419883
364573 365352
634108 634887
615412 616191
593600 594379
264861 265640
428451 429230
271093 271872
613854 614633
70111 70890
51415 52194
511026 511805
412871 413650
595158 595937
40510 41289
148011 148790
433126 433905
380153 380932
498562 499341
687080 687859
645014 645793
77902 78681
546859 547638
601390 602169
442473 443252
750958 751737
165150 165929
630992 631771
59206 59985
99713 100492
246165 246944
493887 494666
372364 373143
38952 39731
294464 295243
729145 729924
450264 451043
436241 437020
444031 444810
356783 357562
230585 231364
562440 563219
32719 33498
612296 613075
395733 396512
464285 465064
174498 175277
663710 664489
602948 603727
322507 323286
581135 581914
358341 359120
679289 680068
758748 759527
638782 639561
671500 672279
666826 667605
571787 572566
637223 638002
193193 193972
292906 293685
507909 508688
607621 608400
345877 346656
509468 510247
503236 504015
551534 552313
674616 675395
282000 282779
423778 424557
669942 670721
317834 318613
702659 703438
677732 678511
235259 236038
696428 697207
436242 437021
478308 479087
699543 700322
235260 236039
2 781
267977 268756
347435 348214
618528 619307
232143 232922
456496 457275
596716 597495
29603 30382
267978 268757
177614 178393
738494 739273
398850 399629
105945 106724
57648 58427
641898 642677
408197 408976
648130 648909
200983 201762
769653 770432
74785 75564
366131 366910
459611 460390
144895 145674
433125 433904
299138 299917
417546 418325
127757 128536
389502 390281
465843 466622
205658 206437
190078 190857
673057 673836
705776 706555
138663 139442
221237 222016
549976 550755
211889 212668
517258 518037
291348 292127
677731 678510
20255 21034
682405 683184
381712 382491
127758 128537
286674 287453
302253 303032
82575 83354
560881 561660
598274 599053
495445 496224
573345 574124
590484 591263
624760 625539
183846 184625
573346 574125
263304 264083
160475 161254
32720 33499
130873 131652
233702 234481
317833 318612
726029 726808
726030 726809
511025 511804
294463 295242
319391 320170
542186 542965
215006 215785
683964 684743
659036 659815
186961 187740
133989 134768
598273 599052
612295 613074
154244 155023
515700 516479
395734 396513
148012 148791
451821 452600
476749 477528
338087 338866
308486 309265
623202 623981
18697 19476
437799 438578
553091 553870
648129 648908
129315 130094
660593 661372
732261 733040
341204 341983
576461 577240
540628 541407
609179 609958
592041 592820
369247 370026
701101 701880
704217 704996
62322 63101
481423 482202
285116 285895
325624 326403
708892 709671
334972 335751
43626 44405
255514 256293
697985 698764
182288 183067
638781 639560
81017 81796
1559 2338
454937 455716
52974 53753
171381 172160
140221 141000
507910 508689
668383 669162
584251 585030
119968 120747
296022 296801
764979 765758
300696 301475
712008 712787
188520 189299
210331 211110
191636 192415
63880 64659
434684 435463
391059 391838
623201 623980
468959 469738
568671 569450
691754 692533
618527 619306
397291 398070
551533 552312
194752 195531
126199 126978
643456 644235
281999 282778
285115 285894
143338 144117
724472 725251
453379 454158
81018 81797
539069 539848
34278 35057
219680 220459
1 780
389501 390280
333414 334193
17140 17919
710449 711228
341203 341982
169823 170602
339646 340425
387943 388722
592042 592821
23372 24151
743168 743947
320949 321728
576462 577241
168265 169044
537511 538290
260187 260966
213447 214226
718239 719018
528163 528942
537512 538291
746283 747062
143337 144116
470517 471296
62321 63100
186962 187741
229027 229806
771211 771990
719797 720576
278883 279662
736936 737715
437800 438579
556208 556987
241492 242271
584252 585031
655919 656698
486098 486877
557765 558544
640340 641119
425335 426114
91924 92703
190077 190856
736935 737714
152685 153464
84134 84913
752515 753294
283557 284336
539070 539849
451822 452601
512583 513362
227470 228249
747841 748620
197867 198646
9350 10129
548418 549197
283558 284337
104388 105167
565556 566335
535954 536733
65438 66217
355225 356004
394176 394955
46742 47521
585810 586589
665267 666046
387944 388723
118410 119189
352109 352888
272652 273431
56089 56868
525048 525827
634107 634886
766537 767316
492329 493108
193194 193973
535953 536732
166708 167487
51416 52195
417545 418324
272651 273430
411313 412092
54532 55311
383269 384048
595157 595936
406639 407418
66996 67775
627876 628655
663709 664488
316275 317054
582693 583472
230586 231365
713565 714344
152686 153465
554650 555429
218122 218901
662151 662930
772769 773548
229028 229807
24930 25709
88807 89586
42067 42846
629433 630212
557766 558545
35835 36614
367689 368468
54531 55310
655920 656699
274210 274989
141779 142558
199425 200204
24929 25708
694869 695648
264862 265641
659035 659814
