1000
403523 404302
889619 890398
205657 206436
877155 877934
557765 558544
722913 723692
1288467 1289246
844437 845216
401965 402744
699543 700322
662151 662930
1492565 1493344
710449 711228
1430245 1431024
1240169 1240948
1043861 1044640
504793 505572
842879 843658
1118645 1119424
1308721 1309500
165149 165928
1045419 1046198
716681 717460
434683 435462
339645 340424
207215 207994
981541 982320
369247 370026
116851 117630
660593 661372
648129 648908
132431 133210
755631 756410
141779 142558
73227 74006
1001795 1002574
196309 197088
1174733 1175512
498561 499340
1026723 1027502
292905 293684
654361 655140
1215241 1216020
475191 475970
113735 114514
694869 695648
860017 860796
783675 784454
1271329 1272108
515699 516478
749399 750178
553091 553870
620085 620864
1439593 1440372
1366367 1367146
32719 33498
944149 944928
104387 105166
328739 329518
1391295 1392074
244607 245386
146453 147232
361457 362236
154243 155022
507909 508688
202541 203320
718239 719018
705775 706554
802371 803150
671499 672278
182287 183066
345877 346656
1258865 1259644
738493 739272
520373 521152
1029839 1030618
1377273 1378052
638781 639560
955055 955834
289789 290568
760305 761084
1274445 1275224
1089043 1089822
1251075 1251854
1300931 1301710
1314953 1315732
238375 239154
344319 345098
417545 418324
970635 971414
23371 24150
512583 513362
1126435 1127214
1305605 1306384
15581 16360
1127993 1128772
941033 941812
1304047 1304826
1011143 1011922
1461405 1462184
277325 278104
437799 438578
45183 45962
992447 993226
76343 77122
1500355 1501134
1176291 1177070
574903 575682
17139 17918
1028281 1029060
484539 485318
216563 217342
71669 72448
546859 547638
10907 11686
724471 725250
743167 743946
1209009 1209788
1360135 1360914
1347671 1348450
891177 891956
1000237 1001016
856901 857680
1079695 1080474
629433 630212
444031 444810
579577 580356
1321185 1321964
841321 842100
52973 53752
1039187 1039966
554649 555428
595157 595936
1526841 1527620
1441151 1441930
976867 977646
707333 708112
1170059 1170838
785233 786012
1332091 1332870
225911 226690
1464521 1465300
942591 943370
1137341 1138120
1475427 1476206
325623 326402
919221 920000
1497239 1498018
274209 274988
805487 806266
179171 179950
1364809 1365588
1241727 1242506
576461 577240
606063 606842
523489 524268
258629 259408
213447 214226
375479 376258
933243 934022
1399085 1399864
1389737 1390516
1551769 1552548
450263 451042
696427 697206
878713 879492
950381 951160
560881 561660
979983 980762
808603 809382
1056325 1057104
948823 949602
1132667 1133446
29603 30382
232143 232922
704217 704996
1008027 1008806
624759 625538
149569 150348
964403 965182
9349 10128
489213 489992
1445825 1446604
233701 234480
1529957 1530736
445589 446368
1057883 1058662
1110855 1111634
1212125 1212904
447147 447926
934801 935580
90365 91144
1229263 1230042
1330533 1331312
54531 55310
884945 885724
741609 742388
623201 623980
4675 5454
1511261 1512040
1467637 1468416
769653 770432
1395969 1396748
222795 223574
532837 533616
1179407 1180186
283557 284336
392617 393396
1313395 1314174
673057 673836
659035 659814
581135 581914
973751 974530
845995 846774
1106181 1106960
311601 312380
898967 899746
688637 689416
324065 324844
590483 591262
493887 494666
478307 479086
1218357 1219136
261745 262524
652803 653582
953497 954276
194751 195530
152685 153464
366131 366910
1162269 1163048
1361693 1362472
442473 443252
612295 613074
668383 669162
521931 522710
1341439 1342218
1378831 1379610
1082811 1083590
1409991 1410770
1059441 1060220
962845 963624
828857 829636
409755 410534
1545537 1546316
280441 281220
514141 514920
221237 222016
1505029 1505808
1053209 1053988
772769 773548
1285351 1286130
1046977 1047756
495445 496224
1385063 1385842
299137 299916
1148247 1149026
28045 28824
121525 122304
1478543 1479322
691753 692532
359899 360678
965961 966740
746283 747062
906757 907536
247723 248502
451821 452600
169823 170602
6233 7012
676173 676952
1121761 1122540
766537 767316
928569 929348
1154479 1155258
613853 614632
1048535 1049314
754073 754852
126199 126978
314717 315496
310043 310822
313159 313938
263303 264082
219679 220458
1037629 1038408
1408433 1409212
1252633 1253412
747841 748620
1307163 1307942
525047 525826
1282235 1283014
42067 42846
414429 415208
794581 795360
24929 25708
531279 532058
810161 810940
249281 250060
825741 826520
827299 828078
20255 21034
186961 187740
1036071 1036850
1346113 1346892
481423 482202
888061 888840
967519 968298
1238611 1239390
420661 421440
1431803 1432582
157359 158138
1265097 1265876
1140457 1141236
56089 56868
1134225 1135004
1487891 1488670
1233937 1234716
473633 474412
1219915 1220694
1299373 1300152
1484775 1485554
79459 80238
1068789 1069568
479865 480644
920779 921558
1525283 1526062
1221473 1222252
199425 200204
66995 67774
732261 733040
476749 477528
817951 818730
370805 371584
1207451 1208230
1095275 1096054
831973 832752
1017375 1018154
503235 504014
1550211 1550990
1338323 1339102
615411 616190
807045 807824
91923 92702
701101 701880
618527 619306
1040745 1041524
975309 976088
84133 84912
215005 215784
1269771 1270550
768095 768874
655919 656698
551533 552312
336529 337308
1185639 1186418
923895 924674
31161 31940
96597 97376
172939 173718
342761 343540
757189 757968
735377 736156
816393 817172
211889 212668
830415 831194
995563 996342
1012701 1013480
1003353 1004132
317833 318612
1032955 1033734
12465 13244
1336765 1337544
230585 231364
947265 948044
539069 539848
1042303 1043082
632549 633328
1453615 1454394
406639 407418
599831 600610
43625 44404
398849 399628
300695 301474
549975 550754
1201219 1201998
958171 958950
752515 753294
1455173 1455952
246165 246944
171381 172160
750957 751736
158917 159696
683963 684742
803929 804708
1466079 1466858
1436477 1437256
1548653 1549432
501677 502456
1405317 1406096
822625 823404
649687 650466
609179 609958
1469195 1469974
916105 916884
464285 465064
627875 628654
895851 896630
1138899 1139678
297579 298358
177613 178392
593599 594378
1372599 1373378
1297815 1298594
1427129 1427908
95039 95818
1369483 1370262
852227 853006
224353 225132
959729 960508
1515935 1516714
880271 881050
867807 868586
7791 8570
472075 472854
433125 433904
584251 585030
506351 507130
174497 175276
858459 859238
978425 979204
1149805 1150584
218121 218900
1554885 1555664
1051651 1052430
819509 820288
267977 268756
1087485 1088264
1009585 1010364
604505 605284
719797 720576
26487 27266
782117 782896
497003 497782
1254191 1254970
229027 229806
969077 969856
1232379 1233158
269535 270314
74785 75564
1263539 1264318
537511 538290
1381947 1382726
1433361 1434140
1302489 1303268
685521 686300
663709 664488
509467 510246
1123319 1124098
914547 915326
1065673 1066452
1519051 1519830
1539305 1540084
1090601 1091380
892735 893514
994005 994784
291347 292126
610737 611516
62321 63100
677731 678510
306927 307706
646571 647350
350551 351330
14023 14802
894293 895072
465843 466622
428451 429230
1553327 1554106
1533073 1533852
500119 500898
911431 912210
188519 189298
381711 382490
391059 391838
331855 332634
861575 862354
405081 405860
243049 243828
1025165 1025944
799255 800034
1117087 1117866
1198103 1198882
990889 991668
863133 863912
1483217 1483996
193193 193972
517257 518036
85691 86470
1420897 1421676
641897 642676
1156037 1156816
358341 359120
241491 242270
721355 722134
1093717 1094496
1444267 1445046
1523725 1524504
353667 354446
322507 323286
119967 120746
836647 837426
1402201 1402980
191635 192414
1386621 1387400
1536189 1536968
129315 130094
426893 427672
60763 61542
1279119 1279898
252397 253176
645013 645792
1226147 1226926
453379 454158
1480101 1480880
1416223 1417002
729145 729924
596715 597494
1204335 1205114
363015 363794
88807 89586
166707 167486
271093 271872
151127 151906
1442709 1443488
726029 726808
1489449 1490228
112177 112956
327181 327960
356783 357562
1350787 1351566
1159153 1159932
1414665 1415444
998679 999458
1004911 1005690
626317 627096
1498797 1499576
881829 882608
1143573 1144352
687079 687858
316275 317054
227469 228248
1470753 1471532
40509 41288
1243285 1244064
412871 413650
1107739 1108518
1157595 1158374
786791 787570
1260423 1261202
37393 38172
448705 449484
98155 98934
1520609 1521388
99713 100492
143337 144116
1177849 1178628
697985 698764
665267 666046
1371041 1371820
1428687 1429466
21813 22592
1422455 1423234
1413107 1413886
1293141 1293920
1522167 1522946
190077 190856
1514377 1515156
395733 396512
1199661 1200440
931685 932464
302253 303032
1064115 1064894
713565 714344
657477 658256
813277 814056
1534631 1535410
1173175 1173954
200983 201762
1062557 1063336
1459847 1460626
272651 273430
264861 265640
925453 926232
1512819 1513598
1165385 1166164
1129551 1130330
1060999 1061778
740051 740830
415987 416766
1542421 1543200
1380389 1381168
1458289 1459068
140221 141000
320949 321728
1447383 1448162
204099 204878
1067231 1068010
897409 898188
1375715 1376494
1508145 1508924
771211 771990
853785 854564
135547 136326
559323 560102
1098391 1099170
492329 493108
347435 348214
51415 52194
607621 608400
3117 3896
800813 801592
945707 946486
408197 408976
909873 910652
1191871 1192650
486097 486876
1324301 1325080
185403 186182
180729 181508
1509703 1510482
1247959 1248738
235259 236038
1210567 1211346
137105 137884
1547095 1547874
1085927 1086706
839763 840542
796139 796918
387943 388722
761863 762642
423777 424556
922337 923116
987773 988552
850669 851448
1358577 1359356
1506587 1507366
1291583 1292362
1495681 1496460
984657 985436
1352345 1353124
937917 938696
571787 572566
59205 59984
578019 578798
542185 542964
621643 622422
1481659 1482438
144895 145674
487655 488434
431567 432346
352109 352888
838205 838984
727587 728366
1268213 1268992
1230821 1231600
1187197 1187976
528163 528942
855343 856122
540627 541406
1227705 1228484
138663 139442
101271 102050
1022049 1022828
824183 824962
1190313 1191092
81017 81796
294463 295242
866249 867028
758747 759526
997121 997900
1374157 1374936
1290025 1290804
155801 156580
1092159 1092938
1202777 1203556
883387 884166
1501913 1502692
330297 331076
1261981 1262760
118409 119188
197867 198646
490771 491550
986215 986994
744725 745504
77901 78680
588925 589704
1456731 1457510
900525 901304
870923 871702
886503 887282
712007 712786
459611 460390
1124877 1125656
63879 64658
1224589 1225368
789907 790686
927011 927790
348993 349772
1327417 1328196
1205893 1206672
643455 644234
1160711 1161490
715123 715902
1357019 1357798
1517493 1518272
1277561 1278340
1342997 1343776
1333649 1334428
1142015 1142794
1272887 1273666
384827 385606
585809 586588
1014259 1015038
1213683 1214462
690195 690974
1018933 1019712
1006469 1007248
1103065 1103844
1349229 1350008
563997 564776
847553 848332
1339881 1340660
635665 636444
1403759 1404538
1355461 1356240
468959 469738
1392853 1393632
872481 873260
956613 957392
1397527 1398306
470517 471296
2 781
534395 535174
693311 694090
1237053 1237832
462727 463506
912989 913768
1193429 1194208
57647 58426
535953 536732
355225 356004
1476985 1477764
797697 798476
210331 211110
115293 116072
1283793 1284572
814835 815614
1296257 1297036
400407 401186
1537747 1538526
148011 148790
730703 731482
917663 918442
288231 289010
864691 865470
598273 599052
835089 835868
253955 254734
779001 779780
930127 930906
411313 412092
380153 380932
1344555 1345334
1411549 1412328
275767 276546
440915 441694
1099949 1100728
422219 422998
1034513 1035292
582693 583472
1353903 1354682
38951 39730
1363251 1364030
763421 764200
255513 256292
573345 574124
602947 603726
163591 164370
1120203 1120982
1196545 1197324
989331 990110
1145131 1145910
1180965 1181744
1249517 1250296
367689 368468
1146689 1147468
526605 527384
319391 320170
65437 66216
260187 260966
467401 468180
634107 634886
1450499 1451278
1452057 1452836
1020491 1021270
587367 588146
637223 638002
1084369 1085148
430009 430788
1367925 1368704
1318069 1318848
372363 373142
266419 267198
1194987 1195766
1223031 1223810
308485 309264
1031397 1032176
791465 792244
296021 296800
902083 902862
951939 952718
674615 675394
616969 617748
1246401 1247180
35835 36614
874039 874818
1104623 1105402
1294699 1295478
257071 257850
1319627 1320406
1462963 1463742
682405 683184
1151363 1152142
1081253 1082032
1216799 1217578
1182523 1183302
736935 737714
1400643 1401422
1406875 1407654
124641 125420
961287 962066
570229 571008
651245 652024
1417781 1418560
669941 670720
87249 88028
511025 511804
1394411 1395190
364573 365352
1276003 1276782
160475 161254
1559 2338
908315 909094
105945 106724
341203 341982
278883 279662
1015817 1016596
1335207 1335986
1166943 1167722
239933 240712
592041 592820
1528399 1529178
601389 602168
1424013 1424792
377037 377816
419103 419882
383269 384048
127757 128536
869365 870144
780559 781338
1244843 1245622
936359 937138
1135783 1136562
1383505 1384284
1235495 1236274
793023 793802
1101507 1102286
389501 390280
250839 251618
1286909 1287688
562439 563218
568671 569450
286673 287452
1448941 1449720
905199 905978
162033 162812
1076579 1077358
68553 69332
439357 440136
1 780
777443 778222
666825 667604
34277 35056
1419339 1420118
680847 681626
338087 338866
679289 680068
774327 775106
1184081 1184860
46741 47520
1486333 1487112
640339 641118
1152921 1153700
334971 335750
1073463 1074242
518815 519594
425335 426114
1434919 1435698
1054767 1055546
1075021 1075800
1491007 1491786
285115 285894
939475 940254
123083 123862
373921 374700
456495 457274
1540863 1541642
1438035 1438814
556207 556986
1473869 1474648
875597 876376
1112413 1113192
482981 483760
1168501 1169280
1310279 1311058
972193 972972
1113971 1114750
1280677 1281456
849111 849890
183845 184624
378595 379374
1472311 1473090
303811 304590
168265 169044
1503471 1504250
565555 566334
1078137 1078916
903641 904420
1023607 1024386
454937 455716
1494123 1494902
394175 394954
18697 19476
1096833 1097612
567113 567892
208773 209552
1131109 1131888
1071905 1072684
130873 131652
708891 709670
788349 789128
93481 94260
1171617 1172396
1328975 1329754
775885 776664
236817 237596
702659 703438
545301 546080
110619 111398
1050093 1050872
1266655 1267434
1531515 1532294
983099 983878
386385 387164
1070347 1071126
333413 334192
102829 103608
833531 834310
543743 544522
821067 821846
109061 109840
764979 765758
1188755 1189534
811719 812498
133989 134768
1255749 1256528
1325859 1326638
630991 631770
1163827 1164606
461169 461948
1425571 1426350
305369 306148
1109297 1110076
436241 437020
1322743 1323522
1543979 1544758
458053 458832
49857 50636
176055 176834
82575 83354
1257307 1258086
1115529 1116308
70111 70890
733819 734598
107503 108282
1311837 1312616
548417 549196
281999 282778
397291 398070
48299 49078
1388179 1388958
529721 530500
1316511 1317290
