1000
405081 405860
891177 891956
207215 207994
878713 879492
559323 560102
724471 725250
1290025 1290804
845995 846774
403523 404302
701101 701880
663709 664488
1494123 1494902
712007 712786
1431803 1432582
1241727 1242506
1045419 1046198
506351 507130
844437 845216
1120203 1120982
1310279 1311058
166707 167486
1046977 1047756
718239 719018
436241 437020
341203 341982
208773 209552
983099 983878
370805 371584
118409 119188
662151 662930
649687 650466
133989 134768
757189 757968
143337 144116
74785 75564
1003353 1004132
197867 198646
1176291 1177070
500119 500898
1028281 1029060
294463 295242
655919 656698
1216799 1217578
476749 477528
115293 116072
696427 697206
861575 862354
785233 786012
1272887 1273666
517257 518036
750957 751736
554649 555428
621643 622422
1441151 1441930
1367925 1368704
34277 35056
945707 946486
105945 106724
330297 331076
1392853 1393632
246165 246944
148011 148790
363015 363794
155801 156580
509467 510246
204099 204878
719797 720576
707333 708112
803929 804708
673057 673836
183845 184624
347435 348214
1260423 1261202
740051 740830
521931 522710
1031397 1032176
1378831 1379610
640339 641118
956613 957392
291347 292126
761863 762642
1276003 1276782
1090601 1091380
1252633 1253412
1302489 1303268
1316511 1317290
239933 240712
345877 346656
419103 419882
972193 972972
24929 25708
514141 514920
1127993 1128772
1307163 1307942
17139 17918
1129551 1130330
942591 943370
1305605 1306384
1012701 1013480
1462963 1463742
278883 279662
439357 440136
46741 47520
994005 994784
77901 78680
1501913 1502692
1177849 1178628
576461 577240
18697 19476
1029839 1030618
486097 486876
218121 218900
73227 74006
548417 549196
12465 13244
726029 726808
744725 745504
1210567 1211346
1361693 1362472
1349229 1350008
892735 893514
1001795 1002574
858459 859238
1081253 1082032
630991 631770
445589 446368
581135 581914
1322743 1323522
842879 843658
54531 55310
1040745 1041524
556207 556986
596715 597494
1528399 1529178
1442709 1443488
978425 979204
708891 709670
1171617 1172396
786791 787570
1333649 1334428
227469 228248
1466079 1466858
944149 944928
1138899 1139678
1476985 1477764
327181 327960
920779 921558
1498797 1499576
275767 276546
807045 807824
180729 181508
1366367 1367146
1243285 1244064
578019 578798
607621 608400
525047 525826
260187 260966
215005 215784
377037 377816
934801 935580
1400643 1401422
1391295 1392074
1553327 1554106
451821 452600
697985 698764
880271 881050
951939 952718
562439 563218
981541 982320
810161 810940
1057883 1058662
950381 951160
1134225 1135004
31161 31940
233701 234480
705775 706554
1009585 1010364
626317 627096
151127 151906
965961 966740
10907 11686
490771 491550
1447383 1448162
235259 236038
1531515 1532294
447147 447926
1059441 1060220
1112413 1113192
1213683 1214462
448705 449484
936359 937138
91923 92702
1230821 1231600
1332091 1332870
56089 56868
886503 887282
743167 743946
624759 625538
6233 7012
1512819 1513598
1469195 1469974
771211 771990
1397527 1398306
224353 225132
534395 535174
1180965 1181744
285115 285894
394175 394954
1314953 1315732
674615 675394
660593 661372
582693 583472
975309 976088
847553 848332
1107739 1108518
313159 313938
900525 901304
690195 690974
325623 326402
592041 592820
495445 496224
479865 480644
1219915 1220694
263303 264082
654361 655140
955055 955834
196309 197088
154243 155022
367689 368468
1163827 1164606
1363251 1364030
444031 444810
613853 614632
669941 670720
523489 524268
1342997 1343776
1380389 1381168
1084369 1085148
1411549 1412328
1060999 1061778
964403 965182
830415 831194
411313 412092
1547095 1547874
281999 282778
515699 516478
222795 223574
1506587 1507366
1054767 1055546
774327 775106
1286909 1287688
1048535 1049314
497003 497782
1386621 1387400
300695 301474
1149805 1150584
29603 30382
123083 123862
1480101 1480880
693311 694090
361457 362236
967519 968298
747841 748620
908315 909094
249281 250060
453379 454158
171381 172160
7791 8570
677731 678510
1123319 1124098
768095 768874
930127 930906
1156037 1156816
615411 616190
1050093 1050872
755631 756410
127757 128536
316275 317054
311601 312380
314717 315496
264861 265640
221237 222016
1039187 1039966
1409991 1410770
1254191 1254970
749399 750178
1308721 1309500
526605 527384
1283793 1284572
43625 44404
415987 416766
796139 796918
26487 27266
532837 533616
811719 812498
250839 251618
827299 828078
828857 829636
21813 22592
188519 189298
1037629 1038408
1347671 1348450
482981 483760
889619 890398
969077 969856
1240169 1240948
422219 422998
1433361 1434140
158917 159696
1266655 1267434
1142015 1142794
57647 58426
1135783 1136562
1489449 1490228
1235495 1236274
475191 475970
1221473 1222252
1300931 1301710
1486333 1487112
81017 81796
1070347 1071126
481423 482202
922337 923116
1526841 1527620
1223031 1223810
200983 201762
68553 69332
733819 734598
478307 479086
819509 820288
372363 373142
1209009 1209788
1096833 1097612
833531 834310
1018933 1019712
504793 505572
1551769 1552548
1339881 1340660
616969 617748
808603 809382
93481 94260
702659 703438
620085 620864
1042303 1043082
976867 977646
85691 86470
216563 217342
1271329 1272108
769653 770432
657477 658256
553091 553870
338087 338866
1187197 1187976
925453 926232
32719 33498
98155 98934
174497 175276
344319 345098
758747 759526
736935 737714
817951 818730
213447 214226
831973 832752
997121 997900
1014259 1015038
1004911 1005690
319391 320170
1034513 1035292
14023 14802
1338323 1339102
232143 232922
948823 949602
540627 541406
1043861 1044640
634107 634886
1455173 1455952
408197 408976
601389 602168
45183 45962
400407 401186
302253 303032
551533 552312
1202777 1203556
959729 960508
754073 754852
1456731 1457510
247723 248502
172939 173718
752515 753294
160475 161254
685521 686300
805487 806266
1467637 1468416
1438035 1438814
1550211 1550990
503235 504014
1406875 1407654
824183 824962
651245 652024
610737 611516
1470753 1471532
917663 918442
465843 466622
629433 630212
897409 898188
1140457 1141236
299137 299916
179171 179950
595157 595936
1374157 1374936
1299373 1300152
1428687 1429466
96597 97376
1371041 1371820
853785 854564
225911 226690
961287 962066
1517493 1518272
881829 882608
869365 870144
9349 10128
473633 474412
434683 435462
585809 586588
507909 508688
176055 176834
860017 860796
979983 980762
1151363 1152142
219679 220458
1556443 1557222
1053209 1053988
821067 821846
269535 270314
1089043 1089822
1011143 1011922
606063 606842
721355 722134
28045 28824
783675 784454
498561 499340
1255749 1256528
230585 231364
970635 971414
1233937 1234716
271093 271872
76343 77122
1265097 1265876
539069 539848
1383505 1384284
1434919 1435698
1304047 1304826
687079 687858
665267 666046
511025 511804
1124877 1125656
916105 916884
1067231 1068010
1520609 1521388
1540863 1541642
1092159 1092938
894293 895072
995563 996342
292905 293684
612295 613074
63879 64658
679289 680068
308485 309264
648129 648908
352109 352888
15581 16360
895851 896630
467401 468180
430009 430788
1554885 1555664
1534631 1535410
501677 502456
912989 913768
190077 190856
383269 384048
392617 393396
333413 334192
863133 863912
406639 407418
244607 245386
1026723 1027502
800813 801592
1118645 1119424
1199661 1200440
992447 993226
864691 865470
1484775 1485554
194751 195530
518815 519594
87249 88028
1422455 1423234
643455 644234
1157595 1158374
359899 360678
243049 243828
722913 723692
1095275 1096054
1445825 1446604
1525283 1526062
355225 356004
324065 324844
121525 122304
838205 838984
1403759 1404538
193193 193972
1388179 1388958
1537747 1538526
130873 131652
428451 429230
62321 63100
1280677 1281456
253955 254734
646571 647350
1227705 1228484
454937 455716
1481659 1482438
1417781 1418560
730703 731482
598273 599052
1205893 1206672
364573 365352
90365 91144
168265 169044
272651 273430
152685 153464
1444267 1445046
727587 728366
1491007 1491786
113735 114514
328739 329518
358341 359120
1352345 1353124
1160711 1161490
1416223 1417002
1000237 1001016
1006469 1007248
627875 628654
1500355 1501134
883387 884166
1145131 1145910
688637 689416
317833 318612
229027 229806
1472311 1473090
42067 42846
1244843 1245622
414429 415208
1109297 1110076
1159153 1159932
788349 789128
1261981 1262760
38951 39730
450263 451042
99713 100492
1522167 1522946
101271 102050
144895 145674
1179407 1180186
699543 700322
666825 667604
1372599 1373378
1430245 1431024
23371 24150
1424013 1424792
1414665 1415444
1294699 1295478
1523725 1524504
191635 192414
1515935 1516714
397291 398070
1201219 1201998
933243 934022
303811 304590
1065673 1066452
715123 715902
659035 659814
814835 815614
1536189 1536968
1174733 1175512
202541 203320
1064115 1064894
1461405 1462184
274209 274988
266419 267198
927011 927790
1514377 1515156
1166943 1167722
1131109 1131888
1062557 1063336
741609 742388
417545 418324
1543979 1544758
1381947 1382726
1459847 1460626
141779 142558
322507 323286
1448941 1449720
205657 206436
1068789 1069568
898967 899746
1377273 1378052
1509703 1510482
772769 773548
855343 856122
137105 137884
560881 561660
1099949 1100728
493887 494666
348993 349772
52973 53752
609179 609958
4675 5454
802371 803150
947265 948044
409755 410534
911431 912210
1193429 1194208
487655 488434
1325859 1326638
186961 187740
182287 183066
1511261 1512040
1249517 1250296
236817 237596
1212125 1212904
138663 139442
1548653 1549432
1087485 1088264
841321 842100
797697 798476
389501 390280
763421 764200
425335 426114
923895 924674
989331 990110
852227 853006
1360135 1360914
1508145 1508924
1293141 1293920
1497239 1498018
986215 986994
1353903 1354682
939475 940254
573345 574124
60763 61542
579577 580356
543743 544522
623201 623980
1483217 1483996
146453 147232
489213 489992
433125 433904
353667 354446
839763 840542
729145 729924
1269771 1270550
1232379 1233158
1188755 1189534
529721 530500
856901 857680
542185 542964
1229263 1230042
140221 141000
102829 103608
1023607 1024386
825741 826520
1191871 1192650
82575 83354
296021 296800
867807 868586
760305 761084
998679 999458
1375715 1376494
1291583 1292362
157359 158138
1093717 1094496
1204335 1205114
884945 885724
1503471 1504250
331855 332634
1263539 1264318
119967 120746
199425 200204
492329 493108
987773 988552
746283 747062
79459 80238
590483 591262
1458289 1459068
902083 902862
872481 873260
888061 888840
713565 714344
461169 461948
1126435 1127214
65437 66216
1226147 1226926
791465 792244
928569 929348
350551 351330
1328975 1329754
1207451 1208230
645013 645792
1162269 1163048
716681 717460
1358577 1359356
1519051 1519830
1279119 1279898
1344555 1345334
1335207 1335986
1143573 1144352
1274445 1275224
386385 387164
587367 588146
1015817 1016596
1215241 1216020
691753 692532
1020491 1021270
1008027 1008806
1104623 1105402
1350787 1351566
565555 566334
849111 849890
1341439 1342218
637223 638002
1405317 1406096
1357019 1357798
470517 471296
1394411 1395190
874039 874818
958171 958950
1399085 1399864
472075 472854
1559 2338
535953 536732
694869 695648
1238611 1239390
464285 465064
914547 915326
1194987 1195766
59205 59984
537511 538290
356783 357562
1478543 1479322
799255 800034
211889 212668
116851 117630
1285351 1286130
816393 817172
1297815 1298594
401965 402744
1539305 1540084
149569 150348
732261 733040
919221 920000
289789 290568
866249 867028
599831 600610
836647 837426
255513 256292
780559 781338
931685 932464
412871 413650
381711 382490
1346113 1346892
1413107 1413886
277325 278104
442473 443252
1101507 1102286
423777 424556
1036071 1036850
584251 585030
1355461 1356240
40509 41288
1364809 1365588
764979 765758
257071 257850
574903 575682
604505 605284
165149 165928
1121761 1122540
1198103 1198882
990889 991668
1146689 1147468
1182523 1183302
1251075 1251854
369247 370026
1148247 1149026
528163 528942
320949 321728
66995 67774
261745 262524
468959 469738
635665 636444
1452057 1452836
1453615 1454394
1022049 1022828
588925 589704
638781 639560
1085927 1086706
431567 432346
1369483 1370262
1319627 1320406
373921 374700
267977 268756
1196545 1197324
1224589 1225368
310043 310822
1032955 1033734
793023 793802
297579 298358
903641 904420
953497 954276
676173 676952
618527 619306
1247959 1248738
37393 38172
875597 876376
1106181 1106960
1296257 1297036
258629 259408
1321185 1321964
1464521 1465300
683963 684742
1152921 1153700
1082811 1083590
1218357 1219136
1184081 1184860
738493 739272
1402201 1402980
1408433 1409212
126199 126978
962845 963624
571787 572566
652803 653582
1419339 1420118
671499 672278
88807 89586
512583 513362
1395969 1396748
366131 366910
1277561 1278340
162033 162812
3117 3896
909873 910652
107503 108282
342761 343540
280441 281220
1017375 1018154
1336765 1337544
1168501 1169280
241491 242270
593599 594378
1529957 1530736
602947 603726
1425571 1426350
378595 379374
420661 421440
384827 385606
129315 130094
870923 871702
782117 782896
1246401 1247180
937917 938696
1137341 1138120
1385063 1385842
1237053 1237832
794581 795360
1103065 1103844
391059 391838
252397 253176
1288467 1289246
563997 564776
570229 571008
288231 289010
1450499 1451278
906757 907536
163591 164370
1078137 1078916
70111 70890
440915 441694
1 780
779001 779780
668383 669162
35835 36614
1420897 1421676
682405 683184
339645 340424
680847 681626
775885 776664
1185639 1186418
48299 49078
1487891 1488670
641897 642676
1154479 1155258
336529 337308
1075021 1075800
520373 521152
426893 427672
1436477 1437256
1056325 1057104
1076579 1077358
1492565 1493344
286673 287452
941033 941812
124641 125420
375479 376258
458053 458832
1542421 1543200
1439593 1440372
557765 558544
1475427 1476206
877155 877934
1113971 1114750
484539 485318
1170059 1170838
1311837 1312616
973751 974530
1115529 1116308
1282235 1283014
850669 851448
185403 186182
380153 380932
1473869 1474648
305369 306148
169823 170602
1505029 1505808
567113 567892
1079695 1080474
905199 905978
1025165 1025944
456495 457274
1495681 1496460
395733 396512
20255 21034
1098391 1099170
568671 569450
210331 211110
1132667 1133446
1073463 1074242
132431 133210
710449 711228
789907 790686
95039 95818
1173175 1173954
1330533 1331312
777443 778222
238375 239154
704217 704996
546859 547638
112177 112956
1051651 1052430
1268213 1268992
1533073 1533852
984657 985436
387943 388722
1071905 1072684
334971 335750
104387 105166
835089 835868
545301 546080
822625 823404
110619 111398
766537 767316
1190313 1191092
813277 814056
135547 136326
1257307 1258086
1327417 1328196
632549 633328
1165385 1166164
462727 463506
1427129 1427908
306927 307706
1110855 1111634
437799 438578
1324301 1325080
1545537 1546316
459611 460390
51415 52194
177613 178392
84133 84912
1258865 1259644
1117087 1117866
71669 72448
735377 736156
109061 109840
1313395 1314174
549975 550754
283557 284336
398849 399628
49857 50636
1389737 1390516
531279 532058
1318069 1318848
