100
100899632 230720303
291093787 899574350
10411363 194711933
591707504 966059463
97250131 244567085
292596456 939536744
78179248 235333125
68089216 225639300
467098319 873938953
317221143 937962325
302582246 939070405
734971245 965923134
34687728 205029883
17270281 154769178
458618705 870007001
355057247 998376618
668260459 983781409
106012391 200529408
83130979 310562161
104985227 285344924
127465855 241115358
240952525 887964461
341372773 993456850
54839079 142229161
456841802 973190412
99737681 156049778
208478831 861493674
120863909 262115865
458675153 854523323
419712935 900590871
388745187 895578366
556705832 916335888
401094419 876443245
20541648 162533179
302092212 996539710
33562424 241428077
3751542 235202229
85387209 157418662
137175900 221384662
34356331 216275184
44911221 164206692
139430634 145492369
221682339 847137977
6044467 274667876
118655283 273685907
595046896 997398108
28439672 265874972
29706120 223963320
259663503 963710816
822418056 868305819
115176765 318875035
44384079 168214984
56875734 213099762
757558114 854455569
305012199 984625370
576518102 992743332
88140415 213359974
228991319 927552823
627165022 930860713
776360407 889239438
350852667 998301042
35113637 286734603
260344161 933697606
743471335 968858285
538704743 925840039
57553217 292752166
734473885 840696953
728811555 829152085
2759784 201658360
133123393 285321642
10867463 209553049
89693874 160216785
594856197 942911913
747463278 863267243
298576423 977307811
16551884 252886099
424231339 910568746
96845139 301327656
295634500 871365234
791738604 957745385
120691256 273541637
69101500 285344935
793904790 834742422
5382672 196346164
3632509 164942583
57687222 204085881
4259426 269537464
466386748 972796297
729911775 913987532
69162310 302599175
619923737 877854211
91829585 280525166
811931778 886764714
211981212 898084107
99599434 156717849
106132204 312089383
207316912 848649072
380058641 837518589
7001889 207737396
58885140 214065946
