100
528243995 652276358
276176429 474749447
645352495 796962981
148336093 166339959
427088049 634630630
735425807 825176866
491103720 661215457
181486128 307947669
767005756 806581701
573888892 643828886
174420599 252820436
169862719 316840138
131830146 165621888
13443564 165196113
689581786 815669692
235965773 461594259
680197234 818400808
774252830 807303947
729934683 820269338
185612182 273762800
705656741 783697479
74246669 165829747
465475990 660863540
307495070 457816016
186366848 238990345
758023915 804498500
399708364 421053882
175016429 186814037
702544354 822973521
492602251 635770778
196688258 463146444
180777457 318656211
179005993 314247472
184503931 251317062
477614089 650523512
674012765 787727980
170231533 196173772
677320017 806627644
176160316 269400346
659662181 787296370
549573791 662876178
259367014 474018330
206574863 419084683
184315922 233363874
360633120 493793195
316902654 411933985
725186881 817882143
728990366 779744904
95338998 166660357
626571825 804007015
711803051 810610502
559423921 633722454
703553175 826505033
663655035 796789777
620680057 660588814
173408200 187583147
536597576 653639508
648848014 802089459
159363446 165194319
186196645 265762202
443725036 662709794
174239411 296286157
197391355 473287436
604277351 625165103
177537734 287550709
292777670 481190916
310728940 452065646
616284764 641023394
183612059 244690997
135860409 166468886
175470111 229934612
147329381 165533574
176927221 300285611
671771882 828066715
647436222 827818093
669603476 801287361
226443302 482389238
272854649 498751214
721588826 812913064
369039320 445278013
12079477 165631890
50410434 165861906
574241840 638803186
458143986 666127363
170009186 327455185
283222621 463145867
93426057 166130105
144589832 165321712
604342113 629478365
166422700 251347344
406821325 466685768
180345340 290612250
390084679 490186320
472126406 651122775
182423713 317865033
688460478 784304196
8853446 165692939
701500919 790329997
384266959 435968817
169395264 313006874
