100
376920771 428874473
143577126 172843109
36115773 66944212
508823834 597156237
808280676 865379763
337854133 443396120
677253538 723276584
409028935 519721584
617319792 697008153
7620930 71489803
318012058 325905139
223080254 324769546
137624627 233459791
106915813 168685000
437322513 501218139
372136578 447353529
637808215 716158564
59385438 82574780
335821956 435319032
112549471 143606570
30366191 71574476
433539183 442332346
395356182 466593993
147436824 218959081
668527136 699139300
438198888 490326328
135716282 220818795
366065203 393323076
414840328 530852496
80392444 169087989
142213762 219637828
204040400 353513310
524364180 598523626
640630661 701229941
399427835 451018322
652131520 720865086
530578189 588866833
152858329 260446850
706132039 796736006
114388382 134982085
372053871 424587617
808730480 967390739
362987026 387224431
188561562 323873064
341838954 436150433
657534275 708582784
245644337 335479277
411872140 474614412
572260399 630939642
548960026 634917479
333007762 453017548
363302656 428772496
148337458 268993053
415308133 508447833
141063231 170524838
616705388 697999063
404917472 472326913
460721718 614767421
106939483 144125949
404880479 461123301
614485813 725515576
140913920 182006568
373808924 420673824
810986268 902886241
412221084 490361790
313960225 346236275
629282123 697049557
824281519 962933517
333843366 449364486
223482444 325891648
480756702 611968465
689743925 701925355
688883923 710396123
434810135 539943531
437154365 469225817
189257408 351607371
808841741 990007846
671415581 697200126
138155690 197680594
799836887 924647054
750045478 814455081
377110885 417772207
143408795 256716000
19892666 88069735
220918577 337138749
611340718 718785859
321183349 330653538
140444232 214803530
533050476 590551926
287917377 362221974
404480686 542414719
211103270 346152230
58448600 83625515
770208308 802833654
147031635 228196146
759212246 798479813
55395813 70183808
563135070 609454040
757611289 797165875
136449332 186113379
