100
613253719 663727268
841757549 878129986
182348590 229325934
327143809 360760176
576783078 610668248
320306671 377181488
266438205 311034380
232893705 283255311
150151819 162508847
581785906 611807591
209158396 218703455
665312190 759420510
841328286 858701151
183028451 220714478
669904396 729489464
28863228 46266644
659221694 672642569
471602665 515133778
632225606 721664460
94620994 133619492
178130857 236014241
268723867 296013646
854842210 945879574
124394074 133708230
668318555 700300899
195374435 223785148
599653968 605677267
612735340 644688709
39250564 47450095
301237374 326284446
272820268 308708395
799089416 844409737
605948182 629947632
766129902 840204719
577628871 614350532
662030432 729118591
221559528 244911332
32279994 45333820
130356094 133524235
62416253 75020137
401199104 475133451
840768002 853472675
605717039 606835922
189696012 220178998
598231514 606753261
840808607 901673255
594676147 607201834
614676223 707017711
397117428 466338887
298374928 359301555
605764830 612181020
535590453 567328025
226675682 265096716
635062887 687087280
548619513 564326402
572572803 615489670
487251491 507418397
233379360 273690060
21106908 47233579
498415045 502727388
560928748 564580174
431970450 471063564
146011385 176865672
273806045 287447912
670726930 694492875
605958178 647788490
489190458 520878537
605763024 620540105
614604296 709773183
260578397 294026497
884429988 943714355
137203538 167365256
265692247 320489505
654797559 679405282
52754912 92467355
228144506 282456074
671694744 741368913
232896591 263857111
756810032 854126736
139263397 170121535
326718978 372520199
910457411 951509443
76465160 140125529
318116429 352736428
559829837 567758267
301059061 362385098
22984999 47110842
662154097 668305907
386893510 471728854
607802133 631913397
653122042 689452669
498394895 511435912
327301887 370437811
932601458 942619936
723575643 843431732
130095190 133216888
606026000 618557430
841633005 894208256
130841333 140985997
45427837 92404608
