1000
360363048 683025386
135242492 231244585
270300734 613766340
17856305 236261760
288090289 429989445
163128845 269075220
321752695 667648802
364711102 814414046
391668232 743723016
22194555 290907013
344760874 925555129
245295015 861050847
341107952 594361676
384698248 775066165
21256638 280957078
185298419 305176829
42220943 278782175
247144785 462924844
410086144 968019728
16454143 272744652
141694246 309560547
192754176 235663806
147047334 317943224
259571930 917102687
250101346 532933604
360662494 621857947
257718788 475280865
377909396 548156089
372122330 885029415
272878219 559766413
364012873 461934405
399741019 943162050
11062704 267939313
235824003 962913299
355600546 719448891
59318094 305856638
356120257 811160881
155253096 306412333
183285498 308840821
219124489 297525960
4002949 256650663
282189881 503124282
404976431 745144607
43426563 236817873
95434365 293583624
155434163 261015813
291176100 499811485
353701074 754366340
59444185 250725483
203965291 284952731
215119548 273428270
258220091 857719331
294754320 491141355
266888651 638536728
53559648 285526736
7061851 307061378
393516262 856950183
188918346 313468921
25132092 304463260
326674071 927966906
335192165 634971284
427113520 509557960
103385281 266952152
196636424 268036894
405131790 876248245
322864150 696627795
392766282 619635507
252534917 671540882
369838342 433847407
375795922 763247957
269436963 584447915
35823385 251114663
158350248 277945346
407510808 569451839
335365703 480920735
39437278 317640832
335461319 796566018
309437608 973569215
354104070 656984157
74426176 288590034
341332419 520190139
44613348 269447833
427917387 630998707
22586246 299660037
13085754 274704809
399084048 784909699
256552559 639250777
242439911 910914263
247338655 689083107
232968834 692768297
327289538 819227424
127813753 236508062
328563244 440779433
115467090 307336555
98844754 256816915
50968604 293905353
257952110 847222499
138364515 325970113
349820798 630233722
217693492 279960416
35297199 293458610
381768 274681916
118108469 268227490
408503013 858179221
335749395 621810086
18364822 263295351
164936935 285754404
200015048 299118740
382747713 877898825
322160731 736740273
199865515 330611910
194204511 313806517
202234574 234471133
227190848 330602857
253822953 901552415
99323606 274020844
152345800 243410536
361609576 592776252
411514427 955529915
307090199 596922871
427786684 974923309
296382581 876606133
133009214 248981538
176020667 287974981
74255910 245858300
189889240 305356272
89416358 306943432
335876709 681732085
231452433 800487186
214648039 304081189
419488188 451902347
376193805 858797830
296284067 694883690
79513831 317850547
69135683 260578979
18041654 295184361
68980466 282427453
377880849 848091555
275454495 570756911
133952864 265608674
90574279 287580930
295816876 824838513
267217794 914436625
349460209 696057933
348973470 904997195
107467621 320003700
419936089 546815564
299929968 646026266
204747105 241750555
47307911 294514529
223715743 302248003
356226672 508971282
346492824 447900501
195257765 236488895
427073840 818729314
234366232 842212792
407648203 744920181
172784188 303492336
299484659 650278960
177569805 288730249
306450578 815886338
307552775 486971283
138447192 268605757
161949458 284692063
384433481 908501546
263102071 986880431
79351644 307381319
154907709 331499888
362682164 675976610
194556432 260176348
323615780 569039098
24535053 303532572
376776525 623379152
421216843 464183244
89271838 283914102
163324861 322145217
99184439 279403240
83957152 243740704
86042095 251426497
344916735 514648830
70216361 329229698
312217233 489716036
270435889 995687004
216495450 301062998
323300541 820688356
240394192 434381424
64286523 233773269
415173088 499820043
142473158 251960714
361296668 518777030
315615196 530228155
27772482 309415971
200771860 315170702
214192720 231637373
231833528 588095878
278734403 457863051
306904414 851038911
422308693 495347910
280817440 441283403
330931745 566895751
95820171 297556943
57812221 312338935
182310554 266786808
343883575 516387625
304472710 555337596
311219639 543995203
287427289 997414956
213658443 250215808
406018716 635123164
347419236 808063009
367687418 968122375
25488169 239747209
97238458 275416875
313280473 702167795
231890749 744218530
171082953 324452315
416265227 863813113
216417769 330848013
291703947 864745319
334679076 706570340
48433693 306095265
197869000 308566104
215256905 315471619
347471140 603587432
351273157 886538086
153585988 244105743
301178875 750961116
2047893 279076131
12466863 321561780
290755838 810404370
2044623 322138319
392421989 744651625
80819307 332495675
344611916 621343845
307993232 640035461
93505254 244214471
61045830 260647823
129167257 267293671
160778231 261460484
304100879 896947371
411061343 532011802
34923529 309483452
61805680 265949605
317559958 902917061
382917464 798393897
332153625 791323340
272688790 989743605
3932945 291752829
249749464 677800209
390720810 885551670
104536483 319453884
191449940 300422229
93950811 311561323
309425388 994697630
380145141 813433297
190924449 306595057
7754495 273469367
410992420 492868740
97605937 260617766
386900116 895738907
17127489 317139968
125768028 274573361
159151290 319235761
328709833 524851385
97114795 331623661
17129906 283873358
381281912 594235745
217834543 278121899
378693359 535321507
295663167 953103736
19404807 265961107
55923660 318870910
70505099 331215458
72824147 310482011
65519267 274709904
342121989 983952481
395449567 660949861
233650494 701619403
422767646 845231114
189486317 320851440
169585985 301491728
205378591 296954127
324964075 522725925
303198149 684300133
214909210 272610425
230030980 306411763
105857462 264139066
389219232 683095027
38131282 277327220
74430141 240241959
142421264 248696654
358734126 728771930
230841786 261751869
42579169 274678880
402833587 563196652
355258482 597490051
122974905 289652225
227039324 285129725
202161224 318025202
303766076 889318164
244210444 668905808
118395851 264322167
389719658 762036016
80113310 256121294
140821278 302673803
133524940 288555084
302029666 837960767
272859030 550439604
326258695 755732502
171722141 272253230
356694818 707780109
71955698 234112782
54739273 324411267
260524628 463800269
413947247 503950340
327830344 923930457
138387246 283083731
199469061 278416153
249217962 594356636
84635553 299521761
194155572 258447494
208819093 262576591
272682105 834880983
260724302 588742776
287075428 539943979
100578371 261432876
98913968 290180194
233176375 530755217
130777078 236159624
425309554 468278973
322493454 464085384
132056869 280306260
171392205 300240562
20879756 275193878
151030561 327782568
382251698 474206424
143337721 319501872
143335672 315771367
232400933 620168484
412320862 470132870
323966851 465139994
7956572 296611131
105914530 250733706
390968340 980938791
348438220 503011263
266782900 941406499
321804889 828504713
22651866 296129889
140556401 233434485
62198908 278118734
376083813 889211788
322626030 854521480
154191864 259215770
248588887 534285580
15053001 330832714
68387428 284718441
96806628 309127956
48560863 328657419
284014283 538341488
129386452 326490058
12150008 266881166
332545243 586748794
87654905 246842082
69934320 325570089
210074912 326281234
358476649 938460076
422414424 527655234
383955621 838497496
223658288 250628226
227122599 327524713
270878706 744586015
379280103 928146760
319153042 889728630
394134238 617319369
150080111 323480453
90444165 329884852
75844012 321200339
100367628 308163543
219020864 317480305
251749881 872924482
298625679 835358762
325789999 832224628
194086692 297460368
344312741 784216537
76969686 328290829
145333208 231932013
112777178 240033545
409635299 982346326
267343828 632647939
391203566 949501186
346701443 663817848
403948511 821738706
6515161 254324359
348828547 580436778
99243807 316875627
45667975 261946398
149996812 301504263
150623429 278264729
292316212 677846891
380366285 902064151
411532726 565804986
315697140 770298737
195702310 263495099
387005229 452183063
81585752 293850928
419269468 951269111
94170637 259646663
341562855 435994451
412140292 531996953
253827275 798041248
19573643 321588871
104600235 308780945
279544724 981392621
162231246 316358251
372552597 896434739
9796340 304900575
197057844 265741658
418083100 791573184
427606568 603142708
305333309 950991669
401759634 814686735
384425087 869536956
275004084 614032440
332676 306625386
291477880 657083502
253977623 583502605
167651588 325454458
296787247 840910895
87855439 259461361
356340531 575315373
247970627 888031882
73233812 259645164
423075368 776393160
123366741 302962040
315909601 802619248
268312637 453393170
333436996 983646539
55954325 237370305
15269827 275268391
114316079 235212016
136776083 276012677
357703487 605338923
101209533 254323459
322482904 606500123
280774846 839470503
44749110 267617409
93786145 240763224
388020176 885591778
172159034 278865542
269781267 573565833
352542962 765445549
127748607 323930024
58392571 321325943
157228817 280860851
264289150 872572997
389097309 597826834
251657086 975122101
374888440 561350058
424308735 661422123
240498652 710007631
280639480 632658388
80036036 284959951
187598166 266320513
118790668 287584321
374297051 566767447
213380649 303883745
179052673 276754647
118377731 328580245
406002332 633209215
189103163 323881822
51427128 232513293
381719914 783464930
90738682 240610947
82253126 264166640
330176755 986720111
380048134 888052586
98304903 296898327
179225012 317875064
15132223 260533615
70850415 278357398
238310961 904550691
273265325 521719523
318720556 908614088
118989997 238718209
394719695 800918982
273659699 580475990
369368993 987955707
21074626 278336709
191024635 306332553
244161957 806333850
145971342 272849940
416989712 700890038
270280512 889823410
50055809 315109125
351927773 744064203
7457502 233612702
177244555 277031762
354416427 608514672
390851220 448971619
62000051 239498960
418817569 804530872
43127015 255286541
104194095 245446429
7674599 265926767
288143007 484916900
142950923 317994480
215720046 290163507
71936439 310403072
207432500 311870067
7436351 295221447
83697916 330026073
154927119 271476857
233059752 773809007
328051584 795298857
151931087 264196687
367194526 536796973
311444849 944696588
240562005 650799938
144127478 328689388
93124679 242537129
199576496 242441953
426195355 471232602
347809944 460409935
74807610 291682641
35531492 292746287
279374904 443580738
252356878 640077634
118516512 320632466
306466097 710478325
298816305 795613954
28679753 281779575
308844379 647552421
399667507 515611286
208796146 258963354
6250150 240991905
356586627 985933523
110532358 304465044
356314829 872188793
112626941 289204120
117256096 297641249
342104177 715563724
373212443 676411655
115605635 266046401
84751761 251979669
5218474 280085935
216178761 304674066
167936839 301432599
275407019 868725822
317820910 773744797
71913421 240566956
342641264 880062702
369867765 446639200
362554082 676996200
153981886 306867411
70384290 308280120
216559537 272157337
297145478 935822362
150242431 239484251
201478251 297750905
16456289 289942361
266484959 718900303
391284649 926337003
57665387 250983617
406060308 988860548
252778945 620037294
240342695 754518168
91058388 255585809
340513940 903246659
315617215 883138089
397380965 780274551
340530037 795776098
296776621 438876689
298276762 480724385
14201209 332372735
338107937 557799031
7722061 281896217
126557234 331495714
421553297 865130077
248729829 656539429
316539030 650724377
75308665 307589232
11796174 282016226
151314379 235840320
42442737 252273992
94188724 317220491
120299509 310501436
322966451 495667603
233800554 920169705
136000447 296428568
274161737 629015726
248872855 919284045
374602387 786051695
294788336 847095072
34282363 281065648
346017174 543129115
291604097 660074077
231759187 684421007
386858844 571765645
302693238 636013367
158044372 241270884
366880509 840377437
282729811 447587265
353381247 844165129
89955746 262546045
270786880 474574840
216289439 259419024
333848018 627434398
144316654 290889816
383779875 767255249
412714314 800302421
360333544 988963763
256103776 812948531
309199752 655831212
404018368 656773760
102091417 306463076
317991329 652806008
396428158 991969569
364060344 681625045
351877062 673784795
402236910 524393921
103928533 315899008
354482894 966009421
14239061 276219022
74380352 261665078
76756853 244158226
68066152 234603527
276254383 803927939
136549529 304780393
339325052 850447023
23464638 239980907
419226088 718305151
258450358 938440203
242157637 809620269
149939326 310289434
151594231 320293877
9367077 257693717
23959364 275119042
369404480 792818635
335280697 557702731
186109132 253083308
187451179 301498645
218987235 263050634
161234478 265743863
251049888 559559252
217243438 266641784
14891079 240424227
315110179 702505798
123761305 233276494
14816473 291176502
297867564 865697097
291994264 719405134
161276836 295685345
292121091 653683464
36735578 281670188
225637165 258328133
132691506 242477025
116982079 316134942
190789159 286120753
44138996 277904995
20273826 272511423
60631240 295025432
425133103 677306792
416846065 686012587
257778243 861079202
181155930 266723386
395238114 966020640
51776538 311495917
160591835 322317500
228830989 254216033
280851167 461519465
357800235 707484913
361835663 846363758
23992657 321698081
199388142 232865917
402126796 747990759
189693465 308072313
320334296 556108809
186164639 273356127
402239322 771626899
349854416 741290450
415632093 810464875
32547189 306694595
365775411 477067746
42998286 330203307
363245956 819234573
122821423 290655996
65552660 266533323
384686048 563137439
251505304 854795323
341433960 887141475
322271546 643730164
420012403 671976041
208652099 265464559
292406828 993511036
412921022 653366522
236818080 448474976
371913113 436349676
139573486 292115271
282453729 710609614
193726082 328378756
284284223 635090064
40119903 240324609
285565082 779200402
48390380 235773020
199661755 274661320
11451671 240024295
70785777 281227723
214031103 328765507
179128247 231975644
84271832 311543478
115266982 272522585
400473307 967979901
214485950 231969716
147394216 311840937
357933618 935453672
398987854 697190182
54245358 303169453
147488297 239842748
374124281 786426224
376280323 542873573
369983002 562266104
231300527 970870975
38370145 237969034
407583954 555821808
331879614 534531488
183689898 291103601
312472430 667231942
302941976 658836002
357270142 604865227
409866771 638452252
383944545 537511393
390194971 945189740
15365766 331013659
393487660 905852630
81162140 259993087
146751048 306117683
78126485 246519022
145886074 323175430
29400120 332293079
411730640 962495084
194511433 274576386
281282954 451211948
62872866 234869359
151769049 305818696
337340932 482643289
213623091 315675810
390296877 576488372
42684958 233125851
300652305 780079508
275137813 628512676
47337697 300242809
241599340 695997356
150036630 248052567
90995628 327690409
218405055 234394987
169831565 244829589
281373244 963047860
87599317 295485365
348884833 476845313
57639490 309056840
286461580 707910934
312792811 775139529
37130902 253612023
425987135 740563209
271666393 876825865
166581194 312064442
243972337 573351816
295041071 830316253
312874380 671762439
208529070 241430030
349672127 500982350
390353189 984735246
247268336 865829076
23099521 249072065
196658105 332006476
282246970 528619417
418962969 708127427
141615032 278475849
265984793 939544119
298134276 762793689
368391307 749165039
120071356 255896774
350632039 466455396
84832196 313393554
258701417 944703447
303258063 880657692
98279531 233026959
60015753 260878930
247900697 503151508
142407399 267547431
394455096 603559843
391767626 805561488
391481907 441348872
172514733 319246585
28708592 327954692
323018089 997324669
13410614 236520707
287708225 937729100
314981064 963585386
268196292 869368252
17054613 303095804
239084077 791268725
300177125 568344268
218757550 268958821
180134460 251707056
270931049 651721918
123746286 235188941
83899287 310149068
316690975 581191156
363811631 795138898
233256229 533502385
363115168 765165182
403028539 497716193
367291664 758139374
402867790 654409120
254467177 490876783
14545616 261375309
90779418 308504704
416055640 938887527
83554582 321632225
407464599 462296595
178423990 271764392
363339438 975023258
45807038 246678271
332303147 966360157
347058734 959063403
276150699 455876578
108224464 232891282
282577223 879397667
156265791 317480360
190016083 329356474
219779229 269800985
281051988 508304506
88616173 325835450
153521495 273996768
392673880 861762009
17628889 332263182
43575818 234081113
154469965 302850871
320254952 979439814
414552643 854817226
291707293 467871187
104888964 282967066
371847792 778539897
116331362 306037651
419269032 859992379
323407024 513288502
307948951 904873337
295543988 912811202
279250773 450375558
391574311 914845878
384212325 492327735
113133220 329656793
243275242 991451541
265854275 672095556
115633290 287819295
397520849 721718143
66334638 305548733
373034633 758757869
138377556 300062282
229312346 232141672
351255829 477495309
324457473 608712016
178628852 327134265
132596068 299681836
91600541 279944387
175421892 318591397
213443927 246164769
59626666 264896191
234013227 602478509
378803920 535265255
168330368 287049983
416386030 648658188
28729575 295480756
213306856 271207093
271689950 434001874
223403866 326106812
308703990 595740499
387490016 471902831
248740001 993836301
358288994 597793219
85527433 309938426
259302179 821549735
166408277 286135846
69146833 320198220
162492456 313459901
102132432 276157632
337235428 989373050
210681853 232061044
403893371 474620696
151285998 294412364
333728406 774834754
400910095 586052282
293026321 859176401
331109281 501893759
296762785 740130908
165468300 315299079
63468674 279652014
176432568 302492338
183171143 244919699
148854443 257783944
238370287 887597802
54901869 247095527
376485663 617116535
281711619 756340361
377758217 581319692
66249568 280320979
403587703 957565120
246814747 713176554
173918628 309891343
326103914 703728501
216877911 294577073
26337969 325427355
7268860 290228699
167543935 254848869
59466240 241581188
120860165 255447115
219798321 241901589
80089785 270390964
230776395 265635384
16194791 267703583
329373548 505320245
13038574 325710423
343203578 829373427
363496452 740655576
131240433 308459466
294683660 690468123
220030658 285115873
162504651 292627162
57296674 328683862
977960 260280000
95922925 281719959
388352274 566881963
90528808 313486569
142812662 251588584
352780565 883100165
386778851 564276446
200889957 281957121
106883296 245547898
168155156 329030692
408226308 953337039
164667533 320853974
353009885 533569095
142351063 281285838
121284784 235653750
345202682 992965193
379399432 493598096
86384422 264379019
406566422 970750588
241024398 995724616
372961709 720266422
349044316 932641835
57276328 281161862
195860898 278407791
194486937 318280105
337167186 843850900
417214733 957282019
274756931 877941648
177265720 274609932
206109283 295744847
44481391 279811949
36756173 300990602
414475268 920953425
172754335 327946266
135255436 256862828
384731971 578345354
197624339 326097521
115673571 233582009
131202727 326095279
325289248 630830704
300114268 684814572
23773977 259914544
820643 241731114
307356709 724497174
14382353 238732180
343897874 611094269
33496013 295628135
127770827 296334429
351184006 524965284
123414529 233630613
272739960 651396071
277781026 834446353
159709054 286134364
259400401 595670491
203572337 235542071
349005575 437600657
286312518 469332352
268452544 763079565
201022796 277373343
73016112 312901898
259075624 564109093
287788814 633501387
381045440 445234051
291295510 971431173
393295366 702323917
81507009 299118254
85758072 294727981
272750144 555300528
201255534 331491803
52344096 259750125
