1000
675027272 902985400
370231087 616404802
32370247 154570782
534079581 812304696
124434028 308590855
32313451 160103388
51984657 201801841
117901668 300277441
686105726 880741014
660125709 871936152
161804724 361578940
163137487 356443940
125999405 283622768
342321015 666372063
408045297 481975237
500871840 787186292
624936766 738243346
133648164 314235195
352571657 609656894
658937463 757121710
641860978 988649163
68880615 183423692
375547772 629330174
34515635 77719583
641358315 784528984
504298516 970715848
698093213 724368516
540333706 888910076
461414686 508576441
93462825 184000131
34727596 71758347
556814430 851199335
90414793 222644208
42936209 258596256
393288008 593664892
309994379 433749163
235495559 458899345
131716618 254096828
327642629 601263547
507540181 989661693
377288718 544131008
669810948 816267225
297288289 498986500
297122775 462622329
204974521 411836601
26007205 67241180
328010365 662278439
30870842 105743932
293453422 393763041
51270714 185084151
340012978 585080897
433432485 496593000
445655789 630034992
148824062 332366869
143610637 178427241
20394927 155635742
62500996 158487274
254746787 443174409
417894102 595034450
376239121 572632242
18161306 165443995
393745402 494852726
137897996 240570413
416724232 561109372
262649232 455419840
16238680 131589755
2804636 74872652
879738 88119651
528957085 786158571
86556627 240537174
8450112 134730202
85286751 274839967
95610600 278909627
33451957 60978561
35219138 123064341
5528229 85161772
150309187 216790375
715715571 735431637
27805937 73120914
14868312 79342999
26272762 98330242
530185717 759507224
523979684 925827411
556544764 906834630
687934191 931582092
23867499 156490819
461108519 479391758
369249668 618648366
41646963 127898976
398424557 498647140
29505175 166337341
626521968 831296900
102475712 233854136
35812629 69050859
490731716 962883018
24686020 73996380
43139409 305718035
677449466 851406249
35083687 138230603
34377320 48498522
441995358 548203317
15521386 120561185
100429082 316380616
496870450 776142807
49420274 153640250
621684936 878784763
116439387 333149947
299817026 383972967
684340101 766399679
40750142 45796156
412094730 519014961
28465540 142186308
24169012 105036947
614359711 937504332
620380097 958000020
59524657 240346420
31548423 101843535
329717134 561203711
341562880 586313579
73195905 155015577
416149091 508733339
441266998 658760642
15468714 114205757
254846164 468918334
385733337 596204150
581718254 879159049
654257 157990681
276806192 357880321
476550038 830866284
155660407 490200852
244839 120366733
525230030 720426859
413175268 654174415
13278712 77729834
471453616 589648740
634271582 797939107
317054240 479629372
228810349 342977277
120061072 153891989
292890128 468864715
453101382 634239955
302202760 407777733
420144127 630524560
9446663 133481774
376523930 575735086
204153955 330738574
13151380 45132051
541370456 842417378
180193058 434223677
449488288 496380652
183356226 459272290
395614302 486352246
100495676 175141404
51121039 160028220
90383666 293764597
67617096 265221089
365372888 581816066
363491242 534429729
34579637 150310692
68922537 205630996
301273460 411123377
512732066 948887823
32952348 91388585
117467312 192655848
77822391 257759998
349980373 610897602
319213010 368132499
546124032 880617795
198978712 396255302
386499300 603171789
483047475 814186887
4579299 132484910
262056327 366260148
526355329 905354350
649167694 889992043
6732555 67523387
35493739 99247736
21216795 53058140
429215042 590054292
70320323 191835581
168436584 339790970
400091505 655755496
82388084 286955650
356332997 610377059
549297351 865889762
23243394 105371086
268759545 410404768
12478343 135900764
82724468 265966184
428956790 664591514
707171356 925890712
123434499 326364260
526205769 804666541
197975257 352531720
456540952 653120237
688354980 820998017
6483130 101288678
25347089 111204854
175818292 413876183
694822524 965905426
272616554 496126340
208938842 494080045
90771112 175639883
41717932 70407788
12682793 99706349
390844767 664585437
382891008 644317224
346372364 547830048
258189989 477788977
2275372 67120109
3418605 92882843
110080810 193897493
29277928 92912606
309847824 354769970
458027678 578508300
403513647 537294827
23961962 97356026
193886072 386059428
71051711 315482372
647092851 938553689
668506985 763305014
59350935 238126364
431084492 648496439
49260582 270612782
197116511 389648011
438139278 572272056
615654046 891506138
502162328 841762090
91781600 322657557
249012172 333876576
325618002 656810765
265113240 455224356
127085440 202240158
348828204 558732866
434760808 660005106
653389434 775607385
461885638 661118356
28521453 131962876
120798200 285162746
124049412 317653244
27229082 67213742
97592473 178979504
473939177 664556698
585391684 826216288
608795212 828870436
343253584 530396990
66202024 224086039
715155064 893719379
115842315 285043105
235778608 442478968
403641919 632615408
9106556 54292665
73404808 290003575
467712132 599934095
472333946 480929856
550462309 817437145
150864854 161655588
661133721 820240756
55225436 251072004
406324054 650342263
26873398 78214525
518608054 972055182
150994092 216037388
212955764 454730976
24743512 93918195
142909469 246056684
488153273 795071666
6392802 50032444
32222177 156599492
253462866 417176582
621271824 939283584
109053902 181977834
212605715 332828837
143120536 225141145
157911088 343375026
478898817 918312889
569524675 798613370
34151809 80944955
548559997 942526532
102723267 310509240
17150432 45055689
54009696 239802198
125674788 153593410
17321600 147240314
107785459 157318865
258363860 399154599
96801467 217653998
35850595 98416505
263014835 399646429
29616721 97375701
251025490 425246432
424314667 648835354
459697864 638506591
127400805 189099209
12601246 52615770
155664079 426668454
183495932 433095261
37483201 91709602
84081590 277414965
3467101 120041101
2363867 93722005
12694694 61649752
549266083 866860924
335984308 524623785
33963606 131518180
41980161 153227992
43084178 285340877
313547687 425931391
231637052 333921085
37305506 134242560
28520758 112941298
54883820 264160160
235980081 436274060
68236614 186754908
14943224 81891107
180523736 454959983
88614162 313770403
663431908 801613729
702288732 977630810
127695438 174853479
133913795 207119381
85329693 313803270
349635530 582877463
30610255 59737581
606774157 865436144
12023241 43057905
129879874 272041748
69700496 223091158
583158561 754223053
309446104 486243589
24692991 104827236
383226462 626618067
209081934 493141620
84586891 204509759
24489893 110688458
89090217 195561552
350711816 500096014
423897113 602896959
41313373 78692306
599568837 756588629
117207834 266085830
145276894 174781959
75966108 274363715
135927468 289953823
184188068 354429930
546384905 800942221
239654836 333286721
447883506 638795303
531132496 743864939
642079255 994523637
56076637 304249199
256906762 453566013
102046964 194399821
192496799 359201183
685176262 942219998
23281311 47554360
536856166 843342654
45161587 187012292
639865660 825245515
39705945 107957305
454668231 531914866
17401086 70950713
61217103 179715952
17370326 111228070
220879211 422803454
494470165 792580155
585334356 755750035
120212670 298523820
122053881 316514321
156233137 424334530
57079772 171790351
271956570 376993867
213604276 374467927
370691076 618771898
286313185 421898400
403203805 661126340
618268555 812721930
639417616 929377584
712830697 782690592
266869489 390230663
8916116 83505677
20152854 140607984
626061271 793710238
20836690 124514810
306572049 413873026
69664530 221100644
104546069 243184002
52564504 218354715
99587866 281732179
572380385 915132409
35489814 118098528
26500160 109561259
11887580 46369179
18339975 153124578
198347037 443187980
34986662 164442245
96570720 305233413
452949229 565551881
10298221 69353887
300506137 385055118
200482130 427838879
26834794 131579712
177416446 429666896
412624183 620032431
527253619 884666283
434787291 566475796
115825212 152775821
228072022 483620328
31438169 145538050
125813596 265552899
482683427 794863663
422737695 605987861
310145420 417637015
29579854 163110867
595074871 873290354
476310243 911389729
10601612 55369002
397905371 665509254
644901838 759938479
74790229 259404897
96764446 184535685
230853308 438182165
266856546 337496995
680564495 896234625
392517546 551708845
98270830 249308299
76452463 203045029
3061637 102590069
145967407 198224424
24208256 121181397
129384308 281911312
286136899 341463889
330939550 570136609
279750901 444245867
36791141 101863873
295749551 396216053
313377104 480670970
287226433 334374420
167940049 456804236
8206186 157774240
180994637 498921693
342259613 488826917
29156277 60247189
185932323 371950269
689520757 756485293
390487648 523995200
484925088 803761558
90503279 257968863
590671261 946155163
657300075 843129523
568997446 867358038
129599077 156233374
32528710 63334982
680440723 850495400
96626247 166260418
116517879 248242616
367226161 633595560
346218700 579457874
57011110 278533311
443231905 607401934
473690356 596751632
396057102 554206750
461280191 544060207
101567932 306865092
7590339 109681454
60603138 259895118
432958910 500029415
57566847 243059937
208344144 396193906
139115528 188361232
89449461 302091596
154642318 405256306
474362677 547488271
223855697 406390064
405202605 513223128
136582222 278541020
698856690 967575972
216939875 428292681
395824242 659246132
28293730 144975057
88873258 303472692
56935101 253606744
291446923 435402389
32283926 148850594
89389029 170595653
29734912 131250721
674912186 771235496
135889696 283452441
280004810 390928557
27802638 165794983
80142590 331998122
497070076 882243359
596160514 849961928
581704901 840722603
113734641 234630095
62216357 256682602
163450964 424015711
622284689 918314664
64926135 238466658
581432908 809652020
7567073 99129712
128957746 197343813
14240515 65194576
3390971 112044045
146179067 288454495
23843968 68937050
816478 132705676
397065548 500618953
64249181 163631760
69316352 263998099
4879695 160530146
127807817 206195602
127593918 264362455
190653562 335825085
270352652 415323885
457949183 568774246
2142345 112481099
435194242 558156214
111526296 168704881
155871580 418267420
38100979 42670382
255527632 460093102
475772973 726105363
541445422 875958550
20889531 112491080
269437137 388031617
45926049 321400000
86172118 325617180
235379496 431300509
207596071 368104771
262647066 359140511
2318263 136417166
2071695 164242141
60782042 151833568
290562640 440010955
160225080 416812425
463922845 529984884
45210378 256078711
87329138 283670606
413787064 612190244
44826304 281311633
331577908 526573285
305505513 365720105
81338763 159648004
161831690 452979482
353730490 653502299
175426522 386314545
263941355 493202913
48091451 326669591
346518415 482654482
23571881 147220247
281490455 411151745
181941066 479038375
584780300 749871266
177620998 343446166
645269840 916177075
184689560 384848468
455319400 523971097
632444746 866691649
321516621 473661639
194156127 346302292
12641900 131002591
556354298 842757730
482033750 769496366
520418370 831697443
385692342 509072677
27141762 63809043
1195352 48975493
437419538 476882098
22499789 134864523
184666281 361465600
33216135 58692258
29542573 127492440
365715752 651784155
467322406 657610853
107883109 306738286
116590247 310757879
125127704 155415870
584767353 895390146
71955893 272186388
56665544 214408238
429423530 527747085
690009501 868978283
129420154 246270499
365526019 620757700
169397256 496538335
153318633 354138692
439281179 489545636
73148164 255039858
197696597 486821644
159803564 478333521
360828900 516234355
216816427 332613518
55110457 200406340
390974261 476859892
633676855 773488510
478731678 868734513
66661905 231735851
482553673 822311897
473307510 627395321
423544654 576352008
111535143 332460690
388422242 586609572
32146277 114784596
21258280 139639080
184320855 370239204
120954347 203188826
38583857 125285122
21186909 137094110
227472222 415852365
703338153 942124357
281426120 464757215
182842577 385286883
242813607 347110590
281896861 378881821
82100730 195833181
195396901 337219186
16172265 76333327
41582442 71047814
247284226 426003896
279815901 359093801
428143414 582674435
175054696 396749304
284013775 491401454
41218851 129386831
197471939 326096299
439782792 573321470
528419202 796196696
365849169 484961758
473493061 543581555
29272429 87722471
356329890 584936654
152011377 432062928
26207883 45747177
100817119 233137106
567340228 801290034
36141632 103139135
194892455 374246542
40253146 129206112
93943145 216405502
497766369 944599916
263214067 439764474
12306028 45548146
714345945 807387127
519970700 919642419
132106654 285697961
302786160 463626469
84155508 228464025
31954205 160481191
191767879 355400795
130255967 288058272
142216781 331637196
683316209 852839226
388721807 588001884
665315678 847563304
29731125 45507479
40376669 106096338
231890010 493004705
143145243 155708719
30803965 113244022
655363010 887792448
708876722 919405828
273446217 477652405
54847546 290144981
33978132 110812059
98446165 226702465
247709019 385255766
346590114 512053790
469144112 489864743
73250756 202969932
403454418 526894571
215177217 410855648
572914990 905926162
31605392 73302141
98669051 155247584
101888478 286886127
33627454 97963631
623532292 729592351
24057380 87907705
444092251 663886561
603635224 768347369
638614699 979837502
531839327 754202173
116805317 308902020
36532632 138619404
60010013 290869530
306540865 328677705
97990869 317600695
427287552 565786986
589179077 913318615
606244488 956158566
55547819 298733461
494707165 877475806
262971888 482949901
21405018 106227281
189005443 326382027
60980878 195177348
482873068 842213950
569986881 806449285
92919958 270951563
276771224 473569670
456779082 603682672
612042616 976004983
154760215 360408498
679966654 952410940
516727292 978682273
618997072 933991376
603966161 852098285
92001129 153866760
283810816 455294533
28058466 55430448
137139916 283448452
510635759 933663280
162312279 389859313
388517939 581727459
317602241 469034863
287822069 370192228
413330145 657614596
573911179 828310770
11043124 147643603
334852327 588329564
676573257 914217902
37890217 89168619
102573312 208038582
4912057 149919327
301245879 375833996
588206802 865260093
347608992 475723425
8112317 43044857
576100959 894681135
492934723 953015421
26425788 128022407
481324401 784952292
562000332 805847366
310183700 391855678
185344979 445932705
180169329 417195228
130044269 269280071
29164552 96551381
339700422 521592377
10899193 95760060
31376171 72767382
357187390 606067722
67215473 198737685
552069324 729221041
358220162 488884684
435604941 475719038
36978724 45498647
238853761 375074882
34163892 125648363
171454302 331691233
93489018 213509031
352609810 576142976
463930238 655699652
739834 92603110
182485167 351743171
44625028 160093310
1419525 124067396
674145079 737492797
442049791 518302825
392091943 498384971
524433017 900368775
351817341 535364249
386159325 655106859
264879796 454154671
462237568 638974017
252976145 386841735
126099420 269562204
320355979 360303181
927240 150839695
364775578 521389097
482736899 799425524
181966075 393952378
40987557 122018660
130111329 186177849
452609449 605267207
3060388 108439164
354257528 608790905
19272098 149399730
69059611 154488836
17037272 150852765
304364279 398016690
451058931 614415389
518962933 841306507
34005733 74371228
407694819 564171039
544566422 756996040
29578902 90570007
388829593 637854206
662053873 821847688
144511050 241779997
218214717 342420648
144528309 160226838
136957050 156223885
77334598 285306717
96556820 253547832
193023930 434875805
16624558 126601479
540250412 937028177
6963859 114586436
17704491 64250384
31121859 74292632
303380071 372420777
24303596 161482079
79979024 256805632
591641460 816672464
108380003 181738713
75649561 214176248
95998390 187214913
94708355 176130200
330704907 622799296
441123907 578706523
20016562 164546113
430381614 571824503
447561647 527246390
555949171 962046218
34862009 122825714
680160337 966972381
139569096 319915448
4179697 103442180
41623203 154572090
22625290 84074714
455749916 551111969
333076135 542570496
160072412 450629083
213552878 497336669
163813693 419194592
255182355 361440878
678384799 924613872
182082133 336474856
4892710 151251999
521112481 953706164
634936964 835150398
218829414 442236343
149781842 201106914
13654121 86012182
295241126 416063850
659971413 967100334
364791736 490435283
383520463 547164808
452451594 498410081
297361815 350381771
30667209 88540557
338982393 515331311
294309959 420862334
134903280 195123065
164332267 335797554
481418378 726798677
66509561 332402727
473132005 586694636
178944478 362518258
533180199 747776756
123378508 296271916
26216652 127494047
134232321 277331146
26089139 138188041
574954250 899637225
451634039 612643010
312003455 345993991
717861262 816346603
655605358 894437771
270834740 391331880
511344463 852396648
174280759 323173833
301856407 330160757
12830474 76580913
62146212 247801971
143294065 306044880
560737561 990168908
376669369 507146025
285010324 415090635
13051596 48261078
85466879 312744122
325581881 573155223
354531054 583434039
120260636 305389660
173516192 434715250
206328368 331070397
247743429 474025660
205345684 331584961
69372510 231684463
58408788 283119738
273266387 387173437
130212348 321976683
560966664 929926594
404435340 571316604
629987925 934260730
341450251 536820390
441944139 501539316
279172577 370290699
521147821 862606971
417531599 592725693
331093458 646438050
298432676 384552784
23940894 60124076
490076275 802471875
38144921 128530554
30519744 68476538
31602966 76955757
210880159 359792701
12196682 47722796
228888120 462626466
109161020 228111181
633055981 928437645
466661430 596260075
338823043 633081575
403370110 528625225
142509672 279984636
170830994 458373882
394943685 560454666
8777269 108105719
260563902 349360755
282703722 339847007
57631237 321951034
92416870 315439429
710331652 882341204
134897656 220846958
317056653 381885654
32433311 140010859
4618340 116271531
682604636 988052806
292528194 384621235
43320919 316754127
467997180 550604800
237673402 455499509
32997888 109195601
539275476 762642963
76664301 153080900
91557906 168741870
95564170 257929754
443213038 554259561
33194497 70583364
22883624 138939886
600690251 991150568
291964841 334901916
439062212 639198002
466006327 586206098
443708748 608740331
14103613 65121822
44190464 315579372
301816416 402511840
308957789 353521850
412998790 651876374
25376133 82827337
11252938 79723336
184454638 364186132
17220806 90485538
26021833 131550813
22754813 47433118
244745444 350911782
682364878 908964574
95207694 224666799
503200585 818804550
231839201 480103673
445178419 515869872
407791 107569018
182603055 432811911
29141734 118455575
126594306 311635526
64968076 224126448
201852025 438576459
35707722 122977411
567763926 955572209
584492260 883436492
307964755 422223263
715540419 833231321
397736616 665351330
218192193 486015457
126361623 303836680
135268603 200791153
202895341 447184880
40975268 159637279
111806926 208075928
375944800 572174782
205137805 366668207
43761474 166071171
50212177 163751311
547962709 747155380
86335433 198952938
134071082 195982710
6311308 138865881
406688004 583505104
353565196 510834844
646181559 985784815
529656476 907145580
343812027 488900242
2039984 52908188
55756375 313924119
34849635 135623989
157706973 400586188
286638619 422743529
566644974 878534582
189821404 331301149
97847652 226672449
662111522 983803762
139431296 170746168
9772584 68504110
489009252 928924356
341969538 601076575
448751615 628264241
