1000
121561935 258229570
139849389 237494928
338565198 520847816
97720457 123698580
108738420 175145428
37456775 140530682
285821703 494043428
135293141 147775763
187001254 248346571
539068135 761798271
503267360 724104317
276524561 311661197
194075381 322490552
76243903 135258707
580852778 806421448
285367277 518513768
307653979 461413353
11549214 66433711
253996016 334139425
283251964 361660967
12381671 72231287
146079262 248889429
483901622 659041302
19613249 90204799
304756799 512097132
362355802 493104785
36755298 152883932
255851367 338376278
729476756 908316028
18742603 76025119
516099576 718012748
139715744 241722695
300635587 392962948
318672457 493413173
548068074 779478755
185423306 258915965
124983714 185075962
186273315 277045808
110577 40169169
445080690 574246576
262736330 414889864
403311671 535459784
315051617 436831225
483383221 533704420
334357817 560270494
82159829 159799420
88543542 146644567
692101541 777245150
283542317 514492674
627934046 648466013
504723560 689352941
187307828 254097653
420549377 617401529
727991397 798347402
687503157 750771033
243741165 318292864
22762702 50115237
51867680 163678147
469957650 663163275
8629993 83175687
536791137 720330636
310187412 538279711
502776622 554345591
17962578 59725520
625373734 708620985
207757019 348558093
171930874 342571452
4920202 67734802
497726979 678308848
726893006 886515648
240391045 439246391
36093462 174015865
10280347 71122437
487077246 600294904
669832141 751070306
80541884 153516712
181903572 276386774
696256353 891876317
70343937 150741993
199417886 300537745
472145789 580316301
229663333 385102559
476430851 650541786
448264066 570457704
661417577 761682605
77581628 124868738
251934706 350667331
171124347 301804512
452236416 475633515
472529074 566487904
600673999 799303757
633636798 815092034
646801502 840076912
273924186 449011805
602513515 659964941
355603111 580769141
689367694 824181160
136087420 247886541
476002867 618624031
120374088 157174363
249680889 353421960
544146767 682308960
407851738 475654670
40663782 118942497
638504103 787408815
326177486 626000307
65125116 160539071
106321174 170165409
122042642 193787803
132697054 219154823
539627086 724508581
50252877 163847502
493703763 562059167
262988526 419655127
134159256 204717866
104366077 157933006
81137536 151401535
245607853 286466821
210642678 275328380
504792764 676379783
437536249 583132630
199676322 317676327
28461612 52045337
495634955 706729261
242499977 289407696
137601008 199835335
121262943 227509942
651758649 758907624
695237579 793076637
422341857 547627656
151918934 333894933
16063621 39369824
138314245 261742801
238382253 397997647
403584174 496730680
124260387 185247306
240716008 346067385
525565050 659353484
209089032 353859203
178337186 271314598
223591793 242408726
728629899 762284399
102976859 153338120
281205821 428792877
288795040 346276961
617021847 707695116
126953166 265586408
254712503 415305864
153357593 361691957
293175409 473294847
626267553 774214002
647463742 810776344
497213473 641895073
548583066 684677795
254691619 314890043
276016953 327650665
401107818 631107783
238571814 422648666
317066738 341911401
166661910 363077398
677339728 780044643
182229230 232996321
500710727 703349029
60090950 140393470
364028267 583005532
293208609 339703701
565084537 645734477
372566002 568618935
589783347 660011037
163815501 257321173
237515874 286126115
526563 68862841
673785804 805759961
279732044 444518245
226022372 296093990
86692972 134970070
662436591 754306096
264019357 363308024
236855381 392210780
294854372 520852679
399163812 469923473
395501234 565748543
84052142 134355829
541345759 679306479
430106478 504945660
432131868 625389733
327482672 553556164
130279299 173076678
211854183 273074473
190658449 324021811
271481618 433883071
181101949 315287081
569571589 794339700
249720845 425959141
474874332 670568449
134610655 142335058
124870791 233704841
8234873 31442232
546848155 706781371
278376262 378446292
2855055 84974608
47679571 160543945
197634783 275132174
79833481 177056243
504474427 554531880
252976743 364588200
454670846 630353033
291744126 445418145
502604464 539201567
137673275 161637839
241015590 414233532
258780211 314887206
233881290 403540838
7576117 37161353
358271353 563122221
383345904 628040377
494963192 715039019
285624794 382593215
139067565 187702636
41496797 161229332
420162704 564772823
177783044 246232673
153730215 230659302
231487268 371310584
690192157 852244625
63637768 120256668
128588142 213827421
310555424 381825201
63274621 174030448
232622173 343293114
16957566 81987508
539320892 786959295
553588516 699648151
130351877 168329249
403858765 602545956
655419739 821845453
171491476 229223629
571796035 657931047
318492875 530557692
44422035 176645903
119968503 222419417
370480929 503218051
356016637 592589544
231094378 364211818
394115491 627402423
558610913 671500506
322091942 412025073
423705627 491598585
130383022 185894420
713844734 875213931
127942017 251322158
646404057 760366486
251111664 450377888
27597465 40330633
306049243 541314559
45030623 140541037
81462097 144769287
11913475 65974809
690028385 844936451
125298949 248327274
15378790 48250359
495253930 635506890
321688741 403381310
498571680 691359964
194997462 326672721
138471391 224011960
653322736 774130828
256550673 328208792
414833261 529780712
141267413 144479504
256727654 410093124
664531252 900085414
267717805 399006564
43088032 147417159
300288955 497123384
97338092 162181420
130982921 210856990
479953348 651686621
91307651 125781075
533999108 738246948
65779139 139966717
12684018 61507366
132070229 156353328
118956528 180317466
18454403 62272037
187378077 289992871
281527314 500922686
185179395 274979854
3720188 50445628
535329803 661179082
8321950 72101594
499840217 621952879
723800537 750575968
322265044 330551941
254815348 382928659
124475465 251382949
21048511 68646471
419876806 523880735
132581397 193350206
238972249 292272011
71569342 158413856
389751831 555949783
357334276 488296570
260299771 386184343
474651741 718349219
137032291 231092265
23016769 70020814
512546412 794077376
268379833 335292293
386692788 588595350
300329561 452715972
269665482 321003980
548944664 763195994
131698143 195092270
381668141 490526058
494855338 657023857
391008565 633865450
692690125 816828430
119840459 222467431
101142185 133048931
521696958 690872654
41353040 149855971
470309841 606016664
6817488 86968082
182371651 342238875
652205219 736907522
237166195 300800667
723754513 823570268
320657497 398760653
123459900 218040153
181722465 357696462
433834494 570958588
692470549 866444524
12454251 67677204
239214677 414796987
244653596 415633262
139166742 220853714
569077246 790077376
581903561 754501624
465179350 523449181
241174329 394965462
132893349 217439235
130047297 266156645
362486911 620839422
515960690 678548686
572942758 798677603
237020752 342977841
486765315 702643745
134844012 163650190
9256862 39489321
313291265 333910960
121867625 256777058
577184357 744953882
312988548 332224206
332010290 604241456
649224623 845874948
282057607 375660440
358632580 581004638
669172357 841079696
139665024 222431085
715100892 836063459
418023284 526478935
498587889 601654603
127002995 167761343
17681203 88677506
261146092 326876764
330594073 537752723
135807715 267240080
92101249 152806423
251281090 299378365
125775698 184172480
309781180 355866438
728179493 775934122
91438525 132746732
168391380 266084142
132613324 244754405
604463820 795560545
319777676 464128069
133308158 241395894
138152605 227822853
125413197 256297736
127606273 176810954
550889837 710788344
268909102 425806498
176503992 304539692
52880246 177962392
268783940 322473586
255869932 386128734
725721649 752448419
728480383 746816028
222629384 360193367
514425142 715710497
126227284 251419123
50578182 157191494
534184127 799751237
268417559 370429103
293829831 343250523
564187742 722774495
286785795 350211641
268977759 332237463
126206693 219908426
305646086 373476877
250050931 399567815
120103236 217056636
277969445 417369649
321950969 475179527
21291899 77582015
337153775 533652910
724833355 832022724
73823676 140557529
134464599 238936694
46209531 168618770
649442676 753776484
421923401 500584176
522455573 677883995
128561671 202087917
235926338 337873544
125635558 190888396
416683737 607177056
471119328 708433833
248666152 367620960
595222464 771687420
581410101 797590222
253711928 362039980
257414737 354504721
308000029 444808075
24726609 74213063
8989103 57221685
130318694 252472826
484846276 532378039
306227652 487341220
409624400 533387601
258185941 442644898
311410585 419382445
685521370 850646703
323999497 521192560
212410108 247335939
40107573 162577568
598584109 803591836
259678817 395743026
611946260 665973216
310739427 518937392
126744806 195706942
332894435 619209109
418196684 555903702
287047962 535005040
99796353 126754044
142276252 262593168
67135942 173265512
163905951 333305889
619053036 728818222
2028923 66110899
249405918 313219477
138486736 255700375
185128518 324560224
484512502 666307193
310142933 352013875
129170648 180077148
203562058 280055727
464213126 581703156
552151824 728448078
298737678 460251954
296788453 326140293
268346644 441298709
498064226 609127322
201560 86646332
242085714 356902164
316608398 407580657
620660999 757699237
348504730 566079716
517603 66064812
50478842 136978910
477540807 694773756
316075942 338221627
651447319 855010450
14460840 78448607
323016177 400435406
247228804 300098357
75148097 122835860
305558504 333221737
568481390 720692418
661343489 862790948
473227385 638085442
256546987 430067889
102803599 130286094
668091865 822616195
209838936 272200622
248988916 360545993
587388981 646820973
286652886 347267068
268883094 345003879
173352820 270240372
125464477 248405026
280885831 392869397
28992840 36163165
210856678 330324324
655950243 849643388
683884856 869159440
264398704 402685533
133066227 250541802
133338222 221175358
135097046 207758150
201051658 248780673
598018462 761487775
718008316 763015891
410392401 602219840
723470020 793911291
287557131 398874884
137655028 266251745
7988164 64301381
657023834 743389044
282923896 518626827
715822142 788893470
117667423 139284627
248370860 430073857
328905361 546936420
508093659 563532743
327399488 496852925
634768666 716820361
480461700 598689511
245329179 301947075
286769363 363807433
523431224 808046234
103928616 140538927
473562718 571930514
93988120 161815022
312421194 450678786
543202342 724352697
600991749 794876791
9784113 47775796
135092417 261491294
140517864 241360295
416672230 480521921
204848972 319201547
150855796 301656355
137515023 168103138
594341296 710182452
15635805 49571158
291130288 479380889
171584353 308897270
403739657 619387010
137430124 211792531
312526728 494668367
697307245 742465251
403850483 479554941
306594174 394969822
634766784 749562893
141125139 209982893
119067955 214172229
310384167 544107058
236875221 328453200
300293930 429580225
125900572 241112673
86995616 121442653
376040843 563885824
18135358 52862025
194230227 235341086
66754706 142725343
129999575 210221364
288229459 432773569
123189098 156602455
27463983 66524917
473980399 532610021
708163287 867081017
716731534 802227674
494147127 646476023
395873810 595667896
318116257 490899872
9494730 87014033
163628004 320798944
235214214 364971101
435132720 590076077
550896226 800778655
625174905 741129559
125323438 188974617
14123657 46745635
154592825 346171309
55835810 136362126
501156373 655748480
29932644 74425369
216844302 243683860
366293379 613374941
271375046 423488184
637114164 708254493
127466743 164975159
139327886 229260551
428475663 510017527
2897836 60963374
122306494 254184507
184764331 315371711
129314373 180413533
257561319 446766782
617054847 676070138
490607711 628984324
220413961 317077896
123541887 141354093
123928926 172495713
27254922 48170722
127533635 252443841
16041426 31659084
690040759 823277391
702826201 818963569
497030862 533284312
73949165 130239999
184863391 360814029
105585457 180920472
64323349 166380141
7043889 53391662
126709801 144797361
317316567 531372961
565868273 749299232
656255303 888560496
577743535 648613875
358131534 512263824
538754585 794986693
374377318 516687320
375574999 633275440
56012335 168843563
323921229 506676206
254479665 357521973
318512604 335101928
2526363 85104013
678939210 837403202
10207720 63170550
398795551 549061967
478916578 699142917
30981536 55561321
296569133 453906158
74633571 159905535
260865191 381892510
417459415 597071883
336998044 606467793
332036182 493194530
729137643 815071160
261042056 378833287
102442738 139411033
569541185 713467668
13289752 45348905
177916016 264173120
15906754 47573947
717981547 882503639
125625364 196357040
126083932 141299212
496877839 688558246
122842497 186782178
188517947 358600154
655300370 736043211
305137389 542262064
130057141 162126931
70535549 158950100
27549534 86968014
103036043 133513767
272388001 357534332
720688476 877724981
18569391 65725591
634206690 680193605
473383553 634187660
470220210 614196557
120248137 250766876
131830679 181140151
508879613 544166105
374257296 531462243
492840520 555058263
132868089 156497592
136688209 148393047
243428953 320275354
29492899 65245522
501896172 591496859
84497213 172101973
452849019 547064324
714737828 784098421
26478191 60472369
509626704 585786556
114236042 169425647
232581061 349232922
158529698 315077881
113268467 163296107
701650127 890151499
160372378 356385502
730031826 842832140
666447043 825484025
482555496 590600822
29435592 36686184
25169734 39762989
102634352 141745358
33941827 168545069
234434825 371486164
79618158 144211645
161473398 237263300
27524644 39721446
236788441 391836523
132595395 206213523
221620359 270502959
237149018 365237718
286040644 533400949
455377632 555707417
470397987 706713907
77062577 143708666
59714161 171333921
244911396 424990009
481897022 616448705
494156689 528931752
228581554 346786880
242388671 407494002
26156058 56023636
20035976 31741232
204623297 356249917
133463027 186644997
279076020 505674623
18814300 61170692
12636865 85752936
230885383 430550643
368770432 517313734
493864371 662714530
491658163 579412620
320740285 404441450
4195865 78411327
703916074 768642500
23650265 35795495
130032249 270411205
706061347 804480754
60218098 124783351
247095812 310889474
621472818 751460768
541686320 808070416
495397079 721091612
556844613 785132160
227085858 292890071
300046505 442018254
532111861 655855672
487580511 576462513
77847400 159537728
506742002 521334528
5072587 60768435
228983853 294106791
291056865 436517555
636590413 810395455
359284423 517114204
232332691 294744950
580438457 787899367
197570680 278212518
115469845 160927915
714003958 759996214
554208695 704938013
4988135 56140321
114704309 153042928
297861726 535063914
128870175 195085967
69266830 135570156
501163993 566832330
37115075 163819243
305262568 473703568
142880670 349528608
155657784 269570717
141127610 210510227
110711488 125340918
706938033 875997788
515996331 713403714
638451086 704160927
141329590 233024249
379132571 618899184
7684819 44876862
484044965 676184307
5199723 40885554
629795301 781140852
133965050 240465857
546888546 764376294
692715626 776006323
279497738 500365483
713751458 816368445
400796969 607973656
193496121 345257383
279785929 380541320
108246419 154533472
267803217 302861980
297235516 336073635
313162796 538980982
350018262 632467380
674625063 810441791
261837840 385130815
203312331 268522710
133820862 249127750
155370198 257321176
6955027 87820420
586935264 790913202
358561010 565222324
125850230 264803540
180521248 259309341
326650074 480964105
390969657 599949414
588756741 713575406
239615937 391484733
505603159 709304527
677126162 854078697
153855206 254784070
714118716 836481313
123970200 263523520
98584646 159157386
610301553 759046811
55725631 129728800
589797424 769594267
129808192 248061410
311384455 417609989
76304966 149282282
246515392 411922698
505659085 514728386
290002410 367443343
29141284 82005229
147935357 291109140
329768995 575351951
270562095 360733204
215550474 290899510
585459812 727965259
116535584 172315125
702402172 885708889
596543626 699324276
403934142 523465483
480785742 511827546
126826063 190841575
161064037 291978067
490213721 560120945
252366269 277710977
14812866 78363059
134679280 181356192
135397960 189596337
336508638 626868894
123516360 230280924
92017642 170369982
38683854 172642095
26566321 41324422
5901963 39228404
321227721 419954162
136094255 207668803
525164035 672647159
124829172 180550375
485841857 544398700
88096542 155060911
64672617 178822624
244643559 449218868
473826117 569792020
21379116 71517312
115748600 128481634
219294339 355113957
669791546 825666974
464443356 619990228
94154789 119183661
382185485 618696119
41940979 145699735
399941798 522979538
157484296 259403549
23889175 50971792
26944270 82401661
236172034 348110362
79387719 141270549
123508131 178484600
503478983 627196005
684521649 765810496
6618788 82821723
53918748 146403807
399079938 598602049
230315 61212760
264588388 359340877
492401774 532691538
42972001 119937407
15792411 71336984
571145007 761591972
21639834 72128283
668192531 863104529
231531793 388566109
261655225 418625855
137642319 173902323
187311944 270065107
213422249 244382362
568258735 654586976
223909471 321429877
648053099 856074016
503784307 595286790
66650224 156816907
386460961 564880799
284869715 354181414
338005864 571492178
699517000 780234777
175620914 346634868
317881450 391017157
315509435 379583819
557329200 762244712
472104484 700266026
129041782 228237233
23938497 34701988
304296021 327821871
192303047 303110034
259190770 356979783
37546609 159541923
233665998 302536663
301214782 337523878
495372530 544699648
594910767 706200439
16134672 39966275
11838882 76794995
276781565 395426995
139517417 199434811
192883565 345155437
304865171 331937611
196301170 321067860
497351603 598366805
24536408 64663971
192593464 322546822
24403295 87036673
243509086 425916332
675116815 840070017
481732032 690924204
318814872 455557720
57734787 121704981
477486262 586383771
246540203 359150272
96453620 133732422
99544874 167918553
43136124 176258416
137399199 163789490
234644134 358082651
532645308 710749705
591162870 809873475
567477604 732963878
679322386 878737260
67797937 173676545
560270584 726050302
78399901 150198912
691400170 775454459
137595156 221804259
260114333 427193978
153996872 252196273
217537401 338120769
471852785 544684743
313135933 386519256
213453910 269769513
208469104 351629589
607142059 718188344
203439848 344759037
41958427 176329663
305716380 379307976
128096121 232272106
669282879 871219390
652806596 870994175
303076721 437962384
221855763 342133509
252616147 307989994
23114715 70110098
263396949 384863737
319134518 370929579
186989749 284862983
653609758 860220619
533680851 786409346
244824009 345195410
481090631 543602840
80086921 175968577
14189618 45572067
242795169 335861659
322827356 346465382
605610808 780387670
29788989 72545921
597260826 809880141
680548777 836064495
70233410 160410737
604974343 693271260
509116016 635392342
50128946 126501175
698367215 842308097
326532230 547030722
36753019 177547051
132591860 250645251
223431131 351016785
321386012 520127265
617053950 734185396
139096298 206678047
671858659 905734023
135910425 163906301
17864985 82456982
166694532 251533136
112734372 175416664
441721 53607569
83172995 178849195
131307551 164769262
141062474 192718021
208791879 357361695
433747818 633512650
232258708 337714532
503259842 657733464
470717815 648574823
519537457 709355134
7277258 46706958
685794954 866988440
509745496 620959911
96556336 128267831
16075759 87025707
248683246 318159188
485235573 568115138
72188186 147377005
660937544 862123144
245288456 419667535
631624440 713844701
