1000
763333675 801726017
510115727 602865327
771090091 805457262
279723789 319876014
86071142 104482591
859991174 890580275
790903107 800784987
3927857 45244756
725557784 750165020
883865540 897062702
277596137 328940590
262788563 280235855
818100066 849979679
462842405 492098691
102649582 114028424
371518131 380775331
45691906 60450649
670025907 706124305
240996656 277506659
878975406 979266166
732591430 750736555
445937478 480809131
209139995 216636647
48762653 84537724
626172361 642375271
292471833 380682911
801167201 856305132
830699791 856050442
708285949 761508813
46364381 87453330
381894950 410444137
24390392 45689116
29655846 45259157
446356045 510142524
649680357 713086817
431123486 458242053
217886722 283636937
381893700 406053896
817211244 854714819
160279371 185055088
458091958 496363275
197383750 236127637
151947257 189780754
279976751 320544262
191544115 221604732
824323664 851286633
862359411 901278061
211729562 221367678
597671037 648149857
222969972 279028970
818909309 848516369
48177704 73294563
447297198 457395966
878594840 979777592
46980265 83574305
846585794 855435127
792366541 800415595
291015141 380716306
187640390 222324214
662250553 702697386
866083239 892163289
488450499 504641420
45135967 55676200
279273784 290703511
750914109 802058457
813748346 851440966
815769863 853635914
277783044 289537668
807410499 850910845
49249674 77974328
827327737 850091032
1435923 44193562
796756480 806261400
441604359 462266497
867883180 888641539
382350736 416747013
398551720 453350635
78026911 137685071
433442854 476854615
714519203 750359590
277874059 327529597
365950616 380431713
726131301 745308192
689528403 703198410
18500504 44971731
22171589 44227134
438854410 498100800
75115898 107290614
44278886 84701378
35218831 45538160
185734115 224609206
880635135 904041751
256391152 281702681
464946226 521591023
748597473 808035448
48856018 92338416
592643622 649060880
90956809 120858599
392545660 434965883
194873868 235095711
485769557 546115505
45169723 59440261
880618305 914258635
482220360 539174557
145410966 188583405
422547069 455759788
706281225 757291832
877107914 982202587
47953994 94586828
855741657 903240807
591962254 655131201
279494091 288362927
46656665 55151361
304308746 380949662
813287570 851954209
922599 46369583
721769666 761014286
544906876 589515306
78460067 110523546
629401841 642755047
419849901 461980096
848366131 851891490
211901879 237006531
48571593 68554712
308125090 380433594
423212974 450906368
279166443 303017818
109905727 190320476
436177244 459569514
656465027 707539383
702264024 753027680
764241001 806235438
702091873 743894023
123480016 187227119
776382317 802761794
335685223 380557023
146602245 183912834
44636408 71483935
63187790 129306674
280189985 289441932
390002086 395413985
267390028 281793578
202687220 235136571
760902527 804161360
820090114 850316194
92023206 116775500
277935099 313199892
339861053 380561613
84921178 137305467
265745115 278201945
262969519 281735588
133714426 184151863
381155124 412128622
490293975 586530369
850060791 886993156
409961084 432589788
846833282 854231241
48727204 60851988
526845655 586243418
381391473 398228306
661094839 712171843
251924868 279176420
134318011 184745878
726444935 760398814
619173701 647762980
483380945 510838709
457438118 541821429
414231183 462019799
48818203 84798610
170856970 190409788
665069617 710665737
154677034 186033604
116408118 183706882
488198397 526493733
48833966 65099423
315536288 380453482
488294389 500264588
381700446 403219717
618971395 649009012
36667786 45340968
45338681 82984244
670684902 701248352
421126038 445074771
453003697 506168324
734351029 745552618
395388887 428962494
279930104 297056795
401894040 454036622
871431848 876460023
295391567 380415131
45256075 62036272
853472104 880144085
431353616 495176533
667255927 706783277
681303419 700849789
381567307 395952901
477268230 522787844
594367279 661924231
278724027 326802761
45645754 87248230
697380096 709437514
287348378 380878262
278390875 320573872
186337214 222348616
225345613 284246867
594318785 658494645
285454449 380463561
214110405 216343629
464165652 567371706
271667641 281213203
801909629 856826804
471886995 527545240
592626080 664566669
146560191 189612144
836149022 855594155
618152499 658118445
368893599 380829019
241865958 285622491
480384497 524890551
384713600 412090129
724976699 760728824
668201403 703571932
456492033 467540732
184906993 223813160
279814576 300736738
187083353 217845772
726989391 749383704
836987706 852256769
757425082 806369713
189276393 230478067
597490808 644953947
169776826 183723674
598504164 653321834
275520449 282383263
415803007 459033370
307759766 380674882
862331019 894620045
531813642 601880737
45769962 59282391
712139909 751852015
453300595 500749841
75818343 132853943
725433495 744375044
399782408 472001447
195490186 226250406
649782608 700175360
510232765 587757151
848204439 854823635
753878947 808213832
685377637 705514108
885412344 976512002
44464146 69400742
53771846 119118798
560661049 606905331
183053886 184618597
279542536 331558406
823541310 849648269
595144540 657681535
36281302 44803544
724154394 753212714
727756837 754114352
791431210 807053791
634092926 702583908
48736694 67878011
426244307 472647511
433526151 520942316
309973435 380462643
796250529 802592678
161080982 186951049
682086434 699889354
875285559 896644693
746093567 805336664
454488199 512326143
511356824 610651538
279588709 308377911
625172515 665430784
541058491 597768255
746736085 806742482
595111669 644704574
198557068 231194422
45957223 83632909
743278957 749824889
110648296 186947187
679596228 712044110
389202486 405498863
621871765 655589363
6780764 46492651
122878011 188247732
158828346 184733841
720172570 746208063
484577670 505988524
785569494 801954078
803257733 856070914
139114933 185825747
43548582 45876173
616117061 640083741
822063191 853985763
458416822 569214378
89528808 131255984
491167561 591488851
866671563 884987181
96079873 106242420
726725475 753493752
476084116 498692311
827133147 854407921
622718051 651103392
494275546 597577986
221029729 279952900
188257590 216011112
85141917 133999038
49286385 91626915
79181271 134074899
647957706 712195501
245499841 284247499
45682775 85612087
36906024 44362515
801420566 854897761
430291916 456879203
132099246 184486686
585453380 634823747
46244617 73358141
789404441 802251491
870461892 899352804
452671881 463077892
384297834 412068409
830356055 852795592
33932255 45916712
771616203 806165857
389955547 396699481
410610969 458711070
162637942 187544549
93943130 140231302
728520966 752694602
4912272 44443942
880274920 898510435
746173775 805765675
681927524 711163502
453261592 480935914
278336393 311835447
603739267 649008928
389303225 416417905
213920684 218798583
367891439 380639496
384700306 403765272
884216356 983974087
560158742 587149649
40659569 45864483
45707007 53947550
60749815 124949433
229657429 278274347
823386814 855797172
479006082 492670232
891683285 939390646
422738867 431364618
436895675 468855765
36740697 45484807
46123106 70130464
381872920 404792556
210054723 224998848
10183047 44739551
886053152 967478910
346333807 380812164
765208821 805698926
776465254 806584730
727895422 752056106
590467526 666454460
448814200 460757666
775679279 805854559
859247674 883811184
757889392 802449715
41908020 46317621
727912463 744496094
276890948 280864953
78716208 108425669
448755630 477453095
808941145 854067945
478443628 507990610
246848211 284957083
426714145 446915112
360446081 380911472
145959623 186916090
277769972 306926349
694163633 704975438
277992695 321124122
633477354 700127326
214575850 222234818
48036002 85851350
874177549 887985082
402697051 465273323
683163701 711156490
278144474 284001908
223258395 278295211
280593970 320689389
45456073 63043033
682928553 709568016
484410231 527972487
882477470 927043322
466083948 527647127
177625047 183308819
192461579 236487883
227115492 278525890
194546877 229857259
473573933 523958010
328104375 380452450
393723152 473752170
864084151 882355715
569117976 601099892
813842978 849203730
386924812 427845111
449287602 520207352
48835336 68567797
464851496 517659026
278940645 303605411
790601320 803886044
604377162 664192773
796581533 802473589
464990694 544162605
475035812 541517707
176986054 189768518
190492885 222585310
600717833 642921946
471159455 511903524
623696226 663047185
873041013 895567954
827422697 850994331
405521004 448769094
204585715 236274781
458784239 546247317
555618037 614641674
200648455 222667658
238927106 284793240
363613939 380749130
186820639 228477214
880048534 938098981
753213182 806329784
693126300 707559786
429549958 494517069
371040497 380426944
201339558 218655034
12568031 47369520
381724179 397815374
382112146 393003508
450937384 508057369
846066761 855095370
434830176 504883543
587074055 655711563
891506160 942357839
384722161 413620852
220619464 284007050
336578298 380713286
718584189 745226175
520154338 606977475
743268659 754458867
44127942 62681276
715759500 752523282
190629349 229322523
447834986 517801131
877630434 944216778
870052115 894544291
827005019 851181995
477822415 544945725
403550986 441860353
609932314 644806585
401687846 458618348
217589465 279140448
280408285 301488324
183657174 227262716
293302790 380430513
451880025 521063403
280630399 306996526
881773403 892418166
387890722 415136353
582380131 590715045
430964600 509249985
812424865 851908660
20691045 44724313
584970017 665953320
628819541 661960456
47899758 56523745
390008243 401638399
360596008 380551908
227856384 285371218
370302394 380735111
638641580 701132067
636725753 703551826
44252501 88162821
41986176 44134813
279490871 325511869
638303056 708144356
210394309 228056539
359453104 380521578
473284996 556899973
279833221 302641618
226160075 282371615
583969857 642493427
707289414 754709013
376104780 380736005
451384033 512413641
445305649 486752326
820413863 849548988
45110322 85199665
6930922 44025361
862821802 880057239
436059922 467576113
399316719 452959550
188550904 219776472
390353486 399241514
396193037 448261432
467120517 552041657
202236956 218114985
174248791 184601346
870022125 880053516
28376703 47522470
881427087 950626218
381139464 410764580
277804374 318613933
91852283 128063108
401455295 444876371
277929619 302582889
41723894 46011461
382383621 391136873
277933737 297104522
206778098 219934271
373111471 380604877
361382052 380625559
32544995 47573657
279052581 317999363
474320166 492971863
44382775 67700130
864584818 902394991
278336642 332927833
245252303 283163768
581507759 583804938
622382288 658806288
880815981 914935055
653390373 711650767
839827376 856834876
184352930 228060860
91004292 127007081
840017965 855223760
234711160 285460617
373634847 380600689
624566544 653329629
436599865 461374150
388026656 400660578
276032731 283286067
108114667 184381931
133829619 185851951
280530877 296740093
409374405 458059223
389055567 392329733
250819018 280051636
499524120 613519610
458613859 507103318
486687381 521427640
598994829 650622215
188665002 218026052
732529261 757517961
599293542 645268838
827969490 855924857
852269181 896907222
44635055 87728230
865368006 902601443
885136072 906240611
760134928 803316157
415660094 460378102
142239002 183941735
52951609 127479870
18668394 45593054
48989376 52786986
344323490 380715272
469237693 559223399
391194492 437776600
476884111 551170645
396045712 431987043
185902014 224082859
838645024 850930961
45914467 76223452
512931158 592564934
811111127 851065774
851240459 891961015
432987372 515483790
14103489 45411266
129710783 188127200
776149000 804981136
51808096 131297521
32898359 47122512
867045121 882950934
867077747 884918332
380529096 426671242
279829299 327132509
832149416 852787966
547030630 586575604
45801737 87898412
615864061 645520032
763121855 808892919
729164962 753130704
883662315 996337865
45214497 94245487
495537264 600963992
14222231 44640713
480003167 490256877
742530438 756721839
787049766 802012130
661429621 703378046
848814442 877619628
118065942 186086587
13670828 46891361
860121373 895719962
47776246 86040939
608749967 648801118
336745131 380451996
431590361 497805482
279119418 283897809
809526114 849548786
222219556 280061404
384129101 426048811
47792372 66545058
585763720 653801528
22060382 45569342
327198547 380601362
385984135 425261308
373933406 380707890
767958503 804727623
187319394 236688330
49010991 84046500
357870323 380521262
419177018 432399709
521369592 584446315
619368159 663048987
201733912 237107004
396905251 446812974
229680998 284579691
44844190 57683787
668480882 702967178
838574603 851972401
56217276 115669353
414261763 459334664
673149900 705463076
808915224 853285314
530807020 606496326
278477474 290731017
604742950 632673668
380444627 393550574
2551442 46590456
755713410 801198821
82649212 121780609
638564984 704445078
49269830 49985802
712815131 744242296
460872717 529820877
624805218 637355360
280298469 321445281
51967754 140856618
499892148 607462131
435106369 481350703
452738023 518850413
557784207 611562790
748136083 802670951
453258454 508508989
278746822 320181617
279664438 290687305
388017772 398333220
388599111 402894198
196566303 217625258
609641465 660177843
44415992 66405175
772420430 801305065
646321480 704597294
278485039 320038246
549911654 606123605
488146360 499715321
674195857 714070035
645714022 708295776
780270389 801788465
110552415 190380952
169270650 188596460
891965775 892992271
344550524 380762772
278541669 311411320
460012875 538323260
801862140 851760972
620083628 643474775
314417449 380697484
482728293 537917038
848352684 856681699
891855591 915807121
194116555 235387097
404963872 434043838
46130869 84430193
464340510 543585276
381620333 394304722
891328228 920520250
386007684 400363141
320503167 380562295
275165908 281177360
471330690 552766521
596258331 646001604
47130543 54014339
698811193 710171198
880436273 952926370
796827413 804833038
17298249 46978410
476428263 491232141
387418055 408855553
42057168 46100019
442780010 514809075
437779271 518357374
377111448 380466780
54992517 108341053
322221800 380420921
464532224 512503895
469824852 501654139
285383409 380441271
634225305 712729333
886667663 907860861
624552592 664776824
46241025 70932312
129973318 186546714
221887430 284937153
61411080 140596889
499317432 606215899
595768173 652457984
10959266 45482994
267566080 282560719
11675474 47361395
298832642 380444568
597420001 660393979
687460757 712796075
892049032 984224914
470283930 506228346
37636126 46900413
93325378 121196082
839955214 854465656
765102438 808580962
891531657 947514044
692492739 710440903
886861774 950100282
628760995 642396144
867766245 902513137
841466274 853739651
449435073 497861725
48713300 67346903
175605364 189022916
502633914 607225264
67503516 142494751
472376202 524676482
752103604 803368275
380841279 410210566
776406663 804841931
727928102 761716206
886466445 959332821
48360467 52308678
848759127 896513127
661846542 706596460
447047235 521380358
291571142 380474797
382521680 419560871
571198997 597040998
208670980 225754887
759773620 800851471
99099874 138926116
758688880 806221417
730581273 761799515
685378231 713959036
413604450 447062553
209945527 225777752
486895877 553988104
328409769 380466821
279772700 302133558
813972960 849993370
207241699 231491858
532146577 604048873
16100843 44785444
880917018 940859779
48695671 65560990
500090733 597402398
158398676 186531819
416975848 467794994
350251943 380494253
435095002 488549288
406254930 436651778
80131313 128783410
587044593 649098552
745623829 807135955
440031030 502181720
389958093 406102910
445515343 493431983
279194123 319342718
45416734 87177978
657722863 709471637
824056747 850964267
46434659 69734910
366990659 380433181
20553915 47223736
201965261 223349628
849548699 883033141
268710510 285398422
44497174 82928156
686877306 708781739
729517152 760158591
358907012 380691906
466373583 516367779
494223673 612033265
47322703 63974021
388767027 393854383
252492133 285522116
709282172 744306004
794975119 801759795
641267454 712264433
402131471 473856744
442082992 506540568
439452857 515669051
827345736 849522578
866293712 880723646
562187702 601232325
404627742 438799272
829141789 851336309
45700103 65575133
599677836 646236938
279566783 293212823
308883015 380893964
333215863 380835187
767774376 802526183
829869436 855217660
214732236 219449771
571718537 593803957
39674040 46003676
855800201 904708054
799363835 800162840
435892753 490387300
425501232 451017797
384510371 400307814
58197487 123004619
762913785 806070117
65005378 121160709
254921028 284432626
453815723 501031695
47521378 65607165
588012918 653299960
183017911 188393782
303814632 380460141
256523217 279193564
735093586 754877172
587629844 634183218
444845387 477239835
621105368 655748712
386364889 408699707
882719055 902693506
585113301 640177696
863208407 895831050
156675458 189551922
63383131 111367979
474770342 536949400
743487980 745059797
443437297 495912647
860245817 894553378
60760841 111724311
647781098 700182871
828869470 849389728
278067927 292145590
10977551 47083413
668997389 711499647
809127250 849383861
280076851 282479877
94654333 138027023
385500012 426367005
9172079 45668061
533707988 611114789
370705011 380540457
686317228 704224176
527039654 613224186
189362069 220494113
315233014 380619000
485418855 513392751
322840619 380930356
12966821 46073410
384907366 410334795
356859616 380768877
771563339 805247180
459384937 557783660
442029880 456861168
879187131 905894915
544830030 590171294
73551042 126839709
195906628 219882453
382165027 407843409
278061562 303642946
70909284 118878144
679200764 706799574
568912698 613219593
329965961 380778409
458936057 535832252
165043809 187604789
279841655 309222355
850068003 879650943
365835062 380451173
175790423 188476368
870582490 900101518
877229504 936445588
850546903 891739632
278916371 282008707
714172558 761105864
492778626 583648280
280271267 303676670
509351837 583677101
192912694 229537128
387420809 422166321
380794920 393986257
241404272 283841102
46408512 54716553
829933952 853440693
90407491 126182500
859500795 890967465
25362173 47439961
449276567 503622091
39093788 46798385
647130590 702000186
63256474 129094536
28169461 46984781
434324467 504181386
891403547 896126856
44331025 50193843
471239939 569456822
658895678 704196189
710157409 757162925
235367686 284972161
382682705 391615441
280114384 299321204
356457772 380823852
564058248 609823482
730853149 751313832
48354465 79034880
265296782 283774022
97761867 111286300
397044469 471967427
600252460 664357762
130825698 190094748
836800732 851226129
753786253 801356534
85620968 121790357
49295593 65923044
419523936 472722864
387909850 412384974
171063292 185772069
374288052 380665298
844620473 850894409
125295341 188092793
594994673 637925403
569373700 609846559
395954177 451517942
864642077 890094204
11478087 46150225
862204012 885727232
279964680 298033961
880277221 892422063
314657538 380855725
538585692 606979111
418018765 470980847
260523630 280876231
819626496 852043687
891812009 943895078
192002006 232355446
621847978 644411900
299135598 380509630
407447337 472646249
871970967 902279936
100600576 123770061
349753766 380542388
488797327 566113334
69746320 110078646
877092724 921699745
590690812 633521314
280157943 281952995
45943633 82664460
630007589 648900399
69504637 132475675
467237405 505881610
4275248 46317953
25106292 44670411
869661204 890037189
468678607 500641782
300334185 380563914
650673960 704327308
657159687 705101097
456155659 478086133
31950288 47252899
397603524 468458246
278260276 324502339
861688240 876966406
613084715 632607535
23406510 45323083
536831366 591564307
885633417 949003777
611075994 635932968
417183145 445096635
745875228 800710913
531895404 599282854
318904783 380805562
644159133 702119538
