1000
432558774 461791752
177761688 182863403
66588075 85343950
492043466 528674885
555542720 571936898
297847174 306792187
817559464 829244143
534102182 560700025
25337458 37706050
773281952 781763646
861215082 871704609
652553686 684733432
45224297 47910440
41682830 45095213
31912124 38704111
498141716 530040792
529397862 547490411
859289295 882288487
843802782 861007191
177617293 200867133
763778217 782888220
652614181 666419686
127921260 147120752
860116328 876369192
179355043 201105372
421376544 441180087
776959942 782556180
298694548 313581798
374550815 391211422
655123793 663188055
407213564 429923223
182714185 228747367
205549545 237881388
331529856 338580700
860588092 880112204
917328452 935268093
666459481 680007364
388235628 391894287
100663412 113946012
119576844 123587800
316707499 330956052
623810249 657532737
942261763 959972207
536586024 570602015
181421914 212314261
500908297 537811894
547275407 575981499
458106355 479464375
444868674 486812942
787394849 793212890
164834692 186723969
111842480 131470453
459211573 485628458
970851245 993488032
951363163 960774595
813659305 821534411
597977373 636288051
823549054 854943127
100103 16766603
555789151 561228069
424243538 431519353
118354795 125323141
332266662 343531585
864958229 900894884
861025688 870922915
530530401 545916741
601083479 644629825
45206043 71316220
556424354 568089767
864581082 897836437
801200212 810043847
432234880 468823484
5895901 10774300
870082991 900636980
16100284 37696332
932938981 960407935
669415222 721991559
687935843 763596656
834402964 857138845
356952205 372461383
192620828 196920698
40966924 58823189
492462027 507836432
652651255 677612856
905219695 918773658
470848520 488472856
670024358 676303045
650928822 657474224
964574624 978481129
138702040 155801482
492968572 525992311
117099986 132614874
918396542 939430090
763106299 764674239
530562069 549314828
40685022 51374181
551840767 578472925
322269595 332989000
652671431 675422404
381701828 390127149
120775712 127100169
925927413 933371701
683022912 711947658
634194323 665033875
422921095 441991023
581272341 604235911
970386586 999149360
868054393 872858412
913185680 938910176
198224009 243462895
933898343 959768551
345474876 372298946
112029118 127764857
682547795 689499603
492657342 526333222
608723066 630060398
126333157 138257903
433902645 467127401
39349125 45588365
563752943 615738194
482900715 496049244
859792071 864484519
527522755 563005893
696372544 763865459
155997092 193872775
810216645 835045348
659304295 687209489
365557783 371473479
114966787 124166489
830845490 856214231
179374913 210036300
547106112 584750705
683090558 694569344
372119817 392036602
924096360 938150270
532565343 555664329
659072187 689310196
123976075 138335740
204445878 238004467
872533232 914349253
661288250 695312493
964348708 987666956
124389532 137340975
122041767 123513070
663791427 677706517
278305986 293258767
455342358 490088963
132949264 152921823
814674308 828869899
45183968 77064989
507181986 527574119
285735818 294038386
658778536 671848358
117901745 126745056
652687062 684080301
652696478 683405448
488190625 495963384
539633002 572724760
665008925 683409534
137494630 165537369
129737969 175672399
105957548 111831318
658426575 666391656
41923699 58661278
822739603 861333039
659180053 703378845
299253064 312486188
306663808 332677381
439527763 481789195
785237153 794536253
39436987 49954518
683605436 732883163
868117045 880760867
493085294 504485332
183256521 224990400
683234161 710330659
429965800 446781248
420645018 442667871
493574870 495364053
656991590 700718085
333642603 343368360
682729529 714672892
810370092 822950154
79892662 115687135
283042173 294015454
952794289 958253232
433011617 455824954
483375113 505659058
320884904 331149689
444010559 476947276
40070654 46144239
483359260 508184104
790021551 792263320
557579142 560413390
67227161 93924395
644898109 652491760
45166680 68738650
821179092 859909543
276396583 293334328
159814303 195541517
45113644 55821456
548587137 553015083
625368042 663967507
883119434 915269416
33008618 38577403
233109302 273587580
475944949 495301522
241938500 273969915
676556037 736019870
489609189 492966529
787436895 796425791
300685490 313381377
22351512 38587320
456097409 477660672
237764185 274065393
548852256 568051605
432211987 451588303
961963626 999618181
969910072 990054389
291208764 294068283
787708595 792959535
62374055 91181262
683127557 685853007
433194863 445582931
10569578 37672996
876808361 918051057
476062693 507384882
414926064 421058753
432381030 458516841
553236562 599353580
66453969 96110741
786356177 793129408
529633032 563179662
682286917 703187755
188767787 216385815
672673499 695051683
896593361 918964444
634360229 661059574
796161887 819811253
778550555 781723351
815151425 832625510
11167202 37604383
432676148 442175849
527969305 559009534
395262965 402099217
493813715 513450607
471860323 481725993
492077692 510080649
376208727 392049871
938096475 958237654
85039542 110222030
126459525 136698071
656557772 693379917
431745895 436033193
662364570 671133197
102267201 116440348
39538041 57585588
333141885 335781899
530035593 560905352
792673891 810682296
617301532 657844159
661125671 700119502
480389326 500141958
486296289 494634567
661848019 685793701
597725992 636937697
831150012 854994023
566753435 614185058
863063245 876894836
791022193 803810316
75713899 96935243
392878908 403572344
169811924 176100105
395569358 401479131
127065886 149438630
45157817 55565067
492710019 520867782
3900791 18421510
508771803 526053517
940249462 959180115
112506595 136885912
298130497 308933275
531742048 557634653
506702485 533478462
570806371 590316696
557932827 580769572
406138987 421182342
677142835 727317034
372947873 390065735
607050374 645501200
382441405 391472247
861064911 880121207
251674948 274203424
540466117 562197641
45174458 50929923
124319689 132873770
855326265 866064790
432776239 465618021
958561291 995402653
824275807 856049182
332745093 340325553
802528629 821067788
45221345 54503843
290797370 293085840
45142716 57278188
789665041 799885558
45100668 46497309
186025414 201745886
652634598 674264984
499533754 545138674
252518156 274467815
652683811 659353564
492019797 497206185
403121376 423756104
391709752 408414877
56018050 91873271
127589605 155356352
653955397 705819038
323312338 332949964
679886687 738903230
375310677 389643085
504150977 525611789
176614890 196848078
514814398 548595665
448817281 482814359
479068088 494730181
440819452 485287991
14076230 38866230
85469241 115283649
814465168 831762476
299433257 309803167
810916379 842283092
632206178 663677983
532781600 542593549
424606132 432021138
794626263 814589011
295934931 311328759
767384164 784278222
679687799 687507713
703395909 764468055
546418249 571887148
184307710 222002150
280827762 293618883
61463046 90123652
41166578 49091772
678812258 714699883
670912879 719016269
965523586 989841764
710503214 763666266
485137167 505719906
783254684 800086914
423256012 440710405
402897056 418031613
152548245 177392861
212212955 239609450
394533268 405829691
581215680 607497027
262812054 274433954
108096041 117076829
527761852 535557940
857180249 875570247
200006005 251084793
847994988 855331144
682121855 699308179
402787827 430072117
234187223 273687265
815885402 819289193
577378927 618217456
637570939 653426026
83323471 111169992
398002189 406569189
425894922 432257046
381512024 389463221
512377933 538199524
191703065 215969936
37496989 37584670
305530374 313508256
434861458 450510747
37735553 51142894
58050741 89344587
268508557 273604534
566234248 601533749
32817017 37749208
121136852 128517218
945888032 957423800
557820542 583370318
40207303 48594037
646970907 661359806
296823412 308737432
331544652 335735596
359361336 371002331
778972277 782798915
434524121 452105931
396462865 409747937
378802716 391215613
490902302 495945940
518951540 533499440
134838438 165773131
534825812 573179141
153330 15906621
157648931 195480071
558137590 566049933
641764768 653125796
94141341 116633456
552888050 603732701
552284866 573245729
652518094 678898610
876508671 914860378
335990277 371383645
561070831 621918216
665533153 717797355
715149903 764420592
477899366 502808721
676245650 703526535
526973798 534197243
138649688 155034457
134737792 159328285
546515605 551524481
303758176 307869793
962907162 983564596
126239666 135336333
92145208 116167866
309793983 332604636
868566810 880159395
669548810 692011792
815862080 836971882
384413478 390485124
238316337 273798188
532792964 543085361
870195953 881260820
965437933 989992875
341308322 371698084
302020558 306425770
397025526 399743441
931239889 957216151
814104368 834534508
493301191 509603537
806074089 819729055
539750058 560734449
280032188 293271978
392365674 402773060
235345825 274080562
42309197 53782104
405343535 424844995
92715470 112782854
787992731 800824976
54175850 88268725
652680261 663332265
681628532 722678497
796600398 816090391
376417911 391395481
554205534 603161853
470352460 489509195
164070983 191020449
396682988 408449158
60703054 89670715
590502304 628847925
180224047 188623722
145060698 193383062
277809677 294081582
45136996 72970946
557533409 563674156
320958098 330896206
186421355 229576284
516370588 525465285
665199398 690185134
738963238 763670509
495911592 527559592
813077498 819494046
493480164 499804401
971464521 994248723
409688392 430535536
786592114 798939150
967557325 991933758
720366001 763933345
446725928 482148195
327277328 332991226
799209733 822815584
492824983 524116183
936175333 957235519
591024756 630681634
325826357 332268374
653921578 684708419
644242043 660648148
777138720 783326813
640748069 660396526
785855957 792410617
609896618 625223873
293508738 310884371
295207354 312589820
652681855 679870114
38119620 46070837
490595550 495076797
45203902 67191583
125408428 149822976
679032220 741019385
716125247 764166398
493642499 527887260
180025463 185155187
596252340 641274392
185255983 213654743
530896151 564017825
524124819 544755726
125837208 137192064
855504116 869146324
452292547 489259030
815632445 818844280
628258689 654504318
599496944 632107801
144480110 185113513
371262679 392156136
331565242 347221496
249517843 273933044
810223498 833135069
493319256 516320230
785488198 799242981
559105628 563318330
663562818 678537372
781984209 803704534
121573563 132505523
384436249 390647308
68351046 86016222
860980417 867584599
122036921 130348604
134926426 155570132
176479432 198246525
768014181 781635897
112890787 133284750
115536070 123524766
869618966 899085456
620827218 653477505
476183602 492067216
301679535 312923626
284950585 293608177
198396911 243066171
331844144 348759506
656660510 674454165
474984350 492181904
316526402 331647300
527183207 553690842
660556806 694399912
866388131 884988118
378171292 390707182
554007113 579211574
37881894 51821484
946217937 960771862
47161890 96940989
331253499 351962935
178998883 201903644
786195087 793896764
176166777 201761298
110936650 130027610
961220900 987198428
677101089 717152563
873550651 911902662
968118776 986240548
919200982 933379975
300184066 308380896
385159849 390220300
528954026 556101030
312419247 331857564
773077016 783192296
862901570 874954855
733378787 764614524
109612463 117592366
508598780 525296843
619597649 660158821
434288260 456583552
64663588 89337651
855184701 875813134
189293878 233078591
777368809 783044235
395581413 406500365
811987577 821480970
45233765 56009122
660752942 694323165
285340128 293052112
331525534 351492954
680208187 706078555
682943383 707925590
660203365 693201762
479610050 491903921
381886500 391218700
665886425 675623824
477566106 507730571
790198958 795747458
868595483 879781461
117461377 125976990
635545170 654984958
671362033 708852711
867863675 871001822
211878843 245395576
911565920 932295035
130293130 149062521
336261099 371444842
778094911 782833959
431682569 444389739
308038758 331033686
49428077 91689745
224011103 246573100
786246312 799239544
175101195 190955352
570022760 585691405
880347610 910905399
321174965 330944393
265263539 273891845
8392978 38738348
782519767 799784477
837763928 858805210
110016023 111779011
416653044 422330036
880254138 914704539
451336550 486437932
493324643 506117172
694233814 763924811
551802970 594670971
318841860 332290808
38818399 50606394
136861353 159522644
99421188 110628403
149846593 190629494
493644234 527265604
39025295 48856251
52659671 93692295
658519320 688341503
456702298 482578607
264464196 273838455
503709354 535106540
537236091 587673639
390637879 407061126
115992177 133085199
832895427 855877803
430161342 441532784
917672554 935300453
429093575 435360840
127425144 149281498
130996086 169255504
150584358 187492703
222134870 238788916
302872354 309428512
138446681 163877778
432990079 452141395
796276938 810630930
294285439 310276777
178547219 208110103
796608010 810072871
136789312 159907803
857962036 871413628
221626662 244959442
535077910 557838377
730876830 763796456
309014225 330962309
492585376 510611496
305236136 310280445
805661709 810365810
659770217 680553396
45173100 74120671
331458889 334035407
248322367 274434971
864545513 880950446
432750512 442953463
664284267 721082075
452660013 482611258
20154569 38814819
552543613 584375873
453163356 484390188
434344670 447661926
312908151 331931237
894433972 913313125
219915515 246663563
282063126 293696709
797485826 811457861
626569604 657560670
493183795 526138446
332623223 348894877
235974766 273965269
961875977 984432312
97467179 111040506
367622597 371689217
920551656 930095655
970732313 997352964
147086164 180199605
73655427 91519552
126648265 150308928
529531598 562605994
655837952 677696628
968504704 992104067
668307962 720681052
408406306 427175920
408848937 430959474
767811623 781627643
370049178 372039454
446710354 473383945
118873318 132665761
433582226 454435920
684113230 719896801
1753731 7384602
320248009 331621579
416033088 419821029
596059113 640143395
101098407 114828906
101411493 113939812
561538993 595582790
666723425 723890074
309723425 331700659
968700550 990820327
124478111 134066442
418516566 441801716
432038086 436922935
813527264 837519281
368972387 371448693
125990772 133882167
855158175 865033165
119867197 130308120
244568620 274459652
532016442 557278074
418641717 450256150
138636217 144361810
679506631 699719043
633747686 658266821
281637376 293359982
573459873 587983610
495432494 547553815
770583549 780876279
169384865 193916300
652679967 653847605
965046844 981035312
412467727 429035260
100213494 114171193
771865165 784200942
76948740 79066840
785434132 793496871
768453440 783617409
591893552 615062931
647688346 663825974
41443780 57302617
472114220 487234214
755445914 763931168
575176801 602025784
228980644 245063650
950751607 960311718
785352017 802854115
300147119 310931894
284169676 294081290
651738148 663341107
440840499 478545968
110533532 136617643
184292846 206254540
663478535 721611122
786229466 792189435
652511558 672977418
179660744 182539718
842829344 859162975
556672193 599488667
794883046 813631680
311965565 333046541
569920422 608948187
333026200 335994868
416996272 421200869
493490267 502225013
658184701 664869479
292942081 293279567
536328612 572747461
118625613 134621658
848583188 857169439
774263444 783032167
858371936 866478804
593154428 617595118
45117115 71587025
678199491 731818778
374752516 390668147
554344861 570461909
202967635 236367901
314200847 331880154
374129070 391161457
652574188 654381873
456005518 476161842
184304099 203627450
126820755 156223669
677124933 695535501
396756664 404917052
912627980 932617559
874540325 912358225
492744152 512429809
848528123 859486532
41592871 51851461
222209181 233051319
794709005 811965313
670287622 709744190
333332690 350595888
50225423 97935906
307897813 333162513
30296863 37837180
432080148 456917671
255525375 274098406
866341835 899635098
652691101 655826377
303277014 313441982
864418716 874708269
432388459 452088475
34545613 37878644
303836679 312967042
557131094 595389744
895057384 914213346
738694782 764511074
38631455 54556077
812461671 833102078
588219133 614874621
526231897 563134175
451134336 474248020
786571642 792370536
179393590 186750195
426469731 440346249
652495113 685924941
916962161 938420039
45155418 74910013
446780812 474365204
355987296 371885665
104409300 112225947
289659092 294076679
158310155 177677086
672472693 699034156
665433597 719357313
359040236 371813140
33027146 38301593
629491941 663736275
656017866 692059606
579157630 600737160
484431588 503213227
654300515 704514859
45189292 47392421
122593063 128255483
160421063 180247328
125822219 142058630
659718766 680263853
943473968 959232099
869156984 897734677
10622524 39203659
662068620 689617971
45117946 56666643
672751354 702672748
911639556 932653283
807202693 814657232
768583623 781639562
647644241 657617746
537516079 553250410
476327912 492627098
334139607 371272898
557856170 574807724
183084917 210762954
258994502 274325906
799193819 822982018
790289518 798538748
556703966 583889620
41478002 57973467
316573107 331425863
193463705 227541139
487360437 506402146
914636930 931415761
527919300 535080937
437147969 482391651
859536317 877972520
254127096 273785376
392066496 402289836
891787176 910698156
709956784 764377553
815462849 824608277
530998242 535093637
679225685 720149018
548877709 554598012
678992767 739674887
45219459 67715362
756958 9247067
825754843 857782699
432381772 443731114
209413940 246701727
433771350 456856710
4968453 9776119
180771491 202911038
493621326 528063268
222987681 237003330
41583367 52567583
791055227 798616294
492013140 520986402
810163530 832949685
501439980 527343066
447198027 480377843
867370769 899416325
863792493 864037083
791040573 801777687
241186613 274496494
79560674 111841737
960772041 981675965
661862669 665120778
769692791 780814395
556241650 568091984
534823840 560361821
843096104 859977584
810291125 841184315
781646438 801473188
128118853 153777966
971565824 987305453
187427255 231058455
297082068 311959865
434968478 443587178
423806457 445189267
804762671 811551752
112607726 127512701
333682923 352080796
673708332 692484893
127710771 140278915
540006751 574255623
833140066 862230413
105304398 115020810
786753995 796503795
671569603 716284211
529854599 548527731
494193110 513869979
944063977 958311686
789552731 800024970
861213366 880139981
45168636 52226499
359050196 371256378
668718075 692927486
863319028 872318646
3004289 11576706
124004846 129697493
351699671 371815068
573313790 587630159
414587701 430496033
902091376 914504809
102627769 113322789
177113996 213237487
420915170 448283017
359014751 371018669
552593032 576497815
972157517 998939105
357110125 371043796
392657506 403918711
45181839 48294239
138262841 166594943
790637792 800865120
770933092 783367180
219176941 240512961
50161425 92911723
39412290 53121995
21414218 38899675
475001608 499111859
403955412 418666961
372647138 391698761
374631630 391970864
16868001 39010947
969076755 978380011
689941328 763844505
432165565 446317447
491915045 512699561
571210741 621381936
933725627 958409870
5063908 8089392
848782912 862387827
121802092 136482230
249771024 273995997
178447067 209093804
313361008 331304376
327065496 332451639
972553574 986160430
906087364 920870095
652530709 684286978
678420294 716687959
77336882 92665134
745666343 763821491
800243304 822187891
527689922 537868479
5010162 10621047
660165944 665586487
558444215 582073451
303850145 313336671
138338441 170155404
475595291 491969448
137007964 152505339
103426705 114779022
632272374 665446330
557590800 588250677
676134778 698134551
476796960 497217928
857060013 871582190
534640245 576564244
585989200 645994468
532735682 534092435
432660634 455503690
870041221 893811427
839529803 859870171
875551460 918071090
726834858 764014236
433641195 464235359
177234445 209841233
763671543 782320642
179150053 208148068
807566666 812269497
782047569 796380136
