1000
32872415 37743771
250665481 265585654
82871808 86861922
80140621 86568456
231223947 234660778
380616521 381430927
780734730 783979452
113080023 136857079
164141477 172173452
450080767 457209777
736685828 741353674
933051915 943908263
10010155 25080368
423920254 425367946
546985266 553888675
490387739 498783761
900887013 906951009
114246330 138477439
146472200 158014843
381930522 390126420
925066713 938585423
254377828 265988449
653594737 660939569
40473249 45256645
787729551 797078657
1868130 18164048
64156831 78713692
320228975 324783497
706318316 711297232
500155018 514089389
539987521 544499752
49688678 58444821
410594849 413686242
275958649 278163754
14144438 38589444
435345351 441264279
68157338 77244373
657993992 672338844
923835103 932187827
504080120 514478271
57285071 64326205
878389458 882327844
449694212 459643793
878274748 885687277
364264504 372064189
580082397 588505357
586170605 595192101
921099322 928277240
471899085 491678718
384713465 389476721
649121701 651945300
173191682 181695950
376221840 382380249
850861637 858775139
370898354 376118847
701319203 710738887
574661505 582376276
193597378 197864421
269875518 276626952
346290481 351619178
82951541 88669063
318074541 322363167
317254501 325357031
741296701 752080149
680430236 692698595
55071321 59284511
301775802 316774390
586371392 590169923
574878773 582391122
696269238 700860027
464112431 479486276
216983466 226781693
403710033 415320690
39086271 48772238
770815576 782136252
645521028 652708034
459829460 465370163
459504557 466489410
792453378 796492842
228834714 234330375
203381283 216252442
856398561 859710836
684912102 692250811
755815812 761838164
904689630 919244186
553480251 563078853
585779740 598645903
937259509 948594055
853024931 859356568
598507290 611773012
945228608 952135469
824454882 837333418
824189748 836665919
586109805 599977774
944392446 950286250
416252658 424734441
293136366 306155637
385355015 386332574
827453193 839447375
709106703 711639299
293496078 303691531
657520001 662101491
271962 7997324
397344406 414256951
171563191 184060692
30195571 38939048
596170116 609956637
80571368 88191183
543926325 554436266
985788080 999982090
319104718 322359004
575453393 581116493
628085200 632330658
994112174 999995651
449418477 463460887
840095092 851166922
915269132 920345814
447697480 451095528
351092732 361834843
642057195 651324817
606285231 623697955
539929122 543927956
7353604 14035075
595199033 606766413
864985206 880546139
672848337 680566353
83542620 88104757
317664108 322738099
980561205 999985765
582618267 585883847
633093010 636710949
388667089 399523674
897017028 905476872
40707710 45513311
767593224 771698934
80697861 88509782
547043070 551931071
514753237 520290639
187373158 197679005
441823087 449334907
82026507 87925472
136640006 147913304
657248309 662538334
941564432 954646775
316304136 316740097
517403371 523007118
465127647 470245979
513728370 524698557
816097281 823665258
979320830 979904093
275945874 286062743
144098829 146658508
735058482 741620956
585998549 596949847
243459515 252366298
693854559 702729306
360665453 364251785
245751510 255751489
450447101 454052772
624910374 632242237
781687775 785052740
489835105 504833913
807663826 810885030
516031226 520594926
588345368 604287395
900340936 909013250
188231153 196112734
622364750 623744080
687119797 692791844
744637996 750278699
432347101 435089286
295234238 304110510
886203850 893356871
653718266 657753689
827343210 838788447
492124743 503432046
470748680 492459648
679288222 692107462
429329330 435502993
242762932 247023081
886924957 898271220
363978088 375129185
672165506 678400979
712430288 722660595
631276407 641120615
168879043 174335817
253848332 266427612
649793256 652236762
919301030 928922508
565219828 572193890
725546022 732673154
609255002 623691078
658867193 669128939
811354547 821576879
111248259 112664330
772865231 778257368
625952893 632803542
182845289 197907071
40704983 43963119
92065354 98141978
166486586 175164377
856180780 856987444
445464097 452607528
799247011 811419445
364642812 374401317
503775951 513515412
583230497 589024627
406234626 415228260
585989929 595204789
679284152 692969308
478623276 488655769
136407903 146433895
293848428 305464084
492142081 498948203
380253785 381408274
57431744 63597101
241825782 247953009
446699445 449936177
840187361 850382584
94789490 107599412
921283625 926184314
72127 1457338
197536670 203350715
595256389 609274969
402042726 413595070
982774254 999955379
303017092 316753396
182877454 196214360
79099941 86031770
894404879 901818975
381581009 391236192
923752779 924788294
534213223 543970096
642073378 652729474
772838754 781287038
768022199 772004703
474022113 490263012
825293722 829899854
95116151 98554421
450198724 458754403
843676 16568666
772916585 777744990
101138181 110975193
823821328 830939349
438582916 442481839
862085099 870356204
437834685 442452640
44519912 59225970
699775608 710779772
725389958 732660728
651609472 656676617
696523819 700091198
484106131 486611692
723933235 732671237
136382558 147435603
571803190 574011482
424524718 434744968
223509793 232407221
172342973 179258932
518222659 519992862
2065229 3964822
86409250 94555838
654201468 656210848
929866410 944671286
492115936 497779714
737651411 742151844
235538787 241035099
390042553 400083920
762221717 771895379
734411092 740012341
851116297 860270232
624561 4377976
815522377 827867556
944399033 945624711
672365294 679908696
127323646 137197576
605646551 623709829
372508389 383213024
446955174 454087158
877452967 883042298
513377080 519279534
580085891 585571994
843970167 851008336
585493049 602683983
679203816 692857332
275961562 284690692
352014832 365272254
38720161 41145419
263753433 266053352
7649840 28502385
144103293 148429617
834101299 850571724
385674509 396019331
104092746 114283426
239394408 253628500
839269528 851370052
146725529 157971209
148931 1807009
197406823 201262544
518475854 519268255
702001614 711520119
899774724 910601440
313117240 316796636
407579161 414605277
384908479 390461710
275962902 282573383
566293407 573070664
44707582 58420882
45133151 57986455
353848603 364337172
811312770 818192963
3485669 20358828
852123466 859670183
160049063 167064015
853181584 859502240
810886052 819835037
15860654 38144569
585141585 593295915
928539511 939367268
513651417 522858461
387636323 397825643
778013472 785137233
847061864 851012087
776392288 781125226
221621839 223900493
940371620 943709225
639655502 653017637
811183629 820458037
236950106 240496494
419488710 425004645
118915 612264
341749189 346090784
776160592 780122009
552381934 564130879
171629914 183576226
458697519 470711870
882585426 892716149
625015185 633138271
672415281 680988368
385818539 393705507
942180314 944974251
275928 2176312
189483942 197993334
657557681 663866723
809401875 810792448
460386907 464695332
554627895 562975624
127783730 138306279
535414579 544309729
878098064 890066698
763772848 771331945
263462919 265597554
442977197 454336371
177673844 197103983
685653543 692053621
214199426 224846604
352351309 362875465
275961715 280245557
807837214 811333229
958023440 980160666
758100678 760885035
58903116 63473210
94104030 98309962
471016807 492192892
788301189 794004139
40664142 44356002
496769181 514498621
941960830 958906708
330599819 345879048
654833147 656009456
111145442 112388696
865513804 879690739
198887560 201840922
284638177 293511486
457250840 466280416
544078112 552470306
545030452 553652190
530595743 533875766
261162099 265568711
537904356 543680129
896198809 906604620
878820306 889774819
528766636 533180180
460972323 465446270
632695507 635401481
262396 6817959
833410315 850615437
416426613 424281669
111234801 114960085
827069357 829351646
225811338 237313349
820197412 825028562
9830648 20483942
283291543 296206893
579970341 584691471
652037921 659867316
187232893 197116504
744521415 751436967
771791475 777329154
102885415 117810946
921085757 928724264
325798558 332136926
415724004 425622265
281667626 296856165
877265105 886684838
339700331 346083925
111402155 113438320
498551776 514285952
168482384 177545075
571571369 573626259
370059211 374551306
111573147 112085785
262486283 266100861
52767901 57487765
450243490 458586194
348657916 355202451
2543 8248021
449615883 460734546
629853124 631832707
258891725 264883786
275945376 279167618
441443837 455133923
652236067 658260105
332136500 346412040
577798343 581635276
626232822 632620995
324431984 334911816
788689079 796340530
170868162 176886672
495746873 513319365
515865869 523923037
723794556 732667723
385755895 389356444
574387855 579069917
447978333 453473332
861621168 866691857
203350777 213200038
825220316 834577823
183674908 196064660
758827435 762157988
28131183 39323337
923774291 933730774
226297631 231499244
700617595 710706696
921587518 925548973
751625413 760884338
985451494 999961437
923551044 927441925
49345489 58093941
895320261 902833827
737682229 741125183
558660469 562553163
365248410 373361487
153793331 158152322
57757058 66147192
514454962 522892687
656921897 660552333
800175322 810814111
272009616 276686219
324945117 330637838
477500501 493027189
443813808 451706050
712345782 722657596
163883978 176400987
592244175 609746238
207251792 214690495
492810077 495405257
343975142 345540015
607149477 623714284
1669883 18982418
223302362 233544616
655742326 664268215
62521783 78488732
821058350 826805439
228954613 233062431
831963017 850478332
157747576 165826472
919928438 927885353
461100367 471416250
166891674 173019285
6363588 21360911
111366294 120973592
702862734 711551531
58936618 68482114
92211794 95038288
172092080 183564676
204655591 215622377
492650384 498769233
157613865 167504079
167433509 175744975
544094508 553038863
49661145 58507608
820628175 829559415
349800205 350866241
106788839 115593588
265603591 275945209
806498407 811704963
334595099 345419195
698458676 712326463
811439600 821181348
57999253 62376786
857615346 870454811
674008916 677577385
307287572 316761255
214258758 226322662
401997383 414029892
435470660 440297067
518511979 522035793
390546230 403245011
165226803 176109502
765737407 771011058
248277117 265512626
553667367 563132509
867165113 877314897
862023929 869379507
567383675 572976676
859140125 869751604
324973088 335905479
339962109 345537274
910620093 919287058
471748197 488071449
93232751 97156685
233565984 241528045
810967258 816912618
538563526 543738232
596533012 609204567
696200022 698310560
885814569 898763570
295851704 302452206
624999066 631687989
918480451 925607743
943057413 956405626
289644529 293111145
107379854 117216452
450317634 451956496
983655857 999952531
59029010 65336186
916392593 918864826
350493044 353327547
889029960 894932392
658938902 666708158
50401932 57961899
162228041 165195367
654221817 655655596
16950060 38072188
637468966 652473305
294286594 304229849
943035344 950769037
326366659 334085279
534916481 544362311
389506752 398756869
939368441 951538873
585955541 587934981
90525834 97277358
360086724 366245419
582100491 593256165
801875577 811413806
323753991 329073312
735252219 742116728
65665720 78602498
859026990 867456661
745094047 749162611
347356540 353772413
580305152 587664333
774381099 778612338
651540462 660028327
340998171 346038457
463951138 471915049
489396710 496432716
232618171 242145891
1324445 5607744
810914415 811952826
132853652 136268173
268051588 277051316
694892928 701096989
526906674 533136903
52616507 57146429
595389380 607905312
625255187 631365140
551096756 553642636
3522175 14155349
232195883 243605875
522521279 533672172
546866022 551674032
434853689 445458036
885165351 894326214
664074915 682302639
83943670 87063877
914412741 919460113
632695919 635330073
352261499 365247850
933168336 942724012
464804374 477403807
961250817 979910630
788218967 798716958
168432771 170556869
45217522 59058414
564108450 573537123
446245886 452049386
792472998 797226026
231734262 247321668
171280271 177236125
923715253 926693432
846923358 850910820
730650649 732668588
61092478 76761727
576875428 579668855
663945004 679842462
876929162 887828616
943058650 952709300
856317146 859881515
347851987 354945775
625433032 633323719
773310037 782071628
231575339 239266955
881151220 897224359
293957197 303606031
206615547 212083467
345865853 351526944
670798010 680160690
231156902 232031406
867416596 875598612
558001458 564068750
393483074 403305960
166753854 177738739
189440646 197301142
573758665 580538663
168887518 175764042
57614988 60625470
58043123 64826868
59095731 59683826
522458839 533938649
220776835 222899149
304814021 316777884
225463009 234480434
811394620 812018563
940764256 957496967
986559063 999939751
504205964 514715547
517881691 519384916
249716005 265533111
409881413 413392707
295645250 304933581
653382551 661465341
654969953 658837661
385324995 392802920
161987170 164150969
633944683 636025985
919479748 929354785
712612007 722564823
213623100 225294551
625749472 631098521
580059819 585417217
650523372 652680206
860018923 864795866
896412479 910126291
2040223 2857399
728289560 732656920
161194350 163427353
151991591 157729234
786664887 798675474
655669672 667177900
223664793 233484775
547711378 553028778
660902845 677416952
57964625 68192873
791287802 799672090
171449068 181145637
422215796 424321242
879014162 881326096
930587401 950474898
166364914 176737735
996267162 999981373
514278837 523846320
804454838 811395666
164486077 175124515
739123558 742470013
733751767 741711018
811377982 814666377
635316271 652585750
539517700 543352431
633533563 634575753
148097833 157707022
388616988 401278420
921497392 923484519
654284418 658296722
431797607 434423496
885443749 895145340
111521686 113211629
845694579 850764020
729766466 732658160
580747465 586289988
617077006 623513809
689598234 692332161
72720107 76349558
580085450 584345796
688610407 692104344
389232295 400571829
2315264 19412979
762679379 771228200
814205018 824952832
327525180 332320257
974124428 979957885
560865246 563622650
923851543 936992509
258101395 265122776
554743586 564333296
693312506 698637828
26909670 37731810
450377633 451864681
457342501 470493204
990203940 999984632
162800208 163703281
584645876 598036533
293390216 300278081
570195875 572568719
256993384 265376390
457676250 466420687
435376007 443764517
774778183 778853012
780527020 788235271
86973019 97552193
981372877 999962184
32122265 38308957
941113201 957754491
82036080 88033989
147747398 158361434
934535011 939768704
385146558 392977771
653713552 656078880
148070513 157823095
747885995 751524713
517020538 520400702
63932924 77583421
73756077 76161187
905142608 918438616
152510913 157547358
226326936 236268685
786727360 799422671
913180196 918675879
229051593 237235962
382821551 387755633
452236666 471367259
635514119 651144189
91159599 94093410
850529197 857957492
266638014 277220677
233750237 241027081
256987746 266529761
597523967 605315489
862590892 870339340
747571390 748893294
481000709 486731467
785451108 799400121
643147802 653092336
197990602 203842330
919153155 927873159
580039558 593259383
917607635 919612501
765860971 772256866
759519968 760959385
692210276 699787313
317778406 326282067
138905371 146214641
151716525 157658408
822487880 825609381
954733576 980139469
447334112 452137780
748904672 761833758
659221377 661874616
356501496 365602976
936320276 943468636
26243899 39391169
88590123 97413950
825745975 835654393
486860228 503753710
848974930 851464841
415600583 424403384
92002 7644605
539726587 544439703
548884100 552939526
955622821 980153342
450547270 452692611
201328393 216950575
822788806 825032973
455959366 462637490
95601859 104857144
557987166 562144644
288121296 296797879
286786831 296719616
285053109 295962937
458971742 464886008
476715864 492523914
538781091 543542186
989365857 999953668
735387256 742068719
373701106 383610488
225823073 235713629
2260941 11827365
927094287 943097789
111628212 117849006
386678230 395711998
836269330 850663900
652915264 655835491
769902989 771006149
749451287 762285108
750874592 762309184
602991523 623701504
36891491 39209417
823886714 828309452
176045942 197529622
117214896 136535310
449814434 452541068
621408226 623600057
726832559 732659399
67570212 76496784
417313421 424297221
558984718 563881243
137470078 147183032
710737989 722558866
913232256 920296120
753294267 762342001
252376243 265035493
739681820 748410136
851053767 859453140
166902932 170457138
445840406 454297442
99679513 114923545
582776342 592676973
236219393 241923964
767718345 770976377
632887518 639075126
357923643 363637847
791870976 794616707
435782288 442256632
364615758 372214583
224127296 234567320
811214608 819075938
111099543 119854140
450204306 461964066
669062670 682016732
653846321 659870510
94181553 98013029
449437299 454361272
575225644 581925930
77092105 86730625
923912024 933043626
349157613 353240875
294464598 301777060
865960434 880920190
280135035 292663563
83562313 87280763
303494210 316808729
724174991 732670143
817814322 827308015
273826229 276090683
428346001 434780572
238091561 242840053
632498526 635458434
157960729 164971589
158132848 167396638
441070793 450775374
172093777 177147636
192242 4510619
476866488 489220567
166740482 176108367
735736205 739672912
388501604 402096421
743881970 749918189
769899189 772167724
40547180 47294181
694970074 699188753
217576787 226494982
925015810 944366149
729329648 732655871
228976016 235783759
363002986 375714147
40452232 43229769
769557385 772134182
720091316 722673820
638700422 651304670
767750071 771682305
565109524 573786362
410265806 413304900
521575365 534330281
777811188 787026679
111679601 116678894
578771315 579060231
947740181 980149928
94843328 100129965
372334489 383052311
695546768 701731152
715294739 722633414
130766788 136478918
76599809 86367170
710097431 710880568
325340878 328560345
595497194 610784798
695596228 700778167
768913359 771780923
772180631 782045932
627584174 631998443
57608594 61354869
806760400 810594068
168626655 175285831
433094271 434455943
439071364 444533783
784022947 797986038
206243929 208650407
238278770 238840767
686980939 691751531
354444894 366086833
38909354 42791119
766613907 770789210
450658717 460307464
920468576 929587598
382365953 391871121
570983768 572734551
196064742 202333111
294683027 306266318
197361984 202591335
450197019 451746033
696526315 698554444
586648667 599885329
173092192 175468860
940467604 958490674
27028160 39282836
370097384 375517029
58243626 60200351
203195219 209453335
95658893 105504360
695303238 699433626
435297448 443464268
553202397 564050441
73332311 76452176
275969600 279758775
820677459 824726565
588818617 607771039
393319782 399045984
681921523 691628799
817803798 823452822
82299034 88992206
656314788 671304066
628095959 631787096
230872841 237186505
707659123 710569420
22355492 38980888
543802024 553411020
681870407 692532092
462731185 479838849
650118716 651644686
959069976 979828560
801202887 811179721
39516314 47761355
5588395 20658634
295188247 298492170
877324461 881003323
58071691 63170539
939275527 952542454
619916455 623601726
843790818 850320500
480823842 492741786
667749984 679019489
241872157 249534774
591432562 599092963
857016705 868234947
877356612 890638049
465128355 472003432
452475430 467341294
159528937 166367686
472277537 491201957
175990214 196720173
254904628 266613231
729741959 732666893
286171974 292884132
350531795 352056321
57935974 62537113
944015352 969941948
535215953 544289405
162836925 167213441
570351933 572639779
769701050 771022475
781547630 784236941
217864516 226861159
716572899 722664379
692067630 701735080
470541980 489079180
530429430 534037286
91079044 97991181
1936400 10516843
670755901 678791691
745820120 749431872
565547662 573335177
146625868 158066020
474257512 487804193
839072831 850968818
752190577 761587836
213519544 226895916
133572408 137081827
295274333 305367715
