1000
623702600 631817374
244304662 251437659
494855806 496382229
384562527 387617473
734861459 740574647
676188984 677645178
957881316 959730941
587614562 591329448
115127400 118659319
912717835 915367051
608532903 610017831
329680592 332018850
698332539 700925390
712223655 718472743
778886111 780500602
912680251 914927277
441346821 445843431
220495238 228520020
69297769 71733660
73735871 82327134
612179937 616749261
822557762 825428003
657530849 661366664
957916585 960038649
113297207 115861395
387187058 392593761
683784928 687669061
257772224 263027465
157932380 161210087
810214199 815482209
522614713 524565231
406169257 409447643
278695200 286060013
31211234 31986328
65118488 65771001
101454229 103703818
192406614 199730987
638281311 640795357
138064904 140460770
261479893 263507407
852687131 855083591
217455439 223181111
336582454 345251652
449832353 456651414
664397269 666489421
608781435 611056887
496310898 502048598
755350528 761094718
895608769 899889226
508191805 511284982
110490905 114403293
688465438 696331334
707699641 710668550
990296012 995364322
562702156 564286679
330111045 334269454
804552742 810340583
148811583 154185559
19578813 21015731
803942056 810163087
678025840 684533053
777016955 779344647
663030879 666209648
633653410 636648213
820428122 825428555
851063484 853331912
560423885 561595742
452557168 459343421
387187218 392881988
373245202 374388085
443201274 447048314
794058449 797941076
543236563 550337173
567708828 574660526
957449265 959752962
852315261 855739749
676253202 680893570
352331419 353115934
589514527 591054685
417514506 426994171
162614948 168561190
339439321 343540311
859276649 863958148
150133849 154006224
4359379 4916680
650736406 652159682
576783239 580744878
705381828 709971722
592157772 595032137
718650014 722618884
77075348 82944723
239288374 248240354
373518596 376477008
779599464 783909982
488662149 497275821
36694686 43077970
50273056 54241746
308177842 313354789
183434862 186069381
390064556 394699822
760912983 765077386
797189009 802242851
54239888 64545328
714329414 719845792
154314099 157684556
82547911 87843727
564161665 568105832
194807 4889841
10292237 14631994
236657353 238494716
855511580 860962744
48048833 48760622
453617263 460233370
827157644 833360642
948720961 955181950
286192371 293254888
51880681 58524249
546644962 552064760
385772677 387737568
345747725 349636666
263769350 268303961
632368460 636625370
497045501 502443694
43322554 49465350
149610810 154099764
620252483 622485585
168930448 172235667
771544442 775691554
727187802 731091430
727379096 729127361
551342695 553953047
437530770 440359981
1210450 4958539
459161969 462647000
389575333 396768169
186867069 192235649
51827226 59453632
932705549 934914103
211977957 213539898
360946142 365669658
559723339 561840209
760839707 764437331
134233056 138690369
116347628 122933522
4939569 8631988
19269986 21891571
131192826 134197657
982796989 989906817
564019115 570201551
316821256 323346051
710168117 711510546
209783331 213904093
886006559 888743590
266730324 268232258
327693066 327794082
408235494 412880430
83963241 86420145
670695754 671474892
770816086 774972585
470806762 471474419
302626743 307724853
626056096 636426210
809719921 814215372
19565880 22416976
177727361 183889585
881032089 882554152
680265333 681487600
146381030 154015204
966086269 974506630
334258330 345427694
900354145 906680825
233879082 238389493
496068335 502454244
966782398 973619664
682844575 686302516
729552807 736108802
105588671 111678831
508788616 512075171
394198069 398473870
985240038 988677998
28848696 34499777
956711072 959893335
712750202 718884578
258330906 262932959
68604497 71188879
137416967 143681551
411132747 414006366
879081620 880019719
237351792 238356313
925001347 928599416
851121133 853270511
225295557 228672391
196866522 203694066
690493292 693248368
511907040 515960351
423761220 430974454
51473020 57934453
838450855 844784186
307801760 314481448
50681065 53218978
65554599 68893522
219095835 223088699
99480123 104229281
593813399 596668364
917242393 919541401
180296808 183812525
214615524 215527230
704545187 709921209
116055807 120961566
660359107 661227754
136831971 143423921
234171956 238603335
713002610 719067048
134305487 138883205
4369773 4940884
595978441 601070569
18385085 19245515
938157433 939368662
134294748 137486815
679886809 683449371
441715760 447344776
183071134 185287001
291444898 295693148
371625358 376380907
819612244 822557240
19347565 20960040
837509778 843748500
534342748 540461254
350218041 357648249
779040668 780182404
82374110 83051174
306555823 310472816
84050270 91874124
633380779 636712728
412595607 413708024
509494041 512219954
640973263 648879877
902217342 908349350
329820236 334463016
822577855 826836572
387792580 389568882
113195615 116793694
655561819 661209408
393349285 402432661
937050325 938867508
676135375 678492913
332205654 342816854
482507965 486921134
609132760 609639958
183417574 185544335
411631920 413939959
884243129 888142731
100003587 104235196
167569578 173045234
953162319 955192862
136898812 141698378
264756190 268380590
332154805 333782275
667847335 671498060
68120020 70122942
82362961 85379568
277034927 279297991
103243716 103824973
808139279 809557924
216966486 220472374
907670111 914554463
270011107 277000500
207637775 208446827
238520196 240054351
82424257 84940811
879949013 883557382
364373950 371596521
234623456 238438180
112852648 116585211
614991482 616892834
812250385 815599355
644266925 650976135
514879914 515860072
332146467 332937217
627628047 636767221
184480590 186600463
469650507 470869023
895291795 899025887
154786686 158529539
607403306 610060310
970077880 977216114
994697257 995320447
788891292 794064134
534280847 536425183
676124728 678754167
111704194 119246553
412320041 417094127
631469250 636684777
119542590 123315953
896797765 900366270
850667722 855646752
194708016 198760751
840115124 842633711
437825364 440251337
150111218 153240562
137828285 148615675
265144794 268211066
783818053 790834819
718743188 725956877
855489371 859144703
842954163 850388419
142593079 153092445
57057820 64538285
561452146 563386235
109110889 112930925
332303447 332960927
947552516 947641334
138825498 141833273
353829745 361572499
359973116 362517546
102797919 108611603
850242684 852227399
457630828 464228141
381601511 382396998
394427125 396332140
550376216 555677671
46757291 48374416
329705983 336243754
976255732 984015351
354451965 362466154
594315952 595711014
786571802 793984652
532336106 536698841
442754253 447220086
389992535 393323917
19625228 21062309
976497358 981139967
454635743 456954396
652305125 661345213
325706637 328287858
951480828 955213732
813823796 824528046
289871690 294583911
222480293 228588238
794252245 800456321
761149055 761765928
888648412 895084067
231339591 231764326
566014538 575767828
616502437 616671102
328248932 331808684
931452194 934376092
595498583 598956830
100265804 103362910
22485584 29404013
306676407 307213854
891231007 894008845
623467310 629995759
208344340 212548842
866515867 873096202
225000108 227875511
868751912 872483364
485274802 487315045
563837405 564681612
955836941 959716112
683390663 687896999
410419401 414273686
406600745 409221672
607715991 609558982
499462825 502336256
576814284 581268186
458165923 465300349
894601630 897312195
822582915 824566344
195269904 203831288
702085171 704333160
28715479 30693845
568734040 573703623
453296749 459687146
951608790 955194243
778727414 780953548
663693566 666210283
577071676 582054096
915303931 919454372
644130405 649700454
923650312 927489530
386719918 387888190
945872502 948019795
239321915 246985015
562126062 564865714
409803540 414594756
294553150 301428732
134214274 138122267
599955399 602526617
295760500 302631681
86368002 99401053
184358510 187043065
960752705 961648452
843735584 850169999
794298982 795742280
698926473 700416695
941162340 944369374
593895696 596594115
897356922 899749335
804429099 810609977
676149932 680588824
589748585 591176212
723874783 730319957
636983530 639567240
528027191 532332867
65166258 66849936
920901517 923416056
229106987 233763512
285970064 290846098
918896883 924051017
360930697 362218869
599157224 605204881
176002274 177158214
482995772 484989388
447074740 451787398
466530065 471654671
337266824 340290945
874136786 879913094
295646921 301441829
328361628 331502813
959594542 960144040
634925513 636733337
328186651 332882199
852320197 860431822
362791736 371858251
812143459 818254591
929583304 934640553
617661563 622736446
28693752 32297769
51679001 56163968
351026769 353340537
966863112 974576125
410718711 413302222
30748092 35288053
283209624 291449633
16677359 19796956
897418105 899633369
251180018 256888671
683231958 686895423
318612624 323357032
496780616 502141177
289439143 294504325
908201849 914677520
626135582 636748255
940141062 944620821
284868213 292727851
142442604 153549322
408393874 412641011
731302446 735960887
833022415 837389273
923054232 923759344
521072563 521597318
704560838 710695394
736492668 737583331
840236405 842796585
503417712 506688261
959765130 964703421
972139321 979762753
198114808 208480811
70510741 77631484
213109718 217955674
939170912 944405350
306619625 313144816
213745453 215599616
296530825 301647161
650881717 651266623
438105598 443479674
945024616 949938522
29581214 32010041
773271047 775102202
513189335 516616318
961375197 965708234
310408071 317637312
183728630 188160486
611433281 616774505
623569096 631527264
411774411 413592682
134199032 136419104
383281293 386890298
505818561 510757124
762642355 769227857
387800780 390021249
812217494 812546566
578554261 584996498
883455905 888987934
741884653 743789258
809919132 815003180
299977270 300336135
705942658 709863402
335844166 341530971
444210334 449293256
776455434 780118024
933689518 934898707
599175102 606422512
30551492 37526422
192338501 201016211
61776330 64652378
485049912 491392054
952485663 955188135
409239835 412911152
855134565 861880676
675248947 676374499
28919081 29544943
185873196 186919410
4029514 4951514
526994135 532319443
181630513 183659644
44987053 48448782
329913739 332438552
171486293 173233309
779529419 785266809
943777179 944937618
49311121 52641497
391018448 394716271
66532622 74274963
109131748 113452410
194517384 202451571
449913476 451872417
643401257 649357256
393324510 400425286
377695951 382752761
616608943 620517834
533425896 535828058
162587449 167568635
746841091 750628067
783555673 785015634
536298443 544750078
636593394 640751140
338712382 342973820
653710138 661223940
776314974 780819148
636862784 638280988
524640509 532292875
26496664 29411550
390851234 394960425
188325955 198023527
534308207 538523150
458254690 467462806
945462972 947962289
867504340 872357969
966788772 970923336
746425229 753428666
951408667 955216026
192403830 198035317
330021837 335798272
783897837 785890906
790014384 795584881
561525596 566049176
269969980 276286663
222348485 227683015
275434022 279698145
390159454 397972219
810411196 812035730
48378852 53191943
954337078 955202929
606296379 609683852
738692393 745951734
134070469 134255345
269960214 275216730
889540888 894704472
960999678 961226723
718591472 720843728
985863788 988522464
620804953 622735720
102783701 109383412
314484297 323321191
2527819 4897800
690279879 695352524
516479543 521699669
927490730 934485989
104323681 111973754
254153566 258560747
465441226 471836523
179160978 183164952
314275190 323347968
187079396 193508452
278218622 284340842
704553093 710146778
458158508 464417568
966579857 969535610
511504383 517109826
277424851 279950831
859522308 868790943
134292117 137503949
490594683 496500100
896148680 899206380
361255478 363191175
22848333 28523457
213608612 217991659
109678804 112610850
70310747 77628668
800007171 804846196
613139779 616879310
911621677 914839801
289416567 294142434
70362994 74295169
435915355 437486878
600311182 603102635
241032226 243429134
772654376 774931478
753708690 760559300
624055541 627285026
102847916 107982472
642775754 650974652
390389726 395847903
365111347 373112302
569710857 575269512
276402983 277850355
81016571 83835798
526700957 532332290
619800827 623973720
730332519 732971991
336994294 341716677
855402054 864020309
676271481 681451367
171483548 173884788
318937155 323346630
994931285 998252611
686924501 694607888
915132577 918660014
14594139 19787033
566833702 574539591
521903630 525256011
470818987 476399270
198456868 208252413
937451225 939677429
845438994 849609116
219050783 222481981
291852955 295283334
187924573 197619832
70659613 73126127
954712427 955203112
578554068 584660089
945780066 948741999
906071567 914719893
522645345 527041361
695660886 701092047
408136445 411123448
99473619 102522483
134272177 138616516
743130216 747082314
806783373 810638409
676035223 680488670
263015388 268616687
914181854 914637100
679141768 686543666
398127871 407788882
534309529 536276866
494285096 496620698
338896067 344347873
156583964 158242038
153687430 157282118
624504317 625970216
169804976 173615520
437686675 438014169
82473989 88772588
343397534 351807786
31412887 31727505
900825401 905736159
167412163 167881442
490021395 495817967
881532736 883338480
746590966 750791092
51181993 53880908
349766206 352741343
610649456 616209361
985803700 988976080
534246996 541358244
463026380 471654923
156778293 158747906
90509781 99433404
992299922 999043824
82466325 85607356
466921186 471849848
92294570 99422835
528770329 532289412
901319341 905408674
736587380 741184426
137865244 149252330
139313941 145586383
47227634 48823490
676205833 678290723
779616288 783651495
137352713 140113311
581304548 591916517
420412481 423583574
557236785 561438931
185390610 187821344
133441736 134306595
139390017 144683640
708420291 709718140
275415247 279092370
18960305 19684114
650034766 651326866
502441131 504312877
23871736 29210894
188904819 194668939
31282723 38757723
70621168 75520825
541296757 551445308
536407279 546007545
116871006 120835728
137447385 137661200
405894866 409945550
616291648 618293644
7092493 12804688
562477305 565055172
882714886 888137965
3014710 4923984
649121432 656490716
906768166 915063043
822570358 824102767
934907695 939792868
194385386 202129544
67126504 71881421
516863611 521828896
773165979 775497632
794311493 797686354
679279235 685654195
19471397 22832536
825768569 835713441
373916472 375975649
74923650 83228765
930940274 934547255
676178154 678303020
373390691 376804517
534200048 539126850
202805906 208186927
879520383 879807232
921600346 923471359
917412498 920011713
697248662 700727999
2061224 4961651
449719524 450555466
258783511 263186249
351620186 357616641
673790783 676338768
310162317 315961601
124434536 128514176
183621560 188119449
531807801 532307017
83199753 93217626
658229605 661527962
807758306 809739617
425656345 427950918
256948788 263317842
966489797 967640527
828029930 831830371
365160767 371807980
246998082 252526305
820594699 825741398
972037029 975894653
617580600 622410431
621770207 626842478
986174954 988385084
636446813 641303120
620762710 623762105
578942123 580663957
238464101 239738903
608625687 611545957
49191576 51006776
687953164 692321968
327958944 332625317
70389390 74809318
5298557 7011468
283457011 289219739
356129653 361696489
822571465 828219460
733012430 741179212
43611915 49218588
166113248 168237990
329980254 336528092
648909616 655696703
236375994 238746645
49066368 52990149
638340956 643240123
776936982 780628867
19507591 24788882
770298099 775604924
370675884 372308825
115047065 117726949
107269255 113284297
50685841 53552629
810459176 815089300
89192177 99484715
743253406 745811893
690302363 695866444
372729973 375325031
450202637 455095297
238552274 239076062
218464814 222615640
450745395 458823531
336746795 341710907
702501644 704696652
183383591 187113549
397130271 405742253
917469178 920340923
405819915 410754831
387845251 393019567
51914355 57293563
384534955 387928366
251454475 257155203
457433994 462461412
740002275 742939274
892587170 893657620
269440239 269959590
238126436 238562238
19496777 23080666
387819450 389330174
696597776 700483396
838810074 843206683
395261578 398728950
114579773 118147974
783375120 787683178
990614933 997039423
485250357 489329773
794772078 797181891
985237660 989273383
636998562 640889533
475325544 482504173
328247515 329612858
729140411 735335405
533083095 534183353
453477038 459037657
164146125 167888955
718629058 723426436
552391845 555040968
452740484 461348203
779452043 783352149
106398715 113772308
247484929 252927154
859341283 869765244
945315227 948220544
600116057 605188193
275956397 280490922
158044071 163010318
444082233 451693491
186279878 190278885
635672589 636788019
758517545 760747494
482811574 484980953
841667142 842943929
579301722 580789609
488866543 495361704
383982622 387097835
620447568 625810619
680331367 686019733
614895803 615994774
960988225 962987078
710432551 714996009
638437637 645287493
835324495 838446856
29023678 33643806
810376477 812259433
383218654 387042995
575684016 578375804
339018995 340289039
662256494 666357170
493734234 496511333
261478105 263680511
534301850 537135233
351298215 356454494
657270868 660864283
919184673 923983985
264085736 268301923
408686238 409740666
7019329 11762388
301682216 306550251
186088257 186737331
31508217 33673863
425868933 427541590
550714959 556550321
413738836 417338109
552666791 557115133
65605891 67136360
554036568 561488094
136882064 138719170
94393565 99443682
100936384 104082391
673123192 675882299
874640399 879683823
423708586 430505470
810910066 812863310
585975596 591417103
219344834 222984707
905932105 914583752
82391480 84766957
17009723 19151437
372787326 376461901
526327124 532306416
742803199 745518409
5238399 7841585
768702254 771068007
328194960 333328496
768121256 771004261
30158738 38705594
743284982 750493517
625526805 631418839
960701967 963595476
931579521 935175371
19212135 20970336
822573181 826798955
184417147 185841295
578503300 582746737
502323958 506681889
562603848 564963172
838589809 845614441
763009234 769869550
600219156 604147419
182116786 183058241
636733722 640386763
276657217 279445313
746854890 755312257
449787190 455225157
209932114 213908170
250871913 256935270
106158564 112067162
536325200 540554933
882002405 883487737
943332478 945189208
616057595 619046345
374844532 382623993
783662526 789774763
220990123 228687860
984241972 989002526
165007750 167863074
731011034 736311146
84482091 85619005
269404774 271356951
136937651 137993787
514507575 516191052
306599136 311391899
859496719 865009355
319650763 323335858
450099197 452904148
306699669 308621062
247731629 250570016
576979772 577777047
965726870 973765055
956422646 959922492
469495403 470786806
611606604 616664237
776234078 779317806
361155164 367745911
48732579 51187198
796276228 803980050
667010366 671581491
779487409 783258792
484114957 486713497
559268145 561590498
794922880 798095145
411010331 414320144
669576581 671539822
977271714 983002586
834721432 838984140
534247485 539616626
814405834 823400732
976125325 980449902
429545979 437663757
973290010 977646006
116054943 124327929
961336413 969729006
353217456 360927958
761887141 769455432
52247342 56596123
29833224 36154229
599501010 606869197
161348629 169094587
19413986 21734628
61066781 64592868
394002220 399563978
562551055 566814753
730647193 735122571
269964943 278109337
556147297 561569315
291331720 295519538
385860777 387093783
413416318 415110347
559009935 561586584
843594491 849776233
837706952 843453848
760577752 762063936
49091082 52416223
779528588 785676377
467778537 471121273
683453936 688358281
501639411 501989318
117156860 123131959
327103349 327898046
59172581 64575228
721952787 730615617
316954253 323368780
665332801 666630266
224663812 227748820
278773720 282557015
577153223 578650664
901324578 905634572
595719936 600231025
122464446 128628413
651440874 661042113
