1000
120091783 121357389
675855844 679508986
896676605 898111538
236969745 238088237
98973553 100893851
917812714 921680177
367945319 368219405
884851865 885210147
295473072 297838297
279830223 282329764
532391993 535070234
552313017 554014119
362648268 364014646
321465074 323391529
762088397 764549396
967641724 969402171
729650121 732703395
876421399 877746050
681609981 688270918
657181453 659175887
718460198 720509693
647169931 649667937
856216925 861197335
751467696 754728153
432296526 437816348
915768575 918682290
538805600 542697792
71113581 72768213
599368109 599983807
287690451 289232219
967529755 969991458
841503794 842638258
227395573 231212086
384645630 386928273
805203995 808871362
304699137 307597307
390742201 393590433
707818241 713442133
198148944 199687966
431289948 432011225
888475805 890984342
983931387 986046339
419045979 421721740
886892581 888830849
524991193 526824697
584606410 587140958
933773149 939316261
447417403 450027243
213510396 215433720
569869823 572529106
991894655 992067245
672287844 675996365
674884672 677462618
936365642 939537636
58331959 63157780
583231561 587141028
841626626 844157374
457297791 459154013
382450075 384088863
864048602 867935935
847942379 848453189
797965773 799394207
645097621 646226729
499077163 502808210
230902449 234366755
151705637 152281731
110280897 112035282
619287323 621858354
462035212 462802042
615631131 618826954
447647646 448246271
542466289 542760100
202605300 206144771
163612023 164850025
532629539 535034179
536598504 538458122
246853375 250159190
674759036 675692350
637400731 640842712
424965436 428189715
488933066 489510753
260490359 262988174
133999462 136909368
673607291 675156582
899873524 901333484
680802641 681250047
633523658 636977791
379311425 380423891
733571343 735858695
435908548 440009144
164606243 166154577
362040766 362790090
214047038 215741256
540393947 542731997
152068702 155521437
900837003 901526471
161785140 164841842
814604956 818106609
853685660 859262616
660655034 662960623
361621230 362982153
531963280 536133236
769204120 770010160
496521591 497662275
466152471 467654080
274627465 279291201
482393018 484599185
310109148 312983923
903499439 906564058
305151977 307884344
814085320 816520125
516568924 518985946
20057654 22148151
66630145 67735227
476024632 479045376
311388576 314098248
25898938 28046034
909210388 910905433
118240201 122303242
593053989 593934464
13403741 14133176
351086151 354622897
120467476 121800412
858485767 859918206
854231319 859509413
105315091 107533943
31962769 33212486
884320239 885324164
509453065 511640888
307298064 308903954
858031788 859807905
645395263 647542842
848842256 852323726
13254583 14085874
241221384 244418192
285070295 286439781
393057506 396619523
646748781 650683900
358822240 361898411
485103875 490045329
295428605 297425638
540491877 542580301
613438361 615021149
171482995 173917784
705566062 707338862
309870416 313321856
241908678 247502428
951869591 954261579
76465607 82058970
653729269 653866130
426737650 430772135
241356367 242837088
764389267 767663978
305795320 306639866
279914982 281694618
268844787 272169908
205519522 207488678
976396644 979226958
107963768 109450620
740492786 741674987
943282704 943828732
963527207 967521109
383806208 385348057
699887090 701101750
651585112 653808868
536851587 538685045
37810014 42492588
783805658 787069270
895092653 898255956
590202550 593059081
990912556 993522200
155395742 158669433
821224415 824179138
737569154 742544246
687904689 694627618
844086842 847605340
282740652 285188568
722969837 723742600
981072280 983528835
721928908 723782434
518320464 520385991
944972405 948702657
26729195 27090941
627763364 631003274
908190643 911096275
633530071 637366331
375115625 377767735
95357132 97948092
779732505 783878307
952601827 954457862
431432540 432721069
605712367 607255535
482376920 488247189
227474738 230480374
542797399 543851948
463463513 465781781
694371381 698241283
967572365 970545163
5059778 5487222
565445214 567479143
110216066 113325801
729839858 732394648
74778788 75018209
164605461 165328430
38354025 41161184
488357489 489667184
178978312 183052972
632267014 634325892
380690206 383905198
389857285 392750654
34368815 37150365
332977450 336246168
474469666 476175107
577671621 580550213
730584614 732903190
805189640 808869660
140355125 142515689
751604660 753230193
790268461 792007430
704826420 707590020
98988885 100046731
38577206 42863381
231430373 233068036
821348890 824802948
619533965 620925477
307425660 309762169
191553771 194795899
137813254 142498031
668779864 671794189
154726858 155552827
267367865 269761680
803450652 805238456
877407931 878764231
598065673 599908167
142393431 144945577
430780396 431191354
554472308 555446828
545635684 549183201
153653210 155543948
921749673 923707182
419076373 421767815
960488768 964595695
513439631 517228697
471729504 475964258
945907731 948039042
945516499 947349579
294364116 294944564
823212440 827243423
593000679 593882191
914358962 914972716
921861743 923939501
586582683 587215251
350592195 351584215
476812593 478633405
299657491 301484130
970477021 971740263
205839897 207339936
392421481 396794606
86384582 88736111
200787637 202418191
144720684 147745121
705780590 707170557
803600161 805087324
499579213 503326805
695850771 698079277
666294140 669566727
432452809 439172417
242703041 246153793
666150934 668388772
912738716 914192144
817352328 821940434
558283521 561738093
688054118 689964467
287956633 291187771
269377296 271514063
199870107 202200652
497938625 498439344
903470832 905920701
722906183 723653787
919244792 921578292
780667696 782910227
108082759 110188882
736427699 738037132
227907807 228499853
101524168 104607991
134294699 137977608
131174092 135130648
359250623 361425488
877947561 882488894
924974002 932948855
300365174 301116805
396850412 399084299
480040628 483985590
348492401 351376750
570618059 572223071
86912749 88492599
774679056 776943388
466299860 468313970
950889874 951393941
432888522 436012363
804166487 805942496
991516898 993147478
15146723 18630905
67240754 69629827
909552346 910724088
654736282 656923322
671912390 674249512
209474390 211189740
949872311 952177559
295569725 297917510
536943404 538664584
569712984 573987595
587648138 590036716
957735445 960278548
921823898 925521079
172093434 174296654
774478713 775597344
266753238 269045217
676249576 680676871
110356390 113363520
776669839 779164112
88500191 91304695
142504938 145660201
326984646 329398553
677450140 680799800
916232630 918173340
46484467 50092090
146546701 149201593
611878078 615866187
447335196 449121194
575551132 577657692
824484453 830214492
823199945 825323267
397698411 399729564
637254551 640769533
227924660 230563517
74880356 75818411
331343586 334690133
118200237 121700943
476428292 478645832
238632435 241152090
164635542 165099807
259023997 259692638
674657869 678742767
246798633 250417887
37504871 37831430
730985263 733111109
419475775 420598813
130570281 133245274
369040150 371417729
166511940 170895540
303883893 306668677
823294541 824145693
351098235 352930572
1009039 5658047
159247707 160260930
901457379 904346431
904585420 907694638
284218486 288352212
856509341 857771367
566445045 568214742
627711463 630009244
111005670 112351487
323680280 325328547
432957534 433320102
145833967 148726342
27288329 31505019
370482071 371311711
341224777 341663601
209793642 212231277
969454097 973896279
164655275 165740911
330580433 330969356
385351251 389221267
179429748 181821341
957764944 960327310
717647238 719379414
114252646 114695048
309681450 312168063
89227772 91106709
590707617 592931672
34245107 37801125
399547471 403050799
511101859 516132959
627479725 631601193
913465890 914199887
96280362 98096030
949787119 952203350
32081511 33378227
461228972 463382884
565065794 567999506
822897003 825181885
967597411 969711913
554594740 556771016
469341545 472733675
809645194 812007789
372804602 374083018
16143528 17981722
750694897 752158166
7537802 11538056
645654432 647153033
770421564 773759929
903529780 906976359
790999954 793252550
630145177 633522377
436911167 443388642
409278678 412274817
268855695 272333791
793614075 796742336
954685787 957733837
773959286 777023969
219648598 222680132
184954749 188110524
350901562 353880297
153497569 155433044
943244706 944885370
298658689 301253775
447427328 447861194
736354672 738801034
110560872 114031601
464281342 466099467
770450328 773802338
519983722 523694077
681318136 688011173
681785185 685060194
726134948 726976411
527935443 529477179
795204965 796720532
457163982 459229476
848517438 850594728
718055505 718988803
739480945 742619882
730892927 732782301
16065659 18294888
665358137 666555719
69933405 72775442
662966037 666056093
760496730 763898837
8096422 12613988
493702162 495177503
416151212 418867942
246507441 250790777
901415538 903104464
457247332 459718993
468845246 471434688
775646009 778404515
538385006 542654303
342261118 348306164
111479039 112689841
717564178 719676658
339286615 341073942
481319212 483423599
823675778 827238177
53981013 57137371
837035066 840396686
64924079 66412825
32902021 33203560
171694363 174532711
32502515 34752157
269217225 269708572
736279746 737418396
65089599 66625542
420657329 422514711
600474922 602741522
120831200 122845424
130543029 132693232
844154568 847609594
309702735 311342212
811740570 813823629
846861394 847613440
96091502 98386490
383991176 385976297
510943442 514199518
825582681 828439158
707191411 707457146
667853190 671304040
821236437 822778690
682777991 688631421
398662624 399156471
836343227 837160803
640871399 643100345
40522244 44360509
730599854 732555427
219746576 221224627
335276216 339264470
885788398 888329875
595672162 599986339
432097527 434276426
219559481 220394374
655844183 659871876
660478200 662469285
476397339 478876598
615792520 618303910
537188912 539362632
445118616 447092709
614343998 615773317
338915792 339441025
24858633 27429863
54934902 56912068
315950582 322367331
831848867 834139077
193201603 194583756
142427834 143143950
727304010 729345461
22933148 24632547
344527697 346700133
449960137 453793734
882724298 885452601
476555679 478962437
681785898 685647642
182671231 187177924
385025629 386127214
688085888 693328790
2235970 6258381
341212188 344738712
359757973 361107113
570009789 573861296
413450412 414647285
921664612 924259974
202403412 205729343
701800228 704278671
860808294 869575424
132758026 135237199
502911901 507831202
394332125 396344728
491527082 494417365
385399239 388142334
44920582 48644695
295215937 298246614
986296912 990208432
158961124 160676431
644520943 646625665
182817954 186410472
341496137 346311923
383598387 385810684
480706849 482210875
118777928 123200852
382246743 383567151
266005267 269183800
93250584 93901405
431194352 436303314
158936280 160546002
590483103 593471208
113790547 115924435
648221781 649823825
921641749 923590207
221826226 227173346
246928765 248205846
92052790 94072108
847908547 849878450
603223986 606254208
147104127 147982657
476444401 479031704
945443435 947848043
790189026 792269986
77565557 82436163
618344624 621760075
269243321 271767232
330130904 332112238
535450035 538224116
525775319 526749682
21842270 24695749
219527883 223312520
227384535 229177881
770083399 774458881
818899465 822193723
666470466 667633597
757442936 758569826
876030405 878436240
461602305 462325680
184326051 188981164
58332422 63420286
188808327 193344035
193730167 195881007
160469703 164844959
100517964 104685857
339645229 341534937
174005608 177433173
648857171 649618963
468240109 472417377
718087433 720508856
929741292 935056270
368735316 371261822
132291523 133729830
302370474 303542576
319825807 322569992
271830420 273915835
649156245 650173647
940206312 941825354
361365466 363718762
491578077 495162478
698304416 701098319
390111614 392464378
508554211 510826596
550274418 551697732
366304358 368045907
803460946 805542124
966555045 967953795
672011203 674532920
806711676 808813793
736365662 737347739
144096149 148255661
83891825 85169251
674678827 679212184
265855932 268765603
12908135 15724034
600649254 602802602
391832334 393487682
710257505 711879714
174040133 176097248
360795307 361255983
872206585 875264039
281578177 284175533
549550479 551954079
208126138 211706053
444994258 447187553
311476722 312703029
390267411 392110918
256778460 257136342
78439904 81401421
899032218 901481160
287144964 290470202
952054158 954888389
774012316 775671429
450582224 453038038
116236375 120455267
738621942 742434524
280765764 281798698
911450921 914259383
363645563 368119088
967542674 969334865
166273182 170650721
740070026 742550614
57277739 59054166
73102072 75564626
179444892 181842642
148170391 152001087
694207285 698139641
341098451 344861992
535381593 539260803
801909898 803018585
62156 1105436
529135248 531562163
243872403 246369641
537020841 539294173
779019021 783794380
878887118 882501710
84033703 85678998
702259675 704168333
745559988 748914742
306780466 310020748
76474818 81287540
502911098 503179816
114459652 117423512
338370074 339466869
120207450 123643756
939510576 942841580
930544081 933465427
45668684 48978237
981998565 984462159
955047825 958682413
718663373 720070691
124292080 126695910
527754888 528773170
609167244 611576327
258004975 260123945
413472593 414986158
478253129 479133452
937258071 939278295
476455897 477140958
890803488 893256218
73161142 74679255
472451950 476129431
676832426 681152115
384887341 385371803
37557271 37796517
349341942 351758057
353637218 358650533
273516878 274948551
430777492 433707728
215219364 216792784
466048855 468050313
810294184 811960457
888338360 888985884
776084144 778402900
121752893 125608991
307999381 309397234
116718474 117973114
188775823 190981796
412370782 415632449
19393897 22212020
743187842 745666923
204289172 205360480
250584884 253184158
212455685 214611489
106023046 107862289
144427010 148251404
463912176 466356867
134924915 136236837
15628 1871335
586359940 587209642
923306270 926090470
876670226 878119825
98724933 101531347
990426206 993579144
332946243 335073548
423190596 426702770
5574029 6867532
497718565 501208918
945131387 947887169
239386384 241226923
420671644 423697319
138369264 142357929
298657885 301004897
914516170 915660954
692853160 698273329
76855313 81717728
798475970 799533410
254405478 257138145
520237706 523642746
708446857 712175035
164100101 164603903
558105415 561677132
787504597 789401348
851999883 852503435
265812833 268783864
901265870 901342984
654572904 655842654
331987794 334507937
37607957 40294771
549086981 549148547
245352901 247321949
188774294 189656239
683557273 687865190
174021696 176860531
270967116 276120163
295416423 298254898
671591341 673290616
493033414 494484649
262613149 264764562
182145657 183863349
960363016 963083253
155374971 158647455
577685845 578191502
899957872 901427740
326896910 329285808
619127226 620698203
269180808 271630232
115191 960778
983615852 984524616
404192037 405994151
56949231 58257193
819433280 821155857
671643762 676006896
420623625 421392461
877140362 878375246
633526751 637437956
439315656 441926724
712026306 717457503
810913427 813981373
856297335 860701354
708308822 712566853
690447453 697980449
263573270 265207867
683821514 691041236
173936194 176209572
915458002 917609196
380515025 384001525
854088712 856184463
150125215 152062182
867968094 870834298
842754246 847616537
242697595 246261861
426768922 431111826
100586473 103574053
765964998 768220229
574163033 577671114
633522382 635071839
593060461 593612880
923699986 924498633
802545622 802975181
526597029 526657647
774272303 775065972
323651326 324721099
112855608 116739720
663314095 666149884
219802062 220764948
245427842 247352213
344400832 347509293
901887814 902953255
378605284 380371959
849249629 850584014
83754124 85168923
942314186 944760556
167229773 171179635
892555448 893464284
196846397 199738938
261183353 263166581
184583632 189239471
742704586 745514307
22399530 24841267
198386525 199676412
960647672 961511346
472202052 475978084
7399828 12176597
657176253 659098386
751262867 754686519
735880140 737712228
42174950 45973384
811839024 814094014
330206147 332371022
979329448 981787456
217619678 219206665
578404056 583585577
835558337 836888165
18407862 21115119
758079748 758684153
155425172 157973588
205489585 209001475
64278689 66600265
301972517 304356667
886581598 888758032
754795215 758664520
888453107 889701744
482540098 487355081
281581838 284690636
666700073 669762650
914635367 915982876
109618607 112092709
298830891 301534722
362549128 363812260
758633472 759648103
219335554 222163554
663070118 666652030
409267646 412571019
149581059 152030619
898695403 901550772
164687102 167846033
447441126 449922645
847629294 849044507
323557091 325026471
677682626 678781247
666726432 668986261
890731716 894158713
736311425 738706589
615854670 618923293
568946402 570494589
99030836 100335756
815153829 815569935
134250155 137459374
342432725 348590282
681765623 681872867
843803863 847582504
570671513 573629735
73118998 76188631
693439565 698263378
116822875 119745173
749958185 750990707
346465723 351895760
158402286 160560375
270807263 275967192
560565721 561817802
811655679 814142686
592986986 593729162
253197904 257142405
481023888 485097361
110885414 112778413
164632691 167669080
603819614 605501025
57258640 59618177
464611045 466648015
608399044 612284324
630484765 634493594
538957469 542773529
420637331 421763879
904653765 906148579
621107761 623578668
312702502 315643236
341214913 341903407
945368467 947180000
142434182 143882855
947196457 951022819
921813656 923917734
676703750 679384822
880503206 882476979
10313936 12402582
542768891 543569187
563270544 565023463
617422831 618666054
223425883 228270097
888551207 890826945
182640024 185227017
835270623 837515708
341214068 341314892
598187543 599982901
925436951 928997245
454438479 457139045
89181012 91155616
420674738 423708147
311404458 314905099
329968965 331193723
920917097 921859425
578781364 581126561
113168685 115447778
567079487 568213535
128374355 129227368
158526181 159450325
395426191 396632024
986889224 990188295
342422764 347814754
577685536 579963842
260132529 262139288
241343014 241845567
15937675 17594006
540187620 542765776
722244829 723679287
836999486 837512589
217047243 219567269
50482564 52633826
856382650 858057439
57167830 59199146
861784910 866371326
384297067 386908107
661908750 662501527
578350327 582530752
349218936 350355625
505268562 506712021
88677384 91059994
193112719 196202774
470155996 471421798
303829625 307060778
563224339 564749885
461216021 463408729
20347053 21096077
477589964 479450252
130834106 131057854
824313666 828090493
260442809 263217221
27231679 31709757
676239683 679460995
49423482 51872116
774465177 776191410
153569874 155356942
724381239 726429497
621794856 625010884
851781914 854196180
604944500 607596638
412387845 413611114
623622327 627694025
794291757 796779160
599288190 599936362
134325767 136516308
731122675 732503150
768510024 769969203
625618066 627478006
809165678 810913289
56715102 57016960
177150422 178332598
830848876 834535160
407038332 408781243
44660895 44861206
195074670 199620672
953523051 954998491
743326552 744012578
787116990 789544468
147025678 148751058
690747977 698065858
650131579 653938094
280300930 281526940
132794480 135160948
871472165 875879548
37415808 39654743
992435578 995410085
255714121 257137712
152662351 155497813
915140451 919347210
200255985 203027181
589419400 590434028
602930065 604763089
86486756 88450946
768521375 771232205
279310090 282222438
311459432 312270743
246587044 249255724
399945360 403061400
261645139 262325205
983886817 986878383
973996860 975119381
269254849 271250667
881199284 882481587
829074141 834862813
592944890 594303951
780023196 782006435
164607987 165784426
539334308 542619746
568754782 569359252
244519284 246167930
803596627 804660317
577785031 578037330
305607989 307472678
