1000
298081824 305529553
711309706 775840860
109889540 130110433
189882228 229999589
456303857 523396772
565896040 610007719
190448280 226519333
510001340 523591567
535396745 563223302
564309924 600874564
457580364 523131595
30010541 42207408
724363547 764010285
125015668 151365963
8501968 41589760
125716160 139608240
640093121 712453083
5412395 45195740
574159336 617483873
579019340 657817942
125220948 171482571
563456681 576374435
574968994 657299364
709822144 794846346
505453643 523313189
285608635 315727236
279883917 319483203
230057469 283815149
573180448 587145876
48795756 87604891
789500022 902945690
124451283 136240491
419887171 468591299
791619173 899537315
748834567 821914017
326825719 363064846
298064079 325630012
285209649 325938055
344034971 394302370
848949830 884953907
361100817 378754508
537969774 562637349
497174781 521025433
708073440 723560298
282806905 300971016
70097640 94243836
724393960 751983231
703066493 709581429
66486843 88778169
304754785 367052493
146845575 216495987
545394602 611367852
76368548 88631276
527372288 553730393
563047710 585860458
887994764 916755716
99585634 135131707
35268122 41802067
694854666 707988247
483830446 523230846
568554980 579921871
323651124 370674920
527194056 542454772
563061480 584650092
728554510 795402485
537387041 546210627
714934928 754763471
796721394 888769879
698297977 713465498
705507209 728873940
727394641 764686832
819970600 872942251
64494735 90582624
534176394 543551368
815035068 897825641
667580098 708844782
125723590 185612601
361888149 378288603
520816173 523433828
363156201 423888569
761446938 838809091
534547384 555712286
8637753 43721819
51095811 87978937
28457858 45741681
177101213 214111667
125005593 151180103
870797362 945708170
362817735 405026888
914826262 919351276
308606030 343998398
393121697 476047560
552816239 594709953
55458184 94943688
538558334 552349845
853221381 890959858
577738257 623268131
661866760 710002478
887273997 950209134
492439796 521382417
296345532 305304316
126032194 175654167
291930029 325001574
120641501 131399046
434702624 456559615
878168964 930081058
707024626 726691214
441847762 459976020
314782966 364398167
578262719 627038371
298266893 330202645
360097433 416592005
569399418 584495670
94380641 142767188
117776781 128548321
536529012 570574312
785729742 788326923
837834091 900410457
741227884 838181537
762505589 803096899
293027788 299768215
722535709 803858234
706373884 732232917
70417014 90638882
26985929 47416088
759023029 805948622
286238784 302149975
433252932 461812271
79997323 90315952
906595911 924710461
667405114 708042596
891535035 940784492
289686143 328582631
873484974 945080497
352430678 406110983
666605200 704702277
569148491 609305282
902848663 921899800
907585813 929581666
885742747 938247529
705032614 742496678
119478127 140846506
306863807 345108022
64087209 90545251
604669523 712300033
120848326 125302773
302220841 375316802
305170042 363203816
555201967 617396953
303729475 343777369
228412190 280570847
414615912 450303172
620658431 706262762
125809978 176638805
362402188 375194078
740923181 838754443
384876560 457934776
701872628 710572146
654891551 707339050
72149546 89165374
124562581 186952111
359263661 390972213
441826243 469910426
563998473 586217062
238896341 279886143
568124680 603483546
743950398 834852913
660487748 705436912
124460795 187641751
1681994 43788200
872827819 948543699
283781784 331837998
574001504 594312170
740858074 807847815
682374192 711373509
326276894 364799132
220963810 283739795
69577906 93428990
56340974 89476169
904653122 930601104
578481354 626581753
541061901 590741067
889800303 937064473
565068853 583044986
752279565 824691607
528723890 570778794
790310296 892599843
109932502 130976959
124917368 153388554
318146473 354254172
535067542 539849532
23755619 42188113
504790700 521972799
425710373 445227059
125757838 179233836
767070039 845323252
578899991 632417796
459889110 522337172
70029029 92435856
540037735 611392173
475072019 522347874
65362916 87671613
702900286 710393296
784944861 802411051
708022889 722969263
777666120 815764897
79513317 92953262
726505245 781150856
344694133 388464333
478167591 522139118
312460200 359098792
794951773 886286012
365515056 367394536
536065037 543169303
350963658 401681871
68270620 87879331
102583247 134925385
779568479 835487513
398077670 474595513
530969439 540183587
745231744 786707274
712433868 784350958
97498012 128705742
295533335 307720118
235282040 283663198
562173651 578642649
537782509 546278572
719571148 777929452
222257515 284873741
279116451 301482354
725969332 761584013
528973906 564814218
705776933 741341586
199138476 215600003
79984678 91815648
175459720 231841445
912744941 947207771
106975672 134709443
272209917 280994977
48000613 91008062
706701768 730426055
881453827 921898131
741164465 824136162
125475916 126728508
819302390 875602077
706190780 715356422
54097880 88599771
296556809 303666147
578487452 661517118
321013133 355973438
40390586 47387486
619826321 705208210
674988625 706917033
619727685 713909697
526589269 548386182
711326710 776109817
431000410 468255249
563918754 581695256
388268564 447718730
706293063 733303375
557698555 573144568
577455439 656797694
578199509 655453636
728758484 746331521
704910191 740943784
721506414 804025517
521853624 563126149
417536214 468246002
197311318 235288142
333512685 378157193
464812355 522814136
574212106 634536109
708619821 722374782
25599136 43218754
428372421 467585682
294132678 332015961
705552424 711205994
172137099 215567194
125895563 128463842
578019523 598656941
650748198 706972635
63324246 94696728
124589391 155433646
578841380 586194858
399376735 449662612
125876534 158550652
528079983 562441630
142866378 233723165
685831012 713882594
572590591 631933447
330488209 371127762
761888382 838475625
886462892 924214407
682586555 708277473
749432345 834000782
574866288 647092925
434327740 456551834
236184336 282247737
575109606 644631414
548745260 603020380
409769669 447955234
534504233 542555857
735089332 756674651
684250474 708125087
120216676 139095044
134845863 227561126
707165650 724468531
436249262 451836859
862521154 879746514
292471500 302824636
716397978 776127495
355583209 404762428
900720374 952090280
913728490 940867979
594813541 707616482
238913020 284815233
726534723 761554848
125981980 166444110
267279495 282081365
45773946 88298060
491164912 523031240
224372387 284685327
707606421 710038725
124014647 133372669
434281912 448263682
200513081 219658213
534102396 569181937
707411455 723827164
97885781 124361826
346520627 415129140
124762741 175289838
562074372 603010559
6116545 45216305
348068944 420158847
331240117 374817999
181750287 222159853
657392912 705805461
292382250 305510406
707467467 719549749
124870206 168451314
17377747 45053091
292462209 327414848
854472906 902904411
125050144 176473208
528185426 544457595
218220730 281386489
705919542 753413346
33366910 44701237
255158098 280614656
48361217 93407178
231204632 283259333
535483750 566626991
282296750 311266378
634940196 709038368
715389903 749510901
349469068 422056799
38848945 45443667
344244625 390941944
574258543 662692395
235786184 278949279
716683450 777357268
707362395 721616583
524301981 568844643
372409007 445982769
312044075 374361069
60970514 93122662
790457604 875976529
256425386 281064857
66350033 91195494
63264239 87858730
85203478 87882302
579575001 624121810
747603352 819070041
825155915 872119439
576249486 652925746
760926448 818795773
766398122 817863628
477216173 521514672
740149055 803229220
3012577 44765706
727852860 768995906
279684750 312341684
288687897 316030046
890087866 936132687
274786637 279014879
49549793 91886067
371765432 455892442
100876053 125897755
765682047 789397732
293284672 321371116
308935524 355731769
772525693 801895394
128271417 220926500
889353520 925327278
752700362 839053085
542277683 609658809
584754334 711188389
707587250 742999798
576346957 655389142
124870819 179489524
9132744 44541647
292344639 302034902
579801206 644669843
709884856 787273781
579059030 603258030
8971737 43446065
85061205 90036247
523633792 558357832
348149963 424016395
789786988 870221418
340811147 348916184
125195260 175706661
533741308 552655983
635913529 710309261
198113725 229171947
304034029 356074821
355099110 380408022
162017971 221727638
33035121 46597197
571942837 622318997
525190416 563822707
222488390 283202540
718086189 800865717
247809757 284643490
339979086 375913232
706154885 745490475
574711501 633600730
890380313 927772430
224891110 281670237
857513898 877131942
523057741 564345770
809995245 893618929
301587468 377223612
284218673 312357988
785587299 847496598
346603407 422992441
422173077 475319971
550130909 606494160
577856495 658872860
364568063 393075563
521494532 562716400
298722598 329072569
427890126 470419657
7119648 46828534
710105392 764098349
317368075 357695575
816795269 883890254
744861648 822402470
275275969 281877617
882839384 921103342
96452292 141886545
249478475 284778661
347146455 408927910
778452807 799052909
382498081 451447018
80398305 91280335
576774589 648268221
571773123 628302999
3858189 46539520
899142520 945055176
295741710 326888371
284485845 319361332
225688039 278605522
547104768 603944679
49976753 89226380
268128200 282913093
724263316 803711585
790158597 869017595
362403389 384271542
346935889 383291490
294191296 309725567
221120070 279887299
15602983 44573173
477890399 522526236
597752351 708603816
10995350 43879248
425780206 461331589
124960184 138718776
305888439 358437173
729860759 741387566
578866539 648351740
296306704 321427873
576001265 650119231
524743061 563457870
573816719 624969506
818688 41726149
386071734 450652538
299859128 345743833
12968450 41943559
840898968 873010183
712296760 740839083
896609756 942294242
165309982 233893230
888179379 946188063
820922959 897310382
892419251 941588129
292339991 324945802
820380174 881145609
835018984 900420557
97942555 132952474
124753877 169338511
124487939 166569847
218657268 282408097
576119855 642257432
523065109 558836913
188114936 222271769
705451291 750802192
134705241 222282061
272993479 285516641
320001272 379891324
164649070 216100445
571726426 655494620
52170572 92521978
219879152 282229398
869458626 949628443
401975535 449745535
76639956 94199406
365431531 409406878
398703519 456809567
736824081 776777334
661638105 712361625
83799512 94587700
125998953 131492294
676383943 711940699
304142188 349910096
124567492 149783748
95299846 136518420
833130188 889641051
765503798 829266831
579128374 622275505
100233959 126953432
91099562 137594096
702617565 710207234
123459731 134217277
707212141 753021650
380203172 450379222
33000058 42786844
360820656 371747614
310433780 367729851
244683852 284077209
290802827 305333637
521742033 566522730
107324301 126355689
817322209 900702927
574821545 581607334
549900867 593997225
551692699 612083874
542569701 613990689
914419076 922432846
706086278 736969622
620526754 714014514
579310231 646318418
565365026 602408806
655756450 713045646
721129341 782594853
388396039 450228685
286235219 305475238
783423552 809427025
766607294 853299190
776823231 838970274
721316730 797711635
94076597 131632079
737228491 761767722
125831283 129308670
348043691 406533374
129342316 235071900
521504147 560491631
295668179 313518951
3576776 46139627
340307452 364590143
564583218 587568064
162881873 231184122
635175213 706482631
529041506 563138408
716664363 769403171
328173228 358750875
125079648 136424275
844163939 893760491
688496832 706075805
566858457 612973294
241683228 284172462
58935611 87893928
36111704 44852680
729726273 803637801
775379330 796693418
437532545 472786358
16483896 47473723
311694058 360528190
727494178 801055126
542460508 618093670
729767664 749219732
546981837 601955531
611253752 713388145
606323146 714000768
99704126 126270931
660911609 705237058
846013855 878333579
91264429 128149022
90187446 141411855
707913955 754930799
124981341 158639724
230910779 281686204
491492339 523119553
333351252 369509816
705670475 760405283
275497183 283364729
578430944 633384510
304192503 363795378
572122952 665981702
716658561 801840131
361118115 419732221
121862681 134943072
119203778 132759875
51592106 95193570
904498228 919595951
566981779 582102611
836411609 886965392
258231634 279690640
339077540 366954456
291206167 331256006
524528943 561900492
261787216 281618894
887614251 940382017
263207882 278898986
219592011 279500854
731056530 792309819
797946390 877885760
93376727 142396212
537681764 566745171
824809173 876604801
725390031 802881830
469014501 523477974
573544515 654698131
707649368 757226643
574002619 600405718
835429401 897466491
136469592 229659678
126121413 151081476
276411438 280556088
575848767 611099823
309874831 374243012
570450433 574321638
354442227 426041139
252767519 281722737
894136579 932994371
69722723 91621969
11726516 43790482
282297768 305379725
95498107 135435357
297305857 331968385
752338532 816370798
136766895 219907790
285121360 331625102
908484745 916268053
725509044 805645468
86967684 88219302
547569453 618147069
73479816 93371138
94409058 134912667
125739417 184072136
578153757 586952377
742406649 824848321
913201285 927443558
748093263 851290125
735959411 795466552
139394783 214288518
125331527 188368602
73729348 88466716
420832418 474338972
311967388 380455098
733417642 808919650
611948697 708854382
291493013 322258812
114599766 127311507
126050565 128816481
315601053 361689221
26313449 43358126
355581467 372698887
705681971 713869972
296680100 328809313
50739230 89493847
747693184 789504577
181495719 210345513
46335629 94954408
460506439 523186320
774052975 831460515
753638211 787812431
348350994 395456946
29229403 42247557
726196450 740147673
47674911 88763211
567411321 601108853
458044302 521364284
121148769 133151169
881148089 930257678
165689097 226722781
236979478 280904412
512980231 523068086
217248890 280522591
734299416 773564163
726007000 780128106
879280268 916091289
380242154 466705559
512690873 521733586
125319382 163847536
438591418 470591168
104850102 139717172
147729436 213561719
577725613 656474356
53305819 87714504
587211909 714231916
104495899 130451200
719524453 768186041
101105196 125948956
349609267 424404799
707969800 758900871
36187609 41804033
347971805 372671069
756590746 841410615
354987652 388192663
865640179 902408574
154562298 218319112
224251653 278946328
162949788 234592111
705337120 721166773
872195104 924046643
565163330 571537376
704732485 725074245
763880265 803268435
795781342 879660709
126048306 183792118
729989451 780569128
66536280 95197840
222511238 279007429
482049405 521977414
294264058 322902974
283261797 304781408
284662716 305267727
289312265 328367626
705955493 730260291
522734631 545241134
571706629 660292790
578787990 659740465
355847553 366744870
51121182 93168237
543237294 596272104
24971829 41834971
429980354 455484558
266516459 284302694
413809526 448490788
740783111 832373791
750020274 819913412
594025769 713402666
363857087 390730919
575351782 607162053
117738493 134662718
575276973 636307126
2658051 43829108
910171421 941183330
23140545 43844133
286321840 303519721
909956200 950392834
719643606 751049067
460599732 521454466
876500530 942748263
757684746 790736674
260276004 285006783
308259152 349545517
279539450 300204890
896166995 936407646
173144000 235788506
281884393 331495204
706591079 718232140
78209632 89741711
553548750 577700601
97570753 135608189
39129280 43727349
574640113 616715839
79706189 94649416
842991712 870481035
706764326 748062055
745212562 819139867
707984047 729207985
530681049 550177465
61834255 90236508
741918899 807052750
689002064 709519759
43235253 88900548
911109032 923482003
573461110 601783619
572332259 630829788
10239794 41749874
105927689 130916737
285238249 304467844
283938476 322331823
525183629 550789516
14525156 46441571
658770826 713931212
527019308 564179928
351275494 385396091
725839460 794185921
22671314 46564433
524755831 555786956
886472765 951500971
545093640 575345357
74812133 90445207
892723732 946877200
618255950 708907846
125830227 157655444
705812750 732984656
4927820 44958463
875200379 925236438
628029457 713518584
578991696 619849609
722262206 758267812
764520632 814167073
431828783 454324231
568084951 593205033
286943019 305351699
534502530 567554796
705026715 747477517
876992231 919599170
296566076 318040877
889440870 951488514
534625678 548720122
307218715 368220532
897866380 923699408
428235796 448298562
706559553 736461462
579728198 604542253
706123377 715779607
63105532 91091277
223524158 284992731
125148735 177148132
725731923 808783965
714793347 772132986
357323282 401940519
579112521 603677361
578291304 583190490
40529447 46208036
730709174 739977896
558769647 589446973
532894997 553944530
281006219 317334103
284047032 307057225
787741448 882178865
61275653 88036181
643928037 705981989
284560737 331328381
120548775 128862234
126109770 184971838
122324457 132377546
576090636 625601838
701820918 708592852
869332809 942103143
836514207 881609796
56428730 93864862
55772290 91097936
526487427 558467810
239920371 284653859
432009355 451989392
284794499 307438319
126121571 126327566
570141807 599374653
890318923 943887356
706109200 717781743
64800437 92026606
62886316 89780271
851767743 885709939
528450351 548465649
223538523 284566529
559050617 575508785
97916031 140767154
125846376 143979300
244650921 283721722
528940448 563640907
531456262 569944676
886490708 936266602
544984468 571761054
84803610 89662334
532987740 562230765
860955760 880769873
311332944 363771418
567074062 582780241
281038925 333328134
705196699 723268212
295849520 321020399
279238478 327705979
598936214 714144784
344935992 416376857
62627129 93222883
393971283 454620869
3702535 46097724
578517393 613846655
336617594 359865227
32867144 46200866
574321966 584538922
513068654 521011317
580175522 633718873
707720283 746464589
324541110 367752611
313384275 369214120
574411552 600342153
713279188 742342879
914833516 929042640
556169924 611911528
386070239 473551390
904141519 920247241
64084937 94501091
124445328 165484883
121703998 138841864
260209356 281358633
369999362 462042072
540162389 572765286
729298067 743298010
829044921 883929210
732546021 755483064
712271558 785551639
183304926 209322027
308939997 361211874
53677288 88813660
157808729 216476883
755811411 805159381
417689896 448095406
186061678 215431003
572470082 628486634
324450091 343802236
706757450 755405062
125642062 163284245
480602193 523412068
341426726 357935852
611565970 706172394
36704338 43250638
715998226 798961638
66227584 89301737
241357286 283613421
36153518 43911121
116508128 134717049
278914224 326919602
149445295 232588023
778602273 816029377
708327173 723182902
6374263 41802766
21886415 43050652
93290307 132706246
491207308 522996283
230036000 280851514
52598978 93462000
705818755 729882182
543644705 578164395
13461231 47190443
744109876 842591005
472017126 523597015
510653750 522006784
535939598 568711459
149813885 216446098
320426671 368247260
328172016 347115511
285088459 331291833
705244210 709718295
526106152 558028622
41063056 41791223
48158253 90804590
46617888 92506852
486439033 522628450
349222402 385280607
802538216 892972208
479362437 522296403
137961705 225946162
576027568 663069939
24934483 42524289
579853002 646969274
657362266 711966187
901095005 937724988
529635664 545859284
416172410 456060251
355811673 418151004
501087952 523439542
125408627 147768259
111511060 135045083
471300264 522589232
125412752 184533154
494295999 522724762
37220295 44915372
358312471 377378912
98096121 142428536
596489457 713840040
554613343 615580020
30186495 42596742
364715008 393083293
579175792 593504764
796917354 892017431
644467439 713585576
171845600 217284471
706853808 758323580
570307606 604246832
754832510 852231598
125620344 180789282
524279297 546075812
285487812 305825860
