100
374769448 466184012
383118959 550198557
334947026 440946726
309756213 446118098
206097080 290445996
536754544 822961871
730571635 776335970
585973709 962673235
391143319 459707948
303027457 391755253
401212992 592660520
432623812 465214715
492574 165271627
420305325 550055778
263092014 371778633
395777463 649439979
174656484 287812731
18620575 165134447
476875678 881211158
217293182 279649141
187363431 303448988
23341182 164716055
402053668 524872668
248524956 329599522
108668929 162925748
162908009 306913652
330733811 473162101
405819286 536992632
316956686 411979844
280932502 455118761
171977499 331489746
217894789 280385333
179515827 283861229
185347043 296274542
428718306 656561114
312853680 402057230
300313668 374071118
108672885 157802834
361920701 418709250
438569225 607797061
660206745 981721161
233884894 289757862
357072187 477947095
52919864 164809331
583041138 943078188
237385071 307154293
398789019 652634237
362834742 380723774
425651134 486381004
150763353 164970165
412760666 481563072
170951166 286018910
245411209 304877309
212411401 332374048
22706115 159486800
220241200 311394651
363073107 441661800
18811258 158175796
179907454 327122368
98760269 158515494
79922143 159640633
561754099 900202369
362898199 493558537
21547762 160818706
41149915 160028569
434060364 496037438
394237182 499933380
308253525 453072291
411250308 474414504
243104636 317865191
91770412 160047522
167619094 261918351
48754616 164832691
80523057 161124868
231715646 280030212
80571498 157901874
333912561 459003529
345965330 396913254
220659395 295293601
287910702 426704427
274111773 433316812
3311560 158222554
436954014 507810267
376294910 496092557
345353196 422477929
29722749 166119609
451398330 584530312
638656686 915323220
110946231 165954873
137958380 158293163
405983528 632541403
103303548 161899898
480086285 804181615
141558123 166470286
80752762 162365110
376949131 633703920
53048989 159079059
161286053 310867455
93071268 162745922
203836833 288489362
