1000
646951378 704484743
594918082 676231600
660033686 702922137
104962873 241334935
25056467 89655068
664262986 771524030
377725402 426190597
84589304 247582805
246294449 447277575
620962406 680962756
661859079 788515464
661265594 733429199
724058644 788585857
308536564 419117701
141563721 454465988
667165131 903316463
82306210 242188634
454411148 531903419
155330746 422994809
634104395 660848296
489363901 615995950
496858101 603465291
104972248 161729962
638747390 677124883
663703444 772159679
513124772 607735795
769691540 788805158
107247453 283189426
605557950 672406023
478804069 516460580
492578609 621598958
657633524 807687317
662912005 691872386
83451932 117166416
162117009 453092204
35769392 87526688
352186498 450882207
280884605 436635783
492528924 621183734
607463829 683755807
598482160 683259032
449470987 518226166
62059397 108763395
590974971 607304483
118990768 122627780
397878680 421514791
111713786 263913191
96576220 191158396
683888200 799210578
355392980 435207956
622567147 698997447
21435050 80572569
678482949 849319429
63190436 111473560
659162064 712531366
5947527 85584298
586472841 607530943
499586402 635418723
50367123 149935049
119690425 259684250
106844431 228774765
1494214 84543882
777568164 870820600
396832084 416867657
110667144 337063907
390541661 448407344
644126592 668034193
100630664 249524599
759357045 836950938
111751762 154094796
216174861 431258063
119279569 224141960
643894319 659255131
602316169 705524560
379384299 433315050
97128612 195290972
421001758 497720599
90710330 195470799
657780840 776360744
653348526 716269729
612810290 658289233
528447591 630847817
519323861 603387498
29505677 73265938
57235080 167326428
109733419 232902435
91334134 170944486
497292394 593630341
10151377 62945495
113495084 124751961
604629373 726267614
630746605 716501896
661670514 784091465
682318264 822503902
11021334 83723338
506736401 620587308
466862512 498917855
381887809 444955689
20519530 78069935
773458867 800038999
634936789 708282078
436946686 514271079
745957405 819559798
366919075 450228242
17064538 53339154
739455756 789086115
496203725 624233525
747763291 821004424
11414163 62192258
77653284 162916974
40384682 90264733
1938763 86261144
595347331 695563626
758896463 824773626
2156629 80484069
212921159 415790960
718556322 809445585
435080726 516588973
50061709 92229051
478065351 505940960
426062832 505523122
556330290 609405651
435500281 530349115
597062708 688068103
508919021 593271191
84487306 241835393
68434669 123406350
83094211 236301736
147658776 447709295
632971439 682390612
439427301 537411093
158097294 446117403
97573278 172123103
475781401 516351256
398512769 452070840
24698373 89375284
290783818 425018943
114678144 318155688
133266150 427686794
631357675 686454637
86365103 189453384
539556326 609023231
513577405 608927763
92765003 174948981
419511234 529242749
120029932 314940595
568696272 629338708
745362177 882005156
562081518 603860334
698061862 873949388
140032590 439650557
563646510 620720148
55940220 172403114
108784428 137860101
470734812 490488837
455731814 507951272
78207036 81005883
59923504 118656949
522882439 617122091
86459273 169215757
13154469 81441219
596540592 697821069
314393228 431832776
638110348 667634104
95332556 255433671
703249935 899094242
477586818 535625418
662860717 739661442
60620826 129317676
15617828 79142178
136982322 443463128
650495185 714743384
20006886 64332239
82878667 149783539
657862318 712656446
93659839 186163694
83992619 156127483
470388589 490124693
659026008 750705507
63045764 106305126
119598787 201634072
69701457 146593199
771127070 884724501
67864147 151008940
679960689 793103014
567805807 611512912
620311529 683368852
24644506 62860695
609022235 685232574
734193741 806475198
18541825 57976919
469881641 531710916
478080896 533576121
780527252 823016812
468132982 517129868
55312126 85632559
108722132 320786625
510013213 626447690
98643575 136244615
111899549 213916709
491166687 610452194
723698377 845167552
87698346 255514556
777037572 899544808
165354323 426093826
104588434 357518546
661133221 672944453
749908950 809630252
668951113 793375319
65020640 112207328
117636830 233653467
364692230 429223375
117383129 331691927
703977847 854830874
113237437 143904976
658912498 757991278
107050844 207686348
98584293 169138779
661844456 816751128
475883796 511419381
658829802 702609834
97586579 119155945
422081869 493061803
144249 49987297
102569469 136026992
503216301 609763046
461921845 505953411
501077488 614802613
659115887 799520835
657514064 690774436
539751931 633457222
7276834 72289587
609275742 709982511
514604343 599378615
655296879 683799107
783201715 815511835
309330334 439883736
628214498 687348686
434566109 527156335
465411229 529806155
737750924 857612226
651535380 690407446
79822683 121847429
434602346 512824541
693543385 873696043
658813411 790264895
110332269 140319860
595173749 692071486
663654249 760598276
51671519 129175423
780465049 824790035
762767205 819886773
82170471 137108949
660869971 739743570
114502003 363245370
30246441 80840748
389105674 432725345
94795274 108412803
742582374 794051882
663375737 775960029
614499242 691544321
324567561 435687362
490535470 600744135
82438083 222103166
437919723 536763038
427932258 501333474
733463191 863070434
368491321 451961525
64341320 121450588
657694380 683366678
225843257 441891465
98123925 270944234
54362306 154463322
117647199 133399267
100383313 143901555
573584694 629354903
463245526 527896823
395779146 438778349
840411 64728524
502247046 628940659
107919387 155987155
115660556 360879090
109869903 211885559
657410740 730076969
48273842 64417467
446084452 534195336
212938919 424765812
677120831 862061797
645098662 657165805
119532339 205260869
91467774 207286282
540082403 613697785
116507669 279007761
64086412 157777416
481472787 511124197
40177758 80195763
635433585 697170021
39292057 77433614
642305736 657627058
52004071 87786043
88466799 231080781
239455369 451019928
403307753 438753351
78985347 114165262
111260065 161803472
98709130 216027663
450067625 539390640
206485243 431062140
437434195 507954724
577359244 630062669
19077508 79202377
663663254 667166214
94817321 270822738
589953618 598619784
111266312 136294857
467136405 512124006
35593087 81622442
512736987 616725631
100492728 104441432
519430634 616431636
763987847 902158314
73360961 181017001
37981539 81948293
99886100 222553063
61418796 82854386
787604719 822358664
660685998 688037132
57176203 168411882
303019774 426647353
451187069 513205529
352214428 420244633
90461252 242806259
596107093 690140869
594542944 699327473
79168182 124762108
113512769 345222863
541948157 592526451
463837844 525277591
118418653 207088417
61356435 83278869
662178884 723374209
430967976 508868392
759083487 801585492
699890212 874616827
386453083 441414215
113849226 168135499
115382216 203867878
223650392 444433058
488272484 606693551
84305109 182594636
159680360 453783289
491494264 630830786
4151947 73978156
502464119 625864137
469341267 500932522
54387524 110053814
67402884 136718255
95528394 180325602
57396395 102150031
90123885 254165688
98739968 172440814
13189290 72644926
13659427 85776720
600817673 719194949
430435980 519085019
83570567 229134677
301953273 427665211
621981558 711843053
660195686 758662263
475926815 539910126
627984832 701355737
525484940 608245582
109311646 188219553
154709958 450766089
675398576 890731156
106057941 341883344
85754292 166220026
32946461 71793940
68688931 123140795
661199275 750832324
255689884 421611122
8232322 81564875
3307783 58573247
772387076 867809158
68628446 148142922
696440336 817318086
114758412 301203155
61389340 89977914
18090108 89729460
117991147 176826411
607993504 706099343
111875933 169934743
659955185 800063096
233401488 448853830
660215247 804972002
629186269 683476487
23889151 79605712
676003325 837227901
110120450 189954215
36048728 58862290
662194608 777535414
5466036 57368257
476435771 523594786
250006927 416885442
427148448 529335816
768790147 823579030
424135412 505191814
55315140 155875595
547321766 595665662
117966606 205109414
554200271 598901025
95409405 267713020
704864060 842788328
678020513 827021725
759452969 906162667
744505584 883416450
201763462 442974818
460919030 504433088
658273484 675924789
77533185 143549823
173977747 434848749
658705400 733719598
5646778 83494687
781204450 820464849
618116166 686946164
220254695 425444603
708131244 847936453
36415286 80182423
103233369 113548416
116138647 269446566
599326318 717701601
462802567 495920628
582966317 631522801
19566386 55971637
437203332 516734793
48351678 83410948
694235673 817052080
55213209 142541914
44653843 66458085
373415397 443389770
661170042 751642651
619282177 665867814
114222373 347310698
81977216 196624241
59406435 101367181
595898874 707030055
290234400 427101398
51338426 109700667
660147454 757019949
662135510 700511212
90436752 168397533
88241 77614625
91868826 135229121
115062870 316184606
26504747 58182345
659365496 688254928
124487659 437527886
156492719 426330213
294149298 416390534
661592538 798072151
658297652 754326782
21535285 69865477
85883723 177449360
84158581 153428317
111063424 294382515
617388261 704260172
96915502 135643979
660635093 817463893
277655164 428022931
165085365 429416071
732271378 851700136
72336406 163497941
597463677 658330842
663758614 767168272
558051663 604343873
658022862 717127897
717261945 842322077
60779197 100432387
704893061 789371327
121928685 454277267
670569017 887554895
600577471 705258330
130678353 445731809
661994145 693390377
689188926 876845201
611260011 717064559
118043568 297657109
87346716 225840814
780914602 826469359
584420317 624026311
94960806 139678422
432896108 520059750
279213476 419346753
53282315 149271267
184732992 451915707
66294995 150499560
457358338 526099485
173955639 440710823
693983308 818154099
662614070 769954773
628138501 704763200
736948397 818079517
660064493 785042349
673457630 788989797
108934234 156325226
102842740 269656142
82182301 192028138
50920196 94450873
543464977 616565087
658661908 796606698
767164092 847691560
43457893 51573648
83608129 234691590
409178889 446010121
588530642 595300115
100875268 110965205
114809507 321328330
419610177 529567431
455356003 502424089
643527449 704742660
41089746 82360786
710184735 869333665
119248010 215176024
618705943 673477220
71648487 81410033
69377848 118112982
99499449 237413400
30829186 60630499
759763171 865042202
116853916 237735992
1540042 66906848
340204502 441911155
429778716 526913198
120039814 249589336
663179425 746240876
361542465 428839124
669535055 841223288
662763493 810091968
764045358 826930542
685261419 902983385
707774712 806245260
647176226 658673197
642866918 672674661
429537939 506029523
621697331 723781247
581867345 609890224
79479988 134399875
97443654 113317818
56578974 102866702
663743639 765334667
579406620 612302577
117669182 142346750
79202522 176504839
419162599 539784417
643176476 658225231
194237276 430314336
119354725 213097988
576412674 603154349
536498831 625373449
582101429 625361180
573826789 610783869
96202091 253092276
744954178 867683568
171898080 439097668
632102584 679688596
664190071 793154526
557001077 601017766
324670183 440730262
704472815 847563076
466833670 513144677
96439341 223565017
300245105 442574443
625461659 721046858
520302769 605231531
17438761 70302116
94338486 219869569
263711937 452771414
52710021 163255728
633818379 679169733
73279894 173418240
100798845 124371452
427911069 498410910
119457761 142434019
142061762 415415354
55224409 156779031
38558956 59162572
4606122 82157347
710602282 871096526
600326369 661074252
106430071 155664542
101666832 245980059
465494385 491035826
689130591 885119110
82528739 237044191
93984309 259524688
578252268 610622796
588385485 602373478
663575587 710702103
101223766 160430736
23647589 59334149
114984779 124070921
81275802 210717521
629594834 703994418
658344516 736135326
239742004 419199275
643171521 663894985
663886297 686557325
94588314 267012876
695859700 837455759
754463166 856638352
659895621 805853676
22257680 72709856
81746032 260308551
109604905 336839967
9201053 59880150
116446742 336188475
663606457 809232856
99809544 210466077
111673233 315094761
71258071 149148692
97158457 141681914
601236115 704513902
87850034 208695127
658056984 689594322
654564741 720010845
55137126 92266553
16625519 64651598
498484582 595452139
39547981 73247813
661318186 788743357
82896412 154694036
297465696 448436916
86479214 148338557
577421460 602919922
178329601 430738523
659314050 685558341
100571532 141641695
107745628 219659437
82025620 121118497
772159818 847976258
82892052 125179368
659721019 781150869
112109907 162819210
99240873 266644643
568559551 632140187
604313596 699554384
114561704 331717145
719412942 873572505
674654884 871803819
688795584 824028658
507241488 606448256
659664330 686927068
464635211 523787553
23873406 69648601
431407018 540904670
677259672 800906281
60823798 168065696
65324849 156721392
783780416 793777509
657359466 666017541
93985980 251205915
59905213 92376823
502879062 629061470
112872068 317065181
98771086 138600964
639476660 684673964
693071393 815136716
496367712 602029845
3883756 71321981
59015980 108764903
105347115 256686695
428300332 542603331
67755396 93235104
514972058 626073916
626671483 676591355
108319078 240150088
659823976 760823610
54509692 97580890
656389038 667857026
661447697 724667587
525137806 632433118
751667151 830627828
314957064 417638185
109214282 172417599
708007836 799288415
292649863 448309748
245300866 433130320
469951061 503240010
659493435 678959020
183716433 439244134
706671358 850871535
86742180 192914787
661199593 769553326
659052580 704374305
659819887 689510846
703522544 854557384
99204027 257539255
17862165 58665400
370480092 444871365
619301536 675521475
363729731 441456806
449830433 518984589
593063500 706725700
42497478 63095142
774475481 873881569
291069860 420744540
420490100 533452327
105103022 322269904
659110189 675734573
668023818 798021147
114994384 156046477
523535637 604003288
107609484 248919149
439981894 530445978
219896929 432366919
657715752 722911692
21890841 69333616
22538796 68347640
694063470 827409542
572484573 597978040
416988024 508345970
673131126 905936793
478101937 493737701
599910542 698573171
679413560 804270057
251134305 415701506
699308749 825339268
61051280 105538105
651464869 673824311
663299118 795706577
105484659 256863727
657492304 812877052
122610061 421596744
323117049 450111342
752777285 795967333
754228389 888163328
69850349 154243676
110350270 205882329
87303539 162829348
85623503 231948276
316008846 435142552
14233261 75200007
476457851 534955904
499581315 628934845
52586203 172442721
115832449 179567273
13331810 76467954
440361531 501951227
85325764 112059767
97026255 187031371
463037620 520073875
105820276 124471447
426322655 508624775
580732011 605399635
73052578 152104273
703276246 816144972
17291399 55252685
102201025 163385982
657239780 805214465
97636758 149492313
610395945 657796525
613161764 711494934
119641746 121696646
742327903 862120245
105057145 174349120
462064658 485692594
104500581 360790182
17188540 76800562
8709606 60709418
593011602 686020324
429574520 531508930
37232791 72909930
102174143 249794280
113381565 222056418
686402233 866937251
45159881 58690965
119794617 170284116
105167886 126755880
628981023 701836298
597598493 664611774
93410900 164003578
430311686 540101015
95039172 118348761
14891600 73017966
655835526 688369301
25203677 50320738
67869231 134996785
64766426 166595018
626169236 709417965
112991297 131037924
508789297 625386940
762686160 882419542
707544962 789398371
605641164 673684042
664124938 808331401
60725668 161923728
34338584 89146971
19909830 71594086
584877058 635286889
15860277 77530864
105413193 238581136
432322863 513652652
91008797 213658594
643000908 693290400
622071065 682390655
233806786 451338628
288143544 437358948
457481738 503573377
658220983 785459253
646528025 688854822
96729602 169735500
83202282 240921239
222821120 429933831
440002023 525767569
423776986 502971507
39286805 61371942
8201764 85070746
471614823 519591331
660932313 784461008
542365142 629966453
496934160 634031791
625618750 717301189
75215329 111390202
762980432 858845697
593940318 686792750
8915139 80084932
114109355 137061138
753075730 869600165
625332576 700448478
522714354 594678378
406008788 442900890
569913258 601819427
98225092 175044448
281591348 435151602
111830128 195683401
663588158 776806852
657825250 702018792
324314528 436488566
700346762 799097132
455444200 532364447
23953245 74417123
233777698 447691875
366806512 448934086
119255375 316014454
309649540 430178451
624325291 718165611
512719474 626399558
515383081 611839806
16003761 58447072
655218032 665211248
510957138 607960930
105293682 286486737
92986946 124163765
723933549 894164636
452882131 508723585
81045293 236356369
657686124 800316871
81423871 223200674
88124971 187810226
16488921 87024570
645741633 727061988
426220477 518872518
8160276 60437048
94025038 142689590
562711295 603560174
635612315 679571753
469985872 514712805
567489283 618888249
661357311 749226586
116025972 190916874
445922978 503110931
97758877 217138064
333253581 451157858
118543637 137133964
495622852 611276752
696398919 825283431
639581465 711804045
296419488 435538396
748050287 903192807
467032482 521160074
493519752 621506420
154159878 439272873
701182874 795400134
117597578 147968552
526757666 611881006
36617968 60811168
721256765 838009909
660827177 790603043
69534606 174525307
23193544 63967837
426138729 488149025
264922121 419947379
51507600 138366548
76468921 100930216
459039607 516036504
428617143 507098217
8022750 85807779
99723517 242224979
177037160 425102927
310326159 450721716
81704025 104390004
783847862 834112915
84112198 152025207
314160271 440341327
120173633 147964260
741300531 805010926
118678330 308849720
102912253 265229022
89317652 184078848
612562848 678584958
661587545 666420892
13371573 55973185
27522382 85314818
468049529 542221219
42290404 55820964
658607827 815506399
483897566 521385895
32342379 69741220
47204813 88450313
18784395 62634861
101993899 193267159
14911568 84245523
3425363 86119189
429519678 532364507
183472545 453920761
68767424 146321804
107017569 204001656
91704404 132272403
119069406 307088492
22882956 69731629
438923529 526179835
340250912 432703632
447366350 510185962
39116153 70660239
113290655 252585716
694061747 789849349
540927414 594848160
772786818 845809489
82028789 114042673
470010548 522217218
614168423 670504112
661090812 683485458
463516803 510772037
116490223 239555045
117450047 205523356
119203950 276171202
117301348 165853191
427979225 504867672
16171990 75204047
659294843 737000583
639158853 668516794
542201390 610517252
105705742 359279760
101053047 253395668
686433365 853210357
659316465 752805033
480638385 529516053
20667473 50510694
338708094 432840036
780052772 873010821
50779577 155142656
238256288 452714665
45905825 65523639
95381495 118225728
660144367 707127564
769514630 803788407
307846853 417439966
354292467 452281714
244788771 450207850
670551487 875553883
493261891 617259164
780374806 839733534
578318609 611740145
77734478 108825279
118654463 181221093
657395408 750697409
93151982 239760698
727516097 891147651
461887162 516524191
315432490 441251339
746311154 829110183
120029175 218455697
442775870 543135994
323023438 433906756
648304029 707045902
702488043 882475455
773066552 866572381
501559339 616636453
72123717 84635618
69959159 172879692
21134450 54813098
288511364 445899878
108904306 339918984
55908648 167738361
655584037 679275821
116927322 308926716
101787667 117020908
661513708 682597672
78474374 127579256
514818662 629207603
