1000
662969456 679926245
602374963 607820855
154192664 171347191
839082070 846478477
635407717 644286872
56907961 86611998
502539105 545523127
121566496 155762752
818458014 823025774
624295629 645081345
82344777 103508938
52962277 93487500
550540208 584329328
873763946 894756354
691068391 714135467
450053667 470524284
294956330 304143232
695964939 709006802
921016677 940033195
342134706 361892164
912879947 939783397
838909219 847672876
789350386 801351851
25697547 53510393
791641050 802226228
718585164 731182544
482205180 493243036
708984652 726879352
275193311 289029569
823754407 834911290
30746751 44960363
639396744 660388698
720428511 723364230
50151057 64812370
74602437 112039773
372600380 402242967
461723510 480869440
647660942 658095418
138487502 156714926
931886301 987369075
858770506 894985010
935859524 962265408
668420843 676602892
177186756 186700129
902525889 940040165
277624478 285241726
886229472 917198950
391626264 403593525
150901215 156762021
781826060 802060821
654743428 664968766
207445437 229278778
506116493 563987701
823900102 841119291
1715352 13100704
32645201 49598714
487093326 515710836
294269676 304756725
932926889 956041872
722754555 754494360
371818719 406296280
886999189 901927188
235680804 273667809
395930172 405287476
514071720 543331336
670978576 679165117
864634684 895894873
478545536 488085583
372224834 402834756
306619929 309114627
665800526 682194849
815715274 823355240
31729706 36108794
536713097 581504296
304810036 325057814
842473331 861890716
754107423 783305372
689611877 708444323
590715041 607813347
201787628 223035567
854062679 861713318
779429338 803644266
501316397 527519213
850254765 869779890
433789380 450053332
52800991 77302409
80971214 120183971
407738734 449541631
46362670 70404597
79704900 105859969
428481171 449478160
690077373 722406912
240577983 274246196
857944012 890935407
53034198 91444544
303776879 331235698
377890156 397563912
792130724 803424894
714389789 743539529
359385785 391591822
580242726 607835190
764047211 778846591
487116216 516446274
367205189 403812839
77255174 128090997
815138636 823499857
780705215 800335382
80821859 103466613
849661833 878640160
824981881 827929211
59391513 94115331
340333348 371039432
281794239 285321023
646974630 664240586
410784851 450252669
308020373 317718894
53891752 57027548
450544811 467889178
682090831 684936802
171049821 186142978
486979454 508529120
499756810 537825906
776046177 798875601
9425150 14267756
645939792 661175734
807082675 822933586
531798969 585994363
475953482 495766436
251372432 273366973
477652693 506362839
903503193 914254073
836052562 844032387
848315353 876624885
502095865 527519438
86574845 113439274
934463684 952173187
361231217 369953553
693507532 715195345
420913894 450623220
828173714 860396465
511419539 565967401
294117988 305675993
886629633 911972269
188998453 203528250
326439576 364837249
29796596 57651154
935018575 942927964
303946800 330346106
758369045 776842590
613041116 620907598
273744774 292437863
883146081 893294827
303811607 324343344
663276950 685618219
303806995 324943503
204066959 234512728
394254882 417473488
768566498 780571661
608926222 627392171
522078655 546766810
664091634 673630341
62295878 76591482
817878490 823215604
510598402 527258295
712552955 735765670
853315525 877123892
728405098 754401012
549743938 587271703
824001152 839442754
75943994 95045595
125929322 152502649
788700645 796524411
587272571 607786978
896846985 921468256
297092778 311607346
468959945 480785951
67436218 86303619
798841256 822891100
147785276 152078036
305975032 327852409
275275093 290910533
313537976 330551687
60486810 109098510
520131567 544905134
628692157 642314633
782799138 795979981
348205683 367483590
551861855 587710627
687489591 705503424
131552820 152912955
5733332 17428926
609726793 624210553
10629923 17683679
687899221 709923219
853125752 857265386
649905618 665695646
189649208 215435182
450140403 464286993
297004439 303385749
877248077 905580501
486780340 528802249
616758287 617794488
824862308 842724470
915644792 935416465
716716115 730445578
677963535 687512680
803996580 823328943
415439170 449809991
28462015 36736541
191828653 204584718
825304794 826070731
476202889 497406631
36658649 56433044
936015696 985749945
852352718 878064403
20455815 32992835
487020601 506937235
853345631 882145218
578889686 607801260
861319049 881913396
512668960 547480084
450633671 457879846
225793297 249484200
305153014 330660445
934941583 940667652
933745324 939367075
481750328 486677624
250906239 273554117
805371225 823269818
830613975 861481815
504981788 518326086
913875190 957142976
319526381 341416712
683431768 695492324
97994471 153483504
851971023 879859430
391488933 392521041
823382248 843071067
933343366 994447442
51020509 86152498
518780588 541795230
304040009 309650849
511850414 543504515
39286838 61826564
51953202 63529274
565611343 584145354
204609059 222906586
246214548 273607729
712784384 743470228
934180969 993996122
67564301 82092425
666079667 680647312
507104050 550063463
786409115 802873828
400398091 427301471
700806453 711148528
355894305 385282831
886618285 903301583
823874100 843073742
154083392 172645950
68630357 100032019
877693443 900295704
62304727 114999277
501970910 534759037
425216383 449491378
84717399 102797237
61724989 89063787
461206164 481913773
27394574 40885345
320409174 332328991
274449663 288546421
160852636 169995184
848644181 857906447
331150012 366511984
399826910 408006324
675501213 700251961
290600248 305059462
170484139 188417359
17555686 36290521
479650601 489880828
155654189 173670658
896161097 911693511
50699192 70045490
737341075 753802574
367432224 409175643
50431672 93227494
47546683 69362396
367844854 397714132
840588280 850800190
356700341 378295199
458326203 473964671
200074390 202399959
158206555 174742409
757638165 782587780
20754452 33574337
450512617 461009287
21506583 31219788
392817917 410196590
187597767 210099405
33202859 54038744
487116322 502033311
277152397 293691614
65348363 72131343
360980511 385749858
825736613 841805428
718831860 727894911
883395421 910317715
143592716 151627391
734262405 755272566
666694019 674563287
802623774 823159072
836193191 848777179
183594462 201726885
281551474 289150859
840044444 855731255
802256420 822953040
825269254 832652545
20942100 28123366
626559632 638755362
793611722 801875783
57028267 99148591
82411358 112973465
511333499 546052454
205478982 224830610
615832130 625875495
134647884 152955414
828697104 859029995
283445915 286692102
49246130 70653669
860009833 876931930
672653304 673624888
669122668 679146753
487100233 517802146
927813608 945614984
570323248 579184181
304537628 329295828
835023629 862154506
19684281 31803886
401113697 418276720
824761993 829049393
931672066 953920975
309995099 329287170
673241907 679098563
594084905 607822084
825528008 830350251
673139400 685772319
99904040 156395113
636750087 641546973
898252701 924382422
362034948 373768982
211114823 242527092
846110767 856305216
679191371 685715394
707735079 723185794
73655974 102245563
153759970 175403380
702055595 724905955
352364201 358240419
886619394 910192903
42084966 57441163
471359200 509261513
824533466 840916137
682040935 694277811
614671522 619890435
282241759 292738309
928658899 946227191
848636077 880523090
923847887 935740775
39578668 59699428
630038159 642117546
52258653 80922121
17320137 38035383
482373163 490628605
160449752 172359856
720524465 737096232
896467830 910926131
355929381 372235492
450006826 458105174
431559132 450330239
394387614 405873356
262504107 272656813
825344629 833294408
282339330 292170644
936149757 961476760
896706461 918838568
651308696 658211298
719222059 732148500
808768003 823381127
83548731 122664148
762811656 782764739
50552994 55771960
245182854 273904434
451231869 453674046
400424383 429309175
863378390 892676439
639288991 659307245
268775015 273482505
929327619 932113551
20465322 28167478
671033993 682384584
615031796 619463004
647704373 665485653
668762359 682298341
885597567 895824255
904890938 938967851
380798810 408978879
825771907 839952728
857179464 886431804
138219872 156808190
731581382 751553498
829316212 853110793
52251263 56358409
124017726 155984246
358617210 389080690
358150733 371367907
50396703 57644898
99338119 153564972
450359017 468840216
8480529 16492901
310441221 345945029
192697460 210207781
504903018 542281418
361497261 373256110
25621629 47620053
406195775 450953161
595331223 607802345
238354688 274274121
159466279 174141452
53087832 72270175
846703178 866861371
706477759 722664622
483063487 486829824
204257135 219610219
676364853 687600298
779482728 801918457
152083424 176071971
23384548 56499154
704138215 706990291
611480314 623339857
502157499 506044572
752231076 774321575
847515172 876910926
208115770 215874681
81251684 102059628
33797693 50123347
698407351 712740308
135379601 154820926
827545209 858502406
610678009 619702733
44008058 61805166
217845522 250033434
554458457 579442743
882660136 896146955
893295549 918819345
694069029 723961879
462482348 480287463
303593170 315701822
584873007 607803899
134930652 151170431
811077686 823359293
209200385 210225933
742893076 762724718
8426435 15771595
451099257 460551036
304527992 320453551
921736853 936319910
901394505 939292721
837807182 862000583
95319880 155396633
768508640 776417418
18762518 37822796
450529939 458607493
677264540 700548155
178605843 193955410
42377270 64249002
631921093 642218540
643426572 659454788
691021627 718204075
919184928 947878298
237124926 274290440
751823025 774779767
25469613 48116526
174137989 190911575
69750984 99919973
400663761 419408694
79847189 104739511
675335193 700189837
879501644 890928753
915519671 949528929
271426465 272996606
361388133 377606912
164644262 171224444
783940915 800155914
933860639 967664808
816968449 823226613
173645505 194982221
624695416 646955830
196812994 213098678
836584239 856254968
206843305 235221032
848328424 871563912
637465278 644882856
829679670 858790156
475433345 507146797
319821419 322272670
406033792 449991729
398510703 413899207
306700928 328847586
718328905 733976155
47470434 66577873
926122981 941735908
362606122 390740029
224756882 231490025
408904735 450565844
538197326 578786752
180542606 206372119
770649232 783044118
151879947 172958535
629433429 640851931
499706878 512453534
470284113 484094554
928155217 955137497
823954762 833920563
522111196 531616480
290784476 309091694
643579582 665109504
193927680 213308334
848624479 880977016
584356272 607798074
225300929 229086151
506172857 564485340
664254671 682234728
49859266 75391652
762077248 778273748
669397233 674678350
690805912 707564471
932965017 995140291
649325546 663814175
850912177 867827819
253247369 274034043
27094613 48773661
310648505 330004879
512300352 565194535
358878657 366546430
451037442 467363841
866437341 889380117
665813801 675104670
486691325 499516066
517003633 564000790
632461274 639021130
56367644 106662836
664942597 685123752
81916026 110743440
467388631 487130279
703935515 724036024
444350126 450835042
464695585 471461558
608978493 622089440
182561825 214379226
312238981 328573925
531579296 583529736
925787508 943747204
682938510 703922127
613227318 621616636
556816838 582474999
178064659 181877655
691632365 719130452
825648677 828598469
507031281 539730567
501049241 548009555
358810700 386966679
160371127 169917053
884317108 896935884
854167851 880461107
16057931 27113889
307019775 326069114
474342354 490765172
763659434 783733989
735848798 760769721
10946842 15004256
800724201 822802543
825562743 842190736
395862861 404615286
305192658 323674092
931763496 941789249
162700991 173614995
799860590 823316640
478448950 487586942
502984573 539257375
505582645 547180167
47392515 76750592
34702983 41944707
450248103 452076209
248548917 273826963
446406102 450622923
624042122 645230057
207479094 232830375
869579891 889291430
367676027 397875478
623333120 639965426
37457692 68347032
471929676 506560236
487196944 506425636
220785585 248885408
17085536 30701912
415355205 450322825
644694430 665987329
542826590 584893999
397933546 421119433
932809339 951162038
76957892 99116038
508247561 567255381
579197555 607835759
790889868 803187491
208155622 225384182
513263755 545543835
892329480 923172414
758821565 784204731
916995798 939489704
487161426 502957072
860495104 889492471
224558831 248652613
352413459 368662645
114385144 152487332
155683585 172669402
788437708 799245071
509649797 527679898
902210487 934758084
501286755 529344989
456279645 471021609
531504425 582381543
611741787 624638489
732644169 753917483
177040842 180265774
205320181 231125795
50900647 79945899
760738912 774830192
878118324 904826734
172140914 195945191
14317743 30191978
446902769 450662834
152375547 171921905
871009601 883485141
594746435 607807575
451294807 464095016
917236897 935114796
359418954 386611484
934720084 971788544
882305732 918711383
207938450 214436069
179846039 206628475
43907502 73326081
265934121 273398512
393073996 428848182
761283244 779768841
270122143 274020679
218307767 246645924
694807400 718711803
662955977 677547739
279179297 291877755
754069497 776613119
504454416 505303452
12761617 16070603
611156965 622835889
514942040 562936302
739832823 752541478
60094473 93785210
48458604 73941125
301416051 306335741
151531381 173488879
196611627 212443733
675295926 698090492
716436220 736712197
274162988 287381658
920900455 946897974
272828015 285133751
304196749 329154835
503952356 517789405
191243736 209602750
785068921 798207499
783221054 799887820
160030209 171263807
671915192 679705066
480536447 497154342
180534756 202886639
375383993 407149956
34166288 53489044
667569574 679915802
500308781 506939688
678500202 699219294
343386784 354918273
166899221 175676489
651030098 664473802
66888653 72659881
760300952 781728990
615773054 623277604
836471669 851507905
935675882 953849982
213464259 244861127
32278513 36182855
218789077 250761683
801131082 823177186
43984040 51531665
49741328 71174775
366667609 400985373
312710702 326547763
609118108 626550564
568793136 580911560
139851278 153428389
280077742 289921706
870356075 901594880
29166739 46941228
177214117 180939278
204323328 220047933
140808873 151276926
794005313 798127053
626780735 640236388
4842188 17554165
824059558 841033229
203446087 212562594
204808880 210661899
306401108 322253882
54111582 61008046
275096348 292862729
738154487 751029618
292557844 309728410
140301554 151181838
713335840 743393912
847353708 872577947
641590834 664387263
863649128 878216714
537675490 582159844
800707343 822976627
352663202 357546791
586056208 607816402
360899416 385662385
306579714 320970764
178515676 192027727
885829857 902488797
836534888 854652081
411937580 450856357
84707473 115255675
232754033 273828751
844429699 856125070
932954497 950425410
387038305 406983405
768461584 774913714
174562418 186821104
798764415 823027316
923804886 931027958
873574916 891228252
31334420 56427784
391736345 407810740
443750606 450016965
176257961 182119632
536557789 583620118
627550116 645909377
885046144 901393829
4214481 19324401
715081198 744801124
360297847 384511279
902698099 909723636
833072883 853070935
30937215 55196102
486916375 510802745
15259928 32366226
892141164 923316804
776433349 796389843
215794894 243803074
449600666 467871634
623783533 646126659
3140402 14360014
499947553 531089460
209513735 219853753
555833922 578542195
532312108 577796429
502873512 505329535
613045964 618931712
204110116 234286523
61814891 77765578
597608452 607788151
834151362 857011032
830466885 849744176
727336317 756188844
80588658 115388917
782399018 796203253
759640437 776946572
306907081 309080799
300732614 306892539
128993166 152507916
306501020 329006998
500192794 531943674
500216577 525230666
26649026 58044377
535111184 579913124
22327399 23156793
170776545 179602989
771334602 784152439
223692678 240526239
840918006 847363475
480842772 490514968
847866273 864996249
148172405 153115882
209461342 230984049
20713115 29617000
71776053 115772776
863670028 889466308
640406481 658372995
486842457 506042436
616985098 623673490
193281137 212314461
613894464 622070554
606281251 607797832
765835201 782801414
202163081 214513883
14740742 28224906
34398736 54483875
342890535 356529787
926467148 938545774
839889884 846546124
823155108 841626058
41682645 62681697
736115106 756187169
289124868 306477340
157656215 172614741
600805736 607822628
712730796 723466497
691092693 713903229
413255017 450368529
394503723 415251225
40006833 68703073
51766968 55419176
900106533 925096179
694183263 720346582
586044653 607833111
177919697 190635534
586195544 607791413
50947102 83118383
846345584 879114190
38409913 55617541
558531216 578360730
411150002 449594467
537790685 582477928
452720042 487802681
163623576 174755285
177580464 195969282
81047388 99703865
298793648 306004419
646053443 665037529
485605293 487115310
500772226 520816841
717195740 730278029
479583194 495292040
836413972 844663437
769970972 775952458
482036022 494714927
616401481 623945644
715889277 743031403
714868951 737607975
700023011 716501615
461004206 472472960
710391505 726144395
221020585 253623164
824600120 828370582
201879606 216462906
293159794 308461840
232047640 273843574
774924324 803243399
534391957 582259076
471838366 499178494
584169501 607805149
886110041 901167266
666740354 674975959
834553045 855695697
202096473 223442441
674979454 702411014
685395150 719079659
450941385 461207720
212194343 241045845
369371389 407537393
46331299 71730626
48194027 49076479
397359042 424193080
682929766 695018110
319794746 349809953
651224169 658750163
54031751 76283377
825300219 843089991
647360612 666360746
754762660 776383459
318160181 348173488
487191280 517781035
926006708 947162548
819326129 823500599
163416531 172701006
658286449 677902263
374457431 409472160
459409867 483861440
857726887 899364706
177754610 181346780
863903181 882421119
194289873 211558998
914828922 933668885
7675743 17899696
620686075 644670450
883807939 915036658
761057694 774632687
772945058 777602616
804971898 823413016
412225885 449528794
71309103 96045914
75650241 108931152
394868028 424240238
170124104 194080565
423748930 450696290
215755586 241586725
589929076 607802816
559857920 578781997
394021992 401714173
384778701 395189771
674497933 697304525
305336752 327974056
902248129 914082460
648833464 663244999
18666006 25364672
629700675 641477811
29463886 57231854
176653955 182925910
193890169 212015998
304701867 321285754
13530914 24827296
377233580 392640955
828709670 852455227
347437935 363438659
209198565 228963813
799763535 823396839
198593816 205149338
546676474 584233114
56283512 96224436
286320541 306269050
36418966 63339214
430173572 449529105
193554521 213750603
676389038 703992320
319727081 324400551
504092744 530027372
264451518 272768760
610360296 617993600
660827407 679756138
172996247 194560539
471314369 505142092
52312405 91598546
733133832 764482394
504345315 539710715
32083693 51994941
449934806 464741344
247227517 273756614
503810618 535460385
485623435 505705287
83680471 118498383
214659455 244635482
398436874 423862616
356105554 391218046
529337517 580154496
202808691 224507646
324423579 366878659
823975438 830274689
273220681 287181001
477154883 504265806
484146168 506271049
146468628 153059428
305466410 315216599
26599483 58685035
159801638 170549558
730686332 753892829
60172339 89552392
634353553 641061364
291895556 312134214
450199348 464497968
774716410 800282692
42698504 52095412
207679715 231409240
920230325 946428940
449744452 469810313
795349806 798022428
663350046 678577282
1891664 18761052
661695318 685435829
701457399 715928828
771724326 779095173
866420069 891887343
649691898 662670139
680495043 685010078
307665155 333297191
688022908 721908266
536900122 579371919
512422503 550533966
422063660 450101920
320262054 349654351
727282006 762668953
