1000
410699309 471214156
612543275 709894195
238320566 261271809
236462059 248830735
817942158 878780481
628445161 663573011
100812809 143861991
141329471 167190118
794299613 882310024
589190000 630500185
796241590 820560180
238526212 241955917
141360770 144247638
716998356 761563890
658751488 761343892
780486865 866748354
764556033 817884689
558046624 616650953
445314166 495828064
28670734 44863462
561978908 609423647
515752517 548318409
439276666 466093439
835779984 933128858
851074415 945987128
579734353 613583140
587732722 604454283
820909136 948283532
72016066 106494688
747891888 758230038
844881601 883129303
63750538 80827697
66845060 80349301
72506802 85603529
152299601 237626528
757602780 781767872
786996024 821611934
382117205 421298575
832419687 877936157
463076409 548751219
21615130 47115562
377343368 426279064
139124323 155771518
632702629 688037531
381011734 394702686
447878800 510578984
765196533 811634380
211525345 236760376
757746499 805918979
587793306 640750418
4793009 44172246
50228276 78401699
787530481 853649472
284407883 367894850
95433694 166352205
437626645 474634068
757208981 772903478
357309152 420371032
189624867 237725308
423636212 460261489
72757097 129493505
73492265 141911966
195790890 236375978
95161109 188683811
631889083 713911066
260081913 332149031
289715744 367832003
65475553 90137019
358042186 404138553
840225504 923735518
821238735 879575867
315592639 365902030
95314522 183640807
444796013 488152691
589023075 660743387
72304317 76372094
841107805 871075067
237699015 269526295
791039595 839261617
378639721 392445886
334806644 356236432
633398062 712152236
806917745 859390740
446980169 515196020
778222544 856849439
423443287 451298775
406376757 472026214
437211425 519316008
588908969 651685793
771365945 828557396
597027661 649431523
757547829 783545796
667292322 756469594
817132993 880835096
564728450 615965457
534590042 560384413
758773766 768559005
417022756 458356599
222972404 237686826
127482950 171893861
756341051 785574640
274681642 312026131
836777612 925197780
844466652 907797174
331170965 372962979
437696269 469652582
625440992 682025166
51014404 82879017
851832779 932930070
261793297 322989971
71335951 138325047
216350470 238089211
242282604 281461382
71392867 86871895
363579940 393484546
582911356 599221017
318072077 356202968
788909215 853494980
333166687 380833962
771271454 792081982
120795399 164961023
236331994 251961292
668854967 760835453
401894831 449260458
783048725 831464557
620594405 668394907
43980321 73936616
438162864 479594347
194487080 237911683
114195611 153079596
604601100 665157062
587767872 615389042
802471629 819734589
380038441 412229630
64325340 71754993
832555130 904399976
569765390 606483847
542165413 553016409
756901352 791142070
440253130 522371637
266434388 307712701
655162361 759185401
765336033 815028775
148665320 236699230
19840300 47362741
228376119 237431546
5648128 43749982
822372669 900959453
758021515 767364349
555997204 607254263
545264151 563379378
833108519 947356405
498572889 551935330
433309246 469293695
239037070 254812108
757586471 807760004
73734490 88737091
238242719 266982068
774981599 787288061
476302453 560266941
329129289 380795334
241431051 324045236
771822375 790223855
463977008 558982523
55044912 93840604
380701707 400293096
30657907 42785205
664031836 759620560
765178014 850436815
744314283 761217721
383571738 423880200
808254432 862579064
356610138 405828707
589108208 647928857
782808272 827838325
615711214 714282209
291830100 348847899
711520125 756646302
356982161 404563684
240450987 250130355
501424813 552632207
270577886 323358026
301024698 357614900
57475888 79947644
676548786 756009317
363964521 405500034
617465782 654002492
340781401 365620953
488462069 551527655
270014890 308243503
53175909 76585509
71675816 142033383
789373838 825552942
587192340 642284104
90753995 186407491
58482586 74415444
854105510 920626935
539897771 559967714
87890448 179376130
281235702 368413017
256626944 300006553
6884583 44002719
129849804 147528043
790115465 865003382
757855972 791441529
143789030 237780220
11456982 47115741
587419356 625771160
468906978 555221489
756606800 764816133
837690952 944005336
383833394 418000963
693710532 758874054
587800472 595357388
588591833 609343908
43969926 84137069
73071699 118274249
587068412 666655087
329555066 359499329
674251922 757770630
586340448 637673446
350075619 409569046
628839968 707989043
587216186 614075259
513608301 560333872
365903713 426479671
237297361 284754984
342974086 357270403
255701283 328013493
665642104 757780880
96698092 186871510
583528211 610599398
593964682 667274289
255250976 328537457
487620219 566322455
582252296 597222180
286946538 368151301
756852030 783481855
1143814 43567559
195116160 237910269
615919247 681084758
830047934 904439231
613100753 705281462
794212793 823026292
73613563 119088070
469571297 554542215
238243312 269557668
588802696 638891076
103643560 160446599
618524749 701435517
266450960 319417936
665766428 759559928
240335149 251309628
774678188 850974037
403650028 463504818
107384005 178078512
574601955 593027454
757567768 797400117
554008400 601898633
835020380 918345562
654177200 760344016
692899953 758872977
555426675 602800201
548832326 599325545
120004728 156160568
71031083 103704415
630490901 697845565
444012212 494946713
412174595 459806922
255782060 301142008
385883845 394965295
199695364 236322602
798512431 891718003
90549805 153233110
214091297 236424289
522119472 557800998
166187769 237459114
553014754 586155793
88047126 179499401
757176526 797029343
865089204 906245887
240164893 281744597
579038547 594702451
71331534 101596610
72053555 85185365
31251433 42578074
238745738 259725220
716431441 759148880
162137661 236947683
595211746 666018891
73221160 134369968
596511 45623241
445991195 522719269
71722552 108120383
417634985 444166125
6224170 46340801
244199834 327440971
810857600 819822447
681166905 759833355
623184989 706590415
767222875 785361214
354737655 397230346
588686694 610254379
174258210 237821238
770007268 837331728
334896550 355260418
772312344 838339561
28289427 46565384
401466090 446998142
391906345 460608913
252059764 280619416
810704293 864611467
84513729 147142366
246543019 299431413
446621845 514044832
8027693 45480696
614791311 656290417
422911864 472855885
237811737 251220393
68018864 84387090
73888524 130548929
756526686 799209086
541425993 559057836
363387012 424995551
248589514 328909654
62778010 84695222
93825087 154468189
401156820 451209827
35424016 44964712
632562808 652273255
240639008 259480554
522266878 562000760
610244182 650202554
327576631 369691720
49091075 76376602
71122441 98018661
794566289 821891921
627199455 669736000
587811236 603985599
72737070 128344202
88791973 180321424
346021444 351953898
248774086 332902052
526083014 559325359
253427735 280761292
599625819 685045458
442138498 480821067
452058184 558688421
465656969 551245911
445550765 502371654
1876018 44633639
758053108 796243489
582883099 589755229
5903039 44229968
542779935 558126452
12024345 44637073
42089593 44747263
228441070 237807314
794578622 885066171
354947868 393174136
238971334 262709392
470719305 565730965
781586960 818905416
580138412 586957843
256270055 329445685
661902145 755988023
251017299 327280031
697423224 756158742
231625941 236706419
59135890 73160968
588587485 626587038
485704030 553156802
73508024 130620752
752943707 756987619
440921810 517753136
605408714 695527536
72261583 90050222
389777204 420363908
857630396 920585913
425008040 460682909
239949540 280416920
269585521 280476833
694737838 759145422
546111529 569988765
260903556 283059122
737943696 758832747
457025296 554205467
240535056 275642306
441839631 451713624
72528294 118422388
358512417 408127574
236395186 284422119
243270985 323001587
413635912 456341630
349123085 399408616
237476196 267003348
134988854 164319413
71075740 97450003
730269513 760821073
582731521 602145462
97274132 156294682
577054981 585928415
135478108 152171915
819148823 947974469
589112939 632612781
860868372 881565526
828118923 930687756
181188024 237030232
363200616 419541194
201407613 237965292
602698678 678321098
369709883 420547870
724271725 758443896
258029706 321137642
422358132 472887846
796895240 833540756
239646146 283493745
587234392 661079902
34631518 45159873
414446385 448871817
588730413 606699243
570706847 599480176
575642250 590570420
238699447 254400424
561080843 597601510
782427193 898390384
146265165 236599945
817901670 925082023
131278711 144845552
238907702 254580500
268378436 320555964
52662091 82236415
246279652 296810012
366742234 423645544
773844438 812342610
234255979 236464053
124033550 173721867
236873350 247920809
758920752 794743610
442021107 459141984
123968807 153837501
182641816 237767601
427204284 463274811
496285621 569654041
238540495 268907913
586506056 599635553
230215377 237876698
867104061 911393556
563073272 602650069
144296033 237848840
72734997 107973932
611921188 669935600
237622731 276035468
838875068 895789867
291235724 359930044
174090630 236866928
464213599 548601074
287183044 378275812
498274630 557428252
501749484 563424814
72566111 96019071
60654825 92033804
415314978 456366171
4946125 45752051
71792276 104045414
774542137 847978848
239410249 280324665
787960576 866641051
512180737 562101380
72271564 88554201
757270245 779311589
773887073 831672265
491190558 552955192
622753703 668431009
841606387 924252858
288847490 363668572
781018154 823100857
72519186 93282163
323648539 364667307
791498905 863597762
423290466 458730840
400249426 475188156
449950916 520147253
400577076 468422621
442500309 468349893
106937351 157120335
866266313 901480697
790453458 879627366
63117226 79320088
277286003 371449449
744295024 758452766
763956978 844673651
597809009 699407662
72039407 114863077
68229506 82543715
587179530 660926906
61750936 91869290
293463086 373080834
644320977 652617391
746063698 761189286
775582016 834531587
237247832 250117032
421165100 440210478
416045661 463041989
239058779 247953337
442812831 454985652
235991081 237363390
692178228 759095147
136994311 174536204
288029434 367016755
749380370 755944365
758639547 775704513
294144210 353982773
6279717 43595556
771757205 780807884
378575723 422087948
669176423 757109385
227163547 237874657
119187627 159426365
73384045 135405134
764604794 823813594
408611486 447855141
70757488 75924501
447525346 473020020
218611721 237149116
288931517 356617572
747977569 761333134
11041515 42938043
406206604 458897722
729630780 760292004
109175145 154031042
610778803 679817665
377269814 392076221
256779732 324314914
574825812 589616436
786872001 844582748
301116002 376457476
36512457 44121403
402561971 468265518
792568616 840485997
442733287 480723088
182032790 236390146
563693638 612662967
238446634 269948480
676595120 756716391
336919495 355187321
186728784 237649905
343330100 358539018
73772409 80817235
72382671 90610447
331403672 355501502
743965622 756232844
152389550 236400621
321343496 372248511
225857201 236992862
829850001 941045871
787270234 828595809
809142346 890881379
759411323 805191683
859541049 892577879
146074852 236566264
774126189 823494063
586225729 649821225
586945275 611451412
439590513 464198268
415857592 467053957
652965237 758402651
553502718 587231038
777663162 811072491
818001997 880040455
97163949 164593752
731256811 756403646
443270873 470999316
38360111 45484172
823934853 944094219
266710838 300865825
279408139 349729833
843160788 937073861
238675419 280904461
582322135 606118429
276994102 373593819
27501660 44526025
721150202 761879544
596352676 704950215
44846403 86768283
586468255 600711010
4510858 44003377
449269766 522296363
328806085 373594807
768567484 822555419
125676507 173164380
544565006 568523323
248758693 295282820
236684544 244069802
185621313 236899393
563060854 613373727
777452346 800300146
559109199 616397730
42351143 42730385
60845416 94533406
778356042 842051175
757799248 795737206
757913455 797004493
758906036 795120246
326635654 376731300
552400726 594470908
447613166 517986798
303008046 361377204
398265023 447354439
781951000 875979619
442101649 470628629
401861343 459381369
758695984 802445324
602486097 671365300
769744627 794097081
385052003 392940829
71994776 84090548
237204703 250449357
323948473 378759645
26555116 46373162
745085199 757432019
404308809 465893341
868959536 945659916
861935492 925565012
69070918 94789197
701075143 759138522
544823276 552208243
31748684 43719187
272207680 330543728
360352042 395914376
324904713 362325604
237775405 253382901
796388751 821717284
813116258 879393768
72016210 102807308
113409363 172853863
385612192 410871536
438348466 471225612
606443993 707582465
333485589 355972558
9529345 45196603
795626555 876503604
772830634 788455859
31932653 43987177
587671683 666283542
416812597 448621040
610571930 659108283
804858090 858455233
447567879 451375164
460112367 564162284
570799359 586611882
347820932 356643833
347468448 369331099
346403671 370438810
70958808 101516660
757093017 774231567
861439206 924926652
422506462 463774389
535023177 562065127
386962594 417212648
534453905 565757934
123847607 151912874
237047655 242351862
147311168 236432513
324221741 350659901
238877719 246189606
758413962 799794429
73138842 99053710
588460154 657748423
95736087 174287081
414780288 444627711
633521640 689382397
106651835 178618924
556458925 591190774
771816984 829823217
804062299 894617454
768421259 791925583
336087238 377923323
60101544 72846762
757217349 768131963
29335130 44940358
238316044 248691359
27561487 45105787
252296181 307758061
60540935 75940341
22853858 42696255
757479501 800791885
351877280 409853495
221080781 236776901
807490022 818801532
119987443 181383821
240351755 283597507
54098425 73299714
771672465 796002190
586692618 663402145
570020052 615848246
16513567 45018866
588708311 664249735
7716847 42834761
122968077 165702633
240245470 242145566
564479284 613716701
758562994 806717086
247232881 276734323
500390872 564904253
657443372 760185545
863161300 928467063
836281769 944796603
68079379 85640002
45893201 91296440
122067771 189269269
312854330 375183293
124717071 165360415
73377614 111697698
455119967 570961330
169669945 237098733
242923049 294443472
823855382 936858646
493980336 551365939
162561115 236657906
374214629 425851555
222134206 236823780
574408594 618949782
610475543 712280361
851507304 939834069
255925825 315843669
382706712 394721179
325767531 378024412
775172925 845403098
451937147 566858231
584553037 592270844
867416805 947347932
620136051 670571416
756624501 766209026
449921454 456438800
284606944 350936783
764557204 837527537
759501786 765707479
768805075 816584656
626220216 649820047
191238992 236548061
583358818 593806082
406865447 440938905
491112928 567575394
242603417 292853453
45376219 76166456
578469901 604169477
524414768 550957718
33649645 44614610
222293250 236752831
71697613 85389953
71512185 84898803
379177896 391803603
757708244 789851869
246986172 328264549
769736262 828265814
272172459 284867692
319339707 363320957
774471701 838097733
238816363 260136714
818446218 938254775
589047370 657406872
756689293 777567610
862682757 901984778
388885244 418444097
471101858 570968160
392676662 451004900
773468856 855424159
362504232 397341798
54223375 70577015
260909936 298918445
768986796 851104704
45485524 87737147
830318964 901092660
797322718 890535924
756425715 797975362
287553887 374530054
255643373 302294795
776244773 836306171
416827491 443645528
584088538 604049102
265892261 284760460
414449274 446473812
339096213 360647911
67350433 82012644
412038242 439149052
274755881 301682921
759306163 807810921
69708226 72242383
543561586 548977716
586771422 650629718
317160429 350196506
108632378 143694048
328749258 360535254
72208033 105802189
777226364 816633947
772336342 785158161
254097967 332503165
96551497 181734153
271775254 317246014
65504738 75479818
436289336 471456870
765370886 837126249
450743581 476308305
554719106 605150281
639124756 681892746
407681496 453014783
236945245 259300039
460089523 566690445
586920828 627097176
598371401 679528195
437924151 502118986
844978314 880024132
52022924 82566705
270996421 290984311
14762828 42762541
548319373 613815688
27784550 44510274
244751816 302824778
773302644 855071746
56725162 94450967
236578706 245643351
410611321 468092260
385060645 424842219
695841784 761277312
804035948 900790177
437083501 480963047
215587837 238049915
463979355 553971682
757854498 805666817
776275592 810099223
206293927 237179551
540672137 558396654
254547742 280656832
235313357 237895508
321562921 368383690
409997755 469468075
822698562 899479924
585930768 643512645
64828139 70856619
152325709 237757825
322090427 376056979
355060058 402134180
212136318 236450690
684051992 756597127
788504608 819294738
587927264 644862082
369866771 417889120
39854752 44057384
594068148 705339523
236632982 272674346
256470507 309733602
799793449 867808968
237005113 241653842
67305282 79406692
557970681 603456481
520779206 551858778
586584624 620153226
343453299 369550019
482019866 565298598
683283348 761063981
729634515 758102811
440994404 467372673
61625062 82192357
185147521 237195731
60855810 80602866
237168539 252451059
221284340 237546023
587736324 616095234
411523185 451743895
866728944 887191833
792393648 816115398
291252557 378073049
587833400 591627687
47598364 91977379
458262091 563187596
415251116 435791020
236557721 247418122
118039142 167978265
366618789 397550444
343619808 353021602
807724404 897916808
38627187 45432455
238211906 280389665
237336987 262646356
51595319 85213604
771195839 780201390
417927114 442876537
440101398 467953513
265977527 280197964
239613737 247917736
756984864 786734026
720520562 759729954
417098086 463063694
588112746 627687488
39979048 46876798
522095494 557406905
449111793 499638454
441314997 468030489
370010626 419331794
576502312 598856172
832017094 906186498
444335717 500767882
757831777 799550984
633513959 694002573
270677413 289271975
112375112 162617270
72881141 89767284
659556748 758603692
639845729 678126367
101879050 177136196
17772507 44425826
797726379 895451019
298549780 366966314
73668381 112871714
67809205 90820201
757573563 763352346
439831567 499761179
655456107 758033200
612197535 674762026
52075948 89714118
840194009 915946051
19358027 46552258
564117613 603229443
560152367 590828939
810698765 848363304
308549978 380042734
371325716 413240286
102698036 186869053
816583314 930531600
634037909 661158298
853628033 934968263
272527030 320265516
415745540 467613324
402782696 468883158
443043233 494975672
414641107 465530571
601799216 675872795
793969511 843263779
231479578 237828105
868355687 896857226
585991419 665537520
236698166 252765495
559020159 603836849
237775945 261989025
9785397 45997760
256303198 323307491
757132775 774059053
756516926 772353667
741896561 757563343
477449595 564866619
757979295 792100277
586357605 632892978
748366323 758337713
351393139 408760328
607244170 703379960
44175488 92914453
150485231 237473616
771666237 835418944
362951868 401986495
346958610 366873906
571270539 610423700
565250017 597377493
530122027 552241834
276836331 359939576
146087432 236670717
439016484 476805684
238946332 268684133
495667891 557046475
49891221 75678119
423556546 464622315
39399241 45555561
856191138 939601651
639664135 678454966
472528281 560352949
14741362 44254615
757057882 789232989
863279092 870173511
73318746 113393237
238306891 275564109
73727417 115065267
465758577 551422000
110808344 161660866
236687247 240920897
72887320 114406718
770762178 785264979
829547877 933984066
801906660 860305584
842967768 875300802
444568420 494927758
305859051 358727942
186557150 236850780
380082914 392811840
48435359 91635011
588815136 619657507
70793643 122773745
758604946 792419577
27750646 47530013
172426511 236978181
777218829 850458621
