1000
429745102 543203688
217297556 298348738
608677467 639378465
283783630 411008009
71583914 154462579
707922135 964166468
347536777 398586741
225240835 255392448
19576225 74364347
216831035 260912121
566905201 604245570
448007386 543569559
176867668 238737477
560197198 630401016
282656384 423035067
71789626 104226261
549297976 570465010
613400503 738892675
139245621 251022173
331570033 389260463
300726099 450307454
589604447 652917043
72226545 163033018
563546753 617585635
308502849 434175977
542814709 634506790
704621823 938739281
86796845 119224797
557776294 633126013
262270518 444062859
20413689 89717141
550842317 583891241
656199257 842410493
619701796 805203035
504433442 541776520
28767018 87273445
644674699 971443813
557999895 579643036
750902223 826293638
61544593 62867865
621789864 817596221
56244871 73599397
76530263 167406595
360160168 411388600
508053692 543331619
37710841 89612530
412388854 544848051
560704920 614626370
217520889 260680275
75881566 181759843
162084911 205750626
75199950 99939120
44275551 80100092
545437712 583451965
610316793 705927732
17525497 81842069
561221456 625172855
174650181 270978578
716312588 926324420
745863022 968827305
618542889 686074860
688450205 922926004
757697334 920645998
693490130 973896340
581749925 651756837
388864361 545315783
707284480 908332477
210602748 344534208
595826346 628715571
251723670 452993825
308480575 436987314
617606316 707322640
447557999 542761297
292177165 381311585
432243386 542587273
614934292 817056319
497336432 542068749
560132045 622974482
747322666 962930964
225394546 341909677
68020007 146810542
664558170 998505025
267294195 382559338
172632397 265692172
483071515 545366225
82064440 124080390
579072725 662288227
716383762 883868579
271101001 393218061
738070126 963541335
35232956 64726166
555258978 596857923
262874864 437433152
612271396 774575215
135106276 210827566
232171221 263015428
542377000 608287154
562819209 627077235
436992727 545147469
128562691 236069279
87006476 167751374
588229568 623012174
252016881 422783183
702409019 941373023
303915972 407960923
683547436 954064917
584778783 724954707
627156747 716949890
547846903 613023379
347065742 438594336
242936874 438866233
116110640 233560876
400196292 544699650
677691963 936165311
548754578 619991766
83371167 174279403
629449774 663079709
540219871 545183485
452543960 544444710
364061964 378898252
99906330 258359647
720751899 982411015
285483684 435313205
783337969 919480534
78914026 127700577
623316077 789563128
632386538 813502227
168229414 214094565
295953037 395994017
410752407 542246458
415840089 542606453
268568654 439929988
586583377 624003277
316229041 420514154
304856308 385721572
591735046 638406165
68073831 145683199
646282888 987386914
65903726 166608719
623867036 745001430
633504388 782864972
798617796 946716251
30458684 72634678
280988090 444966666
313482799 418784874
362270360 410066174
89113650 162602557
452879677 544997357
669610357 883268708
109432001 223756159
110682706 259844314
63753985 179128597
623416184 716652731
620736218 754816286
71734198 98308807
90692783 171766440
70125223 164493950
14789948 71144256
812650828 889239566
150319677 206114009
55670929 63934033
75230946 92915665
578235961 686793877
77387028 102812369
629164095 738475486
70192178 142557091
248707827 429685340
641150317 964288736
227046339 334798272
546394619 578730369
260565942 423334298
705384981 828963985
545620673 579096431
485886396 543556745
780660054 910755098
61327554 82896130
627628141 720466256
774428020 868956192
568356642 583960077
559676365 588026690
727666004 965221346
144675891 215618546
620149179 797353457
378699625 544602535
407735270 542324936
610303954 654325817
167147779 252191360
623470155 662534624
130774385 249727339
215346929 356528396
226449151 295313238
76911668 162897754
492310557 543817447
34812763 87932690
510403599 544894972
624667436 797027410
772301507 915419256
554334321 573625687
213336463 312780340
210921240 353336168
366462369 446740973
547206105 572273823
32982842 71753595
788494482 962942990
595470184 685206339
23699439 82337538
85632299 138867911
222851134 305261218
571433142 724997557
688525990 950047914
631895327 726375374
530621749 542181529
428548998 544779552
577417919 700725428
549757022 622750957
309840255 397222920
238293619 293448983
670281745 978769406
772863685 987009021
497384570 545071352
602442500 715498545
2970025 80507921
568559306 585303156
210359494 300244254
746481481 929803498
47165434 77485438
578972183 695026606
799384447 860468937
477088453 544749615
268721458 453265997
292913930 433617584
222995158 334607265
769763607 927698133
387134571 544957730
644929231 900662599
235496329 318678704
794747308 985678406
63411216 177237155
53485393 82744106
576953887 712271060
217480780 246389249
571861438 667709564
157353518 209540899
758220475 818966113
583193260 642179350
726114533 820326794
460867515 543708011
214093827 252531466
142315132 245802368
140970825 268726194
86959678 151966772
237019699 337340107
110633730 210880480
216058581 286302208
83284626 93358680
226123207 290025408
89882912 173669961
788476018 977251903
341328384 412438562
237218544 268557509
207696278 335509264
654684176 857795148
542965165 577136865
216031198 283856512
560474250 571233648
620905829 735962758
292143678 387841992
71364300 136390256
563327344 581512059
552697862 596662794
568399612 613419299
278848502 450570847
78312268 177352914
148310961 252062377
291127713 411842066
1059636 81642400
23069307 62778051
668796736 888060423
76776603 146453246
237059099 340831473
73402015 100369941
745183274 819268760
558792839 611798816
592346092 644162049
38925122 79964152
234252560 298442030
128835658 209955362
83210794 157730736
152899846 261109343
686581145 977771932
33843068 65136810
129780274 256385628
568740561 618642705
80839876 147358650
36045253 72797996
18385645 63925859
566307025 574582563
728437112 903163216
595665034 614635358
536427992 542849225
232924588 311637833
632231633 720764533
221373009 241371442
762091626 994611824
324896326 409491779
232228254 278246881
593995625 637961909
368171051 386563999
74444692 154472119
205608478 240612207
501115099 543457946
320006343 421429507
702033467 949195936
209201247 270478326
21196232 62277962
555742681 627121670
631491239 643273560
57764315 72436615
615320780 696599910
487116638 542971252
708009587 872629267
98550499 253936508
69434252 175057395
393905252 544208938
576179650 670072413
565518756 596991418
14160807 82575757
10220650 88352187
413130658 542495485
261039985 411012974
585150065 691823729
756336659 963182519
219056110 260466174
210107513 305231388
148463295 244782922
580772252 639420979
441975182 543525161
359711629 389622971
565481224 591669954
568844365 601165686
625114443 794146397
102192699 243646331
66410772 121988620
221479133 280617718
612505157 642818436
284060288 419082324
206599077 324637575
262198824 390249261
351928855 411057866
9974849 71795282
700466430 819216036
330342678 379857247
398756495 545376197
87594011 171388931
617698933 756962756
76477414 113937637
457407130 545273679
211225437 279111708
234266632 300742103
237219837 292543963
584777749 681277288
203738158 266544440
693340744 894432020
445943059 541762078
763844251 967283252
315943279 445892117
292671432 407321057
316353255 444735798
689192794 942626488
242895997 404589689
619201567 756554566
18821412 74687803
761806000 869333153
567207991 623800209
690761679 843208341
397860890 543491167
633028405 664675163
274654510 436680616
21252251 74081148
553184213 619670580
77896966 92648457
211991051 300358867
611812974 665977708
43262951 81432710
81804282 106533712
32560553 75374564
405218150 543111185
606378051 712315215
696847189 867752303
190383756 246201458
636019327 671043556
77134622 146752659
229186175 272943244
19289110 68431805
428298810 543713058
429155737 543829508
87128896 152570773
581854763 649436252
143340977 218728161
576857199 612280508
125534623 228105008
682440069 866055410
778828606 918488516
218222794 341959438
626909827 706048493
170538267 233238360
580344017 718829130
212536675 291088186
337002102 385470480
70485346 103652764
595443247 624703744
516181015 544894533
83868226 127546353
618725159 740590827
577563959 711152868
562451906 613013874
208123915 313463539
64560326 179318941
617257172 737231801
599170993 720012827
562394416 604005040
24400095 69371433
446840938 543825620
590428674 698288860
439081994 543835890
25973098 73163093
614999184 686279864
65395216 162789418
193401626 227590737
555805269 590866792
417974969 543436176
566723626 627601985
733646615 924580467
407766526 541894137
69460679 162606159
504767474 542541355
212354210 351282130
571420194 623549842
212757339 297518970
776762696 968511221
546853586 574152590
14684119 88389676
41479123 84158355
544231359 585555040
284111370 407003928
514464562 542169703
618387664 756901907
42290811 72850378
635849085 681335582
225695894 300510406
587067509 651573912
82196811 94549134
611501796 734783352
346893006 452277842
702909466 945485032
7615916 62496595
772582758 939328162
54445919 82572196
53553298 88244017
77047723 145293023
559505915 630517123
618352649 760014373
500090537 543368186
631966900 752442345
74804711 111053271
43769089 72489785
374338195 542019767
473925520 542565262
307389606 447766734
28287501 69012448
252589294 386602565
200138405 242530716
76239806 161531593
90872131 127903203
46536667 86641412
9502541 64028945
603626125 642084656
83697672 162402685
553896283 587332805
137761607 220658528
786199859 918387831
14708683 82624801
359179134 416029996
66570862 130789634
211462985 331073637
70949636 151885334
331359454 381363539
423729432 542548873
90461049 168966522
57861550 89170765
89247520 157167671
673863001 850207291
610303236 794462076
73777933 108270711
577897721 691239693
31022719 73625857
619958908 641657754
597324844 689091566
257436871 441024227
395665876 541807387
79418833 135247759
547917360 617583820
808125816 884220495
81589032 180372953
587223813 635905416
587784693 724847795
89662525 175622512
161242127 263148956
136291064 260766015
89162359 105887540
219948987 349147731
42043439 74401903
561914858 569688068
236482640 314891987
167583449 206306165
452438625 543566942
53960171 74891523
318539460 377624357
551572240 576519754
579599803 656139168
120979691 236538102
224855726 262104230
156011226 266531952
642788198 957533778
229736919 246695424
735653795 862018648
689656923 921274709
560711230 580082137
496088471 543385350
2778048 73653713
610348973 684945307
12088962 67790753
18144250 67647330
84526450 103229834
629790916 742932734
616685803 681237900
207342257 311785356
59899504 68646972
74776101 160175471
621016294 776567808
475086278 543488255
165458610 227179072
783711086 972256747
62671505 128063958
601711696 699978551
598220856 636750609
546483141 594625423
603895635 709730089
25455466 76122718
549805041 590266082
212876481 351509236
155283891 251003166
211828795 280267870
269869197 402880205
43296139 68293817
206824179 356233253
234334998 262969117
338277631 405190014
348194320 391882750
485202534 544713442
6828759 72737456
567158711 609068389
316179903 399085711
78289747 138744665
206931268 282756943
15202728 79921136
670470757 918242329
173842409 231599981
367296025 430094776
730079101 951213947
76486407 172666608
741594987 921121750
62388223 143720423
624234589 761020883
635560944 721881822
263457327 438722669
145432017 240184448
130502677 224801941
560592114 596337035
213566455 341095812
215347274 316024385
559017262 611313398
547972649 604795581
94687153 222953448
258500085 414846330
179948675 240634245
83358055 119662800
81984277 97507677
611940476 667991867
66331088 156898554
599697816 673012259
631781223 747303857
587697992 708825828
738829540 933691462
229052371 295823225
219987318 335564468
283964937 422413243
582933660 679344245
671671145 888674275
544216304 590136497
275594922 394116091
506053621 544386785
223154102 288972797
206499191 281207327
53394463 85170237
319296941 397037161
576024554 609808476
372671171 378144873
64582683 124223271
595464820 702770147
391170284 543887363
455190289 545292560
632554344 659202442
37812251 69669721
581578287 713493321
374923464 544537276
194736232 209025163
619989580 666230173
563901619 582617440
272727725 445233828
188287813 259043607
49813207 75639010
179619346 244593865
110887048 212736275
552825803 610534701
616530435 681662789
170616313 264443368
284924518 397878288
590254488 682545716
675550108 854133635
738927732 893727795
232227830 301031420
82563489 150243635
620237984 779362335
332177218 391791839
419432266 542880807
168195440 233457801
219846941 245786660
528181569 545045692
77628790 130612190
417346723 542233171
348546817 396750875
548329186 605282407
211025281 239981015
604037618 725622648
237135599 301792871
69481500 129368856
677927170 996528768
86866138 105983158
627842086 730655419
75356297 165894566
351956521 396578362
600577440 700064083
89028979 104320529
56312888 88573245
636020208 774895682
127606025 229146167
551250227 616949459
743806632 982020817
587962542 642885408
90774002 99328415
634033721 712613930
95613872 242724206
18678932 88395980
81595635 136061621
618352256 815947545
568592332 627399586
189390472 255571085
14706651 81926489
220920659 295801540
64440728 181781655
220397623 254658875
19101720 82049719
548055090 591996119
76999562 133314694
541849567 628259537
554827918 623045304
554921836 616217332
575045926 690282967
448178394 543798149
293260532 407331186
557145005 595854812
602362560 661844893
257737540 389727019
520761201 544125344
628753253 753522408
197567306 212436727
543288268 581002733
564752056 611037780
517294444 545250783
707989841 919755386
446964535 542658860
304587118 435064794
319127329 373339986
453562377 544351244
26822973 73562063
426259611 541848023
550342202 635201848
635994790 662246108
552164112 578955631
687866511 898692873
51107954 78791217
448843475 543591792
621107238 749185945
91938018 171065861
90779968 113641205
286447708 373404730
704106293 874902389
591645714 615818670
546946589 622171295
418313746 543032171
631417647 724744375
579436581 635579991
173904507 237673707
103549114 221685850
474953096 543066562
609870051 709163982
584643712 672361661
40909086 77688757
635618433 708279051
716627295 977883367
500924363 542369091
543571764 594890448
60218495 88528475
571379215 698245294
592128080 637865931
605037370 619877253
806760224 975708222
64276699 92877960
595239588 672330434
73590893 144854935
774663067 825082823
69415311 142373955
621556867 689993719
523169003 543089512
789622071 923876849
562341853 636083907
569980968 654269640
676775540 814470633
94954519 216730484
55143742 78780571
550514866 589921480
227898714 363392404
151050779 243349423
483669311 543256200
605489658 682372592
340560256 437921849
77147365 176731606
611873381 711973897
143546646 251975300
564971357 620579040
73505713 112010657
559477755 582111202
228897837 335241144
73612519 154964095
564869594 603817598
760717835 954331303
623503931 658670171
236347518 327711200
168704064 217563676
341306415 432408718
161103711 235041483
276833921 395546357
211476807 260555088
56571570 65369895
54462514 82916770
47238574 84966245
600770449 669596491
563659785 594408965
110229771 214852100
290085258 379174431
96640035 207662616
1915039 82993081
808450127 879901468
451041670 541989200
616222930 767063602
238224837 248145447
633044877 649668174
575388137 649552153
14913945 67438590
55424510 75854175
740467799 828652908
563969642 600158651
646045157 985067527
225057375 307299478
206799111 302998174
70953311 94962874
545356982 616791359
810838769 896164506
589523422 613934076
779987747 857199650
159866189 208510128
17528465 77025491
4989136 62616580
227442551 239686428
358089679 449967450
80300215 114628242
9662423 81775681
605442439 685532207
453668514 544685601
305867400 440222667
578099061 686223692
517383024 542364874
9906049 83844561
630808936 779114157
586021585 699025389
572240836 684837693
395906655 544173164
55329635 65520747
281438329 440569251
611555867 684818024
64251768 133108218
140230565 255847753
446342713 542217835
207949828 271743027
610760979 727499492
598669381 723725364
663818667 863149424
618529568 702151232
246436122 392872461
680605110 869454245
234011598 305293496
640624630 835757038
43875325 85877267
216192757 275543709
558765785 634561820
584212589 677758706
69638423 155620157
54207694 83329950
601927741 725077648
702886712 917512055
566968467 632949746
564375798 573078109
627292294 676715841
623277455 795906198
728048799 953098136
530860270 542992080
335338336 431117882
750509236 949206674
32899246 71312380
540416902 543228574
580469022 648575272
578744852 714473628
1411766 67417435
565501900 606881011
136587196 269168019
83452184 118181626
209804782 353212122
561440726 575660989
35009247 81624308
510483684 541940555
751091062 844684420
10884307 88731941
119385761 266982620
346011856 434749733
567197646 634329872
747505269 856822320
183248084 256597143
580281520 698792349
86040474 161886526
63404252 134711770
276418098 387762326
606715844 631123960
378495513 542572435
207743892 286721440
175559992 254256999
177717853 257113956
608027023 618025360
52205425 83356935
615812475 685078324
568908938 634641016
90170639 159117169
78303835 147602604
703874879 838615884
562157235 607962988
696576241 958341982
628875144 684411095
561812143 631620383
168555738 259679696
614658270 701915300
116312902 243095964
114740831 245571171
29574701 72113184
558125982 600568548
617776735 696075538
772079515 888346939
521094055 544905604
423824717 544000675
237531401 241707893
532454146 543667094
695369924 946552795
227579663 310320977
181698258 233299468
323501111 439098655
71697853 134812958
51670573 78137510
593201448 697144875
163467512 226075982
81900851 167446113
229278515 290527386
262359579 377561192
591947406 641312298
237589157 323990938
615708857 650489355
557198241 611794011
173591981 262988386
692423109 838853614
708065414 894657586
395412585 543309191
480268461 543852305
573557959 698091972
85482754 172069468
349682495 401049358
710011328 899135911
577644405 670345443
66145101 178854258
615176373 660529865
183407038 215098789
796492006 842563456
324195748 447330359
630217846 706270830
335049921 401255143
601824415 714231392
155228674 249833779
627727109 673786098
620393980 813277675
86563378 143726501
630874129 662207870
687108192 864173190
264986927 409091762
237676871 255957727
3237354 85424585
111884383 264959696
76185128 124181658
753555665 903896862
611675067 715231585
565542087 585679508
14061346 71491057
544254845 571800902
474557645 545049652
404757588 544262362
198603037 231389738
228616926 312000261
312918515 414109516
602921056 639957108
78513291 104794659
560566655 602212406
628530893 762678559
371285295 435475687
559943325 617900441
616441488 731579963
603253757 689161090
17302586 70862340
66376631 134950125
576708086 644186956
482368535 543514841
564684767 610929245
289931537 400401114
77213340 115950111
581364850 636338467
586827899 636892775
366020171 443477073
207937783 325238423
240790258 417929782
66867321 176766635
559416984 572998137
627245458 648952347
604540525 669461864
210707551 268575310
662922922 976545183
219296585 319041997
251446843 377786590
32732388 74214364
543634818 569486758
215345462 247616065
209852685 259357302
116781236 234477621
82571288 154052921
592730212 614078129
456115250 543709090
676054232 899326801
36133018 74681305
223082261 344516191
172103820 256178914
604921467 687623280
604154563 638963405
303434179 373158991
168250643 239600097
360925603 411579095
630448796 696002059
49081768 86586560
534777204 544845344
523753378 545173918
617102611 645254059
331615114 417426560
82907790 122188208
626094990 640529718
45281415 78063465
580685642 642945234
611876765 730854664
