1000
501935907 525017204
20771574 67476313
828642870 879321313
483246527 522164538
1428558 46485831
865515261 871258441
764385691 807789072
865603844 929446019
411863510 472567344
561113338 575074733
119377931 189931900
435086153 475681313
437190698 470978805
865594715 875660505
623446688 699689519
53700258 85044246
701684391 761874192
624080229 704508779
568130039 665384777
50179544 125222147
91601594 190462107
361829927 392892172
491831981 523636180
236668893 241779075
264569874 331160417
547230734 605392437
826908093 887724720
550104180 609122087
767083030 789797097
520873357 555968614
865508867 904893663
227383487 235970693
182303809 190398166
214693767 234005325
544399450 604882994
772546322 808926965
40158012 105896488
491648161 513879518
1480944 13187421
33728890 67790724
45669311 82571821
728858395 761419970
255256328 332906599
548125021 571811830
60130496 63938719
865579081 882223463
348313362 370454477
13400177 63882269
359933171 401089538
1081555 29359003
538880606 566666038
826402738 901476676
838493196 900045293
494266102 510534826
492649334 510813318
343007886 363091992
354812355 362319551
22112967 88146313
573063563 585397397
192408416 234637334
190026 17685555
255431707 332638633
561236221 655333017
741532095 761706159
862310280 901911698
865511480 950605063
93048782 190251044
507298027 532719624
140206342 190395576
865580933 892786979
865586836 877663181
363133835 372709510
17466053 49307754
566215440 646197721
146114 42451313
1800973 5713356
237560484 243413223
535378255 591996194
356852313 399107634
790469579 846195885
628447668 689492018
626904187 705191275
406567757 473150087
821562695 836814288
539034079 615614284
401737570 471549075
238476117 265686713
361762334 393732020
325236676 331990320
4704497 69791238
528233936 550665438
506613643 539154767
359447562 367830883
353073595 379093835
835237165 902339428
496269361 504040708
514284021 541276188
34197657 75643131
350818189 367903932
234441158 241465959
548542252 612524151
695582878 761545983
449001450 474164410
370492901 472330801
610356870 707839700
865600708 920199709
348360988 374537674
556078667 585571316
236007911 277954606
234674692 248947423
332915038 372657217
200542047 237943438
631271766 704732649
658376041 684400597
52341316 75754092
493352887 510218989
238703125 250971583
53236477 62902929
1992657 46678219
357643654 395014697
431105 41302256
360456922 424348033
530361649 609411377
239855182 267903326
210486532 234300841
516254730 564379535
453998468 474232645
562080396 602280715
1673164 9940619
356794029 415598551
506122288 544147570
778471323 846830883
478046343 502551376
557136222 589958554
358845949 405452515
528373043 589179101
425200190 468781929
338955232 372182598
347604000 366482499
437310669 469871869
865520146 933821424
531585415 548924099
637353569 689388753
139762820 190116320
34843669 38706400
865597082 898941572
359896871 425404753
774355871 782039195
363162495 375540699
361604413 407044564
812644068 843568868
802495111 842170572
346553068 360843086
338357267 360629235
239594324 267742061
771137401 782752078
569029460 659335504
566634531 617769425
278658260 333010851
451086570 469822740
361770930 391061353
810238222 843383269
358005720 421624697
347381841 370577366
831393204 900485603
580571602 698362278
611462295 708968211
202978254 234585968
38952723 68044724
363932655 409825619
865565251 899446882
853522364 904232360
463880966 473141137
572438520 644128842
482610724 507143909
818918553 843162738
503323502 540975537
865504796 903678002
865597766 883025687
332032115 362487537
523428420 564551007
769743255 808824267
90304930 190094853
240118055 249338943
533146696 575106511
555599646 656701212
238842286 267182582
309052132 331939953
536062142 592864094
545975239 594274848
843034887 892398239
170429961 190432948
520501050 558390127
561265010 613410621
786641437 837868529
50065468 78955270
796435719 833097513
433835411 471518148
765322339 780279845
296434755 330807080
1198151 31503599
438399136 474180360
865558172 900224777
1847292 39664162
788300815 855195831
44704922 87650797
547967532 610564579
31091861 61812033
260347518 332457424
534623 32122143
325152500 332516874
495646697 507109645
71126688 190022739
150917521 189978192
767097023 792040290
107538301 190272141
586310305 692254200
486277996 516103327
350300626 358985919
507117745 535174881
892160 28406045
770009801 784627778
344237743 373475986
376940 46017689
358920038 416003559
502273092 554859386
560370453 581323346
566948020 663036629
798085923 856101555
358721298 400541818
253622792 331052547
857683256 896986927
157597643 190433003
759491685 761745030
538163588 565866298
754954345 761506019
301186876 332977020
772774188 782654556
17529507 87980675
458973 23183257
471335904 509106525
501302090 504799894
865591626 874353424
430782463 471815526
612561519 690536086
207264160 237107399
558314419 604610585
841531475 879009670
528127084 553806887
208050013 236100315
363698739 365596775
865589716 884605033
689637397 761487302
373099125 475477342
362763150 393734422
763945708 793437247
865511004 931636421
497646713 514419541
779071540 842004677
331923109 379088719
360336743 409912456
544585137 596433403
340717324 360765353
337099157 374993948
195175461 237903087
17272342 81141296
285278943 332872570
330212092 367538796
2115175 46099239
351713689 367961190
359907114 384509563
1113102 25620151
789805025 826602195
165138 44694868
554342800 590044273
224115990 234240285
792993948 834533635
359023049 414739343
358458197 401044042
528128070 561748316
48101640 69062286
434116830 471357369
799180567 837009853
513725243 557939958
43762079 130870338
500760645 518346343
774281771 798267288
770099481 784687447
360779067 375029250
520583288 567042794
462453588 472938887
861581288 899836770
31339273 53683056
722491381 761700828
347031849 364548328
359131591 366543434
640236286 691870702
473292371 504634949
332684623 378253798
325955150 329279740
167221506 190394858
767594348 791846482
480517740 520062884
725640958 761316182
865536348 934904857
586503080 692308325
539382735 615149942
796626472 852962616
247318473 331807988
539406862 581263377
205296503 234249883
276477382 331281838
864474907 876103027
549688815 665373352
562790754 648979305
135112897 189956570
763065723 806597886
771431442 800173504
499081975 518203401
350002279 373440475
779367438 839879295
236335895 282440508
497130139 521207020
47886264 128907172
571998290 588288745
393834936 469318149
592053631 710862487
817866695 844869053
433265660 471414179
236240285 271559346
471103 32955749
499368632 507944091
737511744 761342730
45277003 135480099
780892716 854786156
1207424 34469200
804994113 835668073
829397475 902376656
380571954 471265995
105986414 190082578
786734868 856093266
362047858 398309330
564364126 590076838
770134468 796109503
560407807 605931469
237025477 249475510
553177184 664676788
418745052 474751241
234586538 281024676
790061629 841748377
588650514 712615140
11189044 39961916
789372647 853169254
793592692 825230773
1399986 15121591
39054832 70097424
345069311 359049493
491453 24181410
658041015 689060422
780039065 829117481
359912660 375168224
29427053 43935603
115023 42242873
841725466 884280423
770701645 791387760
480295654 523609453
190087285 235280705
19736158 75160008
865604846 930036027
764057239 784234269
865519955 892709169
482774973 503758911
580660566 704343424
778530562 828433979
361678670 421682667
27379638 83226662
584032285 708034434
771057019 785992521
165883643 190032173
865599505 930637007
564303201 610779384
240588321 255337589
344574000 377133508
755227141 761833434
357512908 404921184
202178878 234439378
812664208 847482197
93464374 190257197
474959139 511679007
603123297 705485029
754978836 761789178
497969203 515403417
565295182 662588784
539648925 604127295
596726570 671089286
123127048 190363611
357671315 390754905
557977559 656275075
589232763 671514159
29428236 51410848
325649794 330939679
835488600 893697460
505769981 565587198
359566172 368061758
266449811 330456278
838640 41666431
573525077 625422624
774810111 792905571
53589600 119841825
524050457 546235765
352731415 362124596
270915904 331242796
641093672 669660806
35141435 80001750
361535856 375424372
237317151 250960724
344197318 368356404
709162999 761895186
324350566 330590200
566410795 615888889
476775311 513455798
763981088 792178621
520811243 570004974
354121400 360339251
687395770 761369783
483525937 508114487
27390614 85102156
539979799 596564728
362638535 404014595
269661557 331489027
2177727 20084945
265772727 332684636
193101931 234726642
768777200 807761903
70090757 190083336
855575416 865502385
235710479 257755351
709486016 761373491
670475246 761462332
480488466 508549406
824599 4128770
117299027 190016522
322260865 330312203
848360560 888276448
536513115 589861470
689667499 761426278
764113644 804470716
519374783 548550480
511616868 536636722
747676421 761507483
363633382 424127936
565666797 624507664
802151503 857089347
105776957 190041530
865534442 910744788
531330294 604151098
859755671 890150446
855532790 902988303
470100212 512641081
355729866 375520950
562267354 632322326
238666289 263324373
865561854 932185171
192302819 235463806
816957317 842304244
100317816 189990103
850341041 868183753
9204877 79890699
480926631 504778439
444939006 474830562
358923503 423473320
234588031 269865195
709430793 761785353
523859180 543123882
1914411 3190704
358239172 426743161
52016108 114319756
515567641 562989797
834062075 888207004
356827411 406246586
235234321 282613882
332147017 360016963
471231038 507186293
477624176 509449800
360003593 413186637
836869400 877834487
716951160 761731271
237535219 266085119
357939522 376114285
218712436 234489572
200169679 234449293
508169801 561435590
761709555 794023487
169527 14573026
554896853 658314740
490366049 508893759
404144874 476143281
844947731 876079687
865568204 931130439
865571963 914784533
763469273 776371872
525625229 563293240
354551681 380563809
536514921 575998993
192567999 235624228
2191298 2460666
1783176 29208312
359873804 403814601
360396997 391959964
284750393 331043993
865506457 923522622
576870355 698815064
46122125 132623089
566698423 576727401
196806077 234735204
357306037 371406415
362676801 414982142
668426402 679494865
865604261 933699798
2464622 87649855
761161927 761531261
521469987 557267070
537919146 548407000
38861803 69639286
210534300 235374816
362129934 394209487
596293927 680095737
282823371 330736021
402226 21161400
841149202 899697077
728361740 761527175
603625116 672265626
555195566 655344954
539002183 566096940
1111656 6626428
851969336 899706279
545647091 557930913
576221654 689155097
246727601 330824124
850882208 903834023
14013622 87414084
347139108 368660902
477127496 515474434
301773601 329637340
363706153 406535203
523126343 566814976
361922407 421538306
703779965 761837790
542428108 605134725
853914737 895962711
568209672 582997699
522141738 531381236
205706 42423271
832743390 866390348
531530341 573679809
423539185 471837840
831311446 904580831
540412088 587490770
1610405 6789478
865096611 897111997
724670764 761805763
521928958 540859389
569281454 630457752
447206517 470041851
318022842 328590617
199440099 237738793
492269188 501821883
768550885 790333285
213295362 235150195
7601972 82074889
138598757 190067394
769213368 784801975
240539141 254357213
239369378 272811773
359697392 420158139
13633690 85059677
204721428 235549336
451385353 475448092
830445641 875420299
690591247 761818391
865585542 925206419
830831720 904468285
118218579 190436443
91633759 189944855
400729677 475225875
855426314 866130875
857489182 868780690
182198871 189956281
532036581 606022121
411752652 476024177
238650933 250068971
664645156 679470811
713513190 761857499
521004960 535543758
312447132 328907785
355933941 357763664
521567279 566439856
798602777 827333410
490677954 508005839
62022646 108908454
840711436 889283005
563377641 653377720
483975984 519183222
802542066 825351302
348080870 357457247
341157891 370450180
157502582 190282471
361358246 379295994
240627759 272275301
128283772 190065402
559600508 577598323
262919666 331563144
359765672 372586551
440524689 472370378
361667057 412310219
484223823 520201813
554639832 589723438
54004311 67734739
359398593 422802328
752570261 761735562
764691102 808471446
346402757 374850378
454988045 475008399
634691244 687703931
865561218 935084689
317718055 333016910
478206748 519698060
770146414 782549590
713656883 761669339
137174839 189933344
572952273 577279630
357722195 387914505
569921798 628318045
240909853 245078954
513337582 549360447
536157730 580160817
756749679 761572072
464230993 474211762
471099992 521661623
560972514 649172175
60883792 84140611
834869190 895433036
811984780 843881032
850216996 890489834
536411913 548469229
339985494 366585714
490502789 503068496
241004615 242083561
72779478 190151386
835500184 903986460
59594520 68791472
348742378 365138483
32864350 51311751
353547880 369620510
852122019 897071258
212621390 237601190
51610157 68205966
619423242 674038979
577672269 700150408
521884144 551783273
28692073 54591562
743301950 761614902
42022760 78230764
673489880 761540075
574331809 627204954
8889277 81841366
649153464 674880576
799286984 839632218
445305993 469573693
771106510 778630462
767393179 776796747
1145270 28660291
227873294 234148795
745466079 761389760
554437570 593880536
82778136 190066144
758233419 761869654
821433953 833480432
191936069 236866477
456384039 475795296
557327389 602130428
357709141 418335351
48847762 63285513
409064836 469195911
615986632 695755587
233477855 235197783
465396047 475542631
234744778 248592046
302455504 330301090
545665351 604523471
416365637 475439737
279959203 329848054
372280305 474267378
361246460 406236571
351763818 380576644
745262712 761499620
482890009 503490212
148782680 190024936
519641353 550030276
345793030 356789297
822566857 846155816
1568670 5673668
475664002 513361176
778893716 837824197
865541225 930114166
317448963 330322254
60545464 112128326
768350424 792907284
28131069 92660067
785235034 829939895
239801666 268491793
799296508 830460087
494149604 516585510
499843752 513973934
361527411 394579058
227046156 236857416
640441003 713327705
117613551 190149394
441713668 468878751
519667156 541494151
6975726 80466137
112199568 190295680
688002880 761684037
471013363 509506829
279566810 329188491
750731474 761708942
436813785 472061402
572285200 599294738
1070883 47293182
159041235 190242325
42730258 107951340
485937124 503944327
329439000 370861902
18380474 64467159
804807381 846799735
16598425 87358248
739814183 761755721
536344864 573295909
376008816 473670860
10659362 48653902
363407450 416133312
566100520 578675381
45425624 103354193
770013459 793167486
1865562 25504936
7907372 46615758
570228714 606427354
353285627 362490243
458364695 472182648
865582795 885136559
545682232 601541051
43278414 96184016
496753166 514408055
652176869 692640123
668036122 687851984
846990989 866257626
51015430 99541549
54011413 92915510
225362997 237420414
631579325 688633011
116047149 190170022
498738566 523404153
770387911 783331722
270079533 329398200
242378 20874645
770342959 786248446
396639804 475966739
852599393 904187589
498808861 521333765
642686329 684426099
85959307 190190910
790398847 852719209
771662610 792673720
523768646 535726673
864829028 889024428
441202904 472325213
218782857 235382848
5348039 43144067
261744752 331148301
213078187 233878511
703858835 761437215
769350293 777418805
383191365 470918609
52802996 115156682
813130148 825501691
863825961 885333763
60634199 116036720
538620992 612808382
498478918 517299006
100139818 190054864
802895 43428946
573873279 653100702
538682776 574216190
735427923 761879763
228651970 237761362
516211076 561884753
562767435 610749595
219103478 235144027
158997748 190409300
523188600 562673525
696360901 761573488
35774552 60655975
771145201 784819262
695616271 761342609
226572024 235674589
515375590 565924954
47111166 114670145
310537450 331426537
585687205 687946483
865538959 872525949
548540021 649901907
620594430 697963986
349902683 362824466
865506092 877815950
764709257 780583355
234028990 243444279
564367515 666324300
237211436 258789610
685046815 761485238
349276944 363688257
237522816 274303708
8317832 93900305
236029804 272842878
263473875 332298478
357774372 388549828
514803234 554177231
346762146 365548853
566114789 581793776
228889258 237768077
505213911 546834968
865512992 876148689
683168685 761373109
170543503 190032061
801535243 844828985
460800247 471163897
235171215 247103786
274921960 332151219
768208484 799466742
523177455 556498961
685637856 761788254
358153159 424629579
338668678 360396801
61530773 122490725
50856137 74060445
240755934 279861919
695976980 761407991
60384553 86647399
860827797 872651417
18162575 82460277
1804971 22751317
470749772 502368806
839941068 888449359
698955004 761841298
419487831 473582701
403554802 472984482
371581178 473984548
133939153 190386057
479942488 512286598
238529029 259361955
487860834 506564695
1637983 5964764
660019815 697428750
35899967 38588143
354761379 364564102
28849915 62455371
53388387 64617224
239749618 253989508
447422630 472753661
665545168 701372752
801737052 846742399
674289707 761459036
503347766 553002196
255414979 328608123
111734146 190152004
522118822 531675151
245423779 333160489
109914449 190095643
349875838 366817212
568779142 643108180
865594146 903037025
3381208 61553684
240839141 250266356
123720562 189968042
726616634 761546825
358401721 404803930
217631019 235985066
44064446 83182929
532467568 608563748
49032393 101019831
865526751 882342379
558115568 632267914
648613334 675620187
865530317 904477644
288606976 329247831
756944017 761720696
589125402 687292249
736607335 761596904
865590206 925659075
819601726 841869651
326113979 329909621
62013386 71900198
437362559 474318877
197356141 236550462
8634897 94511177
865536424 930658050
461133151 474140631
846493040 871167910
773743919 791513731
510776286 553560091
125405 8003404
762577699 782206649
238111029 261923470
865569479 915261436
822153352 836465098
681428206 761842278
865602994 916568410
661081005 674438686
300360434 330227980
338440673 380141493
7553471 65603572
611211025 713448452
1618090 46353355
30251703 46467392
747347957 761715050
583298328 710044111
358073304 420901516
33985233 61070226
56009776 132667406
612265634 670935020
841984223 877038086
1889011 12314303
518653338 546041558
518284778 542922644
668945759 702022781
332712373 374649992
597499474 676113903
357632427 387798195
475158274 501759214
602863180 698218064
234890943 264324057
380461484 470736757
865504830 935607037
580471504 677483401
825299232 869282322
612379183 689543303
441273724 473027041
238995921 246190150
360907807 402441660
777732493 852387227
483366247 506439764
361549063 397250049
454277283 473129602
517135669 528043821
497464268 507494894
864795569 866844525
840647231 885819344
43558966 98090421
710279637 761850978
479018035 509931716
1126828 20562177
537639021 587259054
538240644 617858673
744352809 761404997
710692574 761693750
51730931 130790223
482691087 520614395
774062423 807060895
355392356 367807259
865575396 874357794
344610855 360899803
781814967 841384106
861025106 870091187
422313078 470233863
573345496 625627845
561237198 632552998
546923499 612527953
542941458 587816661
834104225 866999238
522865976 547560748
232963063 234461395
240192794 271159920
221817481 234343420
470715665 509995434
376386245 472931067
769516130 808020732
647779306 711501435
659196962 691369767
813067107 850371883
865571260 866014924
523592432 558305758
559937255 606330011
45388560 93706501
52566984 91872564
226105888 236705978
236491759 267565333
542217555 585306635
663560063 687826411
752466629 761539848
547311427 613963598
293867410 332621970
