1000
3738065 119812024
956757757 994281352
574814847 647830792
242162022 448025790
811224232 991326069
556052840 656181804
3572067 92841502
142816 72731046
570750869 656568401
809904044 993995891
90267 95162945
592390015 664856485
103254447 283147459
4223830 142864178
642706855 662997714
823439966 989003730
2874139 33399884
827081586 999450291
456342941 648565362
2308389 97144706
277093778 472755645
145287213 185514127
469439360 647321790
283604074 499728678
569527230 661660501
428208822 664424553
551399521 652868671
1410512 126937956
108586341 188534214
387802085 448911131
507419894 665408622
940691258 998719395
901531515 995261255
182278464 436891007
537991 15678520
3049546 136175717
2997342 17989634
4001266 97043656
547385734 652711289
2804299 11305926
92446431 294884475
756581895 997959400
514064506 659428911
448580014 660100539
853290080 993297824
678099047 992502757
179683130 493758805
287216278 479806570
641583224 656195597
722760879 994666943
377240236 444235320
362545831 485849229
527073751 657448276
481446549 654207786
547078279 654870732
239352740 472041536
42275310 179012621
444732874 650041275
81755633 163623006
84218533 222835295
4310225 131061247
451294993 664933872
114414 49998206
54796119 206972894
450921037 663005972
168041056 485041396
287720030 496667570
419773 138293187
224241256 479197621
3978371 79793525
67444249 223444706
98709640 291229065
897044420 988298604
4074757 122895659
253655470 465364837
109533421 304117098
3722890 132959149
205776238 498733519
596072104 657847060
82477592 161511867
517714484 656979415
859856048 993397317
521548259 657110892
127117496 289758881
72332783 195927527
653224571 997961171
41712612 307759252
508355111 653437842
69831540 155686881
25784171 327247571
38482500 281336858
686547048 989236855
3867338 160167327
137977065 173895501
659481469 992973473
320603 43154053
6887912 149041964
983678233 995473110
326059905 419708674
2172881 74237694
170354515 461509321
276402493 465539042
1674078 133029732
523592623 659121678
431626814 658731220
172589909 489570015
42498600 255800581
397604413 484825741
362334583 479406048
119357093 312912480
324728194 488566991
297930376 451755526
21653618 179139486
709433132 992386918
901132294 988467221
452284951 647390808
576136422 665911753
281031592 475946840
936292005 994371110
802496226 990527109
324934631 496867543
71092588 174165371
471236832 656692260
584473674 661547046
2769734 163959739
843011846 996014285
128951361 196489060
943163129 988405833
667172283 997759122
2268001 142420884
453014506 664653128
128442152 163248400
4002675 70637967
975193994 991384762
3820364 51782408
101893424 246290903
844023771 994811957
522493714 654065993
4559287 18016140
102008372 202046876
1078551 117677525
580237509 654924373
3453884 27685498
433358232 661778806
73569427 202423511
102846629 216282166
771712476 997263191
543563863 662858032
103721543 323568428
93233866 222118065
531789061 661423111
984157582 996717611
386126096 445945348
12757031 302551885
640281 73714648
96622303 227842226
519311547 651084257
285762696 448562315
475778104 655872299
61510730 312195186
22989237 312979021
553305825 651413227
230817432 491258865
272390303 457944200
721633181 991334505
3731842 89377088
506408516 651687688
57810985 224500034
390546 39388073
612293755 647272058
85614644 205249001
816444263 997123577
830136632 993424740
16960670 325629169
850199569 995701329
1234327 162344269
819879182 991616668
2236974 105232521
579003992 663422268
662666264 988440042
1911036 16808206
403258808 466175704
708711 128808822
658892605 989684007
1230681 40827080
746937 68512676
759355208 992073114
488667596 651356334
159397911 441601292
351813 156858219
45399122 272608503
151945374 496036455
225072702 445222740
417270579 446319037
518636029 665042677
325756651 480535638
863720405 997516069
145035917 273709088
643308003 646999141
714476661 991571634
563491293 660230496
33533999 261205035
700861048 991243487
446135536 648460590
845328655 988287369
366087479 475303455
149690409 457569733
1650820 97361141
2456133 72373811
581473575 666268088
803789132 996566171
314165736 469305704
864145978 988854653
108105826 248971116
61850594 185329272
918458167 992436435
641068021 647808578
661638112 993472593
53986079 168237120
495197156 654270528
4068111 32568302
57574639 212633163
561233184 647259020
4153404 90052251
2386098 98891859
133361416 310686066
47141015 333108030
965617916 991243889
359170181 446478720
90941040 173351082
1122288 114388154
625587447 652268031
96326 143010776
4213037 133478446
797174079 999317918
66963485 261890254
58873882 208143330
553056829 661064439
326749418 484109328
886317233 992875435
534935693 660000194
206029073 470980644
158890 6408189
14931796 229424767
552549457 658490422
879243978 994982795
1917797 58054980
733843504 996735849
933420455 995709217
2197362 61399787
541493274 653062272
705236491 988989077
4529059 38454473
558064803 652137789
951025722 990266249
255244568 454312691
70233855 207856998
521515499 659287306
3944598 24118165
375982457 439912415
465507819 662036816
113844681 254859532
886085448 998174446
1653224 9575479
29937973 255903771
279618497 442402839
111258565 217184298
747901637 999677182
373235794 482280186
561769348 662841742
722621008 988969612
360394283 490071361
244837 51039304
771661407 991674038
200337757 483824631
929651289 992665253
516648164 655511837
3189387 67695234
3213828 86876838
2741593 20668481
340155494 437329582
3542094 124247678
456785076 655624368
373129672 496375652
581522320 660341095
2960333 151774622
678696237 990175191
64373658 243921729
31224 37185190
586622303 663704953
80714720 283762400
583881015 658560398
670832137 989933101
961846091 989258210
186646861 488291565
1510230 28144621
504367 33731085
187703741 476279614
66548736 266236354
93605499 189288372
3692392 33062971
272091181 477532929
407867143 441841136
986457577 998412516
101897879 301547382
829410733 998645782
1181057 132815075
951743528 989831612
268325658 499273994
348310169 475869307
119806717 305009429
497657735 649763612
927270183 993415764
242319976 473363921
69413194 268032027
739573 98879514
903197590 990826383
391481205 482225022
923831255 997227116
774895662 994257852
944517409 988216861
225158305 433606729
864361651 991213120
670220558 989594608
593241063 653114531
471209343 660104585
635603388 655214604
590546479 648548073
111940191 191444664
2753741 102444311
1126386 87966558
317867412 468857453
103378960 195179357
732636798 997191124
591727911 658927667
440704481 664385491
763538199 992342499
116995225 169985263
617232840 654167881
2540132 55885758
127174919 228103429
3888435 137618593
29681969 271210113
110614566 273371664
85774840 192956305
90363770 316197212
500673670 658876515
443637316 663701741
367005576 454195373
4057901 64224568
105608872 298120546
547282269 649281402
355541197 424992021
902141538 989570092
1811280 78284037
340178956 456141675
41532554 248128781
604951245 653000333
249251184 438845329
3141561 126477705
819760309 994994257
111335720 314401908
37928115 302300027
384297952 454405000
261543665 491270366
585072123 660112664
545136457 654606453
901759460 996724912
547600693 650842364
44688665 204004654
655618923 997194395
587928269 652462588
153608622 478091078
791546143 991142994
3439942 117199666
351242089 448563746
290241774 489811197
4216378 149834475
209505361 425156747
498812567 653059393
123741747 199721159
326129510 486054505
3270942 140005964
215480100 434350839
507168005 649356240
720140014 994500040
858748678 994461809
39399300 191397145
15364576 174075583
101448305 210466032
912107664 999599698
721953642 989156954
1314061 30720072
314849249 422614387
736281743 989345932
19634602 197286594
809278565 990243920
793418801 998124871
82501770 219003036
2512388 97780489
245970 144747654
521183699 655910738
437011168 654837072
359326784 470081342
350010644 476058056
3264996 97490660
184857266 442597815
13492917 254355879
491574666 658185389
936161357 988781350
719561554 998672508
867989203 993895421
672797619 991878011
152089960 469493227
257464329 422053262
68654909 283051370
307522490 441931896
3164163 154108994
240370783 424683493
269852961 443531950
312454618 467004756
529099593 654514403
67860817 192637423
494682287 653635550
375582017 461698008
631617585 651861570
4203654 107172358
765758843 991198670
2254412 121816633
645162653 655117704
580243458 663005760
496255842 665641943
307987472 464780518
4304803 30695026
3586705 6514336
80307307 246734894
304965 134157858
127774521 203063479
410544747 464764244
632532328 658201421
4459961 160903215
607217851 653460220
491641704 656975866
929135554 999482238
694703 151464156
1099557 72271774
2802753 54327333
657584317 993825918
539052377 658415094
1813945 78117707
173295351 469301521
1741534 50478853
256605841 420876198
612742716 655551063
47373061 233311950
506908629 650662571
192021579 438679129
524097556 658446385
3485722 123104931
885094 14683216
36088606 246552138
322296929 475129604
853250297 994882788
3007922 150239227
979471177 991238730
832706525 990840073
122748714 239313327
459799543 659199662
69588007 215406771
44550645 292607651
365121842 446962977
177854722 468313317
10909075 234347950
2439924 124007434
791319346 992136151
375479506 458669006
3883710 114089420
1695613 164933739
743380088 998422028
857414460 988370763
1299720 70895730
893490382 992414405
4481349 73853816
3495541 145500595
184561001 460173158
521501254 658217448
278923 97872075
2966774 77172524
390478510 490859428
189544043 467266201
968654678 994430112
748797733 995832507
111330466 280270336
1506301 134732842
130785245 326694606
19382645 189233524
140269426 332946277
509186861 648458475
427921265 655397675
286708700 444283072
558663730 651661373
726072 122575762
39025603 304309876
331469880 429659551
57147151 218781266
4119130 20200216
938244319 995015135
11368870 293276006
251089180 437609921
848118395 996440849
141674439 173399071
400949576 425463730
3226363 112571205
556066299 647419858
242513458 429342322
103197795 200973079
701957275 996239579
961846218 996007843
7925568 249164249
447534749 648769833
453164707 657476199
564300075 647930952
4435427 53751603
942037043 989631515
110816586 315144993
91265943 161020726
304777818 428801933
620994869 660961929
625988475 652441785
94832485 248425823
905024755 998406658
758721482 993230944
17225645 266924819
74249318 314843610
23966883 303836954
68136449 169309882
629184 141822128
109355729 188164324
959587314 992292216
3238182 58152544
746715 148396602
962476429 996627477
207281752 462950448
78856175 240034162
677434705 997263338
150801 9523438
757825873 996202109
626392360 660912878
190218 111138334
771390 104746307
2263117 151137462
294957343 421373561
1328717 15510959
469195426 648740589
173831671 496773534
643305216 652627911
293845737 454289378
740217226 996016097
695084663 992001105
30844376 188068013
403741249 486072868
369953263 456307436
525467008 654518477
129774 69389103
236821519 432081192
208272915 473186874
142805361 278241580
917672415 992037736
611465826 655057353
424388917 656876614
317751121 491779405
46396 63748833
406293477 468775980
40178373 320171059
949075189 999267755
604627653 666045042
73458192 167013022
1368898 143702140
3286052 81754471
4392232 59431804
156394285 444299471
947576757 999368095
682339068 992041297
912584320 994826896
746016586 992924683
69465810 196720931
426580594 660809646
806909091 998757249
283978605 431258109
3156020 74277960
169657288 498362856
285244736 440163525
288948499 434422380
719631010 996373036
974268615 991172158
3434841 96274833
3422748 149709233
275897760 482841696
427543554 649054146
126996305 276937414
181145378 460000250
579358075 654323315
4403853 105626797
190604548 460113833
3478744 60939678
257252986 418339966
53889992 155939844
18952227 296731957
577978824 657005653
948487 75658465
64800452 254257695
308906906 419816917
449005971 661068920
325814429 427184813
145472807 294067988
212184127 476842133
13267407 181409993
788122971 993713609
952941948 992183832
678160939 992903645
132757811 274493903
649500980 993020803
475247931 664591983
3982951 36622518
2555293 162574083
496657327 657301254
979090891 991221790
2206384 142125562
191656606 455182546
129519366 231503115
623319237 661708236
857400429 992127463
288615401 488277896
533101566 657359332
127545653 235492706
3001981 157083206
657034754 990589248
273603119 487172677
702099726 988203012
304967294 440738867
111273100 185259762
35387721 293722683
486404581 652944189
459988435 665064212
40552958 324395327
3552278 18923170
379070496 491279654
291465358 497656853
89596218 240063063
510446474 663073430
113457603 332418669
451442595 666033371
519845303 659102168
816479875 999305507
91222584 193637592
542325392 648797635
3605920 45534715
181078374 499436051
53414063 263324295
336806381 437736481
4547157 115796274
33545416 242366104
116792920 195207410
535271534 648144826
431831859 665339902
1384885 162783875
464777501 654615704
926852278 988402750
128299667 258369688
351652350 456160953
52552002 274334046
157214706 418580192
198765762 459671334
142622347 265230657
551345945 662138949
20427340 240536258
978048584 993413642
754895883 996368929
103118900 244609736
173276870 434482165
40378107 192780541
618061 138799413
102804373 244898329
427089699 653226628
643504553 651256355
709424582 998158993
20876433 156279598
387842589 427059758
682638298 997529522
74398970 164553704
36212634 157253009
99670834 332068312
87559750 236353982
877407298 999302354
671633761 995734550
686877921 990228954
105766008 333029611
24862502 231922812
443475 75640755
42176192 276421175
2026862 135159351
276642512 472924631
531158747 647343270
207865368 465131569
3836416 102453637
663426872 994878236
4555330 50093385
81701063 296757580
1423436 56881831
410588820 469607246
946209094 999058372
380657983 453020725
445339170 666094058
469139780 666639017
395825783 475936754
824737736 992702542
857214642 992688654
39059552 148891602
153265149 478395219
530653272 650265042
105739043 293273996
729709821 991891444
91869303 277325785
1961723 138187926
3522248 139286572
81889957 256702815
828305258 994841806
316254582 422723728
1118090 166662808
36406199 297479762
14338205 308131278
137115428 162833574
779686465 999016904
356895196 440842178
505077765 651017826
125191752 318255530
245458021 474285625
800917881 995367110
354149865 493368189
121423101 215475396
473791493 663789832
89297781 209524344
12507261 256371625
929853893 996296694
254539820 439926988
639098802 662977764
76784666 219989966
299401420 488379843
958804421 999258533
869086495 991911219
63686916 271711239
566264193 665147063
160075 111322850
3480917 15345110
190687 57334150
982969009 991947149
2136396 58217080
587418183 658033342
373845403 453436357
18980525 318023927
372885943 456864057
450696667 655483385
389898702 468710780
61760 101435506
667334053 998215181
447292871 665025901
691618517 991502163
322183232 496390310
574080630 650398337
247050354 448110921
610419985 655428696
531731105 666122322
619412923 654267213
378551530 462528623
2160467 46490293
638276295 657835572
467660462 666474982
448892893 652637317
348501960 431923446
175604871 423167435
559038351 666403647
91119504 322294767
604219379 650245337
335589614 490814775
2992592 151222501
230407752 418512610
4242420 124872948
931868 82038003
15250531 286047169
127003734 217854820
1200662 33035256
297106473 437771674
537656621 658414797
424792857 661880967
3765972 105551187
406580599 480488343
107255969 246374356
78454918 172520869
407690693 489042006
246038353 428060529
495925394 648763874
282594 152542320
105335008 227219404
2036865 33956784
589409570 647861027
181899812 465303904
170703215 442809729
1466137 115156635
125358657 261326401
4546247 120494064
1535810 125926424
254522115 443822712
711018096 988229853
349622549 484293213
872042509 998457112
568757673 663534752
3142461 123603902
418046825 646730955
3887634 25303754
362321325 468796518
216243090 425334300
111795183 169170087
203226308 484190852
186008693 454961535
447266109 660356042
197916192 459845436
25421192 191905809
210539524 435955285
677710123 996511988
214224423 432445513
3349375 141076948
453940195 660773927
921191644 997595861
118836674 310802946
2175877 29147029
2973320 63499935
866704150 990769610
197387107 482126291
719970259 998919321
680082 144190577
756260661 992726305
316726394 487057550
550607161 648770289
109957545 289645593
816878865 994375211
226283773 475812285
22971816 227008906
249030707 477022510
4367215 26362550
2583494 126253159
586833882 664789895
474109622 665622308
3176579 75263700
429968944 660678975
1640726 20701266
640508056 658769847
307257074 496643545
29411 91533683
903650735 989834731
4441159 43972990
1254257 95314547
3387340 165277492
853045464 998728536
841253050 992410204
91270302 266623528
337006083 427018520
3605974 76341437
682543686 993120348
1652610 82250831
2535993 11354437
2056477 120346655
209221144 433787545
572552141 651592035
924466324 989940514
625809274 664075517
110070593 192638316
593890808 662024554
275186847 453233048
963987882 992509679
2880264 160294885
582210685 653167671
433908 14703905
603486272 661244735
97865466 261597299
501287732 663419367
377339501 446188706
517730109 647504798
919955150 994926790
304231525 462266353
506168550 652175947
283654055 473838459
193064794 442608412
263053141 476198219
977384774 989514625
752772471 992484119
619011497 662500613
234678 145098053
644574965 651657725
56382804 221624366
667656585 990795722
1421525 71448161
184252888 422341301
759723307 995016160
490134149 648466524
420029116 662810876
49661 66446475
292053564 497325414
80567072 195521181
781844 8661023
551886522 652121478
49163823 195051564
63590541 176514396
870759825 994828727
171209212 436241542
209563157 474359916
79371983 298036343
498844691 663583889
19694250 197640842
428805518 665256616
2008245 125768705
926689038 989735118
58315343 193726073
113578486 285424465
436206224 655343184
2538077 123378422
197746811 443827302
53775138 332086991
296732963 487552591
310538021 487902910
913968476 996070960
483660679 657436314
138736324 160613220
154718557 441668059
177911049 425549585
2599754 94586807
243370097 442193634
549621606 662490684
848081044 996238874
1073341 138131491
618846905 661883080
104845541 328483169
577591262 656237253
508402228 655311025
18832222 264703116
3718995 142754936
576667066 666435957
491504789 648979188
2400141 164703516
65098952 316640451
37122927 299936688
724778757 999941984
304008400 417921511
624624954 659789506
414944581 420608011
257267955 482846676
67894207 242835255
312077618 483880957
229350705 458374337
962184930 994094887
460546273 662735999
257454971 476453338
3309375 125179271
385447154 476703142
305569692 437495734
248764870 429960827
803618 123232149
318272631 422964173
252783 48762968
123582150 148795805
103422413 181186834
874685837 996278370
852271978 993411552
559374833 656017524
469753887 660039338
599137293 662139191
122199134 221056990
33107706 271669762
44016057 312354474
126144211 264498407
918072420 998438835
438946982 656059161
47702441 257378957
529356959 649849078
710266009 993061879
350538753 473789699
452877905 652132415
1264683 64399556
476053 68986104
971674870 995472199
532974622 651004443
529824720 649518760
949255316 989208714
49156395 219120883
607326966 653812662
360598102 444365638
375831775 421926199
873776872 995905166
4473940 15920122
126690 108694413
86014776 292081552
