100
131939799 965145532
1861346 234224099
190886672 667871865
179982882 941251163
131799936 862296205
57756714 284116949
221779029 279117406
93961618 144510327
33688556 139894590
230044232 516313878
9132543 130582214
101515811 180999778
172301056 884497272
118850532 340845282
89338068 321207495
75554599 310998584
179803436 896499294
46491455 299302200
211575170 627517902
154382934 905268411
194557718 769782920
194078278 300614678
40762868 112445399
34030361 148387033
14139629 128471705
184986229 407319481
145674356 918514503
117987344 771713921
124415809 272711396
69514178 217499307
119165491 253715649
208850712 360881319
216827993 446337248
143291613 791876749
11467939 159479629
49902334 245424959
176494432 879628947
93605128 144981857
234748207 449221379
88212384 297635525
140107302 900823502
32524170 140989794
180943592 304032204
154781646 955153551
174623911 865369417
153245414 851167801
130957546 950687896
47235729 291214331
171626134 518391495
16897516 301166215
78324370 234261422
156444041 623634285
41006061 288249834
12436836 244833160
33397013 152031745
184906207 859330076
126152905 926220111
122207503 860240430
107578958 149040927
151846536 568395695
167094386 417806728
173516892 481297759
157512973 677806570
88652472 144305722
82236423 262211926
93196183 313948547
74035559 185321041
6097824 147793617
140094220 484921225
213123575 669092165
49487909 267678953
106885282 126076784
84048557 305619831
5172405 223714199
105058456 258601221
103121348 137559376
61440912 231606323
216335516 780029319
169270179 657661713
194538928 469754614
135878939 380658591
160305034 413470970
122058370 582128334
155631406 792009082
209427824 884750984
30326345 218855768
54395909 273528058
129506080 332048031
13028891 190982320
46629814 272639861
29776802 222131703
202842289 830155473
36776703 129380414
182101903 472756174
99327638 159441422
9676601 313054501
74041165 128616811
3233137 195606482
79034721 310293048
71738845 253764168
