100
476378626 656923201
757323786 779409987
448752976 511257972
470120995 646316185
126580438 329301200
469562842 652436724
52080183 330396764
756737427 832012402
458603568 656755529
466110144 658681478
628970407 831427617
3395543 77620861
472020125 543514784
348417870 469072411
147919606 327524714
681695995 782844258
241062 38351097
408735049 485450342
380773974 490608399
641809436 822091158
5305793 93039100
4148574 14963846
118739600 332513715
468236524 515251551
481932 39734214
403325937 494649083
71041727 327851017
277706722 328420993
326876187 475230438
2993198 69833556
91220369 330188700
461643466 548251380
271552727 329763371
2222737 85445800
458647476 495361583
321616780 326855230
565955510 783568111
450672522 631538550
637695571 811526537
434280079 466264894
43444355 329031661
4317879 85001788
667405927 802096236
611111208 798100839
708749349 790556921
414842000 461639499
431117518 485267152
5048579 125587100
681382373 782830858
4858356 85140738
449758142 521104244
5055692 149790041
347507876 485754703
908576 121490666
424809696 445362298
761443671 828679175
478987002 644200106
649154282 785026512
157451729 326889504
6026402 144414605
680107002 819188052
323959743 327357324
479577759 606241038
452407381 589726342
307457944 328934176
461598314 661657005
104698178 329480989
698038030 778513636
461750568 562453762
417990320 479298258
287165 84442426
176369864 331083704
430298155 479631733
401636572 449168045
504634034 778357349
635008066 794768047
539279943 807776038
5443823 17962794
28260807 333078508
389800203 460372919
333776953 450667975
467452134 499907624
716940645 797792640
2478603 123006694
2286211 63024321
388954190 489096834
744614405 803829922
4375179 73821498
753441566 794103256
460024571 592224112
628738304 782795142
386340179 477178037
427983132 459626900
381900872 470289888
248126906 329194202
710952618 816276347
5938047 110715743
3198910 43235963
682180210 819961999
96331996 327150926
