1000
428456011 479162365
17604092 67360934
240455041 361174518
399007598 493665286
735373532 879767609
209955200 361644138
719274522 772702847
586383036 671013143
670357836 768288768
642897318 815600491
391103858 513797893
360892146 449464603
382376938 439370805
364546492 436137046
175646341 357198928
698057569 913311310
430921049 603956358
425742594 516081185
105632996 195346307
46611100 159719721
648259231 702934836
81294642 232682139
687237183 803867902
488947685 566639013
391105529 524882480
10625851 37756902
756745344 827157386
632385828 815921511
697839990 903099864
111721770 167506312
378746259 537096785
153639374 179862409
14562735 87901167
367929152 489140780
444914689 547100737
36410515 110209657
698901022 779507366
94958158 255786865
83052170 195053081
569173526 716506964
374251722 495298508
218966630 355179905
356830137 418574616
574036011 644486123
355401929 369418825
626047792 687829682
622207698 687939299
74127252 122329174
529204988 551837759
355208793 406240240
21951945 34340877
421123 60880197
450970099 548924238
561778171 671371726
360020387 389159786
21635532 29971030
560009752 670506806
496798518 609433006
572910109 713813105
883301 89087768
352024774 352977599
6765958 29206995
354838040 449865477
684022209 881767807
110057911 264879965
723414374 919741432
426063842 524185801
402955877 515003733
374319318 523542555
394645319 502898046
354561549 376795837
678432621 709998809
675425822 700210137
597523023 671063534
178967826 363098336
24727380 38989826
372032230 430720499
24824563 36348290
355192657 370483011
7959229 61784929
473066848 572283774
534270084 597686576
656883196 782214397
431011745 584204077
711983185 766378977
8903247 45139646
436700032 599966448
109071486 269028131
589299703 621511802
106141777 258278168
139956336 240844898
413998502 536462886
140332731 242071980
645873126 725207556
530588177 552722266
79150156 178976572
406480993 471194095
492416327 592007099
2838446 27046637
649164069 808771568
16183902 71498927
254026165 352803081
687767377 891195137
354607399 364337099
372264039 461047631
362198275 430586566
615857987 807532398
702550880 791537464
42977583 116032912
697913455 830419059
577822346 622108680
5403212 67480928
545355982 688353164
121182768 209561243
278980938 355793138
130841500 223317555
588260158 663233474
597236720 719178540
514071 80330942
419713197 485300616
371151736 484015856
64800110 79594592
70823864 104884674
12238226 56231314
745151808 830177141
695221168 870082502
356934494 439950751
11388685 48807775
272881733 362631034
710974727 805404895
132357404 265996523
45987275 108239164
551926812 609621190
33635111 150940880
630927183 798632138
692784859 884242026
687458183 904286936
356012479 367373147
640414955 727655204
429404093 435247188
725733708 953520369
624254031 760434873
89988837 228243212
340535617 363592892
710050996 886008852
482604575 586194667
355205444 405892691
6271028 82501025
637349035 816068121
611135513 766998389
25703844 174484672
59116536 160403025
527513277 610365803
705648018 823414156
16425800 49596062
90756317 168456107
378553880 519365470
421937287 522000086
386951091 504142975
361365255 411865027
358945816 385234371
524347909 614810826
391805681 490553701
30002364 133604247
45163030 119069298
678540980 695765434
355969843 371986273
496431876 605994897
82499235 212916675
51585259 119170673
356863486 445766926
674437359 806150923
487256850 607160459
357607159 395672968
270065358 353138234
361280486 453856669
358979572 363741352
354031741 395120811
614884154 742438706
106941861 198698148
679845818 720944772
22552853 35839397
752460581 809788003
189629389 361551018
588991788 645779864
16896273 37041759
591401346 679770655
564016862 681928397
522926788 634359819
216041431 356056610
19515562 45910144
1184379 78399748
356758631 365279163
211803222 353982974
724630313 950130660
52981285 79559250
635389289 794687692
590451965 670178586
536839914 567139771
79679933 194307633
355686795 431675977
454072326 550969796
548378973 633792134
356909734 398297785
218312332 356906975
70188948 160311727
599581640 708853655
661824334 759425251
31916843 113796985
503120241 554939597
33941879 83583388
735810441 972831696
22099910 66085497
699917358 913257195
354503220 404128888
3804952 79893718
360226706 420189982
615557693 779426034
54139406 87871695
70438099 85454063
300779600 354963785
746636239 985769544
24104825 35460975
583107899 671605705
577950914 692852553
120759310 197990038
353690055 453621745
102935230 167425352
366496331 541886002
357606707 387240103
27587438 149444063
8675641 45350883
611586553 722278171
468502715 543530544
373408939 469638830
359256124 397116059
5646785 84448304
363631954 503662661
628889014 753897591
212219743 354911369
45979321 80674192
471799110 632432354
407145297 521442490
50096819 78229099
11289941 88367617
440874584 598308397
361077854 362401793
110520733 170337716
426224021 526564205
689800648 893702930
234081047 354133860
148934416 238063231
459688716 617863293
565511286 704005840
106724755 225661674
655592285 780746350
570987562 659015736
747997737 976282488
519926409 544472315
425247090 484210042
218515572 359490006
31152248 130625323
62910851 128229101
662881046 683453947
24239411 50755713
645245673 697495299
195999249 360791105
575523026 601438872
24703857 70085845
395478435 465172499
60568080 91048091
93019166 248601959
104546771 208725205
62178743 162259544
29986287 181810858
67363790 104979965
359511827 373558277
219717928 360387922
78284540 253336005
359171864 416997077
574294847 709581207
83847816 164715069
375577570 465464845
355595246 388523409
203219138 357206955
6516383 68146878
495728770 544739730
387876745 520152411
10115993 25626074
433131508 569694791
408914163 512468842
707666470 797910545
413574085 532710338
412152813 457552832
85988490 259359524
609191719 710529878
652264402 707867744
394694464 457507325
708844087 916018490
55528344 177329761
11862217 80719394
228506291 359755134
107508068 202427608
372737985 523980874
516544583 559489467
511387999 605605878
748743733 802613516
100518357 267770884
751901943 808599770
493467993 557692947
722982329 976149260
212683375 361591970
231120073 363369557
40630082 154256436
713783442 840591558
597020406 704505346
2235473 85445015
64631122 176850037
366687079 527451418
685308144 929154702
452385768 551065980
220467909 360956581
389764041 482476247
745732523 978936414
475756179 627376263
58357038 97241922
200500692 353190041
6679524 89052661
567154708 626795136
2669765 55846736
362218951 389200494
354123466 386627092
356144443 404381066
361772844 421200151
479703215 592987397
5956312 88191588
693842065 982076857
631559901 751076095
740322331 822024268
87774291 209068738
693716289 774417767
80878036 179395374
72271770 178551030
269469499 352779802
69071177 108908833
530225324 567462450
352560471 442570740
506331756 613118934
581141466 622661767
353567286 385267130
518714527 565184925
694665892 905310599
360775958 370105144
688893244 838114765
391149551 525897635
38129602 129930208
343492721 356170043
313662353 355551518
263983258 360653469
581713889 618630148
657672719 718039883
672433061 786211650
429237168 486016353
304726055 357478004
536967293 567957147
639248023 755006933
128076940 250680804
9972570 77424028
353519588 448263332
240194048 357279971
583639947 629859540
50997851 111092841
52517064 104185445
551654837 632019331
427799187 472854245
522102685 594953741
221261184 353732170
286398072 360157256
354307830 451269985
616304297 786426875
584628391 607128097
603532568 696579567
654578871 813723950
406440 86017386
653027725 806646231
354932666 396433124
412673208 479957239
545172074 617125563
393987682 542202351
615641813 786111418
409925541 513332825
409962547 460921814
368787570 495496461
672354010 756002577
658648133 737762058
43489348 125388291
550945466 707657341
394394951 544601053
354780141 423179261
150726968 169178749
356165142 385477635
443077816 558402244
435068190 552135381
356932942 422078502
199821722 357914949
83511931 178064611
498482658 619946261
590021377 669989762
10134351 75349827
223234128 354779726
16969502 44741110
547077590 680995886
60464723 131834096
324598823 359459487
710220561 964974857
550946471 614130184
555545348 658278173
660185672 713570281
69371679 155740917
393840918 536565848
191934825 358794473
360757291 362563281
361662453 413888633
63023864 104934757
21627771 82055122
690785699 914112021
357226725 448909349
325661944 352549921
588344514 651600400
736132416 922889079
60137992 132743564
353314632 411793890
428979288 481939370
654826877 704171627
697223680 793535537
374347353 453794625
179336823 358217637
354173518 430378684
542031700 553564160
43293717 112547578
383465563 501558085
370940433 514385425
546521419 664447785
753415725 787789289
573936803 602552476
708634191 990265689
8178009 74895294
50070386 95339988
701629556 803340428
108914898 245020497
467557796 571115707
290601773 356204746
386676767 481720073
722672367 913231142
51655614 97971754
15860391 29126388
356031575 442144263
366736795 527186487
593307054 693874872
552164751 713746040
121956255 222631531
69192673 168465636
12622072 87151262
555593991 689816684
597107658 726114733
387905468 449899913
627186398 694769990
507108295 599278764
698816879 809221416
153498099 223354020
20968970 48333909
9344278 77882573
34237681 151602062
360580608 396039955
146926080 237117496
359800964 375328635
521745915 628764140
359213948 394221870
360778662 413880180
586281313 629408868
572947695 699537868
15132220 62263831
739098152 970867895
589798658 707245486
71356345 109372435
742405650 966726708
663474420 770152889
1201060 50114870
557711520 692611618
52699073 170264253
357193292 438295335
756460526 759003775
635354528 809157340
735997576 939575722
437682285 545040057
202719560 356018763
367098236 538030715
1246453 47503222
19167075 38223121
119399408 177315158
339053322 353757079
454399451 607942154
478451861 570677034
3472352 62771317
589971718 678588917
94447530 187181862
604482753 795827400
526475454 555501672
675719271 751600488
263484695 363136318
358384131 363894893
2224454 61542078
26857569 122863550
90336002 242596813
133884194 251201985
393620233 488966400
730436087 886376115
10662432 88560941
560165237 628576050
567138363 690503037
583548759 655000972
16302403 81336232
70466940 180545870
308766493 360106588
499360924 555578764
48091433 129246225
55599561 111027527
361345988 375336196
749391209 762932826
353158917 379469598
446556707 612435264
164825799 355925192
358947127 450558533
298249106 355945673
611656101 722388039
552552452 667280766
353066410 363055863
739514151 961571971
505591139 627548241
623941755 747835466
140522731 240348158
567808373 672253872
566800412 654830519
276025636 360567186
286582142 355294547
10902247 47772586
4295127 47574478
152095 52924625
442054 63561143
230813378 357979444
29712226 161948379
304673441 355968210
675050 42297624
694872033 908689842
407731745 530231282
208768694 361966381
699591260 885349962
297369481 358671805
22810564 26186402
355127342 422517325
1123491 44384170
360934881 423905294
356972919 398928629
88000206 224459806
443250442 575443612
16447195 88942595
738930139 796708015
228024766 358301365
5558819 46092171
149007109 217450719
357112646 433058634
403315735 523143644
376179265 532468990
366332928 486050655
754538510 779646108
40794228 114861156
359975116 411309081
743514001 899378174
373491227 497819689
397465961 509460276
353610899 417295196
169721039 353087079
722303675 817376524
20249402 44986030
461389706 561662004
379807576 459070134
474597982 601469919
95666272 228345064
27942238 101414497
13142128 75662454
68871719 110138074
15245838 27320397
360914226 380172712
352640825 438300480
472849721 598641356
130579731 228829815
521598916 545398856
10768572 70945935
359149020 417553914
46570044 160709787
2393701 74792023
424750464 454574382
335195365 356325084
361805016 384341223
498842925 597145062
36828752 117921047
54328640 143935239
6786691 87834721
2967042 65328853
497134096 561737126
572363835 648112188
555528428 603683912
94918606 241064784
127785839 182471021
15691774 38396440
599600494 637976425
126665301 230120159
604044184 745814818
653028101 707566264
18698296 35274089
696076494 994775257
412818266 461227548
24070764 68854024
545423756 604450607
20993790 39833422
17817579 62366818
33154067 169877245
357060068 406500696
594478317 702769540
132786531 165594443
570663371 704995859
16724266 86804628
517046195 581303147
537078280 600431688
639415382 734252025
450986014 583837499
338632176 353006185
500640086 560639023
270434746 361121492
92364523 165233333
41899020 86764891
564759321 667781949
502595987 547062692
686504881 956028705
461043937 551305378
22529488 33053791
691548528 851046755
121470457 258846204
667651172 750395535
589314149 610112495
68838926 160213611
232935728 363606378
708843078 870352473
64048499 85820676
267540582 355045656
200003126 353613609
599132936 696728464
41205529 99482577
110699382 165167884
608045868 730338252
418341246 469296891
674876021 740778254
343070230 359622077
362074737 416400154
750895070 946388860
626161078 685858521
229871167 361225681
49081567 146484466
718101864 918771986
483131302 573352379
460298594 619828789
3297417 26074200
7119615 26081330
469726374 599409120
525283154 546907251
121118077 204651344
24173515 65186354
678159225 692024013
355569557 453415976
725865337 925552473
751877436 835338164
50597538 81240639
354493598 426397077
360492854 409443350
323724050 353305363
675218613 737228231
383741345 458036990
645680715 692012938
245587528 356194718
590697338 716000191
504290851 602865680
725054341 896274123
522506247 587722248
508443340 560604895
476094345 603897456
32419366 133417099
558568242 691032405
13165488 65252388
18638046 66209864
438656398 559824128
237838827 352954272
714385785 940952756
142020723 240637120
75844363 90249163
692101305 762865574
268258965 359814567
36492156 169292739
196582956 356113066
389385401 440471993
3416466 40997536
357393853 448469806
7855461 87543876
751166401 957900910
419799828 507760484
300467333 357636414
11335612 32039547
7585237 85724205
12688412 60840622
2742112 73643632
425676346 518382313
630827759 686182010
68059126 152213838
474697218 600113130
114594467 190168050
725736315 949236498
556952438 714843465
426138006 452565141
353649667 429759063
360591773 442447706
727832326 812640940
652193792 711197175
212133085 362113888
666494329 739895228
547473802 686726304
73227581 91467831
356046036 414580638
62214365 165641124
513206034 555839226
739848756 963810099
155016932 212517926
380787196 481678851
5350841 38073595
24511566 48417142
361497674 369766149
14657973 75696405
608523370 815055486
592457243 657023151
545450495 675692072
410002882 516039205
615886038 751177204
614905261 762731913
75315454 130019403
23506603 46865893
699126959 838559488
219848051 360181969
7064018 87614793
4027656 71610401
362200703 383454762
553492630 676665823
360120358 380047968
694842968 949303739
662905106 689625742
562508530 602832307
733352440 840622629
154108055 250637090
354320238 376599975
83052981 163088998
455873958 635567809
679660812 774345411
653350393 709521959
709396809 916500898
392786611 433173401
175982480 354341615
733643679 895484013
373463915 442231584
401166265 476222877
612010166 687086587
113205163 181647108
753689124 782386239
437931292 632681525
140796241 212964738
43671804 150389678
579689944 713731253
218850666 355941790
578051193 662241368
19263206 39909481
13858438 34832419
341080601 356209795
515119140 627925449
487204189 564083988
110735932 175891728
602042235 807091339
633325923 753486675
529860211 571975489
722967138 870198957
604671429 717700477
680551811 787204817
496341249 624021416
356393071 415847390
358952460 372739385
612417155 705562902
369403736 498393348
671425673 801241782
461205982 601368099
707105456 782947681
435622878 581005814
637337736 817587904
360710909 402298018
654050406 777737934
647714483 759228923
547618926 686988410
24870812 84567085
44340402 162067717
353245070 396287323
491504302 554276269
149803823 183295830
712652990 785155450
211453762 363160470
248726943 363414660
1435271 62107463
553679632 694461123
253887721 363636021
733752654 815399553
711341678 871161812
574180795 618836384
316648612 356300457
620585097 746399090
356098254 433262037
48349896 169517345
2405130 65677899
716562077 945920505
85508034 175744975
360070353 446031247
206292908 361117939
425345460 471205434
265959755 357459996
20259415 84992352
539953827 567073464
550202469 692273313
614223297 770395921
346605078 362956753
626697336 719999214
148296372 192079377
704394009 872335513
50352288 174147614
584158725 628989883
60719439 115386432
637719139 707631026
547239403 690195624
696197140 981049441
33138657 90033030
362256462 383137043
447312549 567116682
439252227 573563089
8719418 83860420
87590446 190226812
660762706 695549937
577868017 691597030
181120924 355978989
43082401 92129673
13528725 34660243
602046364 731788781
603117694 788764340
533807374 568191217
407427451 449982245
12139569 29576228
676882602 752165979
361052119 442818911
56866136 96491932
68271430 129292235
588455075 686207147
604037616 757839450
440452447 580670193
362253127 393387624
716328825 944038302
353058935 423365888
273085568 353205424
114955593 197983940
357555812 431130811
378506639 436521453
23667512 73584839
225592846 360907316
588823415 717505665
358466876 441112472
688930696 892050433
37164502 130162259
45675783 105563542
429974908 456502801
718457143 982402159
722909228 784482429
88939862 240190510
557502490 699503314
581369384 679771022
704396351 893376553
228277988 359984539
301925254 358734477
576463522 705721046
474120156 587288045
91858253 270865793
625646263 813569684
150569622 242503934
374760755 526454951
504711178 589705645
48454898 178260164
681630986 758462772
370969445 510729468
938913 75579999
418760091 463063372
297070718 360938750
51440553 105274278
105630667 201795326
545738302 608492451
14436852 89861807
36651595 143424162
151327 49371087
357125988 418312981
392375713 520788408
1705827 29318006
674150618 764536685
454563723 573893073
66777673 102878344
558260883 662546017
35494351 119785769
602272884 778321019
393973232 470228212
6886264 77160994
361298233 379891568
361223258 413067063
210702410 358843079
572038693 604916953
157341955 189844229
13414715 61322640
372590081 496336113
81852411 272052066
528072671 560359648
355278562 379417393
359771348 373718650
149434228 230991044
457401951 548924066
21592908 81083576
735492523 973604474
137969470 166237821
361237707 420333726
492276303 607151981
580938081 673103903
430250779 527262849
399540074 478460810
139526160 244140945
377470332 431668986
574869884 672713011
576204259 621840261
168301988 361516161
393789134 477776534
362204328 406830633
106552808 165520100
359364644 374046912
5376908 80386227
622836597 717346170
412702417 490605710
656649458 681492946
16780726 49174873
65217973 80693184
700265326 952401120
1426191 26195192
565931700 644972480
586593952 621794574
69249700 136715464
448276598 560543563
532384471 580416341
538915454 623423968
48773384 128486841
352595202 366216517
38039854 127670524
354973142 410993224
357613849 448751230
563517057 679876055
4586094 68591577
115661011 185282793
361218814 396419350
646491768 736294917
248140395 357684142
429527807 477770027
484510336 602960343
724951722 770472645
179924026 362656682
425954157 533667475
584744462 684811440
714928243 790312862
403289691 443831211
93905828 215265857
26533672 146682261
430034185 469268173
168849336 354106383
467440690 587247661
10629230 49912190
353622121 362805603
375618613 453465111
141580919 204518290
516365141 621073912
694177683 973362517
