100
198840243 607399273
198746182 592378188
111231161 317174650
97879321 264350133
170093868 622548337
111746447 164379978
105715637 218616351
40080010 268667769
350730796 556169008
97479327 329484357
191399609 542769022
17456818 302698350
177820820 527879050
344537965 414215234
345864073 408741360
151561114 274015801
229105333 373464306
235069231 473507349
43746844 193868266
51165946 266612902
33856248 171233966
68595701 304633977
264513962 644659344
351598071 647952148
127361254 266980849
389873 219537368
245695899 653615022
58749688 322959610
47101933 157153986
323982833 588955579
165038233 546893106
133568304 266240893
169739105 502615036
5776352 239345267
20338128 297384216
73349695 186978932
127439759 191388931
322799492 490472764
112847579 195487173
124551459 189460325
146648209 187987480
23764691 167497020
231674698 514772406
37435495 259331636
131137966 207564796
93260280 282896433
27215625 218262807
42310488 286114176
212631170 638536934
64279507 321892201
94949538 304858323
138077242 305891807
193964574 387674344
260891132 525070570
143357245 176455058
140756503 158585362
57866304 298471633
119986894 181995826
169515487 543669981
270720975 433330606
135557219 293278880
115901099 261500427
361034207 595204044
45349561 316448512
189808549 434522656
292155021 640596249
176980479 407005297
100792573 300128915
159198614 541516017
114317605 224086457
296742373 656719873
361387227 495502267
140504921 184797448
6697739 266653219
356368484 558027549
70075467 255002212
323775267 503596572
296337324 364504789
135228229 318849569
2336953 224969784
198795010 465503626
54244353 266046439
57040787 315216333
157760888 603561739
135312025 305925196
180474153 572456221
62796489 177354330
60840649 171246914
62589558 274573921
320240562 460781703
184933707 574600573
159771680 383940905
146414643 279828722
96752240 204394693
274865276 502018977
107671581 323416475
346097257 532050217
17032121 197582046
265472920 580130395
214838282 459995124
