1000
600310849 665925252
723149049 820937761
397526176 476546746
48580758 74018651
9574922 75135134
22232445 77372698
11605691 158446918
466532783 657648694
742906524 792327684
259697881 493376021
61480477 263026680
356015043 479910091
51250636 65261337
19854815 158201650
13310535 65036746
46865895 257571443
38667086 92579383
55372202 108314114
787939228 797036842
12413338 44919102
172779905 494515784
506237326 641502053
725326472 815959426
26749761 100306894
15051530 94236504
553886319 666484858
518745352 632189926
212863148 481010744
19607584 121726267
705329738 828144719
237278126 493705078
39780747 99787635
707564988 820800846
608991912 665265925
659446276 827356437
234612453 482567374
256096835 466907708
56410513 271192482
42440147 137884996
597601738 629667011
416273491 476746409
52037098 135893018
540224605 628404247
53696178 97107699
21990688 62966975
685504359 798127985
337953260 496259661
57980641 161740917
51963958 142346108
457099281 481862269
571775240 650963535
551605776 631014860
80512888 472422183
29902706 151043783
558761935 634798314
43009170 58977617
33273154 158904844
254474721 476746247
667343976 813924840
500492408 632085407
678842611 825113427
696382661 811187120
19827917 78982186
482278891 649128034
680854208 801963139
10529651 67740687
262822098 486293563
51939691 311561323
629604000 806725838
733011173 793964347
33684921 142194411
51814363 278640062
129686926 470163256
181483297 480326675
54854818 258435181
56620380 137602274
408846100 468408043
47664121 110994537
450884631 499101160
311263475 489789241
353346769 491599096
38139378 55975724
625683906 827565164
469579307 644385783
417562155 477568505
288668266 478726153
666164615 807950283
660805115 801652677
540317774 638417244
47679492 140040221
743184786 827781870
6924501 152289158
57270848 195427499
69006 148013322
20934610 138466432
614252447 625213188
647523584 826767940
349105079 475926759
61219440 105663222
206814218 486277380
6297014 103371916
38233623 70121232
22350513 87837675
703021912 813522225
636483847 825030335
53883593 213305125
37042161 60605017
241175844 465913931
580875837 627292574
637977841 812294149
685956549 806468684
26374973 160673349
43107305 89297727
172205750 491952420
18394478 72279472
717601370 810023782
15604953 163939883
695733388 819774149
662188346 824166537
526840088 658100313
517301194 623179802
593391900 627089587
52351251 143039667
488172058 637281380
554002408 633165815
329127407 484419651
50102901 127107630
207119728 471966244
22705438 161350570
24284910 119124562
280360030 481968526
512248839 646473754
26681685 131759882
655372498 824183807
760896076 799875414
520200825 665369655
484636489 642778084
33882590 88121903
9137419 102772830
47320415 102830195
776633541 823673999
232383160 484500925
280837918 474173083
28407983 150618101
606668829 640379292
49625408 244971615
11520870 124060350
44368812 186824078
58792785 276750674
144827354 489354008
637526862 792751605
54530576 295426881
632077637 831225618
32739605 138156934
59440810 321084961
51164614 208369005
754469152 811615472
311439513 474933120
7712399 147283537
614290052 627825218
776397197 824903576
37393492 147792152
490972983 620407465
573209833 647671048
753585390 831011978
694507724 804751136
146992934 487630571
511033877 644377080
539624948 652790733
2336638 153828526
11899353 115773604
420822003 491923529
136750714 482362737
54058264 241656385
557336074 642515831
41299979 166127557
18859011 62984368
53571158 254953892
238358399 482972880
34667936 85198507
10038631 157624285
757498567 810373301
28561525 60229938
740310834 792100428
722607381 809810484
46319072 128554139
51843805 239270052
546921667 624479688
80042324 498332498
1413601 112824880
690321924 815152219
676069268 800151769
1921283 120114774
535930781 622487248
27183525 54012126
150523601 490738905
245346660 495560342
240362655 494137898
11121571 158031195
718874003 797217676
18079114 139537656
222285175 489086305
667945136 811325558
43403161 55510812
4082941 94314752
602045562 649910637
39938720 57455300
520169396 628683467
620825414 807281391
726336792 824840016
12098124 130751457
584477628 646175835
425366805 482786995
452243395 498678184
634775029 807987876
531503758 633249664
47349746 206756719
55365685 206139885
637917068 823561079
59551327 101229971
8506431 69512253
629807113 805888338
593910292 642512275
35701247 52543631
24515626 89857891
56298157 247180377
19403272 72967390
2665121 155699121
49002453 164411404
284127657 490681331
367219970 498237069
625032698 814088355
262675751 480591757
200598227 475558302
711064992 804214272
774066571 791969970
558416020 664217052
418580686 492133230
607553794 664445563
768635798 809331394
54638824 117833508
455684502 489706851
701150971 829291198
51269186 308821809
7103539 84668141
42372370 44821582
55853123 291634044
301357597 483103378
545108519 623657457
28364441 133158058
344686768 466722217
371432296 475879094
725911798 824102648
7453222 80410235
54152815 115126069
405683169 492512973
276114552 475910619
221832879 498167144
790526 145668665
23347744 133824716
16060217 44283293
538832868 630186009
495124937 622624833
48779368 253021800
37651520 137892017
780212431 813347768
521571239 630451781
52158546 70684582
292560747 477006871
579623806 662748262
470572908 658689571
34269470 94188902
59535006 313405353
761826275 827083973
19262631 145095377
262321286 472681831
600714269 634661532
617087089 626425806
188787728 491869284
762602383 825550036
765304713 815881407
675059194 797543788
44468100 196705912
19426594 89335948
40387557 108195984
11650984 126799145
731901140 805237674
45472049 315350229
483995968 620566804
640994523 791677166
11038010 99236887
658210319 814858779
606189811 637545296
608120912 640442643
148806059 475522046
19759885 152926651
1477793 164574531
374248538 473877679
696505587 820529425
732894215 824436937
757044101 810930137
59089383 327247630
41694135 63554759
586654304 659904079
716270034 811883359
148767549 478740436
59119008 99804415
59431994 252623463
492672429 650833661
27907800 100420081
39061085 164712386
665225779 815379167
21760890 163360316
14381439 99210331
7556886 112398974
658659003 803914395
763296055 826687823
658388833 795604457
13968494 110538656
23730223 117190324
696061549 827422977
397809290 468928741
21210638 156436440
730384624 809792061
542669915 630167718
765947857 813360794
152803714 496462944
110610608 471731655
28276476 124606862
521185186 626892235
519938666 658701176
10333652 89810969
59560098 111548794
634609405 810087746
6931415 90198906
584401837 665019066
21786371 93057767
778248255 823654489
255360454 483792837
49252208 124900378
8275819 150483725
736451068 828082858
621496808 807253848
591026395 664770002
258353102 477389405
24311737 160758165
564195167 641132143
585231538 651543241
421868587 478218805
61522257 318335934
62941017 481122797
487444909 637410902
59858891 62061644
58117737 269035208
559608435 656251814
54151389 184997620
31205189 102252565
779189474 811869114
57060772 202224196
614474688 622056517
49860622 241789088
354132158 493027221
7575668 155680624
50333285 324989710
35460341 86165794
721108439 830207070
725689266 814094095
769505234 813176463
41226786 81883914
682768278 790931495
7445695 144168451
345661957 467589579
16300444 148634723
234630989 495172777
58216350 290506457
681603888 798230288
39099956 125986216
47329893 300303241
45767875 301167409
56679699 194293492
21929107 90576337
155621957 486872642
13992832 92180302
680906417 797296123
564541948 655008011
480821737 625920517
24725885 116499316
97845792 478268219
59261760 244495013
485440726 634349868
7908672 133142270
123105367 467184595
547781950 632613138
126652467 471229212
477151620 633717021
47226573 144057601
52125816 86783100
523673470 663240534
765326517 830624067
604127318 659538327
521141216 644534502
644678355 832504170
665824068 819530081
53481452 292209707
688183930 808984589
356528540 496187024
578700640 627014318
188427454 495718762
286004362 496970327
319737331 467885861
726343530 795152846
43492122 76084153
61016637 304044236
630378745 809704529
672135797 810648909
585688169 630006329
521781794 641337469
61289525 276842614
56132336 277746533
50795523 238321872
51251406 116414351
2738335 87356669
53410839 100294435
32143694 81293979
9089734 157109923
173556911 468661212
666816164 823666578
8053882 142571853
58006838 258819386
19773520 142012055
54717402 276791753
352084755 473821842
53439038 140812034
416320271 493108853
600936180 627969864
530581234 626776876
649647312 831560020
393071745 482579777
591108998 620867501
29149041 81040409
59437284 80087754
27677573 154440493
56247123 304002803
13522027 95619371
428427016 466805999
120941081 471851420
404896303 466315442
446273929 475048062
53025808 152828562
70592275 492554099
46688597 219146874
768875023 808098716
27933646 62933404
253798443 477735166
748583628 828340247
46928188 93072652
18857476 132555428
49864985 300360512
8572306 132968401
139504082 468922562
49932636 317412945
586391449 664184188
59096702 157319287
49293156 65134461
719297527 823297769
36934511 65671920
52449819 252127481
483628668 665679532
232282863 471396235
47167506 240008264
527072120 626607734
158973233 483281115
112205516 474885504
645707460 800111450
17209373 141005266
576255910 648665511
347539977 487536803
679101782 831382826
327207417 487082879
511799036 640429192
61334756 298865163
743198889 801470673
33606275 61926002
279530100 471124720
686329421 813047012
607502944 634694676
571268268 662553833
54072422 209096980
155121013 470794823
671019685 799561239
8042051 86292369
199747405 480276255
49290502 213261560
681748837 821220187
29016110 71429817
759474970 801118910
506985599 647116614
339996559 469132237
31853180 124929505
516659714 640086231
388083819 473013103
466257556 646940862
57007816 274391030
25541992 110300308
507120605 666431308
402109093 472567703
59962870 332914696
42761692 150427563
760471617 802428262
55974343 302288205
13307760 108957983
45776535 325545896
702754123 821730723
37858772 68153117
30306429 77997061
542609969 628898674
185989499 490677551
75147668 483010632
234934377 478585654
234790671 484383611
54602396 314101095
550369834 631903301
53169074 314381923
59119805 330159606
267025902 487557409
432207340 480917849
61383456 77820681
54611815 117464622
24762144 144634330
443621164 475279824
47014653 273470563
129588143 487533255
258355033 472581265
575930598 662722985
249583217 493703497
414215572 499344303
760096333 819380914
644752349 799919949
536330028 645221245
583063200 623365393
8643337 118140906
171920915 466602519
47598680 185184352
57275054 132871925
502213079 657388463
601214206 641835854
658557561 803340641
139132253 491032537
56789169 156877034
437680960 472084108
52553266 65603074
52093879 303276053
412331775 480512177
524512533 654883920
25800729 84401152
55545680 69253368
47559838 102329583
591959864 620671261
11906862 54784901
18742936 78861753
615842349 641309244
706717057 830978648
723891620 820703082
690193591 804092939
729353305 811847231
487699563 651801514
681739600 790435204
774583262 807007245
718959803 829284171
769294953 807835901
617606939 622229613
97121073 467120249
37933244 132180973
26386080 62467340
4113792 150525703
622483207 831445760
339149152 491930507
59884146 161689034
481224828 662660732
534902336 653887237
453233061 477793549
41468572 154746844
505561367 656420233
760668911 817109211
3078194 88807159
571741434 649173264
361391632 494928323
23164957 49191265
597152768 648840502
583017358 646472758
25910905 69474125
56866832 204706929
737947010 799783946
616372952 646124589
655908179 804082668
78003965 475949317
655048724 832046994
17411950 151597384
44662453 126775728
602795381 628477746
15771269 108528714
54300005 85300932
683655065 823888456
196568800 485455884
59655932 262475628
137613041 476174159
491217106 626996131
31851037 66381915
741419459 827146942
23082210 125355462
242864502 471401760
6103554 98938857
633103286 830563444
607373347 637598079
735464366 790610794
28060200 104315954
788317374 817186759
600228519 631033186
724896769 823474319
156163475 484235725
51122878 139471442
39520107 81730329
604134594 627102399
389434256 497156121
565382704 628218044
59441385 171585785
530858889 635069851
770697389 826617238
25495400 137597355
292624738 485204852
527942431 647103306
20023896 56389502
143698553 491794191
175162277 493380368
46473875 211254773
529744572 650575224
60090203 326808406
525958991 639508282
47999459 201643839
667494557 800596925
516660703 632138988
487630997 664084267
740451505 801194606
111433584 470760220
50179268 218951722
55482761 113064806
20453883 94101500
362509628 467678647
479820224 621258225
617961454 636082831
223589108 482125104
769936024 796082940
639327570 811953042
29226851 117835481
695451716 806919097
6293418 54147093
9291546 58639360
749637 54403411
276467304 486131486
20678798 128670170
626808795 818021104
538792502 629049514
778937789 796173667
469882802 665223592
36669229 47860728
705405126 831436251
47159753 61848827
134116692 481567283
610383306 638182489
63079665 487415005
33857414 62777612
45141750 90628043
680500040 800170758
789469370 819221040
54840937 77093397
25753892 108987381
38030398 48963764
4328546 84268154
256186123 473557085
585793663 641744160
335086059 496832585
129454150 482158927
333176339 491265294
42221650 98219688
7547387 109134442
41501171 146422588
28308376 162502561
26489995 97029894
13070137 65226991
13174169 144971733
51809444 315864386
45931665 229818967
552341245 647690901
31290954 108861633
55219223 211629703
591650288 646834193
58329475 249767262
5580050 124432491
551329570 639713044
8032765 87768974
44919982 315938000
23048810 82197333
333512574 499268170
363451451 473472866
717365475 807498537
555983303 666118655
520448052 654078438
37605198 88341554
506743780 648635762
49616370 115085715
26836447 107514623
46959073 302238137
568022156 654523705
418957470 470201824
24653789 64531674
331237858 498969093
765640013 804170821
184486977 480676984
36599621 87269089
22345713 57608062
55279736 263548157
15576155 117366486
45442767 308377503
27452557 144894673
542341762 638063098
36262500 102800547
746609059 801287890
49811375 155849420
45826517 66850280
49810210 289909056
596964170 649274110
50902069 195485662
259243596 494573801
724078920 802385961
46626282 161426257
752219345 809339835
607554359 629129104
534533817 625412711
543251032 661933240
476089184 659663011
47753911 318862558
788977652 820474486
431103655 487952770
220058353 472557635
177049616 491019741
547408404 654601292
47611729 116500093
540291527 624658248
379269304 469133802
36862650 103817254
9699192 144945343
721701814 829915500
46469608 289004748
541724470 633808942
17212316 103543032
649562223 825048099
55708005 325514181
532067811 628591974
553899456 628151289
614440388 657525747
531383925 646284075
176745267 472306001
57439425 261014379
672305524 828963811
54025640 331635221
488419528 630563726
572511181 656281724
652869607 808830546
15671883 78938934
416152 145921647
716156795 804714999
61512297 171557396
642466261 812364272
248649884 467041701
471560304 649954924
750658265 816021221
52527811 273417099
217374756 475321451
342392186 493305133
591961769 650686782
468307617 620866399
44465819 181064875
501234997 643765002
31649236 60309987
547662589 630895043
50281855 117480736
515307521 653588234
8507746 55965408
246004504 496681102
155409015 471972350
471512606 665096407
430046834 497590387
325038143 487736495
620624336 829834117
296182616 479885587
502855551 632868324
527104882 627859318
285098508 470588527
6441234 160610882
53577957 177603556
326981356 479897341
754601464 824841780
58273186 62804644
243473401 494803850
26031884 86115733
192070077 488343797
496444765 663688814
17977411 152803865
5112818 153626959
318321022 472542302
60963479 319830679
641618034 829311418
302855038 469319002
669543478 809732782
19807548 44728893
29552264 45145452
9976144 60537878
754327234 829272302
30850490 69951891
643699636 801328148
247804200 470396980
581581789 663883900
44415832 224893590
22807882 131674056
38475255 101507222
19284907 131348481
16587451 146685175
4800494 63216479
493929159 652973370
272089164 497233954
494875063 653512823
46062992 329464177
615142688 658247522
24740042 132503052
43217612 64896724
501033273 629645214
538253340 658619384
466689595 632764897
750632592 817470860
51941224 268581254
6607668 166032629
35521224 163359333
729760829 803813072
47557734 79068398
60269439 81430186
746679940 791726533
651235928 792760067
379935516 470051325
16891099 126345490
620751913 803899506
1003408 99432296
506305911 662097779
34929442 165240078
653517001 802060314
579955750 635583106
4482162 88226350
48731919 156225973
572994259 662745166
44567306 109456026
19626796 63482957
51400392 183387765
540577483 634174432
57108868 154737402
35504656 166626158
694439788 812730259
26428150 156063603
715711354 818071864
545870192 621163345
54765110 135712041
14186779 61396674
23692003 103285818
597047964 663040105
3906228 157010523
595729652 621700254
777226410 803818788
18183768 129164282
57944209 74074965
356543931 495527501
784938378 798358298
32851147 153409310
525584486 656078691
43442886 136402279
474214214 647916035
47022600 127625760
192470278 495690682
174839178 477350837
700416079 802049694
7593840 113514276
54627957 138862378
2712739 102988255
718713455 798698807
56061600 149900860
521958751 639483866
772865672 801312963
613352533 665318161
55009073 296782453
613790858 658524691
2378188 62948452
35852904 116515234
47775849 73919655
55952836 198766129
585806050 657412687
46606737 233443345
573275258 620537155
18899420 106402960
757573960 805273389
663285348 796029825
706648588 824340503
132418304 498496459
683485929 818675014
519211251 637020930
228169501 494714580
697197405 803948155
367806709 488571481
46177598 257583997
393752682 469039959
380949973 487089028
36279598 95727654
177639509 479361806
6626064 76774905
38869342 123639918
360499332 476174868
445599848 498876772
612538196 653134503
670568597 797434508
50041737 243135923
190222985 473225375
681269940 832881810
57529676 225546611
47614240 105266413
26837199 142751396
516644575 657906321
663794303 828551334
410520583 494181204
54071308 274366924
49507545 318789170
616874449 653741516
615483017 628734234
409123030 470241345
40968266 64016272
727545536 807040588
8978326 110633880
340421835 472806456
352257019 466136512
447385502 498440053
46005130 255091720
525479952 665759576
10629764 139391638
59663805 111389683
336811673 482831074
600498992 660909217
578965597 665222492
35402890 85554712
513452038 660963403
768574692 790700148
51450176 247131767
266893779 488639808
543112748 649164043
471627045 665884241
673141440 800895982
16358347 72895415
34187007 100679716
493129666 626955723
221887679 467423783
19486206 110553539
481836200 645240369
72579150 465950951
19522866 112015610
110372726 483461797
132681036 483198661
616253532 626946732
45749190 131400544
110446269 483320410
547723819 654842528
13878380 95767539
740761868 800725617
40368625 124069344
55909571 121311115
35861280 156269771
80825743 476399579
32293984 105577568
563833920 620071996
4916837 163222193
700515761 792885925
35509146 123408540
748111161 797459312
52718034 280803960
32289100 132224445
701224414 800843759
2912660 64304151
292226558 473283121
135703032 496753645
8586970 76330510
380822361 477170756
748322159 820913666
427359155 495639237
590249991 626264674
268419862 480528881
407808486 481094809
42242184 67435680
