100
94770401 165388254
202631950 232396784
62075875 166237630
219207083 319250361
588680993 827177704
418876757 791386755
95759460 161769748
136673602 295823191
263645612 665033047
161099015 284747769
291114281 594929993
38562498 160620733
198695151 318230404
127580253 154113898
219737979 240238659
221918111 345621095
97135346 155620612
238599698 597338613
223068153 473199452
226001318 409815914
505196376 830568231
199718451 278255865
194065466 306675209
186250297 321819824
224904220 262795415
233788685 320469769
220550560 274744161
301432940 557230880
94336865 166612105
15057748 149632939
278359056 528352665
111287291 138265702
549133698 822336164
168677299 222064952
3991843 152124492
158553396 275632156
337341922 811923205
224398804 358984802
559954283 831091996
264638060 649711295
218800604 439580778
170882767 249747159
487887044 826259358
269013995 388977578
110108785 161542467
101850638 162355279
219287779 490176443
224218049 482424532
411531435 825698340
108803533 134475149
195119828 322727856
223291083 242154423
220178790 230597065
110483358 151854553
398854423 824195148
771315973 788280037
6636798 157685724
463414572 799614187
430906486 832077686
148224138 233501568
188076564 292641972
221734194 477601687
193126061 218763430
654162994 818432010
187023812 310459309
241588387 399686810
264100725 657315156
97982342 152149169
459222467 827944266
224023035 456238830
117947406 134397922
85207961 164069196
292331151 557445508
597315693 827293752
151820282 249238424
225468225 250091917
161004650 308752518
10479846 162213384
196991840 283984925
172890039 314944727
191925272 263997123
325603627 805716377
102465206 145491983
57369104 164381747
149453002 262064276
161198067 286672589
271442247 316383139
221198615 489557555
27735118 154053203
164152156 234010811
223674233 453140515
358072285 832757877
265584699 317246823
219140526 272826754
162602361 253272480
486624325 815853068
225084141 363814612
41823915 147093363
51381366 157623394
262889378 596614025
