1000
293974682 532965615
227459101 333053768
53388763 88000572
68194718 96553076
229482016 401832232
94688310 196034444
504322783 658383339
29626136 78633360
226504828 349714365
71308061 113030981
482271908 640201651
603065095 891637508
188499631 250906045
179139685 356904360
16989157 83470606
173570352 177676786
816550368 885640026
296985205 471419333
184591516 245445347
196533092 298654393
555976408 655401740
165642282 176021215
184404345 265234501
566921474 600646436
83298551 121302421
200937951 353629385
568984782 748223418
85890069 143164078
509249819 548945706
119432411 182610492
815835892 890295639
824738061 888269565
513362385 555675380
181329472 234117941
774522927 904840902
643519041 887314536
227914359 444786194
180729693 331991489
92474450 100526851
481737961 715974224
229762278 379725211
347577747 520091773
181338370 303691940
564589520 744569464
767825171 879182728
517390758 616212185
173536710 259437528
93880802 136349232
560877892 745618643
201147322 274631393
173671087 190682489
328674909 512015238
235196216 515075520
657544881 885965126
467663557 481094066
267767570 466208715
88353015 181297403
429372652 532080675
258279524 466469030
556605363 686140020
437766092 509846469
452232968 569279948
537144558 643302457
229565736 282874398
438650898 605272434
483685365 609515856
495726128 625481097
542598454 761890776
86605051 128994575
434340934 513718836
145670627 261031540
71157417 120236740
485409031 696738386
511592881 669634295
207231531 340139541
229645467 423656379
24127104 83982153
578311112 599689825
19446182 64919547
560153963 778192966
769090858 902527031
473625902 563861220
327831189 541311171
216109142 328707411
484941126 649837693
212252328 249537370
101841607 263245269
115112084 270250282
44664045 86153382
393093247 494771506
416407186 445019158
426564037 473003105
271828011 450217297
494410945 556687939
101604136 238124590
459923413 602653681
547764034 619721072
116536756 192017436
79548455 169521779
465617728 537616155
441363391 620847777
227718042 272444258
81775849 132932213
71403709 97594736
114189409 226565235
311544889 463232145
473944809 706286708
429923982 483841598
817092991 886453735
226962173 349121456
44867061 80531751
522835434 546677521
177370042 309610091
785628368 898179905
483780341 591441281
226699594 335880509
481936883 545418372
167272079 194713924
19749739 69916686
504210981 691503239
349468732 448450640
124208881 244837068
405359287 527814575
52671637 80260782
512996789 666361459
585131261 736020293
453021567 495717017
459427907 599148494
10070072 69735349
425445609 510345808
58134856 73961026
339048436 487763031
212883273 275423430
452106456 612353730
123834594 256315768
229238872 449401770
70385270 141757690
202127697 238392966
55494237 71280165
51498691 71081256
200314303 266255343
228899052 239218813
209885006 353528224
464093511 491421605
322023355 523136651
838228988 880089059
187194735 282404947
229848370 266290281
586585421 675728327
107939861 217191621
49679794 90609360
608936368 906329337
48126545 81541417
704446793 900733944
32184570 88121593
567189293 654045560
476390487 723132280
46784034 71751413
541931001 715739300
81018170 156159847
460547529 588171207
199719869 269092814
228507243 374334769
200209539 337532766
593215943 636092361
14636437 75874507
540422137 778629998
297374338 499994175
574275471 717663425
458382314 529131573
39930984 77493140
657604038 881977656
478767012 592928167
183834394 335712645
206234591 294524004
13096892 77539731
735926213 884812924
521066059 579214004
228117649 275202303
215391946 306412343
125927632 245548700
226356716 259094606
508385067 535909305
226138574 255250816
552046072 702548573
427884425 533847485
861017260 887530305
68703099 172627905
749483830 883080494
483099684 559010737
195568993 341891046
33965870 69944208
581486016 663127444
29960094 66474116
668959265 885714100
444667614 629876322
443576612 545913093
730266633 905075030
769401482 898382859
114732702 255120125
90245279 166998995
573387878 775837514
96089734 209416440
783162826 883727734
469058001 577927647
75068545 114297308
95737027 178028273
492901807 594788781
591974449 713153914
228578234 323183125
89319435 121075971
226893886 382595144
226832876 340590422
229151376 266275183
244793143 455013574
434091698 542817311
117541743 177407284
79578044 169805462
746699094 891950752
526867381 597091809
69822500 147641268
79879334 125126004
430303025 577414209
136175304 267519461
406118033 464979347
828712914 899489795
176125462 281763503
558315637 697751539
65697223 94071987
458656206 519262200
138652024 210164705
458665535 512904852
228100076 428961468
132521674 189678297
407657884 475740307
60229309 65544631
229624523 277191845
65917270 156467533
49794931 84420649
705569078 880690297
374162649 543135104
435172778 602588376
769069284 879914534
64439527 96871768
432189889 505323106
493166332 713619984
557562768 719800183
574259973 728053281
721700019 900561989
6410993 71716143
120515760 269046095
470786922 533161582
357256486 496513244
55035909 66254453
87757847 142010287
126911466 179173923
51367826 70139788
85539160 100543596
153089115 211078129
262558465 509352494
436559136 532095979
741059592 882928769
148818756 250379684
228223606 447957151
228408872 363492068
473057821 587001757
204002870 310805902
195118703 330232746
503348964 611430081
450347432 557103456
226176389 438809067
226883578 287995926
160277480 194818597
80620202 154699910
82019433 147191295
658441379 896156089
54289199 85609959
181836098 260991388
433289981 579653188
588724389 609251821
153803617 194511303
526976872 684327428
71063980 172868329
53072289 85261726
136689441 197489640
228127215 340979742
79452308 95495533
192180463 232478562
459272937 554602444
446583351 498213452
228124587 332874360
193884522 331733701
93352121 106639763
538134765 766422037
91739503 175081649
458529649 487557477
29148399 79046399
521959814 665045986
471468039 519584834
29078052 71206123
682212800 888525145
337527621 444279927
349984619 518399164
355410112 422750403
740686713 899063318
590059071 785319418
202134830 362010687
236372273 515968947
325416319 458755068
154210283 216737609
145440460 225659046
58374925 63127433
486079169 653038757
96537595 231147022
592002331 767179367
440984489 540914610
66577477 105679431
483094998 543301515
181865633 335171929
868400954 905738270
632923840 886694458
13494006 62834385
745619608 899599741
333716461 424598898
222197838 318488239
96306099 228755122
563150819 610227542
588301814 739907261
163690267 235867719
593238379 737549824
319094506 474917995
589223980 629978004
387680599 470848400
514843760 676848395
140144701 267965153
227221266 406474698
536378265 768164565
330260006 452401435
180973692 293711036
125237902 227911921
47193285 77516787
165197967 178409594
512395562 715554789
169787844 206383010
82391153 94885023
688454103 883796805
542156759 659679712
454394530 587169277
52989503 84581328
80626538 169852325
575596937 741212253
596799618 759563678
54598080 79567556
490697188 669308110
276200108 454362771
442365436 616310876
655016887 891346584
54745886 66889911
228278465 424644535
582406029 743489753
26795358 79655360
69551024 127808809
694643292 901659195
282191002 446085440
490243580 561747339
77448694 146423763
604280453 896687932
465138752 552337917
364628670 460798343
147420040 270256637
478877301 559291557
8490574 84952622
19067724 87648008
227230777 305171692
559043770 639993201
228960296 381285190
70359403 134214354
29170548 77202524
21180181 88056036
596372504 700653835
580474317 636816218
570737269 711116225
331750633 446767199
193422818 353802746
584853114 661682867
163310515 249398826
372690460 482619828
227511014 398855872
632424141 899431555
177594988 319060483
210143132 228181591
79196474 132435224
443006263 506432769
440306225 577981477
92951144 177866626
84611957 150754440
589465493 763556500
778969937 893943431
484865943 627535452
78890237 136504558
226483701 413509341
185885630 300190749
180541181 342028127
229265525 300759891
555734544 614572142
591924567 762543910
226401046 401761986
575888107 681662846
541918392 810376928
229834543 412093033
349611071 514849993
101299614 190429945
292846631 526967638
677251251 879306411
81026833 123150529
594538241 797537988
412514650 518319243
462431157 548740031
123421532 244424425
21261283 80544012
34917773 84311698
556133491 760095781
591393611 754050352
226749582 334645239
178742188 268753414
1670444 69135235
265563962 465718331
92828770 106337864
761388243 894025394
701991196 891293926
123236610 202604374
345491375 505220068
279834922 533516927
57875432 75768022
226822764 362885662
94415563 249269628
505434255 549301695
68338537 158616686
70847085 126799415
3520318 82802518
849193445 885156294
656970884 884926989
583506383 673189567
200585459 234939518
23371700 66498096
175906678 264129475
479318139 584328194
558497108 720671557
229236780 359551155
366302489 460129166
193584862 255920362
238116264 503160872
501588090 669519869
48225674 62489486
632057164 907319292
581356117 668596844
574004508 660585814
227802982 410503636
840125956 884601754
226320428 432411528
226634172 307245652
427829786 542221531
388478054 527508920
14988205 89902149
192018379 251810223
140160574 178955457
529605704 690284383
226251628 247472899
589304606 692907266
483150180 586277875
586839418 633565328
521212086 682193766
527300260 545108007
426846741 621571345
63344281 139623760
362306220 499891242
544966419 730130841
836788750 902030179
427177556 518873919
439731281 531560160
248029834 436933272
471391995 475946924
508599488 704222954
333400056 466989155
546789931 718729028
33115682 72350532
226179601 366516659
227674265 416156035
466867046 477913886
92418000 129515074
487102649 627156850
223165824 256983119
454510436 522670238
18731528 64988789
182578757 260488257
480953704 613938907
415302180 469296341
23891145 82979100
170446059 181269868
34154797 72167685
664330486 884706375
653317391 889379447
137968759 270946485
735855675 890843338
86485797 116030004
510648734 712572819
127812067 190603347
540210133 612005834
229696820 344981651
162930402 175498142
127282476 253413385
228717929 330812166
403649437 472685321
7861282 66538078
74589577 100461210
2411884 67427056
203045534 246809579
34951326 69440528
801112231 900270606
550319616 618231034
394964809 430222128
478144364 617708994
162568648 219540081
568929080 689707167
30200610 72743487
624765345 901211048
413449865 534736624
453918365 573823628
574150293 723181114
708722608 896779257
575113895 649616071
565926776 746151860
565683898 799802578
75153314 167926856
86177035 178098233
68075477 155913360
569080239 702559049
51534455 66621960
219975542 231123388
583006143 818058008
215357379 289484545
2793276 61586139
30192024 84277361
226183718 281934824
65161579 111837334
781911496 899721640
130306343 207430915
779254100 884184478
482686928 558222757
566557698 709224176
67256985 124470484
426071142 609293518
14218480 84690287
216060387 260655889
435430212 585655623
164902432 253453023
61121766 64691905
242613416 520188282
482026887 706624488
119028112 188858483
210490608 305937478
462611827 580595895
146805283 204792827
461221136 501271481
491727270 623909872
228940517 302728681
444944003 581696949
291448433 507139540
483545183 584322116
554226795 644630917
127768712 267445462
555811844 759208759
13008387 81429734
753066502 892679655
460657105 627608479
226079945 323075578
518499753 713341411
51662562 74344718
201141291 267303882
552819003 650981728
471487842 605799341
227274635 417114532
301948486 449543308
180526598 241442438
561044172 715360496
822417870 893127162
332829737 480314373
448270007 477791910
466285416 613503843
112595241 191549093
58074487 87942969
133879727 229670858
503155587 551485549
119146069 202312413
125155973 268668153
200244199 322976262
287811230 481138303
28293704 89547721
537198623 629358237
205577060 278032209
119114121 200753485
524052330 576721702
451281932 621368891
229294043 289072830
202446359 276004445
152636254 227359172
77315031 171181832
80849414 103684423
79010203 106508303
165832230 270647574
366468590 470107766
89139262 169665856
521673916 704776403
155496835 214797167
505469014 614580457
422993894 615983588
387494046 541206495
430854805 560174162
14403965 73865564
228376056 443590633
767301102 899115402
206772106 286346745
278024011 489715207
493135773 720915232
866634414 879709579
2705299 75698855
198702130 304154425
179528632 281273442
229115326 444946825
106457379 247871506
578529777 627024119
154028391 257025698
739838277 883054571
176681103 263604474
380712731 430036827
209387931 240736420
496939719 627918411
559200643 810973291
564357624 772443958
228621526 396977601
155349531 199834621
545831078 804493789
113231518 223669708
204523411 359705922
460518135 510289643
496913277 665369896
713281146 907913300
164270691 250899163
52509945 69169770
287883098 452713460
667240414 879738394
180242566 243083996
129375763 213008929
74926916 158049488
40114541 69081182
237236876 481792468
189753684 347909487
507696084 664972679
500038076 561799777
491524348 611355186
205712669 359103634
303031013 441954100
93587986 142115859
51170231 84161774
544878958 712115856
589683515 618431847
786151575 893906964
488100453 662190061
19461872 68498615
227827665 251231965
871512532 895964328
63298081 140425762
645204417 887959910
443670495 476351332
575480050 794921226
227917488 391633757
78057304 170090906
423911910 485538924
20788147 61179106
590829940 641680795
76492411 125501588
764304877 881967336
64573838 146479266
801729470 892108282
481080596 705671653
434810004 477488265
127178947 190332489
221389885 362797566
439597656 636155669
430308069 580377201
736284531 900042924
784920494 903817566
128411142 246397438
669130196 901346295
226759261 234017741
254852830 507475502
458588575 601595358
820994 82121788
71487868 97961022
474464438 619855245
123284042 242843309
470891624 615817367
550992058 624562521
450787974 631117340
587058420 793944038
482375685 707337613
87733507 95299542
137661467 233678032
867609526 886966597
552749472 680735437
561842921 605038361
81143281 181630935
510313505 646488591
12670404 75540672
8037838 61285271
482165062 661296274
816700215 891178586
417005470 423826082
484132440 606178584
229074471 355689970
453277522 570352258
79940377 158715726
34578168 77189555
228804967 353831049
31168307 72187314
227400119 354560250
500705654 680534236
10662509 85434683
3893219 87041480
461953832 491029309
194644652 289967565
525062171 705157567
861172102 878855880
593863068 716475634
226439489 283502904
51073625 78224314
542881081 608639419
348148663 511215394
158202497 209518803
177838047 269413017
665533282 896323252
558259606 733536925
521992509 555514099
455942922 510899383
789409351 890929650
228745631 439058172
229495714 233954599
565421704 805922673
330852148 494241082
871669785 881723702
102017521 259767375
546598157 676921131
711025375 881615680
443799953 559911500
67271008 164893993
501196814 583250791
414278100 496022761
469795418 503610343
142023385 204483180
556807607 662383749
58480141 68720058
499288453 719673360
443707193 505253466
86307231 108444262
493090185 601691992
189307016 324054911
328631085 434115040
15677616 90019918
572355069 635327732
115059717 176713847
706332132 885580629
128950165 190914593
558800001 606740727
220408754 328415335
528897647 704922285
512224661 578186741
6802509 85917074
8472217 78434356
486904344 595663710
228521940 304223216
48876295 84910605
45326005 77164671
480588508 646009512
227619096 386271278
590607688 761008094
226761186 271899886
553554672 728487975
81821723 170924955
681332374 897281580
662536137 892636614
355087718 485256127
523725753 687560815
136319824 221126404
368044116 504347167
28558638 75101201
84227942 118002297
159717340 219303273
414349245 532826788
441444806 634767465
64327965 119284394
583523100 806903985
521579232 698840412
229695084 414005131
502532751 588836979
302710160 445005208
457462331 541213138
64809769 107526940
169568356 207927153
337734970 438088321
683259041 904143043
432127397 566350076
123642182 183695117
71380735 178131526
290955297 450743134
501816376 689089568
855281275 892346915
204255275 285135859
542084241 713414483
226599071 402270508
88216368 143848462
42751242 81527986
544771915 605324130
14089964 86748165
546580581 615543783
226299878 277067429
313580316 514576030
493189120 540216629
85291320 121962477
556081890 606425289
518991290 569764710
177680208 310701173
85062167 130329610
226530883 420682474
86601631 160355948
206951169 258489888
2585584 88845688
560342229 609621438
705262492 880220755
63862448 167726726
226517782 284462045
544467345 623908934
698564262 888431580
57095259 70493187
468162735 612903912
67084921 146959618
848198764 897194587
72698984 138353255
168409412 235388837
155802066 177989566
2925988 81449626
540833274 651766642
465050225 633908738
226984792 316122926
455559321 554630961
197239596 324672743
319698934 495873011
498952076 601083529
268971070 519370916
137974109 261308265
2840896 65308151
785049333 890604688
75365951 166903744
67951826 154626730
404382784 512205333
90646132 153632147
14682467 80125798
716540416 893919130
737528213 880091778
60303012 67314813
388850771 500458814
449220937 611383853
63668559 153373974
201304016 281852488
496360635 655826303
36715572 75549936
222315820 226033509
559111198 684983411
68122879 123515985
427167155 548618320
471789326 588132451
265848947 533078949
463940120 520635696
63091517 141778423
226721815 368470226
468726220 483932307
570360630 812809005
444688710 571593069
727950512 894624928
210879757 297372528
154525334 238575011
187274729 230676653
547175439 711446750
228754658 408054939
594914552 789481988
35666007 69586437
434759778 509448134
81163851 170214996
125204045 212134246
238670154 423995811
228255694 338427849
97308061 242492478
448242279 528697809
62084793 113907845
514086215 643314142
433414904 590990988
658369777 896065508
513025620 603535937
72143883 108928240
561616989 722102634
851759425 894345714
626962923 900458356
226935220 276350279
399586249 446518639
399271321 474746414
21695526 76052864
467307047 634464905
58742657 64029672
59432010 90677714
487138874 554101788
195832236 238102254
527406845 717737521
687413965 905129460
432536670 523389841
85870370 132359047
34148486 78286281
505355802 676696326
97423738 247555629
204425943 356797516
228233724 328512476
566584910 719794877
228677031 413860228
314897576 501356710
191630497 245528902
405145204 444943126
521775669 536225878
78467219 153270031
227221957 373573590
484079819 646422087
319698279 478180253
4754978 76397573
596475937 666049310
228336244 356557156
181096932 306866653
519173597 668723837
76375252 150789919
190950191 241759059
227095448 357807695
184942881 266616714
46083216 68836247
165035915 224069937
95915564 263662941
61354033 150259280
456581423 494164503
54619453 71310501
540459463 731144294
108357817 249124909
872920677 885089601
496423052 616792458
527152250 653923840
146489656 221691689
126969762 187967336
228533814 284609140
468396042 592332322
168046686 250216009
229068120 234861528
432582684 621295662
489512094 713201292
451638255 577519987
287379796 471011973
112537904 182423541
576256771 748644709
228178789 360600434
143269626 234683060
583719128 704114602
555155491 653870019
523500269 606242212
495113154 575916813
89095735 111709211
116076970 194302135
5001053 89588918
187455828 254835447
193711300 237300843
147480699 214347849
546152006 604257321
86359184 159987176
74681199 127494714
226620975 388009752
178328281 282876848
690804699 905073026
801961228 887948659
366601208 426210560
152446518 205609363
85961834 146722765
38187268 74877044
469259248 488936432
63089480 122548318
559385162 684079059
72439492 144016544
24363067 70340262
604991003 881131775
