1000
185958067 309091750
200154200 324742337
535461432 557664003
552883970 764283439
261671544 371505045
545213250 570362910
318579593 474705177
543563352 665965943
387405945 587607486
43190513 128829208
127633120 273843725
319999529 391363988
93562629 123424157
33618819 151979102
229115438 241647432
247725345 335268312
207129646 271767114
139659985 298185369
265426654 484453621
140181315 246264223
296675699 379136306
624715631 799466604
382588842 607628929
546252093 578516740
251923148 333161895
617964101 770611256
652353152 777325803
498957484 642867039
270407051 430304857
584832618 828452346
313586820 457042807
127905853 306003984
671906972 726787904
57653625 152557179
483021553 620003044
665746373 762564296
201542327 277201984
567558103 715996458
211740167 291635714
283677742 337874531
521978217 556754560
528427175 566670757
511386473 567582596
490435603 631364593
69084929 145917893
235822429 268160986
147771319 332680348
58598273 136169532
402974893 645304814
133930197 255286737
456731457 593470618
227208759 282914033
423614654 564449266
171412691 263966351
314970401 472066503
24700274 115385555
13005840 125958124
475662988 589052173
530823966 552104483
679393399 737067960
270324422 476280415
278573990 499318775
265795833 381230041
71322025 135675077
162827153 253946253
189034363 267254390
647278598 830803428
617020264 735390055
448243041 565316346
348265042 573874424
468632265 654534899
22588953 133073308
110219922 133782944
556417524 777192625
331771055 623080051
131681554 310297306
45498826 122806514
639762710 820390081
553369599 831352942
34755216 139608632
600445153 780416016
501067676 610835022
194430908 282348395
659529999 805940806
269763 152828226
350928779 571278906
311624211 338427511
209389 115518198
181330154 315760941
132441161 331181090
517747349 611050384
32588447 157612177
257152185 399084468
423423685 638137905
307469018 454928073
106228850 139316032
626201241 718773891
31793521 154835003
427501041 656298468
686264441 738807454
78880991 120833270
28331896 144606883
265026586 425896504
396043568 609115477
267978720 395926902
121883649 270084849
312439506 437906580
633162423 740517891
425483339 621614014
502638815 636458087
578215470 722749538
294062992 499255582
259645682 481555236
291927035 382643702
306494979 424876058
614748629 760392359
360122669 665107205
500950212 552831093
632745013 785937697
2088066 164165167
287228628 336246396
345060368 619749942
286836137 443449647
616575063 809682861
90181588 147565597
262694857 422201309
403349715 550134903
538581091 643384893
627719415 831883689
499439844 665724590
580427632 759666440
4761253 126549096
142660217 326413075
301243328 472738978
444766026 576977175
241855708 467284317
326261955 331815014
215241957 275656895
523161390 575812327
294750934 409679678
79065511 150609516
511558934 572509043
202707197 283739024
165667521 266019503
428849111 592559858
539558182 635912418
28180698 136208120
674355406 833106587
273742891 443581724
13316750 159175880
663210734 829970134
79802728 119567580
190804443 293109058
552243818 791711685
126547779 329838149
590307940 754189802
261928100 383169310
206087691 313952870
289224157 422284818
51376545 136987930
411847161 661586556
97269986 165437386
264875506 386654924
54902163 112191350
166732679 264252441
104875364 150106851
318698613 442374897
700382847 773721981
702381698 768193687
197650463 263036358
666435567 734256940
252000399 466400400
453328265 559231422
492907333 605529115
123202303 324203941
580533529 772672856
583856623 723141038
621192321 811169374
596226442 793996611
281057445 499926603
305114959 411044515
169907760 269864847
106287585 165203323
626712350 787258015
561810058 766069782
120610687 303036102
97710503 111787529
283001718 480401833
27255931 166629213
75824861 162559095
284215366 352843877
47926872 121252091
232021151 328140776
610669357 814245611
221009960 283893343
430136049 574317641
619578978 803657825
311185896 429817837
535521079 574368140
645366970 770380080
288460594 395968772
211331621 328320124
205669957 283328144
393578792 602514037
563443476 730307167
586096359 793490458
503960893 644161259
272579352 408380348
299085022 488996790
20627771 162204556
324471559 407843634
98322091 115544229
148881501 300868285
339751375 652330547
606499463 773323705
2035425 145348432
565095881 830514408
309008016 363255547
502233614 621523373
283492681 433757353
643602190 762968572
87602008 124858095
644394944 812963576
248066258 360757634
166793890 247060979
46733967 111892095
697130354 723899197
108474540 117026095
190621675 332553162
202423543 326072315
671484952 762507553
72843599 136163882
599657149 832608901
186695675 252741166
327442457 474879778
151603055 281940653
182011954 278485537
333561976 611882055
589349416 817364481
265082647 455988554
134252618 308922683
296406000 491391205
194210732 324997074
166845040 265152313
286150429 420947506
418808081 583969005
439614613 589149527
213509854 318060863
628030706 769142230
233595855 283109092
681662528 731052760
623250724 733265914
522422329 592231288
245166050 333666967
156834488 248498200
232412581 305449018
444896942 560917670
545300711 566015654
581707181 804554496
124430168 328467203
81466025 163072650
267962612 356959828
656869199 822036883
296987913 338713904
17470651 113117747
566284802 788202818
431501102 576772910
149114918 246465843
358268313 577922214
202252969 275603168
95040836 151003753
459537859 613447208
562621609 806743374
352959634 654777624
608339279 770936966
526439633 663254777
561639357 804693635
338544473 611723597
389094107 619287900
635067788 826561934
306366707 405321502
439841443 662074233
521420716 615268022
446959268 638557189
351879441 549019004
279841808 469025883
168057797 254296751
52574798 112108534
483172363 625994685
70814527 163683745
419815617 665209671
47760560 116014595
4617163 144602243
584797631 732670892
112228848 295476553
360082186 611190861
305563152 352052560
182360091 322370856
402418143 568848797
218961398 304478000
125183648 332480090
66723585 112214052
661174150 816690094
242856566 385837837
172689490 259890306
246612773 469138052
97598372 147033971
328450329 349587402
598791941 769129969
502817191 642302061
383523539 611799327
607122832 731311435
72060979 128173618
691684843 784553015
594289979 731193442
373306654 587846501
655880180 725645756
145393165 321874526
272576215 487537576
157914360 245269182
614888058 818792259
319579524 435099258
388533718 591410293
573499298 758331990
454225586 654304063
395526250 646799404
456357172 556646486
541807486 587448567
304157503 442621510
89714547 163073149
473929011 614726973
542585008 573665459
329618251 352860709
51015116 127675618
120219472 265828455
628955583 833152435
141727732 317697675
15258548 126937116
270958688 454248730
650571770 790704948
10132426 121052407
534583057 630344833
35496012 150688936
163551691 283384755
552265462 776502785
492145504 582415654
24077736 118199815
208441991 311435248
104715681 116862264
323153757 446544972
493957544 576232006
338074057 633502273
205912465 295800701
343179161 587480419
558570481 757256418
53855751 124490450
461113881 619408391
153208487 297495420
328887088 436122257
509149648 562077148
225444488 251231332
698911605 775060452
622232908 728952418
625651595 741477216
78903883 140777679
58183696 113888007
168678955 278557939
388230332 588881445
300358466 411581444
648779264 796995291
473281880 654246987
249192690 430661163
174568035 304794496
494291532 621497266
102284429 152153846
159932974 281828556
128975883 322977681
663863682 789555997
131002306 307845402
278637456 378256807
350875869 564915953
85735156 125350437
15340623 141116269
394521882 617623785
35514841 157978613
590918897 762767044
153659317 302232705
125603340 307633316
387043433 570821963
126260268 251522032
659691778 766685150
169345922 299726275
392567448 588766199
31934432 163179991
343048076 552366037
562107907 743289002
139899322 245198650
26920014 127649242
40662809 136818249
141538178 277450852
264499049 367435948
297134091 391644820
371705787 655042363
303435206 460936094
616343509 788198344
545381805 567625289
619158704 764870424
435119568 567332331
290166141 369043234
45341674 144731499
117319568 304208310
501088054 651311264
213371553 242427507
230947128 254258502
283090474 394872274
48908327 129119830
168466142 290810278
537373323 557711134
166051020 291543653
237359501 286173944
278720984 438388166
510956824 572840189
592286353 825517067
145603088 310077606
553120333 753667320
186417982 269974819
271917811 380112471
285461264 422805858
665138897 756165654
617476205 815566568
181348281 301348683
74941808 124958392
553407442 767587296
223640649 289143386
228959141 307683772
53118119 137215651
512404066 559082322
707378014 801046101
344368877 584023058
46607106 166597263
114676462 330044660
182866051 319225869
9168537 141393814
502174609 597631964
277262234 479335516
632921117 726324213
51466650 137598490
63173819 150745072
610289749 727845541
107681051 153100077
140450800 316952369
461741351 618768727
268660960 447446628
326857944 379299676
612338075 800333275
191574094 276398160
79125513 125038652
55541862 132330564
284443800 459697309
628141111 801171406
539033429 615784149
112802855 241227710
695121949 790458765
676645595 762484299
196256579 323162113
612972633 763613972
677853168 803594661
93833943 135143881
191116572 264261467
148746875 263743584
542029241 594149629
277272889 449474762
706847642 726610047
104033666 122653059
44553942 155692687
186025968 246135505
147111296 272893631
674967833 742627709
110203902 123710749
142869634 294812155
501274706 623244925
290706131 379981028
309196640 387674426
18866054 161351722
270089782 476194463
311880608 430583575
5116271 135863717
47338837 125959754
648150109 728424504
78233064 158393336
689282592 740254711
73821323 137391432
418712000 602782810
707256878 745078186
668158038 801080626
239368636 293690486
13817174 164550953
76109179 142683978
322284874 499326614
653459154 769475051
271769558 458596602
60701604 112322368
133236289 245010116
305209079 498353941
438475620 606360007
173856906 275686804
9760770 164540417
4950287 162714082
45316706 113780225
636060847 715366471
2266200 143680077
610462159 778641071
71656149 142228992
707891443 798564813
255083092 448739203
45264932 112447633
259844328 362140949
15243318 156092691
280555721 466312991
424315373 636538938
292608603 352715951
557692938 793544322
267164225 499636468
142396942 302472599
58278612 116516870
66999465 154197108
530638861 625271417
572947476 792931511
120078939 254046703
448639004 560461948
315053377 332079245
239068960 241116966
51591542 151482235
560968572 744652312
431212265 646510745
242782607 425323744
670116820 825352653
456957201 621795572
314080384 422253740
575234289 779826605
555708712 831436711
627034755 820228575
282049105 467877537
80089885 143913223
183873089 240975662
449365465 633164315
51354867 155875551
141038300 280434305
510741783 645644259
696119507 799839050
47878069 149058836
265497415 492802147
547038135 561161235
225840612 317872742
565880568 803722886
181714815 325377533
252664299 431556973
308359274 442573196
219473485 284116821
167781360 275947348
510230576 610466334
355642059 657796580
687035084 753813021
65039669 127574807
372115366 597484994
209940243 266148504
508924430 611825880
568691301 717182181
12490515 164641313
262135556 477526974
152154812 276431808
565949902 741041949
578049640 732661347
179505467 269702353
173762893 287132158
410384074 597568145
296774577 363831963
294538443 480781886
69713899 159548361
708010632 779246704
324906317 492300242
145977973 323551307
423413617 622924223
337430461 591556632
18449076 134633367
311034661 428511103
371473754 603298101
266543984 364970429
47430939 146846960
313566197 470217017
205497969 301816971
584883594 798271514
200566328 319494617
617246830 825786080
533902781 655903489
247654768 425840498
331849080 651911597
623211199 747855135
540009442 632841976
69172170 146197931
218811847 330529118
21997775 146630797
272884583 339373055
601446497 798467668
137875510 266479999
249632598 464288872
122605857 246001997
162799929 264209770
462638542 621911384
507007982 611688503
165667225 252806718
43904251 140776992
183083831 320620035
683374248 740939065
407844248 573089149
67210217 122577941
289375913 437765180
536871153 551916842
53221515 121760642
150357227 269176623
219239388 248868459
681097555 719591741
651324872 803928485
485312401 580530843
35214714 155825074
433259100 588741212
25761290 152309222
289215090 475288314
124535194 288321503
503352082 639772876
324267110 383930001
632943608 806827192
555532679 721685171
208804083 329410814
340927218 655781454
618243034 789795864
51828424 151452675
30340762 120913148
358964948 609016360
155245342 258825637
133810907 281094033
299046979 377932301
33524492 127028996
193982602 281940809
637575830 736725873
224265907 242975531
280350661 479046358
371762666 575170687
508695719 656941199
664134479 826111648
30952656 142673408
649417529 789132484
550549540 816345567
346165744 622104176
271085697 457910580
606419916 736309569
341236304 574196992
258329516 406744525
130097436 262554987
80151902 149424178
565952762 784456830
143126667 275467918
317787458 391453221
384410994 586220407
682587022 815192760
230126386 300426382
222773849 251961395
123172528 302936337
34024731 137373412
122695835 241666522
101173007 134406990
175206093 325169833
228797683 252869417
615315154 824123973
315114320 396072689
79457475 115453414
519072067 641400404
676749038 811736013
453118791 658486980
93542051 132449858
610851648 774305838
460968049 665994556
651915618 799591712
111860598 291835005
119527317 293693482
684007987 760067870
122466801 271603458
388496028 567174908
204612344 319223965
690388527 750383938
509143267 641109936
63630955 115207161
106170246 160894631
14821037 134868789
98151923 162158237
689306694 722965038
218143615 280232062
251886736 352850340
156602744 308947498
351209981 575062831
162403887 304575990
7057135 116974416
602727893 767059212
566909524 829919849
544705336 651724845
320135227 476340666
255692511 430994647
65311325 129531985
251813180 444525692
198191291 304646558
360283670 620401125
690352341 734504547
684384345 829967724
10380225 117301517
121029535 278270145
224778156 302790634
426993249 659833572
287153151 335925244
229918308 273519269
351863137 582821057
175460723 316819564
157067032 288679013
353148507 638755748
409780260 606844574
584120305 739871052
313324225 428939634
354337914 559908027
292758154 394969128
651064007 778254955
81253040 140894357
611265492 781519845
297298756 483718720
75665660 133665633
641255825 762190873
306027351 336402530
501972621 576461869
231485001 270453249
370755533 620124152
182805598 324765443
447448 151280756
10523351 143554483
506656432 651872969
290676745 336236874
691816674 740470081
602005910 791692533
584555898 826902085
304408220 351595458
636046785 727638484
602768304 715885078
15111035 150953622
437362715 664838338
36819052 131986837
214450852 316354590
262950434 424751699
432124256 654527251
177974506 328581976
114432796 269415469
549581718 755376041
477664882 649151366
208655123 259937428
21271716 131835520
518694861 585369114
215853456 320903656
262407272 429074148
295747969 455248282
275293498 393287080
137270214 262814278
313165603 459734294
151647606 289985914
604138537 753403974
626613422 776979273
191603162 283391234
323292561 423236160
225218047 242599458
593670164 784556471
238405100 283309418
148626626 271013850
650394191 784197164
231002295 280282092
169665368 317621386
514255331 647307197
334170526 559797791
256296288 451566595
103724038 152131369
216339723 281589065
407741758 571052000
363548037 604412049
92503586 119094524
618137818 777046552
255158119 458996282
289615906 477013307
151647535 318953074
51971948 125991216
546770512 651496998
598717517 753187657
265208946 478871855
472815605 593609760
256573798 412915375
582706647 814591151
12385439 150854114
107927391 157660083
48271755 136716681
615595278 821930354
503631391 652432359
102529236 123371488
279287797 335594319
189681358 268337436
587704374 767331699
127581004 290790351
114127741 256839457
140343731 258157973
233558480 252886198
439562239 625475304
12712669 162886643
228374210 302900724
191316571 262992641
140892859 308683858
173650331 261116678
216865540 272594722
634327273 801995745
114999401 291130278
254140442 451280460
509002828 612766432
227892397 324835521
558555853 816323394
292091900 469825829
292126391 386029535
328967098 374575493
433040236 583734300
232312958 267093772
150527259 251024133
176499061 259991321
79402517 158529600
233760143 242463209
478625752 632986779
641833889 820340087
679660636 727047258
310756836 423862850
90078475 125976717
4049862 112914391
416820302 587605147
50666642 112090403
711883909 736237893
134715420 290801209
165720342 282443402
573354078 730288517
407784716 620074594
212450210 292497033
284262176 392221426
182553639 285778303
512270201 556068178
98338995 126524424
301115625 413175206
264765237 447045136
623812697 725379066
635326354 721302414
314489196 468290157
362596154 558794072
246968702 438327694
141225843 274305075
455057275 604169237
146056791 288148450
499578602 586325769
326431412 414510592
554724274 775341838
41418973 156672649
244424986 352842722
40640313 126485620
25508793 154381000
695482577 794912672
210270429 276382794
544698352 589785663
148697947 318279958
233601513 306409272
702097099 764289456
283000725 445628438
35192201 114218895
309092544 441463771
419244328 621480104
664715110 713532732
307673288 457511362
469761367 613773454
227217175 246072878
700415763 746951217
658452497 810026817
701797856 752628002
493111101 559768946
672890880 773613994
526045081 646240580
325433552 413457037
285311125 478179825
226518774 327347831
230129940 305926424
222764516 329325163
464875583 642029857
398182952 608354481
597866087 798601546
63864651 152964219
531678900 601309721
9359475 139444927
22471084 117369686
572545449 780091355
260309600 461871957
319254335 373042108
250191560 441888531
306536701 358559235
161645958 331356402
457371027 582579780
155318147 278665324
15265760 116712793
130912796 242395324
125038883 325550799
593759780 747655061
262134434 452187326
347934463 595659771
135054657 272493061
217774325 322380014
442948470 638034606
597880238 782539320
220877235 314186948
405953353 625738616
697558360 770883244
46430177 142007966
5493153 116535032
129265895 317298252
78060355 128303785
231865384 294229145
114630607 331013724
705954062 748259395
611017804 792677452
317090659 413478164
325035339 331534716
12230673 113535463
568893970 805290370
487623406 560760821
182725563 316749903
112153760 265457712
41057760 130637477
617407143 775403958
186869026 256611292
160193099 300620286
237347404 277153354
420936308 596691595
129400865 261559813
262590240 340532384
425117858 614144743
674977090 789461380
650016120 744070777
82403918 113436577
470658566 604183589
647701823 715650235
209315992 260040343
562639932 714492139
195186397 244795871
233703512 319156570
581184391 770102051
36932541 116552495
72116175 158157007
99816092 159611988
678430074 811601820
83727048 134216868
379483581 605926917
550318643 759752061
147540032 256313456
570135220 724134465
502026404 554796265
637804589 735690014
34046288 115354456
339459343 594243927
222151369 308395487
615964336 800820383
430414320 629690445
177980555 257472703
510494892 634774946
15631633 166370375
192511793 287551958
387903343 574814592
312289253 452041534
432515614 616305598
292355989 406317426
143253762 248718331
641957032 786641465
587369219 832830580
249505006 482658850
327133275 353828568
649044325 783872370
173764598 254014355
266097275 399885318
368698200 647689869
146979228 284561170
235730193 282633621
563653216 728818484
475876922 553685091
568030369 735894471
193100292 272496584
244044441 373722640
158246498 258789528
21848300 154059145
646767715 729284461
603880693 747722160
