100
149151462 329395780
524681732 663997640
366570799 442605721
709262227 825902267
402091904 481938477
512458592 664196373
91216202 155351632
441291435 665933528
329632 146867002
167696204 228376202
334702776 488065279
124435528 156111948
795982763 816702035
71462888 158696980
152780193 288697413
780772266 829732660
779454459 816586597
682969682 820562958
576865652 666519991
128712498 165421905
181035047 292003791
52693948 152243728
187681763 218238058
104413995 162002578
2141425 154273258
529321800 664183030
782905957 819480717
741009155 825106632
176717874 301441231
257582795 463876903
186857995 282931067
591116519 666620910
120294868 149451100
807703068 818736418
460185724 664643998
694923288 819509174
573428310 665852456
204079903 428261219
377061143 459449369
250729343 436366596
539903554 665189476
748016633 828635113
682876010 826826765
191868798 262197875
390599815 498036472
121703095 159955321
367656075 433231824
235825070 426385914
325774386 465829155
17304097 152611628
163000402 239785330
156425290 270627854
153825877 267928548
661969210 665416432
247204171 470873758
168717474 228754784
725614103 832982470
186048329 199785265
150919949 233534591
153755482 318010123
181837401 243368598
111150634 153529342
344232845 419178344
170893549 261648752
193421587 315232619
558158143 665305838
8183153 146929143
688918648 823911057
332040282 471683798
176533399 328439415
814580998 816424060
416363441 664916259
78871259 151720958
524525716 665942696
218429190 434307664
500249646 664486629
720811489 818023730
523102473 664111214
327622343 426367096
174624756 319902868
65997334 162287357
369508268 481784753
171542692 225198063
179367868 286379183
180195350 222501873
153592760 215461264
357903530 410949480
316878203 464689312
192094853 323194686
395218828 464709213
48827083 159564014
266708623 428521024
11331900 164534722
159109005 267208581
68146148 158565578
787049052 822241472
674515330 827799457
384498384 442269208
109188576 147568980
743628759 828345302
