1000
366966592 621767988
662539905 763086101
183081829 255403006
264798611 465862449
95859575 290237699
97715373 323850429
268067285 320009582
27996584 141633492
12427426 153682739
580229943 804353761
248228887 470852063
261615328 284340176
43954755 110940285
170849024 261379819
457128492 827001196
18171280 80520502
282382737 403931871
401129913 597282537
513455236 756170550
268866782 431833154
270991585 427485597
65309131 283827990
259758520 477280197
596537848 816213645
152571851 290334231
19627027 144469014
34038794 123271665
262938458 298672066
10388974 118608002
80065422 291240095
274771746 482159595
248788504 381764544
244035361 384845959
243454574 440513713
325467584 441119088
381499212 654454906
109462332 318573731
14801353 78043893
517793750 826376163
187646694 240966348
497090674 814341231
270599729 362671305
459062379 806540395
276330576 395130097
220567881 249707279
251231640 349592187
30738716 112149707
262816958 386039762
244386693 390700497
704702557 805440630
281284673 462754209
247549541 454655078
17001903 115122756
42028841 66308128
248120437 285731462
54624346 165782155
631178312 748746720
77347010 329211792
570085613 808950422
474247448 784339854
416124429 443844858
200945174 271224800
214322158 316147738
261307980 463164817
297403683 489476732
91182080 238186984
326356867 459696879
44124493 155347431
394254589 625520819
247878460 467852126
642652315 806312203
599708856 744234615
358654230 504153386
51476439 119246210
711549839 715235919
11831077 162504311
660231059 716475944
386826363 618465235
414183322 548082184
259304366 464529719
281348062 307459676
340127198 508039914
448040272 797510646
30541685 143149011
55201239 138688599
201307583 300306916
338355194 642131905
143872866 248863910
10447656 105239437
260270793 463231102
219136211 278332221
407741557 452261610
361933548 658296799
45636199 126991350
126665110 256754082
17191151 97802302
14766850 74419241
159657311 270826748
5874089 154679802
345678535 443586490
378228508 540780567
472691864 832251832
272399451 370490980
140920695 305993216
146525633 288514627
60051332 83103228
253495973 399212767
403349875 434433759
187227289 272661990
11771641 88149750
608126210 798701777
1293377 70208048
273356022 381339700
390798817 464063380
177479376 296052110
396413199 608083510
4610931 141427464
343832059 520014102
567800857 715448157
564606443 791200656
174843925 242117951
599378935 715480265
611746723 819442651
515528207 729252961
129276971 291920653
552882845 770761437
423134335 538337887
578144559 780224946
463230331 764360094
360394853 584880256
304807003 499157078
21720912 157883107
302397498 655827495
417383046 542071942
508656610 819888157
241627276 476494037
24067879 72898003
334492474 590962981
312053122 565528356
25956632 121259696
478513352 805429321
601956355 787987511
275888428 470436232
263854151 313153429
268761487 363185856
269817960 397397067
341809788 468550460
635126858 728019690
396379150 458222375
310454692 486460793
54850019 64107779
34463937 109986427
181362474 277571483
69505037 256403181
354924466 464105678
20718592 159837342
18284383 97843547
244527014 453557571
247421871 315293021
244579539 380624027
97752811 273093745
102406829 245852269
122432008 305287990
383325781 595672560
86194570 308026109
666307374 768484597
282479965 283431849
101809895 242672640
640279822 774342060
373313199 602462896
126182766 242741313
268746832 438764914
421548771 436198338
314515305 638406292
616320490 821093995
247473198 413114685
34573350 103588282
93721481 312466799
5306500 155734758
713138812 800086696
97081742 292045309
238590662 473206092
384691566 594576261
156700274 249064104
404904129 634782748
41170975 84434182
265108264 456972938
282314360 466007991
385441366 511573547
38963591 83172507
269246737 367399392
469915802 789598161
238758772 450267162
408206179 606590830
50471971 81818858
546078826 745836939
600289050 785957818
300833298 645556507
291527633 497327725
298637370 499716297
37040384 161784423
56076701 124835577
22692019 147748241
410449456 481195596
133387937 245550933
47237280 113961575
281067193 387222106
53361168 150186561
274345848 336406770
7901509 125395979
249719857 306797546
691124582 827079174
198220305 298499664
49861294 90498929
302202554 459156615
272857934 422721667
17352182 134599317
560661773 735115952
641622465 808531577
177066974 247325041
242410289 288224582
697258360 742012779
586584894 733642673
655029866 724756049
287434688 612024298
569536955 764904282
426695742 484360464
247476339 345824338
87870912 239836025
53330583 131543269
246443217 413096014
221123772 248323638
162048264 316241627
447533567 829742838
230247579 259813645
243042002 451012016
276479939 339055285
284228469 605047354
552248948 745110316
258227280 487944612
107304000 329572026
511922500 782578904
62405336 104004773
67450742 259154030
273911396 328081640
140455261 298103114
55700287 132994913
261804773 467068830
334302631 570246373
272150444 461329537
264532334 417698643
448922342 737176793
455781239 770580216
242819105 299483695
316796069 448397427
346606865 440203795
109141556 257693331
57166775 162456569
12261343 133398449
20493281 154417664
245274359 427548628
111153681 304011800
320322211 600079855
118643369 301945573
567352327 739431184
293898579 623510191
57915673 165184833
223814688 245554828
266402717 374574990
275835602 388393577
265242236 385797405
151442136 296623990
348643526 598498087
24803672 121922631
47682092 162942082
259102363 340328454
50913628 153847775
177911487 295616203
263044281 315839976
180411927 298510249
489009702 805512009
696370244 804389311
92237167 253245680
377703108 432697888
61216055 118781947
155460654 285196399
99298802 316058120
266039516 334760781
12466200 70951781
568764662 758998840
253323917 335110800
705514119 747807261
673875599 764052224
596756271 736866343
175101679 308233179
343488912 627638019
647332998 774821500
50751029 151910757
183009645 301928001
157435678 331659092
55374533 69529981
270472219 404161433
278865701 385631698
362509617 440486669
412689299 494060760
415868419 485319792
82154628 238883528
669112322 816493872
498571111 792822148
535740910 822506594
465953856 724101624
263891049 371338825
238191178 292250082
263551921 302935127
119696100 240209337
205524941 294057264
633701019 801111379
29773392 166226622
120188953 291594363
40757859 153690762
709172275 784756261
335883201 491378157
678417 164688483
102835754 317357078
576183893 748848405
443060031 774114245
323520426 524984179
324963991 482810325
292647381 465122000
256115495 284170046
356869909 547224075
614905426 768713122
277656811 456545449
359858700 654141083
663201725 809804784
194878845 320280092
9035398 118369700
56012920 111169399
165571350 323833503
284796128 561228455
86988559 331379826
44035359 148647370
60443524 124815545
169970235 314892709
217544917 328179715
341969653 585741097
254482843 400363737
422918265 605913634
42217303 103896113
93827110 297776385
13442926 64039432
141139107 293438935
543004574 807287155
411657499 453019006
28345287 152857543
117638468 262633281
342381772 484096532
113630954 284094645
385436944 614014808
334024269 626129487
268776158 439018319
217435348 318999983
252961115 426618752
374464813 569756120
120583997 313040212
671823343 771666522
193564803 241993281
320410207 509720946
712062688 820458485
296483062 437703743
201143667 257520344
680702080 822372136
235551626 315705976
704493994 723560290
512757678 831770223
65772291 316829146
294111713 606424068
238814869 303503553
423672728 461167208
355114273 643815181
276758909 394474513
267269438 443051767
570570031 781438169
48260217 71022956
529171803 731956994
36616278 126120687
258055825 487531070
32467100 137636291
308192439 634290876
15683099 76259430
187064374 309175273
290810672 640865668
278689838 340386664
248695371 285657612
595061638 807650787
431570630 767387781
534617585 738568481
313392543 630914765
253950806 382277017
51873611 118172156
47414420 114205093
213477665 263729265
486569444 792795123
365556084 624559289
253515758 466441018
55734484 98550563
421976704 578454049
153131802 328007494
239094052 414230498
394609499 444434778
294886873 534959478
238231953 340803508
183329281 321313165
256384405 396629871
52434523 162769900
108253694 265001832
243944449 374278851
387960631 604272690
368500534 629068756
417218375 489257468
38945630 162180621
31332970 165680487
438325141 758428386
231562087 295340632
61113280 79657799
54515886 87722558
1371821 161249123
343792603 612034997
34949059 74230266
516998576 791474014
507933713 733051565
107161734 286254716
687225472 716539037
34575400 147270862
166068073 270616701
257639364 472229224
331215126 516668112
249904161 449875424
341263764 481411656
238450724 322756762
12416734 129031921
296013042 602093186
32087142 147870594
557010278 769366627
241651690 493806075
379801147 595220466
323883994 543487012
541458539 730022642
471125060 799612126
41567950 150137515
55882940 99753104
1152857 147017157
417183950 587519717
105710712 320141458
241979473 355830834
573042586 802412530
556705719 743194800
245506028 299309846
53413292 150426169
273460431 484304761
292162204 604045998
266071843 331530085
14555955 145811001
660893176 820873635
254089242 407565674
62129190 110841297
216640078 306170266
369224784 451088364
160129952 325480579
132843430 261167975
283943690 599284723
374564218 546184521
238598800 345976560
357467255 483825672
490323555 772604991
146695615 312436480
378509177 619721765
97027540 328476618
52326359 67715658
140227634 288401220
218777621 269659688
612615725 723353620
32668122 80282568
470544801 790485050
244060283 483778973
266591061 350437370
254851067 429262852
547209098 754950136
158281968 280033969
712516273 738254243
590100799 758643371
8206333 136249195
365062437 529084884
308443939 518560261
51384536 114181198
260188463 357535736
170381384 268986286
268072477 471948120
168052428 321820310
389065054 540981500
386332382 648551660
348429977 517413032
330387156 571834046
159533682 244242704
51074233 81860620
167272498 314600915
31190900 134650199
331536616 519314288
269480880 310727668
44438223 131489278
262815687 339012261
48222647 147325067
33555530 90947120
241942527 427021783
17778494 67202277
491160248 815132162
289414681 534559454
436316950 728284309
314450119 434210760
242214435 449323845
5291976 134994863
620955160 802200300
246169820 497279246
241419334 303724974
356877008 506788208
45658042 97546635
38697756 71970714
551936241 827523413
526379117 766346863
680913546 789862001
424893148 574226788
327525071 613384285
304145434 514058937
668689652 784432449
250034456 354222029
187830357 326914285
242381296 494176322
146503501 310122034
620593354 720039985
26597744 135344059
258745773 322093250
62301741 77863152
288212598 646897124
602075391 745195432
77161056 250318704
253903955 358048787
262120278 425469809
61244290 124335783
167267101 315692708
418123712 662983072
307946412 447758715
2744836 75519468
51309934 166579574
274842817 347330501
264189343 492685535
78027286 303746813
188091514 323009165
482306262 727779714
490644494 813457569
48342329 90413380
207452170 266406253
406370952 661526618
501842899 826102520
233688013 278324667
416982554 579295811
266384255 473246875
449306902 718805476
688075753 831005705
349612732 632472709
251702742 417949475
119226523 271844797
45823113 80380419
242838178 492226957
50820503 72157339
355443795 454595839
273236356 311981605
642574379 795198263
324499446 554829774
588061577 795650496
337947456 522718856
201946444 286369634
533638832 723642095
181764494 292235018
62458920 82791041
259158738 386306355
56974123 110798662
248099015 393290990
703927064 737656426
371113597 605494144
35543119 136333824
238436651 404982124
58278419 109354234
265646378 400459098
593033620 828854348
187149267 325561926
275883593 473106615
384639281 585977249
312880784 663575427
413766015 555806589
396582796 473984663
539361976 780887963
327842470 482542602
465847614 756724475
262508148 468385228
277566929 476381654
279419643 426527938
337650621 429107269
20809694 150950560
254862861 392752691
519992016 827159819
123590757 269401200
233618663 293885503
315059857 654597805
586831321 722952404
274233447 430806877
33752143 63840287
222823398 292104620
643926328 805169637
21899509 154719371
262256006 486262986
4470566 130616780
300282584 605601535
713783690 800315346
669149941 739483304
251415572 349682324
245673501 344035664
48575877 157129457
110781573 263270880
336626720 598729301
57098276 115399929
538003110 804108896
279718991 428194448
243361699 314581492
263878981 455139902
56610167 79903660
239152645 385775932
246764703 360678490
616402443 726379080
431650518 795314109
50317435 108463840
114334783 302267917
195642804 264376491
584371020 801812048
411323988 601091693
295600454 464747214
193267374 279914227
243891464 301754866
30082340 87001774
55868308 156462596
67147881 296385360
68820313 293880809
334684435 512049931
197802068 283716504
668927274 828890012
41900218 98357380
163682261 331094648
496830980 771383344
259218229 295810328
66600362 255875663
250118133 439579795
256485862 297817479
281519318 463019604
701098236 822741793
610092526 725655044
341184010 527377013
382298028 461188925
240177175 345900512
238705796 433782055
166124174 247212615
35885761 161136958
272404840 287774534
4773007 157428210
523635004 813321085
158182758 325005213
258724666 478472146
223467035 303275818
372402310 595936142
58933367 70580521
136637655 327009158
633003476 738652949
254007144 474164003
418509084 626324413
253973054 484502009
103944586 325972421
65203256 261213088
319348479 653870173
22586595 64480933
216310751 238119138
265071620 391514111
280515635 485011849
23370170 165461127
630888816 748261119
143806682 266199582
86243014 332597892
88987022 260787947
24688354 93795905
257301212 325489096
279739237 330673805
277844210 393150353
7225494 77498805
305635019 547354387
273157341 427819433
538767249 819532347
335989714 507592131
278148388 390472141
489691517 777758736
264654591 385306784
1686827 77851900
708805026 733956588
313784557 664634907
319194592 593908424
54248083 164828683
4709802 153891295
233714307 296978117
458795271 831266981
278610034 348329610
274888866 318833477
55569941 118123492
415963110 458295620
362493627 586116573
337236891 473097319
293941218 430838564
352761921 613554434
381489518 508700509
92096391 289051457
534418003 755277724
496441985 718543613
150829240 280309975
421484097 434335985
292434738 538809256
23843352 124212857
255023678 347333755
57618826 66021263
440494502 758701465
434167120 742286535
254694401 302916682
896313 127229149
240547708 374458238
403452631 651298371
417551166 509431998
39703333 159932437
22041295 96341351
370605009 448077454
119506790 274746273
269782159 486214306
262703890 328699650
42546090 82339636
381139382 462321801
318689313 635979715
591611684 781770364
131766661 325773746
301297832 572762112
8648882 153878511
404809148 469529524
265173187 334902802
598875822 761836436
19874279 77301680
439613442 735382030
283546935 605546756
9650131 141008829
321564844 428984851
195571888 325743990
238387908 292027215
483142877 724706195
36352756 149568575
272426564 465119934
656875696 738159455
240152472 326307297
210517793 258638261
149110764 260672370
42091479 160889708
25069039 65026413
417594027 612767204
536670717 769254520
389349585 469139441
256809373 332834170
107704468 308421293
49159441 64802737
51888618 74581416
220229972 250194939
521266115 821438293
48908379 145489786
439203992 797815818
211295092 304102248
324259008 636983552
437095981 829097454
522856808 719867154
247563102 380016186
655034742 792214548
313336194 608167132
362537703 552632728
86312635 299019379
524131068 782883830
57541268 149675144
153097038 262073572
299724638 528580108
202581391 320053672
455831970 776486749
476824128 731697701
388923466 441463060
270893214 359282230
691276070 770427154
281287763 464811354
302427289 543305690
128855726 285481317
109497554 304649153
30155518 136040269
129214934 256299124
98330762 296486111
268522338 433356939
442338674 812519713
5104370 117576719
38753857 89482718
659672146 728025745
539861663 780762924
9896678 118418195
380031488 501273469
80035959 272914146
104231580 306641077
14261723 150978458
329275353 441870743
248252938 488869778
154825610 306474863
120717337 309848874
379321832 639744015
622480191 760814921
386811761 565358773
86585523 290617731
461259307 729527735
252311035 414562946
273975493 317610368
284537452 610996396
45982167 124615190
272781262 470086557
490688374 802074260
263975510 300412662
265028399 460799047
235368859 323853052
270191560 488416090
61673027 97491284
12820670 101457176
231611331 254197813
562407659 778460413
11754675 150107607
651245854 828556998
98803910 299262745
46562872 71045052
320847459 469142689
519512602 815391827
48305114 110854373
497752032 755023653
382169690 632973488
376538455 634151185
250290156 458901667
182491356 259343343
673279191 771272140
46012002 126201701
172152715 240534031
247233306 336098411
468196707 745159783
316545003 631356797
384285544 611655260
304556574 583267010
265560275 373872965
200647776 276752553
161392261 302839377
397335622 631985350
139853240 308340258
19197354 87720147
231408229 282121861
450462569 794085460
596760185 792232328
562982856 754684631
131495168 268733555
46772994 151833346
200258768 289126361
18571544 135851740
47119053 74650373
131835739 247130887
52577911 80626059
499192741 758299004
282261909 342626607
107890313 245592204
23094731 151615388
108282296 316763117
282519441 421533707
702397364 758233302
264254032 477461478
305202361 433812113
151619118 272749449
251950284 301638712
110934593 309552507
82049070 261158812
24966646 109043602
549028979 739835097
347802888 475345766
106955352 305615058
59167819 68742840
44086868 119827216
28354798 157280975
244649511 474167011
31737574 105847078
116084339 330245606
57833106 118346057
29868582 141263896
41737440 63388923
524582367 722561709
260050445 287513757
27607373 118245641
330014856 482792544
542733403 830808128
518030335 741189305
61016305 150708756
221888381 320534259
308946605 559138496
159135926 316779681
421434221 608320711
269510958 362607761
59743031 157709538
27439611 82469423
319820908 471798898
45765532 158341874
568930959 818338416
34415941 135447692
78117549 280845486
242845295 342059650
288859772 629257353
43993207 159200182
573323926 716702360
278760293 328935181
239640768 414673707
416694060 514997850
616133730 735462102
482921088 813422370
169136228 283423444
184664183 265144491
372426570 460741594
59538020 98355764
274451248 360105828
310454354 577072503
243420641 403628804
296684805 547556124
267541356 486075291
102483818 322129511
246214659 426400010
20965221 148913726
691273201 731344851
61856963 65774402
53782163 96931960
61509348 130662828
258628957 453645988
47098395 63624567
486222394 783239541
220365438 323695485
305004145 488767948
240377295 334392059
216608850 249249145
31700181 146636532
279511801 386252840
269002521 327833409
25974328 147782086
276217346 395562135
275412858 414909622
1491329 106534070
259741582 320563777
239278772 299199862
150913750 323418076
380048404 572579702
362072872 529251261
59151356 124189258
22964588 120168042
17839711 145544552
673554888 823610028
373198647 608317108
52517582 134172872
582514261 726464936
436421771 777647625
307712109 595356429
40599255 136805639
453430412 732081027
692865466 741572612
94443245 275513333
667802071 822563723
398353401 622274252
286367635 504304516
348947111 622013727
173005847 300933315
42839599 112687548
345173217 503323743
357513693 567183615
35978501 134755118
361949897 491205969
271593293 384593550
244276230 463421044
41118579 118608155
408466922 579104146
57565193 161943423
144465795 324607875
240248430 307615923
154418619 307351795
