1000
7511066 291487816
141486856 292009466
46270231 245960976
413425255 945935405
411154987 768601971
42562725 219722667
290027953 732672617
101647006 306868855
220820761 845709571
461884686 918535753
3059443 294579297
207803686 839658050
65829443 201799600
461498834 645546577
134888521 269594669
194491043 245452899
50756361 255262963
57272774 321431627
340777089 960565120
326561676 959277104
54341988 212738549
89851068 320221201
268260569 640378375
552836064 953950944
514120024 684412719
105474432 232535492
389368505 705898731
175925746 214838972
4520269 198655113
63811380 313923390
123697893 300883480
376052451 991733085
484342585 713805541
552858983 897378012
100729181 299152858
186382456 269678786
252925705 850844784
395770567 725397416
177713334 254814651
118222566 195591222
551502264 857925784
517310872 715011095
428732826 821261082
591184584 876474566
158552452 304613775
159811712 324959882
432541268 940385989
636558751 660969690
133950520 325518216
168642022 221610059
359691310 808564530
264212545 961838692
338807442 793747456
91129962 310668816
212004199 706940419
419446773 985137314
542284057 799452441
320106320 942267996
68760143 288241628
33865439 209175196
403112046 695840914
479908828 822120696
92885391 280932798
118803774 270796857
322159341 667868919
515678529 889053397
104690956 208145155
316384524 779062831
117959292 253246722
355802925 892944911
631493860 641183541
358773749 749061147
493036790 913005365
522028825 794083983
277701457 804332866
341320662 803008744
514620909 672604811
555025447 669058500
224204428 842115793
61990593 282711048
161249902 287513170
583443521 844220027
318344187 709707078
284832558 791830339
172300302 290943232
483334991 993710640
54548618 264180093
10684687 201372182
344565502 712851310
101204979 203000135
85443297 239674068
119463785 256479120
337605293 655164895
7478762 213370160
8098177 215204716
585247006 959349766
523259207 742469351
412712912 784272275
64905363 296695709
599961565 713949936
250039290 837033776
594432161 824851551
21765367 263351368
268511136 893555042
167092112 317509855
38223046 278920594
158776165 278177171
38679629 313912288
45573526 256017952
531607779 646371810
619620317 710308211
328104811 891912034
39357482 222895583
202513576 731275747
463011003 713429292
262485824 784788118
132948722 270743430
332983230 776335427
39233512 214919104
255216236 892846768
319783555 947273692
82087070 295383167
53555068 251631055
446506573 889002380
325040287 899845704
194376881 300513088
223207127 841854598
388577706 953033384
410775593 890605367
584471185 864007573
83671206 288005008
90661476 332641943
191828490 257437862
378769450 751817789
150869637 323419035
186121769 318535944
73706253 199115752
97236434 248290331
329513105 911406489
55065767 316964417
158801048 210308584
403740833 845089102
230242510 669494359
88821487 304109195
570195741 884558105
99791137 254518876
269451155 760119477
102049110 271537356
443395901 948381098
62376598 274801876
245369881 982295424
305507319 987294190
58566677 309154825
192006172 223176803
289152346 823246498
620310532 752049090
356296797 895432685
566448 291962224
73098868 319136489
47601240 318891977
340504893 795521604
120719673 270186679
412412543 828539552
361509502 762275829
177866263 259626832
543774116 876850398
297429528 895857086
313051188 849611550
199349521 978713696
517218279 946372966
521736170 640580832
314218136 815527547
571939366 767164048
272035370 651405619
253212642 893036242
169103939 261753367
89369013 288455420
602738256 790867996
79596297 300713587
495903777 704672338
226966847 746824992
30080777 329922307
123424845 221108736
420468777 750812395
75216281 313138654
117880537 291231366
508738278 679225867
178181396 241566950
191284280 221582432
627711082 890812693
104841252 219653744
140136329 263679669
109405616 269476091
122128880 241615634
85678712 276055710
7166369 315478903
71957706 322052817
284118334 787550149
95561256 231950935
47576926 204607069
62293627 215757443
139913671 197345338
131453458 263774347
166222553 204970492
106198037 269263569
558773048 791307960
203795313 704284764
543311308 846772709
333518082 867192782
475992894 807220535
600526330 812429031
165067267 272116247
542823083 799215337
486717401 988146389
31846566 322829082
326600220 687785974
149305883 284024417
240631962 930108036
41987332 309308029
535648562 932970186
73951352 254405470
186388390 227389453
535104118 730494872
212716152 738795370
311333129 943064884
332663515 999725633
496845052 980451577
410316192 814953533
212715805 949619111
139155250 327608920
234191499 979517478
10645134 320777469
518134434 727899693
363103175 700256343
101567707 266925455
60394203 284610238
413162609 890942360
408946434 940633210
634381613 960701884
141396006 280411436
421218604 744014443
528041061 963388712
453632106 967071564
135891724 211416951
51124496 285402317
183471884 314728188
473229612 798923101
54819135 218794057
376833723 794983356
118076136 205607045
197375399 985340148
66916285 228984167
376925458 830684249
97603998 332129311
246322916 638069938
77044033 232311902
12987549 309661684
623896267 931191333
96455950 243160904
98863354 256618075
396600042 890394611
214173662 782056717
530406251 840736619
54834066 279121664
188241938 313278147
242473037 684036503
66670900 332424667
553478037 727768224
194113005 306566298
18050260 198559697
625594196 744508362
73455892 242955041
115559815 218739468
313059943 988684492
238075068 854274084
626656875 668710422
513121197 819322091
122899372 264498328
528795584 691520483
413724236 812487500
39032002 315013776
111657758 307395253
230682138 780242130
136120106 269147307
154216129 255129907
287817402 792675916
316245538 860976565
262986766 950766379
76828783 245520032
394936344 795973465
445543897 746052959
288208344 664343110
447322107 700795090
50266479 300158043
326097977 672873790
142315206 246663166
530414823 981295600
148029666 280302795
624738527 882531173
169772425 219448294
70079489 268940411
163218020 305298452
569218760 762886984
446842904 771347544
488545457 851241991
369899017 955922069
294711104 865109279
492118805 891730796
189197110 226844209
128486541 227783567
619041814 937962034
277847332 965362288
523345750 993686222
95190702 227654527
66233071 328911026
570581391 823697043
495330916 975893517
367194483 716156618
143207808 232178527
422649597 762286883
36353227 307382125
168219599 330598829
109964019 305360707
127119958 208209048
406799549 864670845
192655246 315416800
430894727 847962312
102296939 258159780
3317914 275423736
604093742 695639276
211107293 988080032
400398615 963766467
571674350 964987472
345901427 712646806
17092385 303806345
132156400 326956581
382959595 842044408
330143653 773157682
208676516 935572551
270718642 793076315
480936037 929213068
131875163 202187408
448739749 985449281
359813414 979462595
130330913 277316691
85906442 272894407
565454538 879132931
424825105 738095967
5413960 282619409
27030164 208646285
385939407 716327914
281916432 972161007
555781934 693980801
397154133 963042929
427778199 752552273
121579298 223143280
26833162 329372157
50940219 301330702
74706223 234124153
184172123 203399365
207865055 801011825
273815191 888304397
43331169 306413121
123366282 250449837
124624715 251573554
79182605 257215062
593018415 878440946
288786176 971609830
95502548 236858033
294379867 748828464
176965912 270746374
236891032 658818298
235378093 680009419
338422987 832136711
138362354 278684037
189500067 305698014
15894991 325091527
206265243 673284600
92987788 250351935
172016476 233823153
355546016 946564252
166764956 270205381
555570761 692105739
130807450 259139232
18204587 297521779
481540032 835295240
251966795 745856083
151020144 257839293
235008012 720102427
431674987 674773032
64343887 303525982
9153835 208183667
134186387 249210684
46072224 312605680
135929118 305747857
50604192 257639785
32906169 279586584
75785488 309493155
228361173 933382061
278285740 807732520
387680464 804299161
137515629 276183231
213695241 801904629
549877349 818302256
363598238 955427788
85449613 290486517
170530295 316459771
58282868 329663089
436432224 795819233
78394802 325212937
127213465 331378417
105619766 332625185
141704540 214205201
269285570 697131036
29074142 267060145
66046481 195615408
485930449 728258548
467793094 964914600
322364681 992052073
451805619 702243006
216336800 860948244
589852540 832973728
93789799 248744457
206747030 638807254
566559201 767117003
397126827 710270983
60203644 257576663
12361298 309319335
540173831 643407997
630229547 945452914
296798236 793252505
238256519 891575514
87157345 281929098
86493320 281899533
203163133 787525885
82248048 262187276
420757064 763361917
56390900 271097022
271748324 857328786
492171029 960831378
67666214 207392034
126739074 258635964
525095434 776264060
222705284 818669885
79071459 277906101
58412456 223439451
77464901 274869146
148207175 285497244
23621177 222171973
356070833 724335482
504004160 863522211
81059605 273585230
46642005 226554674
425795946 699953873
71273060 264040687
108722290 328528345
280418484 747816724
267019633 816124082
511352193 985079522
394011249 691643201
195040024 309152246
403048251 898565089
148199796 298488757
178883579 313026026
493916519 705573884
424363752 810030019
42693249 257764602
249717614 846916558
146756290 218367936
479207536 841253330
142088176 205426285
580294363 824164432
103947296 243508511
88922177 315562696
454263290 707525824
164174625 226759793
369197971 737818870
96795143 293259112
330282238 975327485
57537090 302064762
448627643 921594244
162297512 197419294
626151862 905463863
13501386 311498615
552909182 683189653
181776573 303850426
126118771 213455645
62783168 302364535
576390633 764829823
170388905 257942355
456648140 740273892
568330453 955554971
613397635 934981675
130739394 228568256
362478180 969495848
525169171 848811995
20968956 225295953
176333779 308294548
182990265 240723975
350103384 668494249
193420805 201916283
342764264 869299493
158620453 223617632
118803904 248688182
454738837 926537887
74360530 286246142
279491890 715713113
517879003 841883150
109057961 261812262
66327041 330357801
557862931 946807208
94158262 239300981
583141184 869876199
409063087 679556128
534509113 872027437
34176202 332135263
145295621 324518046
285744651 881791279
538794867 706715968
408276731 995920205
19241689 228477241
548870796 929248787
2622362 251059484
75652906 288449077
174422771 259409724
59415582 267326006
393435110 665258562
272772624 762426732
85278055 197057307
23781588 286959054
394668023 797546160
314376436 732663347
5275052 197927916
64500904 261137718
127727515 297571532
60962551 222679520
416500494 879921684
157716352 291887931
148682806 297545256
40827250 248683043
386105047 990632046
352197558 752057665
441552094 992496980
145370198 313156993
346032565 852426806
422602021 681399847
131088239 320828108
247436984 726756090
90203599 314038063
307138415 713733820
164932031 217356727
160284257 280473569
143838896 271315611
502386521 832778756
576882765 916907608
44657509 316938571
328694625 665235487
15425938 246341860
193469179 213421983
109663006 203823614
151221865 297586929
523166621 912445727
90811945 325840710
152750021 282582692
185138378 325614158
541838369 799579860
491033469 637799235
258218280 979629684
148389718 326480437
371853963 975632343
526182627 815130052
341879836 933440463
204945925 930742638
128148381 301410282
517670279 806520956
212287135 697846759
406523515 968985829
594780599 973788654
155341796 321382482
99721103 204158677
84895835 201179040
3525423 208735508
11245137 206495646
44347899 304187715
125647462 219804507
339402858 811011468
113634166 303743035
119858231 255643865
33899155 235597665
166361813 211063459
71536337 227428638
334107408 715010741
274532776 682075832
71290080 270809969
152038593 196213036
587189195 873007124
437110586 820552269
22074950 259611729
91730101 252933725
597850943 952703355
49390920 222739467
353276701 886089598
167634192 326567629
457631323 951193839
476867045 887096199
95134181 314363077
151145753 219442802
41638562 266302928
461817741 742904521
609248248 963821960
590521420 821666138
131622379 292147173
105563144 200162992
454067343 995790479
168282532 281702411
325944446 985902280
401581635 985000881
82240022 314613556
438411827 956411786
541002463 802778525
141448386 331198462
151921693 196846980
254608803 698652583
53277879 314493538
94013462 199187025
215412415 912960513
262114884 650382913
116754023 284607082
625116600 730538579
130772686 223594476
39239148 249604317
267488698 782787403
556906907 680849430
235356748 794513491
355422249 744113859
513815617 786669734
116974577 323388984
162650247 282471855
607319184 900685041
11839424 282863798
575254718 840486066
59228879 242521321
53493525 208996785
538688532 973627047
413370977 651266039
524065780 693556980
138801636 316140598
176100268 223160774
311295793 711036984
211400747 743634879
282542837 762218371
209777130 903375051
274046170 719922046
274690345 678741994
388349929 752357890
47961359 306608972
193260896 310024249
150944318 216190737
25139924 206466025
149853320 321089274
489723320 903103346
367141159 675861028
324947959 788373719
110905131 304336005
607364483 896340643
528987263 703538375
87205683 289455622
14709217 280740060
348316509 944508577
405912244 835725582
190075213 328507561
167642663 308402028
289532935 756297404
80389558 270462155
476013261 778825207
140965708 270049995
8996837 306848533
170020343 308625885
248123459 701267751
44201165 199404412
75367425 283351433
586552149 690902024
363327469 749944994
117108090 297137357
14394485 249465993
148428637 304132347
187117641 300575549
167441401 323351053
485221429 919280825
366988616 862272214
29894093 272150349
401199697 945675719
146768771 257830145
290242674 715111080
186389597 217144638
507898968 833638653
176517450 209439700
90645603 287072937
549642881 849482116
444297714 989175964
259455534 807480887
79044447 207027995
371220948 715670316
4802791 291331037
533935138 932919079
461972781 773830846
107870784 317162421
605415095 824116561
586458288 805966711
116642185 263996424
139846487 327520891
275248196 688517724
114794331 316266930
57493808 322925898
53060918 209986538
47523865 247295010
519749491 993966709
463906595 798688835
16242662 268952412
127256958 239088081
58784421 253321468
371295516 715439417
96144728 319634848
448908791 646919525
213250432 918861443
300969489 806279676
118987350 330290903
274654101 763992977
516085780 820353280
213936430 916340310
471423384 983676914
66215920 286564992
120509762 240849507
308027822 886886363
53600063 233586507
284032881 686262923
617738378 743846532
10933507 325223074
336095582 935228680
141711997 326332796
607701216 787731422
177120406 321113408
570382515 760294652
549736759 924834842
341084918 766619096
331927557 947144559
463206294 644779047
19292156 285382338
465813249 972238690
15938176 322733068
16988804 296316467
570233948 922221137
28651580 263558841
357280105 949005845
439749189 817809027
492151661 683217311
181211048 254167760
60262989 280899810
523265235 695635109
12700108 308555017
270000512 718409255
357430434 819365284
59171853 226274939
292270607 680125099
163857319 246512910
428481859 749664422
363342962 812362183
578053435 801753981
308286840 714411753
362900293 726756747
433274687 815955012
593978684 836062132
8683334 269155410
311159172 880497032
387674651 774078053
387361479 816391057
22772799 247760091
163550843 232091896
630185559 967277706
199163855 953364491
209964747 687132959
635264645 867554678
18096597 224529687
129421500 200313276
11188860 232529932
343894615 997890006
282841673 928924389
264595275 665453394
322218962 964048021
35938940 317912149
56888238 284984561
335706094 973564008
431583368 912468650
499362060 785863334
139819140 272654406
85213811 227242070
146557895 284970674
12962088 231997501
97819602 324361897
101154375 328804314
312625865 868690673
94861275 217674122
284908163 691082065
154054683 238817133
613120594 992182555
360546777 895544613
12833455 328809565
423910147 906122500
64229087 226008056
106481931 300476853
104246825 266017097
246790933 700377064
220228310 684835463
78725866 263740113
61162180 315895211
71267938 198265821
142974612 302931543
224973613 719665948
627443434 911713469
173113526 316413630
175439741 211119537
121017607 277052246
228263698 659534628
467010334 786114311
102248652 287607146
172113157 237783290
88219166 295709934
359549939 907827871
593444613 991967332
163867219 264217818
62926484 276784463
353593280 828366466
548876731 729080012
190764483 225990756
203778349 791798576
18674344 281115596
68458621 280169367
287442420 858735025
209072417 638130448
348649868 837880191
388533622 744545211
395926648 662468540
617413669 748510095
581361393 846779392
497158637 716626974
270794454 786642146
28413974 214032549
542117690 761477450
242579830 776918088
268034024 687819480
74600582 329095161
392187398 955044359
252231254 755302279
534016357 665030853
602615094 725630400
159042909 270839572
84322518 311079956
164004221 233482147
67148947 294050322
17248659 307902184
146114091 258742211
64818528 202839259
337248875 803365997
64246134 288838132
391896791 858555756
324451198 951044242
45202322 250259699
300379034 971342215
302087360 663105302
172031510 252260504
63788116 297861978
191778582 268851318
140267370 282575502
157836879 288880123
97375427 264750666
217642489 782236059
150158765 234307176
234194729 983709152
303509091 795265306
111627270 273250813
160146265 237064808
655648 203974562
565529426 884195448
488529077 863379518
67216920 223117236
48205709 283781065
166193174 243413272
557387207 696714639
15310789 213551319
564546661 961772569
125211613 217115576
604450120 872416896
83965287 303491313
142334747 315963138
114430673 218401798
324324694 820975212
73216673 285904667
107481257 241242618
347716992 773740186
206775392 944867178
197271682 844976640
173622381 238271334
340778400 693360831
538983411 828406074
343095900 779305793
417690021 849512762
392510508 882124281
147754314 268778945
49512673 238951766
199728615 687680215
37229227 292679641
161153213 319232583
89014360 315377050
406917900 747388434
142450722 264462091
144979406 277994279
177302303 270069822
82562438 263043300
549330105 873646051
258074023 652898947
168984574 208327029
342891570 908942204
216671790 753267121
136778525 253990085
117593171 265282534
319603710 981616356
130088784 236399529
126345694 288022355
486091540 700657271
112143313 250300141
24268875 209378811
207267546 805801796
80457666 213812191
615414048 954039196
36060526 267967463
287924083 838197931
104265528 208475874
53338361 246372100
46190648 206535436
477945413 989557821
175902846 230965325
613595721 704072369
192667301 201943021
99380844 218282227
456472257 946911990
31972157 214268217
77676297 277434428
396337973 651649989
8868774 210023583
266006343 784355419
289833862 729198938
435403523 793961559
363686993 893268854
426091735 994557905
224021097 992871983
614653568 695574123
435900910 905399460
401120735 887122358
143155119 212033850
120930686 220652396
29480687 218527789
18941907 202106503
121196287 315452654
302374998 730433886
386728046 983084747
332578209 750047888
159312471 251400502
578917012 861459388
546181876 785375383
502929703 664066519
472084101 860681628
227110630 751359159
181125999 333087863
558710629 982413859
540264057 982602296
75492109 275356070
247547448 682437223
158518185 266151948
143754619 332326831
312077400 825768818
510211163 876506501
492745268 829213199
364774146 731223232
285710634 791297894
560496170 801609508
28578921 276156542
509882876 788983301
322719871 665848835
137942005 233874729
177826467 316058954
94659612 295590828
329895080 645783964
134825665 233717088
598383846 894106494
40718215 323167564
39528252 211124791
271492373 746998938
93437957 291933586
21813493 244897695
617877321 747270561
