1000
646181464 786596922
1980471 25924364
728484866 786739980
119363393 330808450
329445848 538175827
96797723 144901961
32010145 64315011
68939705 171024177
4350324 87883776
578528595 634919959
279858333 345948340
633457509 695249725
88551026 128045635
61797642 135206904
11660038 78447242
782999268 900734170
759242942 890977718
635430572 743881592
387909012 475622423
98179386 259500369
85451253 175772747
647247007 734768130
302768013 331614967
633084779 704168595
78254621 233879045
614590450 634129317
633132043 705972894
384789224 516313484
649159842 763097435
48910204 145372294
677182718 739179732
384773580 522106715
270388099 442192102
401994908 520912434
662486539 755597972
633457418 654760078
698015313 792750599
95492216 150017056
283651826 418492729
43741670 154536353
92667806 179412450
79866441 215501119
374124651 515820676
347136468 538368757
623644220 634308841
726814933 772589949
601856734 633076162
327860195 509791122
31170305 181550807
182162980 291891553
3388106 28080325
728078 65323894
405401950 493093031
258222519 411045131
643060691 735743791
560052809 634770239
341252149 482100438
310009683 449260375
365083762 529627413
840060377 898472767
324275102 509038228
634339877 643951342
24699547 70374039
65194216 211069829
281624798 356761670
460001645 633940746
9666494 79496030
633483584 654114453
347158147 520372292
633709918 669103961
633279528 706428441
66888064 109682275
759924390 895812496
26807168 158632242
360975519 518491181
529397635 633135410
699868671 790316435
694023802 787640704
28259323 87260498
9182497 31894316
13694895 98272972
761307640 908091789
684974861 733821615
115172914 318062714
128578807 253610488
91622876 131703882
77590788 269301059
866175649 901680889
779735783 890788303
93987881 139916379
595757848 633163290
633837262 715987554
186043721 263287440
633900052 669633110
59985785 98970849
633340879 700812525
277610329 440687087
346701553 529902710
871833735 900606500
172575985 253190267
706842000 781745545
308963373 396943472
758966312 900040052
362111826 532127285
376405669 471541867
108823065 303819443
634152258 694766093
669824136 769547578
6531420 90304122
576334292 634777474
427784572 514370231
822488795 889855557
680430753 815049319
318794738 470477995
708593358 767614639
739530507 894846085
700723219 771613233
704435237 760609253
581887000 635610039
457743491 634860109
83759765 212127387
1928368 59906050
633613135 707980391
852570273 899561637
61397603 106132934
93259905 241540429
633342765 680972539
31537037 130604344
846060578 897078498
419036456 482462079
289862621 442070492
187455758 334420603
641182446 737939195
633279567 660723415
599478653 635900829
69962007 147806966
372298800 537644665
733505295 907584048
375563846 461711318
282526522 423782311
10773748 54604637
638783012 740846292
330143263 475214601
633623487 656734691
572040406 634462597
33783732 66597156
633361051 679708501
2049673 46005264
634254697 634928846
701068170 744513495
634272257 667138618
69170211 152887307
71469000 153547232
824892613 892588410
833582509 903362370
100939646 164464828
835295423 899702292
887446027 908248968
48312476 131286697
241045671 342141975
415643789 441504455
311120123 421862382
661176139 762591497
400332923 456734882
375761292 529282596
287452797 363178825
83233022 103384330
10234408 67749036
10879571 17694910
547073566 633060291
858597261 890694725
596432961 635677739
703757683 735396023
36585533 150414120
790489916 890394862
259225447 430869458
41498809 149758565
154178055 288556399
862911920 900707313
119520184 293179558
1228272 31792854
272939865 381138187
141580474 317450173
31214882 137040745
634209527 716395156
417401723 448619892
3751426 47252795
9305043 67155250
360396131 482512439
431905814 633340475
74813231 230431988
56387420 97939864
281744380 392646016
2975179 69596239
79280686 128537517
35406175 157095462
759371 21826301
219416863 354118419
92153896 231286473
205984062 280894074
2518984 19622685
352867303 536311279
99573687 184220385
68573160 243109933
267635142 379496653
592797812 634986310
85587673 259709152
374012956 531166171
653974871 758341194
1239575 47526085
419478764 434259191
670678544 800474958
6595044 61394067
633636318 658667417
240003094 265429283
391255588 441431976
346378326 434847291
672384045 763520979
633744406 686631966
633520969 723052126
2044546 60419229
56386563 116545756
88207510 123134565
374010172 528907454
378520455 439278338
402111107 438604195
46160912 142676314
91943352 246846399
633652737 715499201
176743429 297065710
201701150 270633137
649850104 775354673
729998900 763260603
99251321 103291816
872655258 903388406
91028189 254878700
773774570 903245634
641988781 748506266
499487677 633129240
634227793 716149512
401060542 514261525
82324255 159377753
92514849 195625524
150531709 331213619
454498315 635041616
303863646 350892346
633537537 658438759
810806057 895601386
7436230 72523230
215683677 298232661
455991160 635038273
121947045 302911300
568708101 635127350
8179553 20734509
633897288 719657008
285293787 406534837
246295238 251370846
281832968 331596975
366926445 448793173
412202975 496992848
876116540 893958838
409119515 519666100
148137949 255228484
83318188 119770109
304722925 427836954
10790654 28817095
633286005 667933293
173585785 328138872
73352139 222617185
604908733 633086367
198206316 271809103
463957593 633757181
327407654 458707951
203298579 267001070
447558499 635133268
326303196 527448576
655123919 734449965
556006917 635054883
963332 90332383
13029364 68544651
86665242 155768748
631542272 634520033
701748150 787389045
154140110 322050726
648990758 775118402
69415529 168389975
627664585 634319630
52831384 82003588
633412979 666506386
363623752 499164681
381348622 502506331
268953816 356224525
660968023 761924851
299351021 446068471
1652014 89163338
270199446 432517349
634103428 704835684
371092024 530090305
423079303 464729000
286717781 330025798
698211474 811416709
210566595 265171284
881259136 902066273
51128220 149487506
40092990 65616816
80750947 219257403
98185619 161559789
633872307 652667774
534226281 634779858
659643497 766720615
856397064 891247531
298459014 402887759
10523125 16693487
88309988 186082666
31294979 170919300
69516070 263248428
633871361 647917351
6580214 23001344
640752721 810165700
778301074 909083082
236301427 260499916
78110159 260502310
23306978 132820854
394390215 453479776
714013136 791485575
9951478 12957117
851534671 892382947
25734952 130190621
49946425 161249469
2338202 39212971
740868970 889197590
410373288 516860111
800262737 902690632
95616741 267576468
293198334 448001240
558676810 633355025
482419021 633531712
353535159 539265453
31722944 89571306
693744131 738643118
333577932 436834283
708792772 784718987
6055083 25115523
887032011 906236726
86831519 169257628
633735964 705830266
272492669 381016831
633229077 652427363
647651394 816099989
27862171 79670692
274767432 416842049
251660809 332157457
644294124 757437370
634339003 698193925
633073966 683728963
468146423 634898892
34419520 154669074
273784211 411919906
429836102 436885933
90439975 112967480
639782796 774900272
422439574 529576474
119520688 310437735
82480948 111379041
774819803 902950041
633827713 707531404
634125914 694829949
90261482 175126137
687558076 742422366
252588305 345794741
652690993 805094354
633160880 691315508
333011698 468151152
419514233 472315182
679871489 739342454
638716071 782650118
137440004 267025331
227163465 287396914
467884930 635370346
308855755 324068671
288696979 373496279
263094836 428413468
286688308 364251239
856084677 895067545
33283416 165251066
413656383 476666294
49698141 107632347
7765120 57346793
681042306 770273254
445298368 634413452
101653873 105915154
9453630 75962825
633129382 693778761
634051088 722326650
16322624 123750075
618552457 633399992
246201687 299768448
642161012 760338925
324828475 502437539
47927474 141730882
486295763 636029638
36540409 91188542
42495992 116748294
76679650 157372052
60410843 159414309
11070982 68816741
633691838 688294168
634023510 681719122
143553817 337772748
513089661 635286835
633393977 665265868
243920784 340564648
98441382 132386334
850109435 893872181
621699498 636080926
426745240 444638689
228814082 303270642
568689274 634113052
436952414 633964719
379236442 507478201
679353405 777015197
74256783 174558277
130197196 253120130
351070705 481207575
68256682 121335233
70199256 140044387
314151950 343719238
4626547 59037030
88062158 115604896
218381712 265124896
635507666 757500689
100667259 173659521
867638807 900035385
85212684 194632257
425192272 527825313
646687940 813841281
149208537 347546954
394175202 497597662
799826226 887913826
253824069 439960884
671245141 796464570
647408762 778947827
876368209 898440059
707701365 739085071
501511383 633979107
119414402 250179162
9931860 18678074
778619339 889366292
99861899 194583367
178319489 333051186
633125931 717032006
475983135 635453044
168384414 323679304
418469509 504460885
188018705 279480297
287071461 342765746
183765449 260287480
633188859 662824123
84148411 230262867
290356357 340873732
306862704 352231247
19307390 65844820
637609405 771115034
633424553 720138545
251582362 426011255
633508944 664470394
728690368 788192130
168874305 354763846
498824971 635658411
633575360 721449236
302774814 401585305
633458548 648222155
580367757 633173875
633067567 677943459
633563466 717338573
16617456 94161154
69625288 128897821
5966907 42028294
94418690 271886447
271089173 425427492
124072816 341234050
694734985 790265151
634115918 722448173
40705075 64611814
67979821 270497876
66255557 108041414
278756807 387112819
629048786 635621496
10483724 47857284
684872986 759663748
3578224 39931261
94511341 134230317
841046561 895419165
242419976 352392241
49196761 102588230
785957737 906146140
482669136 634348352
633879410 670434279
314714495 447914787
330971878 490331892
97444613 128646617
87111339 144027347
507345201 634996728
334872940 527327160
327371212 521987541
570616613 634431806
649542921 792061865
2761776 21585779
418429823 489566040
633979918 704199044
682395303 794575985
55184087 93274192
10766197 56256979
754449702 889983695
8039832 48042439
463773140 634320748
400600726 448427496
724370259 795318743
854505341 890852812
102791193 107367852
26694563 111370953
12204144 79940059
125949317 315047168
23415923 140356028
319520934 455823104
387675650 459384445
229065765 273599537
251229 25754961
18556424 175029021
837998006 892163425
57653465 168132038
433030615 633632624
109581640 340489084
376196640 448253429
291173323 332268510
754052065 894618603
746603008 888599989
104306665 253571042
271785511 437131990
671102533 745572091
524817460 636025643
16597363 126967233
157125848 314155611
846894511 899708513
553184345 634297409
449883471 634632814
767332271 890390814
862943879 901902296
81535082 250328494
93378127 118142445
640575780 757219363
9349555 78784871
205860662 273562582
310710410 412168288
719107813 765908471
396641070 542709662
1458483 29564583
749441189 888710863
10262553 83254159
814381922 890999823
4099849 68276325
707746985 736050537
514381055 635537357
772158059 888709921
253743573 435219574
634338543 724169180
11589989 67969442
2233098 40707887
99453982 192160782
39296845 85148551
300283566 328258792
752644137 908941916
633285019 663811869
474715966 635626008
805072059 891547136
655276919 777778347
67883562 176773628
633964866 692456592
451681404 633435950
90957784 197994616
329574283 446671415
285713243 454222632
2807845 87464055
88874495 108927633
25766876 84982628
220389399 270267319
751934525 889229415
64923979 240600722
85756388 172278413
27955634 89373842
6134136 72359878
787673702 892913098
849489280 898513682
143793963 331744691
224690240 278235433
446560512 634078296
56593844 147331111
886255232 894549538
633606895 708388989
292695245 381627371
744454301 905556647
382479316 503255345
67114122 255423327
770491393 889292718
9876120 53595706
434850465 635737584
288182429 350267522
42568328 76455370
663764334 770419102
301569135 396994998
524200886 634746133
701092847 735204150
299207403 399035551
6812195 43906480
633793293 670171636
810889059 904265939
280571421 397079559
288869 58222010
280466112 448157894
278595202 335197630
625875843 635593562
450571636 636065014
730707102 778822216
8054451 12528743
310597511 354135797
25259409 109820907
214961524 286482582
36241778 172036704
634223232 694311418
633666328 702076199
634302678 710397429
289561085 337380450
726861536 790174519
633883062 682259547
364699389 488313205
566655837 635380614
646358222 765463391
565547334 634735845
206860602 305002046
533584894 636198259
80685128 229636913
776969437 896901053
734728455 902694120
634209085 695146074
633230277 645844564
254616615 427728609
476105511 634256238
27923475 147253349
2492850 23660342
427315395 432286895
35276821 100228115
427063751 454978697
198546454 287355213
390350687 477335933
573210020 633513234
633904418 644309328
633790551 635983498
9005454 66824054
633727074 683455994
342348110 532685952
633531273 665237997
727710876 747938222
887155127 890106827
657889331 732243199
36642421 97088260
168573201 331859012
805255127 905941305
486398490 634815382
494076047 633574203
75581764 178967581
55826334 130083914
731296600 759057871
87409914 268296429
423234361 497891065
9074116 36828250
41361359 159113946
7630810 76720510
183469015 270113959
684595922 747586842
93076029 236840559
657790938 777119065
161854120 293746959
660551080 795334363
5821359 25609093
816379632 906605771
1685447 65913096
36055216 117037769
808142989 891150333
674066379 777080855
9117541 45023361
97722142 199012606
386548682 537003138
600187660 633707799
455151370 635120255
86122469 135755750
331438140 530503181
764650787 895707740
198678338 354748589
29746180 69265708
862164143 894920773
867280218 893481705
136929114 252045064
98873634 266509616
708125061 757773470
846126888 905096503
39801078 74630925
11433102 43646597
191254507 264094907
633780713 715326708
356245178 492294561
633592563 672502059
56916206 114969388
2159399 32836081
288509567 453369976
433831042 634217899
309340236 324108826
802456812 908762625
633114191 657764130
103839506 357754688
31057028 116774889
41559898 153938842
837158779 894343116
737416028 892783396
259568993 402495071
84332372 199405736
642064752 745776477
51635288 109820379
593187843 633451628
658425331 811806212
349220139 455537128
4339596 73175069
342988 71341471
23735857 77812034
10221311 20549903
665773132 805307414
633700734 687461915
4869488 71618284
6327430 22045682
272855787 317366629
292915036 365841021
566681212 634225236
633319357 681081579
7086447 76336630
79818849 200087560
57137252 105824861
451236688 633731949
60215713 71899704
634086009 668056797
192881184 281206071
361915163 517603277
726372718 803289404
7470823 86894664
142881385 267302246
506025049 634698909
744017066 899933014
85737495 253089535
854864954 903711684
407274349 448944848
476514263 633451709
633969599 663128748
181471089 248591177
309199636 379648628
18191679 64894628
746976848 895085122
633196489 705735290
256176752 413380384
74727855 199794355
86718329 209476145
307613488 400604965
242444083 329342555
307614164 443285364
192594080 356134668
633170747 654107537
146536713 335921695
633422893 641825408
633223658 689191401
7860773 46437573
11238031 57744723
116539979 346846096
32963524 164682307
89542646 126204307
158808553 335873457
276807682 316746432
322328639 539036499
3012 27533972
5235830 61736125
297281749 430073286
612057888 634675662
873773260 905703427
633466069 667469687
703280065 749519040
94003479 158860893
756099825 903080079
485321603 633993691
16289699 151240026
82497662 140409144
2004530 78927357
287050752 433178012
3160474 73445609
76258758 127342583
842529847 905868368
688917777 788332718
54600986 174705084
414225076 442493334
272075357 331075989
645431839 769889606
197574318 357076582
859554876 905832132
310075818 404766189
84295045 144755617
3333689 14036541
574155612 634340496
2150754 68096816
11532627 87818518
82079492 220238977
527997441 634235980
3280793 67050269
70497977 162973781
430248833 483611554
382629306 503252527
296283832 413274641
390265571 485245268
305083162 450689217
70793629 167556497
456148234 633612037
612338770 634094826
749432706 889339874
3866221 73261584
1094727 85596511
743033110 896412211
633336597 690899896
6164823 72915133
283735042 442445818
536936171 633178154
484648627 633788991
633976010 681398669
56295045 153450571
99993805 149690623
102704564 130720374
395236450 432334003
303648659 405497776
309650321 327650261
10005386 90449946
82449270 269306203
664728720 813224250
48776129 120321439
682892243 772034535
634083633 638019305
73323140 247312391
677992338 739062715
855269761 901738137
515873806 636281353
633292628 667904558
37856691 85658752
331182350 502075717
216494455 335561334
424473217 523247678
3198960 47440829
16396428 135140289
297750772 363653717
291445571 357903595
684677342 786675193
29489630 80662120
11141486 29588188
706380534 811156597
260606240 334271769
27550424 104018915
130991219 280356162
653173827 816012073
18730953 168746679
263305962 401929542
8466985 62852967
226059487 304449865
628526899 635069113
158737307 314682812
835417011 890817703
182615199 263307645
96043165 173222888
312951427 412619972
4379028 47248023
77864143 106450241
305841550 352153989
435364994 633897551
756630271 905681018
320087052 462922997
633195548 663497070
633237107 703530657
296014705 411994008
169081276 330839634
235718704 350439560
641657528 816709556
633870642 704958543
202690263 291198021
381478443 501092795
2111501 41111001
8028703 78741958
402736927 431527321
260959900 388173789
474987162 633930212
580622689 633320194
23521585 76928439
269052524 340880742
686580508 797309793
144934785 271994970
38063774 149964426
142722355 288011136
765382208 900929106
76129978 205778268
464313925 634737260
38611306 146242448
486228403 634425475
217757745 252975622
320044209 439941579
400020254 446952900
517234435 635126165
633530508 705115037
842583259 908875837
177862567 328041639
787797157 906803995
11708056 32001028
59235682 69350611
81851739 217782864
828265837 907471262
591870220 633080492
846451109 907237129
633992596 694285882
251497062 406493716
7060172 65925987
14642315 119167122
520182413 633945108
72736606 194399342
1492679 48625833
664701051 770131912
379203523 440779885
86661932 239933169
785691052 907367609
110005911 293377189
306789160 417274210
19492041 88850413
481830018 635583011
58897436 143405223
17936843 128676330
843298146 904002435
10611781 17226817
545840387 633337616
147351213 302596643
476552847 635122752
654638249 748996428
850174987 892935791
309698545 383132586
1643402 15624425
418743404 462025376
460274277 634619685
742108639 895599411
82291142 225498733
259561276 435563241
659274951 801466813
65907958 163372114
633454933 726504409
633671532 643676829
681217434 807537104
29664355 109619480
339603418 535457093
377029 55266989
633178372 668753995
551737994 634510861
497667087 636193588
24318541 164414454
65794245 188399844
52203195 119375026
752920420 894031957
7324232 49814657
143160649 312448867
323286345 434591342
810576926 897269603
273097622 420690150
534005640 635139267
117728395 284402463
69598257 126689399
7331562 78344350
334070168 519440158
427067576 493049154
127211667 278756373
495105609 634457215
160513702 351811057
861193285 891447202
306208408 376166122
258775782 364020437
40096760 146868102
261661592 422450542
634108445 667379117
633275054 654408886
510834884 633343548
84510227 140333922
332523138 486780522
635631441 811784303
469328742 635318425
426897640 476292354
633874136 672190779
1142538 89815642
