100
44998209 138700618
203782699 270443142
159858685 267546459
169395025 290946201
129175124 295379967
117244543 162931572
258033814 491065131
277201654 499317307
287532543 556809958
276829094 297789897
265594677 441176481
255838924 448607875
271672827 418050827
279992444 498018123
424544477 648198689
287668824 436484334
441084844 669203116
398614045 751544805
134008546 305547616
240164532 278099462
284760141 366544993
324218907 765092739
160546788 294914681
73816684 151668812
464674361 684735600
287527599 527024796
95419247 141841919
259985801 287490935
287576792 641787439
61521838 133130500
365367269 726922322
474392999 699265302
571530153 824857935
103104732 149232475
255965334 316750165
63997261 141612626
470026072 818038169
211820635 276650577
115711368 143861253
453180312 819634333
287590178 393481507
217138290 309434420
567998957 706827068
130908261 294275642
168381773 329459392
227739352 302321848
287560663 346018329
511509881 708589837
279307703 484321007
132449317 282172265
287614674 607045188
593874689 729550145
457182372 650340709
35928546 149039194
72747343 145675672
157013352 262534741
5042959 157635826
276199717 376857062
147053420 278442804
519636588 671919490
287610203 509809197
273840832 320628775
41699926 142860252
330887758 706079073
296767247 627571696
282280840 353287017
275355795 486886377
92735451 131391621
10597877 127945348
287664651 627766901
259460122 422088956
279565070 401277299
178144595 255558430
366700898 816941210
287503119 532115226
156218698 331242157
281735434 392593437
116396731 151830057
287658407 294607889
287509147 369937382
192301653 281195240
483626067 696464545
55321842 159680336
279331464 368935708
440507048 703294198
187459033 322487915
287650057 524637474
272909267 494148064
410963013 741947612
412465941 727677443
325961667 740836955
287514940 476808103
287582603 639543205
287571829 394493673
180071628 260324894
112625214 131330223
281217007 400599556
513228647 718776963
287661715 441589469
278193552 340297430
