1000
369589506 380250852
766482421 805577569
340965548 377541713
153794865 231994890
124182617 185199308
609786458 665959911
389623544 420712020
233291458 260058463
781365998 806925898
360449068 378450327
583077612 664689136
670208274 711139198
471030978 542362998
853351296 894700685
556658756 591795226
2868027 7385164
459842123 560678270
801781487 856111516
2385166 36846598
723556043 760657838
805013796 851249954
308175010 332343884
765199276 792653960
2430404 17057758
336495575 374897016
379414363 427390885
407694536 433446124
121218199 189970581
266108998 329447361
348901314 378760377
493931382 611063668
173987864 236173472
774947413 800862059
588692177 665497807
9036140 93818110
119914802 188532264
32567766 94127728
353360 4967764
779785242 784363515
645836668 664702462
581001113 665764760
771941731 807240969
883714582 890768695
916133820 952204820
776786514 805410752
254900941 328560030
252552301 329486600
624522009 664900094
356272380 377570120
126066746 232374307
48305004 93885390
926129649 951086429
238086970 248737395
459396783 559003811
123106089 167567868
32199032 94186496
81468866 93142528
1965872 15936326
227873482 263553793
860437724 901667573
851339919 902540695
462255160 501901219
741008052 760887498
425592872 439560596
862650976 903196017
796134082 855676705
461907701 499662792
401767004 439279938
851392253 889327412
919111754 947304217
252032956 333074411
307075122 333026707
270913502 333332372
544605730 586026376
502012910 612994050
761234749 785146037
418969698 455315459
579490298 665741549
101248337 130295583
86480796 92247756
554047213 606682178
124189828 139605948
937709316 951647111
460592149 529408569
218773091 227451655
443597760 484088832
502826013 585156091
239981552 260471252
606167075 664623593
209631570 231076225
390343755 410681296
124007049 177438836
599000856 666039956
210904447 228260204
667768289 704645659
234142521 261720526
554586167 611360343
878255383 900739964
927158820 950295811
704381175 760238349
472076616 537656478
13920164 94258072
701511461 704673594
253426474 332132309
3897824 41462037
348602872 377196720
739351958 761627496
800335843 856489179
726522776 759844502
821680295 855620040
120425524 141446737
409541466 470574422
775906535 798327753
674150495 711691853
432135181 466575740
535790210 577816897
124611668 160591956
118511323 159093621
224138678 234776477
458782452 539390186
121274539 148537542
196529241 235450304
933337109 944845561
790987123 845175896
586796052 664370377
3628369 10591838
441447444 512702919
844164797 898973242
592180288 665089224
782225914 789716151
551814305 602383752
431057746 475301155
769618900 793615485
859371218 895072178
102745980 140400821
89393742 94454444
839835366 854088132
361657272 374034175
777696994 809386180
763722852 783412408
389499681 421939518
671610800 706422643
883971626 892124226
232781594 260263860
770772201 788168868
935277680 942287736
230247422 283290487
120754359 168660625
903796845 947672876
483693616 599269241
1665998 15198398
772608112 796344128
767918333 800535819
103078691 118104044
366857973 375083509
902403672 948445910
498577177 612776541
409186433 434598421
732135171 759298165
118122951 139460309
1409238 12551050
872282975 904333762
436258351 473153648
509463604 600670223
366906837 374624014
688550189 706037384
434039816 492597352
382215680 402139244
814152861 844409399
672259718 705672768
399537927 425084117
342503826 380610972
878193796 893850985
167395635 229953357
931489729 947200621
111922965 128383056
66418489 92117818
908052732 952152083
386062145 403805434
2490284 39688127
842573589 903371207
933740468 942128992
377100876 408266430
243951283 331004817
19617295 92370195
777215268 802157729
1757467 27464666
124099482 181584810
538817403 568491528
333479827 375798882
42653007 94659171
863991488 903631957
366087633 374998371
851625462 902620078
668081729 712404036
31285794 92682017
711762004 760309886
355703357 380465467
510404054 569056265
257923814 333140778
374083967 417633900
376681819 408304755
122035139 159321960
313639382 332515442
96695926 140496420
208984116 233496183
469708931 491568829
668706921 713730591
693975770 705378766
722124907 760076256
758476846 760887018
908262065 943358327
441705994 469946470
881352847 899545152
229933225 260030332
370842935 373984656
392023573 422530225
760839555 784862047
740279310 760834143
338136389 373984635
263389267 331143636
208204541 227817079
304268922 330760448
455473466 480545000
821485102 855303677
776119844 805280582
528611915 577917378
845760625 895214718
495886631 607643155
452369221 465948423
99714239 124201696
765377626 803933140
821145677 846986094
918125183 947788437
325987261 331645114
934640335 943959236
338686362 373796657
478557553 577543848
594075508 664897603
467234989 481207486
851707332 890562050
406860097 463801319
700337341 706134560
455476142 471307915
923500538 947749910
123906010 125890817
384042044 406641516
124749151 160896219
533787029 598906669
6451917 94612434
778964714 792205568
937212374 949662406
425299289 442015896
359276305 377025871
416766338 463006279
662985115 664578397
99696961 117669038
114287881 122238336
120601087 141706095
453383196 522913167
737289581 761041290
682396656 710779179
203089786 229980496
386232228 425699529
228326593 253503031
306550829 331378722
460493211 524792038
233725696 277543111
763068321 800781598
764023638 787662180
355667424 374796046
404215707 455857901
558786618 609312216
238353581 280223767
324759745 331423215
74874004 92861939
468528412 474900106
405124220 465126810
345708618 375829196
297455332 333025349
109319811 139166211
124503526 184114657
622043534 664405933
791182288 843169274
235646760 253591196
357792302 379671160
878374207 891015813
1924486 7976212
103954071 140791462
230478308 249317054
13354783 93308384
414937038 445246476
341464348 379581114
175344732 228611596
83592911 94201591
543480026 618290829
861638634 899968631
684181449 712825411
274907468 332531947
37901967 93844205
768420036 790773711
462813974 502083459
108357274 127740654
311185720 330145185
471481269 485557422
64407931 93537724
381534553 402691971
695205150 705140970
778462517 789250386
92603614 119924899
698099834 708824987
390062075 425112685
465560295 520519919
380382081 422885464
395829711 404706120
775632738 801298627
885416940 903700879
123972977 160477293
312678809 332755119
684245034 706334234
115409287 118786332
452418796 516406618
664334424 713613428
532576690 600361213
309363940 329779006
239140535 247404727
817487872 847801768
230551010 252005124
485081975 608758207
405652700 430457345
593387911 664738351
124705297 150252479
793988835 852418480
374726455 409886815
120874995 129438183
163608594 228274048
233528023 246177179
377095384 422716071
787238158 844160005
80104236 93314679
242446504 264587067
798100151 851048982
369613615 375044630
752053781 761001089
299609698 330528293
448229718 507430207
234972855 244320760
635813648 664990889
279967711 329130902
676597596 707039926
2166331 11191156
3913095 32092690
356359155 375175570
379144446 401266889
848893984 900028775
117107504 131259059
515592 17613479
519619201 591106686
447442016 518365037
715554156 760439767
869196995 902356418
310934270 333317582
659775859 665556184
898299778 950080725
120792094 128779890
322349686 331825563
693837522 705710755
619109045 664894159
446261981 519495113
261015922 327740913
105905011 121618198
189744619 227411575
533383717 590953240
468903146 567203224
682087057 711791698
355954068 376869313
670380090 712520109
768283684 792913923
388902971 413134281
419911473 439719323
690083532 704493280
467100045 555549610
846459370 897622406
939941206 946226486
129526374 232166630
521353909 570353373
3725319 44426566
119403890 172333875
42149102 94296509
884928729 903789952
596315780 664547543
364557684 376158527
852963336 903209634
660186036 665870315
89789577 93298602
395537006 427215885
411251796 446523335
428323640 447804603
374602037 423025033
462574183 554651935
444380656 515513381
808731530 848484491
444102405 497892892
240089907 255894451
426395774 432437731
930019679 945633618
833505050 851974556
476410948 607360325
370839792 376555083
462821642 558241236
230529782 267791951
577386736 666157415
1286685 25503024
243433706 246432611
56802262 92250963
923855019 943715921
392467255 406544241
759995604 787796672
314793166 331156962
656157847 664657349
906650828 948764651
20442316 92926338
464027581 493464807
428537423 452784683
31952476 94674571
2739197 5251065
249990353 333070232
849733325 888707885
3215937 36983297
520064107 570053629
441806656 458600647
235223965 285054766
2478887 27759321
835132390 854012862
778869600 793533806
290799727 330965146
360396998 379672596
684580093 703933888
865507537 888303899
301527679 330897652
469117469 515042148
396836718 420404021
3688147 36898487
124465375 144472116
947737 14824510
430944901 520575933
436799396 508718719
858688956 904262767
579876723 664082828
95892745 122378905
610176501 665529486
382845410 413790650
776119219 784414430
818582690 856625061
466609585 545626929
491208044 570241400
415606024 444572373
432038130 490427539
160809128 235930067
129033240 229820639
480100889 606610051
831240635 847920143
156302132 237211297
120664299 134304870
325527682 328496586
4421882 42933294
827882481 850983839
65125933 92785374
182337599 235628183
568731544 665838214
378987096 404837971
321120248 327726824
96020222 128536532
411233008 458825202
395519634 419478671
797023858 852237004
230873802 245447678
781925594 796078721
335167337 375942395
118955631 135067669
441969705 512149220
580739049 666496309
433139987 482149634
63311796 94419559
539006792 615657974
232309244 250029419
1703032 45674561
121258494 137294791
50327208 94643528
636646074 666097820
115529361 127184410
2273549 47187972
120160044 168144140
1382130 18819874
385914355 406220539
471153754 475111804
148297760 235850269
662044953 664193719
464602064 488072262
731865495 761754632
760472539 789561603
306641193 329210446
791426017 849013428
878216628 897454783
402736350 430809231
760718338 783843434
472738544 564756246
247055327 327957648
233553097 272547221
652326328 664416487
701842983 707572719
911284324 951222521
250415526 328489940
466958933 538372021
231034365 264621685
236695546 271524132
103221109 119748050
232066692 283205250
297075493 332136877
345610561 375482546
918259724 946107515
736480994 761635998
97958945 133141532
672950015 704782462
674942156 709149328
81270645 93297756
339573605 378310313
387361160 419308290
842962508 900715198
383422030 399950416
701827081 712414749
383478152 407595509
280442104 329814904
872348542 898241153
869563899 894145941
701818983 705563732
13180234 93529348
233240217 261792485
464581221 570683170
343187560 374571407
830977076 843674024
381455723 422848697
511655964 590855414
565142683 666048663
751652942 761492970
710554779 761294797
2836517 7008272
922746904 949626967
406497591 460590214
941934976 946892599
73510 27982808
722938172 761628615
833126161 842345935
239571582 257863683
922148594 942712693
403839269 458455947
899545480 945850356
515561336 602181029
420206243 440694187
787281763 847094154
113599744 117876294
233772719 259620203
334906100 374287024
461225199 504952634
921519655 951738039
388149281 402857497
358712876 376649184
163864404 231023672
181144088 237304450
122435013 179110095
230326932 258948239
111268534 119707850
378583569 410961476
380440240 406440596
99306618 128834184
448605790 461771236
200411953 231168024
814712978 846235679
437395807 496019078
746751762 760418167
718013593 760484270
554612343 564138904
102973945 141771852
661776260 665084121
355597287 377899999
119270048 172669958
441960095 479501281
262537120 328321348
344841949 378948900
123333577 165102703
472168125 553087137
181162537 232275850
267205410 328238304
566034851 665628893
332211573 376952183
473451174 488056467
2855920 4913065
241400731 258366911
770485538 808990140
606071 20765069
378677209 415621539
648598101 665009145
178745683 227954878
794223550 845758602
306706624 328768607
388312572 417167697
619073834 664757074
107660145 124323250
259401348 327743892
682098018 705522461
864715576 891336859
105205468 133599436
432324791 459240023
63939059 92320757
401556814 436083522
805010581 845813968
343457460 374366980
833397415 843760711
288268436 330850413
263835433 328309657
781700638 796285658
476848165 600510228
763679300 791089347
589566398 666596949
445880364 505271537
770314550 787498993
887361322 895599468
852150942 891919588
261441748 329986405
706150742 760623212
846625518 899933975
364309573 376753388
325656966 331811730
465997368 561145154
636515978 665078451
482723137 574037992
469747967 491767467
73628217 94929992
191307711 230903936
461390476 532485569
856772373 901898381
590011499 665399908
897888894 943343873
55318622 95060530
929319819 943844012
124410668 130922757
441948273 473859398
455872136 486214131
924562344 951417239
804600170 853725822
683821708 710013499
826880246 851450472
382394161 412202818
124644029 126666745
404436700 458495256
770943180 785355578
368494145 376135755
101051433 130906267
668971823 708598126
855613605 890064960
366677469 373668540
450078086 486042427
372951 6351139
419170337 445861394
438193 38666155
450809332 472226679
18974037 95155430
690442319 710811229
418528339 459934989
379363787 404601068
225086922 229586813
753507374 760370079
905657369 951472304
121186463 186101007
415118179 475960715
371121369 375084731
227946818 243763343
385981271 420167964
241966018 283321062
122985498 136029176
697053191 711949083
671542067 707291026
1333629 12655536
790480760 845671615
316507716 331543275
83441753 93103329
712307380 761277170
461558354 497276364
224908696 236357097
363339822 380718591
904139283 946343351
111650625 135839050
96017936 125465032
207053405 232267505
888546523 951809563
470532391 541303287
689678182 706346812
371925851 375301222
914476976 946290365
133421606 236899150
761881342 787036699
489831472 593868614
52244335 93266867
801580598 846098394
434965202 505302759
895169434 944138071
358771409 376500073
116534503 125323294
891528082 948170828
34332039 93862433
59030021 94723308
887408820 891320121
772553238 807177972
383505034 422412427
639885310 666118265
44592668 95016306
465889508 558697123
328101769 379489293
763226883 784214948
688253979 710539833
755076322 760209497
832146644 851753751
890293643 943538617
4720211 28973058
103546182 129890986
424329314 473807047
4204511 4822879
822052041 853884057
257165682 331092195
763624030 784914933
472917277 493378010
61448859 92781783
687540918 710582375
387686855 410740260
158637455 234795522
787713368 853067073
899536636 952372591
355326960 374943201
73948409 94911529
901562931 946281450
118160042 166578503
581516459 666075568
362758387 378108409
200874381 231595534
356704857 374718958
817161615 855483142
330644271 373812024
924592299 951016518
262813477 331161189
3821050 22849795
335320598 374684501
396070952 404065936
101100052 140514589
99244427 123297026
874429858 891995805
560189290 597251522
363707479 377875800
440154535 485288796
108173093 138824624
122921742 149449133
463242742 552210328
122132480 186987489
241527476 252759902
677138147 711173998
377814297 404434727
802187533 845552490
388375836 424983620
470759748 509565865
811871918 852490145
243421550 269437332
229182741 254511203
533657345 572797057
405683492 472616114
462243477 537094517
232449612 245423594
879975054 890798030
470631816 506906151
816521034 856095586
225949426 237840910
143621944 233212537
826152542 852051154
124275380 131732130
44220415 93865169
731391442 761770455
449346061 516055655
234881486 269101799
4551990 23104397
258445169 330815209
772548003 787374897
118076125 161991257
374306794 416483850
347716254 379681049
869686835 895252785
396534125 427059442
122451805 141130671
463757970 538520766
775668229 783931092
688608943 709367299
889368016 945936167
3990122 41665179
228966012 280728567
730106856 761228551
445320385 479375047
350789148 374711543
336429954 376092013
827684319 856322194
309919898 328379945
804415682 856386734
723638204 760889219
449598586 469120090
881026500 893886686
113619238 119181390
254117718 329607451
778268428 809322209
496763673 564940099
454334158 513485606
666980324 709249587
217741926 228850978
784291655 853222281
466145511 500680026
764260757 801465175
815685473 843262920
3434002 23678171
476056177 617281199
249578070 328006286
120128553 169515878
826743894 853961455
117789401 173235082
564281356 665047869
387347667 420971526
241849934 274445273
597695964 666612431
28538610 92258081
664708090 711115717
606176089 664500580
218795358 229832341
124678824 132634957
120095027 174165909
470188572 480023413
33620579 92162057
419207556 434528932
361978003 375689241
92836210 126784868
541027158 599690602
774018538 803560462
119805224 186714528
617431303 664338246
865822268 893774765
927722612 945112413
939794725 951169176
414393579 461228905
85162680 92346158
96563598 125056439
97346469 122275442
368402650 378245595
770186309 809521365
117895665 164963908
394565782 427135598
736775559 761347375
21100118 93568854
899070879 947645915
237803800 263993884
423628371 443845809
809883883 844365616
269040568 329600262
122255943 188548032
328988054 380424358
416416659 469652160
940093655 947085451
2439337 9302634
323399713 330407760
401228017 438845395
867053891 901697904
494570817 572059622
579033076 665079383
102753741 131742992
861867981 903767740
584612975 666484931
599339507 666598363
880673354 903967163
124157433 160958502
788478490 852308002
200291953 232925841
233748279 275134600
434033580 487539339
361204809 373759336
757681 25526143
697740542 711867824
2935536 13289249
238167961 278410452
781422465 792389335
812082829 844546070
480958971 602082015
161720090 233120891
8159812 92833786
410351107 430460878
669533306 707217016
399515136 421177461
552375245 574596746
539288154 584568257
813213679 850502299
424815447 455283435
665582915 707528941
291635668 332474188
701054530 707261271
769710565 805468375
789993075 842758430
231966208 266382496
296974403 330212757
907594283 951364703
735009640 760103590
831662998 847108325
400513735 443994653
790810 21683292
774372452 807624307
3512523 8174113
339857221 376408968
28779493 92825481
859041913 898655638
425609895 438500527
360937447 379670300
883915564 899670895
111308280 130137818
336089114 379543664
923336655 947845726
452328453 468533978
114935487 134962832
391950048 408307710
3855856 46740750
351172915 374539281
909439067 942219076
630841475 666560761
765051280 788212347
877020770 895452538
499338121 595400867
471402120 511001970
592683358 665183977
764319998 799606691
528611649 572711372
79263652 92713108
769386260 806400285
678811901 713451369
864115160 897552050
441844097 519738834
99316637 122234342
534635015 603542572
766828215 805737038
853753753 898394595
521978631 564780167
236630025 260201592
4218120 13884023
767107449 795114227
413226058 465481826
294417255 331454833
684817543 710431163
420099013 455050071
439280860 469609997
114856025 133419407
480185011 569894236
108913029 133605089
352357561 380255019
778178862 783219107
319182568 331966916
546898536 581243612
355559586 378745651
528825593 593525431
363087505 380369436
1031212 17970903
519221727 610490260
120890550 153886943
202933212 232931075
870541113 900168401
801108558 846068154
238846499 249094396
17891280 92878444
668049396 707771882
237235679 262814835
856771294 890241099
105085384 129467592
55371273 92298489
318640759 330469520
441245510 522712839
558701147 570674584
2786858 17361227
794445592 848420887
150346054 233291261
93738031 130561450
698778419 707824221
771706041 798832994
47240414 95218169
399777550 401349044
378758801 412425588
123863051 143424431
329366263 378851154
830773675 851886190
303723228 329220175
523236048 612577596
502165998 569606864
773124671 799742373
865150965 895986810
