1000
429661150 713645543
696181971 852596748
154987368 263305198
238314464 428011003
108266070 147552540
422675746 566526752
420028155 529462719
644267595 799648457
109915724 238015825
373108107 405954266
167858107 403735753
565665950 670462222
458613097 664461397
657273359 700228909
132834432 358524470
700450 67492284
108788186 189782255
735567705 884675511
407563108 544756252
5145829 80248741
643661837 812466961
138891198 175915515
304115203 413533117
98826465 152742704
424049235 592193902
402173199 437134891
718325459 902641340
84663757 127336469
537351509 721131736
562919362 690650200
421646218 468927064
663338211 724327265
738301222 870385345
81252365 104220550
4044751 76591007
562878434 632927775
226808424 439729050
410063787 455608340
669610498 733424306
722346898 824874218
513501805 680924896
18051039 76652515
113282314 170580074
705060604 829122950
131982327 175801364
106328264 252103579
213214725 419257809
519119449 630816649
363692215 444505853
137915833 302067939
726463145 855612765
606109088 727269746
421142447 435829067
411172816 518283681
413067843 445341929
847886 84476810
418257498 557583496
22419863 87599379
698369899 828945874
661767068 750872373
674604122 775463907
451084689 703498135
411857749 448030299
153421100 299616482
138551372 258280007
33501640 70659791
33826131 71697928
669194090 814000048
403413177 535049782
144471357 284500594
402996729 540783191
416821382 501565452
592699923 704533539
721629715 826755753
554354569 690038275
128574723 254394325
455849618 691576209
20410402 74080960
82425148 120283488
117321212 257267854
127424844 195829190
130858434 220361604
411051261 513508771
108401500 262607158
622547328 722090219
68048925 123850067
206938988 410945617
417838309 508017646
702917891 860274079
269177783 441149397
684377655 745003606
409475406 435898768
75633304 118061768
421649023 604260932
687714606 719076689
348989847 409472138
286117894 452819322
356864771 415166786
678801519 698541868
506421339 685251670
127848686 192364221
63443778 129539801
411680809 447923209
422106270 602590520
400769426 442743461
705785572 811478701
729985124 902810741
420011565 486389338
650179342 805338617
20796036 73261793
605678120 779047895
154720739 347218899
729936359 749177070
661606283 716347742
116208380 164914227
403810524 435180821
16848999 68484259
409171495 469602566
304435667 406400707
423403317 482197952
716720998 859263874
706874171 797960014
63224367 111798282
105585238 229058139
704967550 818839272
50602307 69529214
475232090 686753018
686072321 700521951
96499606 128164240
32549448 62151485
616115190 737814241
688683936 770168443
716984560 772323623
106005913 200473114
12226725 72884114
479016658 678195890
510945967 672090352
728262221 822971603
651584104 803482480
135740042 282225446
39329685 83135113
604473798 742828720
692157217 719580949
710114960 830101068
578882808 643652614
105161905 222948563
404155257 520757401
117704184 196641110
716605633 771056784
29442132 65142792
418438313 567526275
197422907 411985488
610875028 739467458
28035176 75310042
280623015 445718264
412854353 526087979
402501596 499262168
67227183 149289926
699714615 749408918
208092927 419302950
733103991 739650182
416268994 565827925
619147218 808665229
706239629 785198587
137172451 240342938
113842709 201130886
420036420 504336687
174048203 425305712
674001988 798980645
109737798 156266511
33632400 68317400
134676605 337624225
733755017 840916438
106244825 251704572
418673448 503528327
735124910 770030891
728192164 766466836
714701635 857089102
75981576 107906859
725267871 744771318
648594191 696434111
35326091 75319428
638638312 702513931
415069354 459027029
181320175 427554488
575656819 634354840
667063522 770980174
411470281 440166661
717107682 795124170
135291084 164651693
633564383 739877638
286606806 444581140
589236547 654484015
422366208 424617678
419484202 477381930
102481642 132053675
412940227 512235392
152334570 250872090
112497869 136327546
422355014 589888480
45928164 72200521
114778648 271103605
636036585 755027946
30422785 76588304
486594824 635590536
135747703 193048364
502107574 615052880
653665578 781625028
377539753 441533034
106781913 263942934
406227990 456264508
371072720 416583730
87098539 109595562
115152708 189261617
76430586 133754555
415726628 490766516
634357345 751436797
268723563 418581899
407587125 416242529
715173698 748648214
138064206 247104202
735897686 892927966
112416381 191151000
115553318 130997340
721803096 877572273
616677038 799418534
735844130 843284624
602559453 749267593
48428002 71021836
22145305 71550315
62307916 160433085
546782256 663286695
375170247 442009635
107331626 165446813
143806516 184688214
544525242 714690990
616123389 730104255
151931254 311855960
57035951 65070131
514837688 659479216
638108057 758219097
709319468 903891453
706818851 778664255
44976078 80042967
412529074 444982376
525076519 664982571
35134548 71017936
421122473 558005876
139930512 329581491
548451717 642464255
112999602 210453921
167657109 424457389
45190549 88276375
704325758 741884244
417919619 493687134
692656738 808562366
505198930 714221995
732337321 746037272
415091955 525269702
126390839 200776249
286925691 436512190
212705186 427792981
78744596 151314279
407644826 488894976
113619162 206380646
129496651 213321077
60998164 152796702
311924193 443732932
419119127 500837399
405811273 494413322
453931976 608246868
421904430 619675390
403228919 503867459
138607306 262730366
150929143 327565920
71900915 116479282
149731423 191173798
281958204 415935105
657550278 798030943
674742592 817762490
154197397 198666812
540932392 646211012
418361820 592646756
649897215 766025746
31395237 89875874
66195873 178954002
63692632 107483786
61837059 157978098
216109557 403147724
67011857 175968479
343051200 450720173
420486394 467099998
407778179 427394881
77924644 164825549
138326485 293091167
354053949 416839392
403886001 499204210
93676139 117070984
109046695 250661922
35160118 64702376
43489723 79412776
111331553 214154680
56444369 65512651
77570022 107006341
489440805 651621938
736669300 856816890
661118119 739157537
606286300 703992960
342062264 414509137
463426554 630628424
65723032 122498085
108088436 177027844
90095199 181195093
90613953 140383468
54582205 72030092
501111221 658921775
153831480 175652638
143761377 352545886
402830194 540203349
403617553 506192583
117505336 208617705
412650118 420585754
412618787 436347632
414954124 446466383
137138790 187040866
112279415 263639526
404788969 463821417
655515305 708941366
91142852 142413564
684574846 788236571
303995922 405608804
17531124 82600394
422873805 621840629
535700052 677939814
215411201 445459130
411218988 455408942
342299629 441181816
420845911 581480821
723289766 840069211
48964607 80599588
149113674 241482733
402942387 514207855
126053989 323693656
407632761 520326983
735370102 850710016
421693655 464103094
51562953 81499094
416181175 469808534
151650114 306483899
272880056 436224742
140854903 340909519
109969094 153016883
258771719 448879668
221394680 432418464
108710214 138380910
408171271 429586264
79779505 149659880
659040489 733688953
115434335 249330579
48691796 72035486
375521864 433703102
638302666 762159787
307713697 422940505
726909762 877814029
236125757 403146563
52910718 88298853
729962118 763606403
108963002 270379449
593673806 625640150
409786217 474390280
588957967 610464452
110018220 255129470
108500600 157087986
405957724 540510951
7447096 64744029
275451592 435321928
114924858 130469711
10645498 77249953
93717895 108166773
404975494 507423179
276896400 421516710
145443555 358641699
140726077 176874449
15537019 61927289
201562467 421043911
108770990 218259360
664850269 747077458
695842064 812579905
430819012 599999585
409894593 424117585
621372538 761266889
111484171 207942920
733335655 872881881
8549480 70016498
133024347 306914370
411386762 435988433
700316522 743210689
68768665 118733919
57128808 84279481
434011647 628796615
108918112 245489112
660583954 773763834
144540504 235962898
55053868 64953514
129024925 345942712
408517796 418962919
28537559 84257995
730237459 888952045
241861127 419432562
706719829 857672971
382045772 426546862
702189918 887588364
699831331 759677055
541854862 612998283
392869084 446445662
421308196 537936509
410113128 519626508
419533173 622552208
114834371 188059618
79470068 158660237
254414625 443739500
21547281 71850220
118011095 247623525
634032754 736933406
142872739 232417653
345284725 451074030
245351541 402420228
647181046 736899186
409453770 487079808
608409364 709795155
728979782 761688223
569836798 636504187
578362749 643663904
485430340 723574113
474425141 624270905
736988739 778164186
153143943 282769110
64857083 116570421
78813133 172231857
618437599 756300856
306966216 443280958
614962172 794747371
118074909 197897801
417349610 527137044
709022946 867310532
655714240 697311607
727139935 905615034
408786699 419219322
435828143 654503986
523119330 634727058
411673827 500366271
738675546 851743153
192860101 433796606
64564985 111340523
729059834 777283102
34097863 63709302
111741508 199084227
719798710 842066007
36489017 74493525
151644479 287869560
418905458 519378008
74338345 168464410
46982895 80774594
410498937 437460188
461152388 661546956
415446635 547356740
525312092 610625181
627350592 731638022
735631147 824054138
677810361 742453359
431027730 632653318
422228976 521945794
721393611 799578581
699314079 830548052
420242412 431825771
112817528 162155170
150347645 252852414
212977279 411466177
418981871 544029619
310269821 418501764
138559660 325055914
415456850 434856311
33655363 68029562
729885495 782941774
16958776 62618563
404196991 487964535
396283882 440703728
109317174 162414341
83345536 179530053
115081207 270011157
94038028 112488009
709981517 812331806
726824268 893146725
61842090 138370805
651324820 726135744
358971912 439069670
137339210 338603173
404514018 540686025
348712663 440856183
671441633 804946653
72931659 160526964
409297654 530269838
98082517 132606995
314228019 405569106
93202565 144091645
85357597 161213886
422385114 620335320
421119772 533630277
698168119 806146681
699916767 886355187
715702689 786742545
109493635 126798977
405776374 460595915
737578970 799317976
88965318 110856466
133248399 226423843
614791537 695464103
57504559 78326075
411532614 471755891
138675507 306174613
173264735 408504125
77448683 147693451
521503254 721982842
675807519 738725941
83033333 148140802
117009877 261779406
137115988 213683810
264780821 453455177
220469617 418029576
448751317 645094463
141275545 261229164
78157425 165546277
515640066 669659707
404816624 419123533
700527525 754214288
422205250 550021669
424002038 447420192
626386785 748836888
407866314 540471137
73888793 141462812
149548461 308129303
3010731 89506310
104425572 180339380
150143579 207759893
419912224 520145279
402451958 414682072
667709993 785572738
129439306 191485754
424029646 445444377
714586498 858872737
423827102 567043651
46632700 60546090
410353312 507619284
52665366 86905983
139292478 255190817
607211785 809881296
106989244 255212487
707278171 901311878
112955651 260676118
144676796 252857902
424043192 461051872
422452048 515722746
140936594 201247472
469213263 673365145
422322875 433853770
456915159 668574811
482439750 624527131
56843629 78089175
131953128 178400313
686755 89676694
712712110 789213978
41988980 82859750
142927601 326499155
282774362 423906687
48471649 79319176
417674619 439118582
109758458 204834309
415358890 446859833
406940065 442035494
152287943 237057539
472921750 693636960
139487718 314891455
351013287 439671100
70082117 123463053
421808270 522251882
83018546 132906823
722193396 818503055
420999778 483977984
40990649 73206957
125993033 189144997
705966418 870899266
594360038 627976395
686287987 701535701
332959609 403981094
47552880 64838068
80077287 106660899
549256494 711590847
209747327 443119375
86641490 143592697
113026393 204614454
93514358 154450499
72189956 149430246
410256192 456230833
110745413 145214887
73676509 138675059
675122801 724400520
402637587 436222533
420937795 496711969
409508353 487849624
727499152 788322400
62210740 105415010
113730473 271113696
471803889 638933643
144495989 231111043
133386812 352017979
416046780 615437538
656795305 780145534
61450885 135187332
18043171 83531696
724466099 834992717
433406553 644448195
408404618 529279007
703098335 902912596
483103510 722599515
406698532 464544636
420682072 600842964
655641049 705483759
145539670 189583647
421444560 632787782
539627757 670002350
406553883 514240883
572826672 726597792
30905930 68036103
82621064 142131201
714027056 817821365
90400414 140627002
719165560 893868027
534254540 649782509
679063305 773097103
117302560 132397708
347030718 407828627
416770618 619220803
457522635 714269133
105754093 148505806
107454282 251689469
137133615 354853753
229809555 418976504
407224936 416645621
384246447 448131593
116241267 171591396
145450701 222573411
286309840 410741243
114614919 169407883
701230242 739576653
274879296 433789016
116040603 263012659
25831689 86987950
8600473 85271137
77934104 140190256
172635489 442656122
653953995 748457207
99220000 109244919
406096296 419955037
352640889 433487375
319787685 434153973
108460164 142875741
412601195 431856343
105328921 254655441
729066611 879089057
403396057 487009086
735727434 894031501
402973445 498082805
722408973 808539312
410574970 448713903
42656184 89218743
707861957 899644285
735646665 887692450
65731360 115658266
113149801 210609043
105211480 143916051
307870906 454420723
138918414 280720007
85970567 158324133
108134825 142892269
79815350 135317741
419813641 474718320
62978838 127997349
70424301 145994977
716326025 849573950
26156329 89938534
417770917 566301080
1469462 83479033
40919201 70533727
402987948 515730764
621246104 801439395
265731802 404416745
698155364 826986692
419833246 512482533
347113285 423136211
604652957 767514233
192758853 445190949
412935906 437014749
548586532 630715253
111041091 174723398
480160112 648968045
19193390 65043945
105019520 235476153
41536043 81579500
131960703 208926754
423143937 520067367
370628692 448693028
250274701 415220384
733428636 871556929
675652789 749829084
665949588 716606067
133107821 353245455
420516880 596133271
111774595 162141100
111080251 125574460
406513132 491392269
409306448 502379781
408407757 456165138
90052420 146401026
151836715 325301434
436361430 663403863
705428056 839130721
672094284 787475020
731330169 876497082
172609529 424701064
456467596 667785637
27197219 86736448
582714467 726631360
571355330 693381242
525663134 701557793
670962107 731025935
601201951 792758179
420874255 617070788
90678856 171307346
410972945 531199622
407241966 480175541
82005709 122579004
151361817 261801879
676102294 736274063
153887890 201221440
725160878 768264948
102328847 105774147
108967271 224349506
676096518 708398951
138025872 281958811
681159286 773523455
196206891 452154181
116073351 135784123
142636912 354563446
717704262 795740466
291005474 411526993
153782362 334182981
24464582 78060258
409441581 519147608
472638918 645060835
408319198 525339940
408784911 523007639
471496676 703013550
653229511 714396732
408237103 544184025
711665316 792096731
329796924 448941593
410402679 543438342
302823111 420941173
21353581 89405877
80231817 151303967
111111838 175852969
482957859 677226990
641854775 735203917
99945466 109220937
420996156 482058537
259059899 425180090
422218627 430103595
21162428 61560565
13991357 81198782
146143509 188755161
418295674 467905618
273251526 437302989
150558462 172801487
466540729 654343967
359797180 422145094
67545637 126216797
664908093 740053010
28113719 62967511
702703599 812379947
613584445 776983491
109066507 153283559
111950484 161085529
115914857 235677093
403136858 524356411
140779922 209050385
719575511 868507558
406853201 516165108
511515510 621928773
128784610 230525110
448460261 668335798
342852013 424505542
421794091 453583358
415614679 452709080
405234454 517013532
416497951 476273648
355775071 410534856
360973787 419069119
692997595 706420433
306176036 420297072
112352312 196738219
109201308 241486535
423862188 618508785
380676379 447101506
727624720 790627648
114691547 215834992
362957012 404368026
112404732 245247448
146605168 356723472
500043258 687281949
636712948 715874739
562991620 637771622
536240259 620081423
76564687 113062147
154997086 268075653
408188206 436319283
10662391 70393255
616054280 755072798
468301013 635370288
230056565 407836837
658866155 725879652
675296270 772987460
522745445 684543218
25296138 70621289
415050329 603624303
401051716 440840431
423830891 537488436
369273309 410764588
416404744 447230500
30662586 68948536
100234244 179459351
662186691 705596819
151068644 332431789
141174564 315511644
410607815 417944171
408040629 517053764
664194346 790391397
611317097 784941611
408354529 455490168
732279460 860587549
139749158 164903467
602273081 739133218
410450643 495770291
711990271 908412039
129888636 231345736
424104965 497500961
370304036 443861354
615094136 758044899
558968981 645427935
522725028 701950324
726558455 846591765
418980284 500386708
472139050 711966261
698815019 800592814
105890316 205639008
419679920 495434320
145254977 204911278
718743345 760891168
410969889 541367042
727994122 820690842
719421681 801097802
628425652 740969895
704400196 743635987
20928070 80812468
580389930 657676710
412651669 510987451
412934033 465903121
24052161 61254151
712443001 877630092
30355305 80926766
411482913 453535465
83331273 169784684
618828394 778771253
212356691 418529183
419026041 622852752
114907096 236241767
146476186 229496506
721083256 786701015
548236858 716740415
230550697 432342228
407986261 489388528
722595151 851236841
583220084 687191200
98631350 139135501
537230384 628647877
463088766 626439725
447397804 697014177
420191676 564337070
564068408 662687088
5760327 64270393
320407500 432445114
698833254 774888663
139732824 223346774
568659246 653688766
712251794 749821803
492627020 673129034
404665962 460221120
479541371 707714235
111387150 160324419
721887809 805279845
703271241 857718454
417321775 449988004
698351171 763417397
708099265 744142945
414959953 470176719
409887066 508072205
46950043 74510093
139497800 280560267
445353067 710212344
588498285 644155276
420361359 441375182
607272577 804379771
378227401 425421358
413031069 535873810
722954356 756056656
406032568 491826721
76917687 130709654
408517320 497117114
149645331 196413945
297226874 450487448
396109516 431398021
116524664 147605598
140809951 181445720
418571680 518470985
704475124 775448256
727754481 754262250
103198085 143780044
699498427 875302764
650353268 748232682
8023987 88832050
54531247 88287644
32437610 80620550
529384499 658521190
403174896 435415214
292023821 446519429
26299310 86402545
299139160 439923515
108692232 185305502
62379793 159565348
543940982 701591592
106961323 185601265
695886539 859234339
667475978 807477568
91010985 149592384
184626916 429157509
614467546 774081646
73762269 147658677
151496302 353876014
127712565 315238845
723135467 839459752
421669791 516701709
421239126 536929527
110837 73530947
106488566 235712416
412168932 433147609
113172399 133519944
184993385 412610161
63173403 168122240
622247732 796350316
295145515 409895943
17473102 64241837
412896618 497043999
438915163 698679112
113302573 215214288
37008636 90125316
47710341 85810095
689248472 808544069
706675742 873477905
152456431 243616609
53613743 65492023
418244665 538268519
706540837 888544292
417352796 438814402
126785523 319810100
592147452 623785480
478630794 653410763
663708000 809782258
418143567 602548532
417511881 501752419
95310685 156821546
213523981 433685499
154940728 226404191
68223831 156425663
481471821 694336830
16627068 68573447
698215975 813376303
167687569 447734573
421581173 499561148
389752590 416922834
423116675 513021350
154012304 197378724
