100
3338698 67822806
228956865 256178458
83240835 178849170
349324821 397046740
537766744 636199255
522856476 525101831
555464257 623168356
140727779 180185962
150840240 179625514
706462660 816412108
172662434 181077946
170116160 173505335
806838721 940578747
812510885 970420784
59548887 180193026
621432161 705365925
1840898 57612414
808542622 933894109
30740235 86640019
242547565 273868307
626492434 714001271
223472225 247235171
563763616 600895047
837122607 934481112
29764161 63623886
509940840 525919341
750861370 818061871
831677843 875626564
313261171 432274155
489626400 543123912
650954238 718858682
13613242 48360917
833582002 886445228
178847577 240442384
267800497 401158072
816237523 932184519
529218552 568109649
613133783 722458337
532024854 614138642
762283405 815904103
810504942 853971456
52359376 179861421
554839309 634441530
343159547 422404513
409680850 524270812
444608138 529332213
234480321 254299563
826802318 958191169
838569601 892002084
790556003 800489889
682135671 723212576
107682850 175872251
781158023 810875147
21753537 73604626
841382657 904003487
206815165 249114785
552668865 606847712
208377658 270700662
845537099 988074486
610788705 713818250
569665084 706741605
533915190 611367206
136926620 175280823
844336244 873216769
474796977 542780972
835298074 996434448
552864937 571270632
768236917 803826373
241247789 262689460
540763380 571002468
101703936 173743380
522041111 527119253
448527197 538860751
119250349 178260769
422157549 534315951
827688415 950434605
234603959 250592863
248979934 323201752
416132090 531651616
653852905 708620577
183209798 253386751
564045834 576005422
831687093 972244370
625005981 719562828
426867392 534469945
84455057 178742029
831118173 882586057
706763321 803786605
562745595 594560840
132755872 173838640
61950760 177116413
780342511 814451162
420451220 541214581
61916934 178184807
848490265 892122112
516619519 534674385
643694251 717034753
242382983 353399009
768372627 807702365
221840502 268159637
