1000
267023579 299874917
218743025 304936252
475311243 592310592
500431104 893282271
512170455 844909232
401346492 461650337
497555780 625596754
505086068 895758551
189695639 330572823
269069631 280477604
44226191 155463744
168865890 321637354
460994459 551581135
53431309 150565659
310070773 456028849
515323861 884114390
360942781 476184837
497488086 604905958
485006492 645483343
67544524 155374469
507944068 553439856
488025402 590609663
231945815 279637185
90017804 160264227
13637259 164855217
383179952 482922822
194964117 299028706
19116822 159312031
299673634 485533742
498839101 702507574
120738729 162077399
261073639 305203962
382890562 487870000
29290883 154123709
498812431 822099190
397085350 446119082
271733345 306468500
348758870 497951421
288095237 448803852
511857851 986647775
292275153 424029932
486361186 514114925
157863141 299047797
28107932 159253133
149871677 283258579
503242120 663689897
279392432 430595067
503474194 857112221
477354496 598167903
464857332 628404335
398926143 447443711
516415053 932243372
232318570 294844895
128434458 149921658
498167015 541423775
229797647 294037819
509876689 607501530
25156634 166144172
462376644 661471414
307543377 495741914
245156159 311776165
116657144 153524292
250711977 303568643
461393504 630169094
451165245 560830370
215208831 276160267
290920924 435496028
247487805 323764804
376667859 442121850
509179953 588157761
65044426 156547604
421235014 504367150
355350217 427607530
435093548 647055547
412367593 588152150
62001553 153327874
427896598 520108048
158613921 292212737
506641531 893719258
473887303 556648289
439163317 519730310
409407002 437810098
218990117 325295820
445507740 520246358
509422464 992362978
36292043 166227727
255558828 284891585
220114664 313382122
255405159 301151954
309503435 494023587
514206366 870647053
311217501 433693119
251159843 310755170
193040947 315406443
203947926 313107003
384912401 454687154
468174657 510197393
433754997 654015340
420817800 539685920
290092235 483686501
513923513 731956658
353183692 428632884
456261250 564614020
111620559 166191977
308969594 444079041
286413172 435313960
499003833 551480873
286654372 496184302
104982196 157743871
514540015 992224130
53423824 152302462
146697552 149603228
234455630 304774563
458482559 549157472
507573246 949012922
440428845 517201424
391997348 447718972
94850190 162426910
513308121 852808475
469841159 542695469
89079413 158836538
486887384 500982869
73770697 161582287
219122552 320018599
512118910 895094407
50296309 156456535
396700678 417457591
61890585 153199719
410954942 582850958
498546621 571884256
84104195 159378423
509527099 994011973
278550449 419992739
328240431 476129472
487757076 542585784
509362672 956287157
376720393 466144050
82124435 159433243
327420339 485055981
274445541 311425930
316503665 485487093
476149541 609602652
233571214 316428259
52596413 158936586
498492424 700628288
474470853 557938080
225221579 294011197
444564997 644222460
195168093 316663571
445764495 602495986
500667416 818144594
239233611 304623760
498109282 701131677
330789963 426726265
56614219 155961839
247158864 316915206
53276799 154096193
505458808 789916600
304871260 493257136
474083764 589056429
506672005 838888710
200019512 287791774
68262084 163277155
331448451 483608013
448920557 538778468
160596041 296140017
99071248 149060915
217359247 285781983
499543794 983454611
272560919 281046130
266941798 324888289
154169843 280420040
346891972 480170048
417059932 581680706
295382285 434419224
297139435 489186106
465321733 524537005
415105547 654076812
503177112 646494073
267993076 312593942
268775697 295299846
47527753 160149982
496437993 578335345
260357571 312189785
496242544 546599982
457990499 659695803
34877107 156282989
246141055 291948807
215106758 332615148
443824824 556423847
398944144 445832399
213482508 322510141
452820206 653924849
430973775 612423988
487195031 599199600
479605967 604772743
9770175 161509720
226630120 319669153
218794240 291688594
201833512 321387166
437930169 558624789
77202047 151588106
504507710 939788313
516661943 566767074
472704893 506531354
506989328 994119393
72030249 161103767
423152724 592168787
291183784 427417689
311174752 422061937
504004369 840427968
265740868 286750056
318768114 434047774
513703100 631380466
496768296 553748545
457782001 595882212
135912693 162570012
247905132 282624377
321323097 464641490
152124941 319139569
132011940 158519000
411385176 625720212
88392877 161607102
165513681 276959301
513781578 911076562
20564271 158767572
438663800 562442884
511415793 915689685
360041710 468371059
355396293 415039764
503511111 728783496
490834019 521401226
14560417 161670131
8812842 161185626
136294871 151896854
295723307 421848220
478224962 588537010
223031463 329624828
516319030 660276816
215205235 293030047
153706105 332632967
463083160 658501810
1856745 158836396
510784529 584680438
146871071 163583978
416318248 644212347
82932403 155465700
86501025 159420411
170349810 329704025
53926091 155643671
494345442 609761097
502275817 984877628
459189614 604454861
387339643 452975826
419254703 569080677
351054210 446489842
509364254 958891036
480356532 503223913
299479107 459289454
119717334 148909942
437668824 536819534
166429703 332392840
104319496 150006000
442688011 527564328
300043932 410838533
470968320 619206592
273555279 281609070
212547247 321913794
411108035 588920021
323389347 455958099
497973294 530804534
429753462 597881104
472077493 616076354
107183201 162869484
456083492 538247863
480988604 519788125
505056643 604634752
234807563 327422200
304705398 468191928
501658664 779618243
100543365 162636027
335636786 443422601
153539789 328250329
59181961 149880531
162015185 330102682
334759158 474600476
506797180 940962322
133625035 162839043
517656408 878244004
269166244 315584190
137115885 166360794
401101163 412529142
57850845 155080942
455163467 633674093
517199193 554161461
400616185 496822355
435834812 574554417
356428507 482838634
186152048 285556867
480054729 607599291
452033879 662156029
391383095 418231353
499167765 647549267
346654073 427470275
514422149 633008194
508644951 830288063
436419502 534094169
288598058 484439474
510362912 960994759
517149359 572413530
163329675 282640389
501733474 561067222
125216560 155238290
371322039 435034210
411861659 635362678
366580211 494809930
503737243 605203433
446920964 642217290
396313889 471043635
369709507 456316104
282165882 414543214
497604252 871589251
213892302 320677245
15045720 157491315
487179690 549733746
76010004 150382616
461894581 642449203
362930115 440545184
512661968 644385432
364781827 453690465
392977931 417455541
101241903 163808909
515931174 642440348
354325337 421153159
497639758 652914095
517003743 557382977
378846483 470341790
19005046 159135790
417187324 634156962
463626462 660636235
41494323 164447637
161844205 298700367
94420560 152244093
499375110 858664460
513083281 629188927
508509996 732950836
333580953 478921171
206030653 283853689
376466534 434362849
362937701 460043734
78396825 156189262
507346855 729159170
517300892 527240201
90125484 153176230
505499272 522777096
462653551 647390638
350324574 491737406
342077959 440433152
291376495 459146570
32395503 150022694
121757621 164524121
1876240 155452686
124102995 165491318
499320038 808684623
440464574 564712015
127876754 157776859
189439135 317584006
375562050 455114547
274372038 304511783
69324325 158645327
511327052 536353861
516104991 718393385
515225766 944826738
479682168 551417288
240209383 310882220
320749873 448742290
481961873 517128020
471524412 540205739
50946266 160513422
467204686 516838108
144860583 156442201
77561751 163986575
222671760 278884993
137525527 155473763
495005921 527489155
498249502 582279894
126350292 157512196
503994454 519378366
371475528 464238392
423259197 607475380
29147716 149743474
96233037 165870762
511917263 941101693
275935572 412261780
506232297 731975156
507605976 995710153
503877856 884547969
266699657 308244937
503263454 522165656
130949911 160064700
129236139 149907344
16888127 158964211
510612870 764056534
447473774 560770218
461284364 544233289
133078490 157203549
197220446 297254238
142943728 160012285
147014274 157690159
151041200 318039503
501952157 844991603
210288658 306996779
40786578 161266031
81413509 161074194
498345572 919220722
457665580 564993218
317384630 482177082
128090907 158491329
440409778 542544408
498802721 853798409
504474547 712434012
387033909 451577585
357108696 453426755
462178700 513299098
333097387 424507273
455154363 583640396
419335041 564593848
481826150 607683749
258305427 300864409
294218277 432866841
503891430 931531407
322698738 430019560
481686430 617546058
500507146 795327647
57193485 152700585
162257279 282728866
64840990 150831500
172269390 290501816
479596335 497437732
474317405 541753003
364926258 474320351
177420077 310621627
490476051 637545527
511604994 897289350
503309516 594967835
181678893 299122674
252503491 279721304
508508641 789477840
317699950 488298737
512620631 990076134
421306207 572704711
69677144 160220840
160885766 320020495
413673646 519472129
366386759 417034213
110686283 150564843
241342556 308325374
392321747 411109621
430076784 651235534
427944715 535639009
489653365 518098722
218220492 279829332
105728546 155031175
315176061 419894862
476936098 528572559
113709598 154603203
498940161 931612756
287141790 465719152
503269139 549474694
51117470 166146240
412493466 581084937
426038675 628825302
370308759 455231566
83528498 166413574
217890727 307607433
128994106 151095955
121277908 158032259
515635203 657059883
141434691 149691324
356469424 463181652
502600344 752932118
257871796 276592695
449751820 595472708
510223429 717881110
397316851 436952245
23709274 159481505
1195324 161582600
482065927 501268847
416195866 597416588
502064275 786713116
504131445 978105494
503194245 731045906
433017391 657311870
499358962 625653401
417303760 526014303
25578093 159191883
504277507 700604962
226125637 308620148
103177763 159513370
159091438 300033005
8707805 158288104
464149237 563315493
78798330 150387189
136881718 160542193
513024874 609477758
133055409 166064697
501081248 792320447
172408514 281059858
105996966 156065135
129171869 149784231
458730502 512885366
513031676 794457251
67813392 157815002
106552378 152331674
500266203 776511577
282354341 458299395
497722506 858100450
456453342 579340395
504166766 762125783
42729052 149996858
422043052 553288097
489704979 543550131
432571976 593874639
191890023 295295701
500203982 595108809
187951685 280778099
19567652 155283020
47742678 150128507
148801854 150694608
319478505 466962263
507199802 882263727
317439435 433590906
516066565 789467859
146290495 154787607
245237564 281569564
174198004 285186350
338324332 462441879
202367740 287441153
226559311 297666744
291733983 468526376
79689668 155865096
437159341 606073932
110097696 153995279
511726617 613100522
142498120 165757869
33571365 150165410
405951233 428848469
501923588 876963695
509431789 556431974
78956194 151583106
421742398 512704943
231495170 290592477
50047954 164168772
468995438 508624048
515415387 908964709
516952522 978664116
245205921 325289274
515935276 785436999
438461580 545232573
247511972 323630092
299506241 419450604
382093377 478110099
448319205 526432610
276646529 435774728
202990618 284844066
441807955 551862394
315416304 433495988
382339952 490280102
7707738 162652977
19657059 156162524
248104186 307561163
216043296 311066801
131823521 151568060
514540486 641383048
18921587 166158050
397145531 468565655
372105367 465481623
178887169 323046378
233381696 292272930
503848117 629940079
317197471 442665953
265304362 297898968
119088283 149265657
417797002 585487393
483025758 645015674
196869331 311514984
500040683 841406770
142781009 150919744
181938094 317766489
492094176 524410676
72872380 154273532
375274182 430890146
482336831 505741684
517064428 764220523
58406256 163525300
343121201 413427800
139769980 160637220
107489790 157210350
513163374 801517997
206774922 333024005
463325192 570604909
131765047 165358694
329181557 438868192
36626644 149299866
113444090 155483744
470773351 576214231
512008987 725495426
174399894 276332013
498717098 717768802
211000164 278095328
273624908 332654318
489375301 597174328
419832973 512441290
211485736 323699354
411473173 520269648
106384467 164311546
30053505 159798084
43095168 162268600
288649999 454586534
313094716 433015312
510816593 546012905
211230282 275061807
435733743 623186828
500766772 868009781
229851327 294136977
498966531 670317795
198276184 316252167
86457891 150832746
459295548 535524122
510988908 706506542
318463176 423929418
155691460 299859921
221508529 317186258
501500914 568301395
386312847 411966919
302833465 468316116
489784356 566842308
102750944 156946004
423838977 515663870
284221054 472018506
415756437 572904113
203087515 282160234
332426542 483955776
391212113 441542941
478375426 621720505
26797499 159557619
476262655 600778069
73146535 163031637
449803580 559998158
311174262 423220133
325138513 441984491
419307145 579915255
451959408 655412492
455336524 549232352
136519030 156690742
382201050 464800606
176912852 332886579
293470522 476371351
375346205 445108669
223419518 288797164
36546808 156473566
1718109 156049941
477668054 537544025
42713168 163985634
164218679 321652822
509870203 703928434
154212244 329698352
482696109 617160427
500034863 924461304
206684571 281082058
109862682 148898770
513344444 539031481
161263099 332756982
445186285 628722893
472106038 586539722
185242413 298727471
159731642 317757226
306698914 490319195
10096512 162688260
22449454 162573197
268909736 325805035
428041724 534703689
382048684 438911005
236497824 329277330
150194639 313380192
507822268 852933359
463787608 575192800
88204426 149240587
345601736 413234972
38665019 150292576
502102187 745260818
315405658 427713677
506744224 574714566
491832921 549304082
79503158 150927460
326099218 458413392
175915688 291424562
515131449 568564765
473771002 546125638
441004296 613880190
466290395 600761289
5861037 149222322
488991004 639814614
42491582 152563849
498371201 835449137
278217983 474494386
10107922 159350578
372284174 414064236
501585689 939974261
515007771 561461960
221630783 305737368
248675478 314339177
347296777 489216746
497704501 799215063
472817003 577293942
142612802 163691356
516130484 830613029
453478490 542362643
222435565 305618558
457900138 579745787
271118395 320000033
178565744 327977175
509039967 871559612
291323748 471530053
497602323 645273245
472747641 647962623
61271481 152149360
501932698 968910636
165308895 323747317
264673723 282749644
200101088 313848339
25119626 163810412
26075020 165663376
287951733 456416812
162715285 332247503
427756994 562920539
454684333 615767557
512607750 693147110
477505367 533978501
247659463 331442726
338735881 464248566
28705761 161118056
181973200 298301052
151053334 296907444
186522268 328623553
30996948 152968281
412341708 583337248
355947138 429496770
390210842 484746733
167371504 291076103
234881535 298356339
329123965 413998357
12235735 159461826
185493095 294090136
353018649 431341550
452221921 598132704
505111753 884686915
510693870 753738431
314391730 412438330
506824034 992002988
291065770 458395397
152171481 286782883
513622697 623016184
502453515 815630807
502460246 936932977
297836051 495477486
505396806 764003866
92872930 158714377
357230386 488259650
351937573 450130094
74660587 154550941
515577147 776310063
252244887 332036893
199118299 301105708
324256759 490161654
15285431 165491310
97622427 149698682
68215497 161276308
224913424 281696847
279039887 483525554
499892987 694892214
515817527 694021342
53132070 163034229
213488257 276815632
308343931 473947918
361695970 420750160
228222317 298263656
38877087 159083799
427916387 655807576
400036517 491889368
470256146 618996955
505328980 771343032
309197937 418550139
272056629 319859223
283262523 472303392
500113226 742482780
199966463 285686050
192772970 299494597
489648319 560835504
409251203 456509733
276778239 437243385
90677575 151760952
213988435 322808051
495012904 525842942
467508369 516934372
317190246 421018918
89650524 151021604
135076959 163432249
324319513 451572367
373509620 453448787
417674917 649317597
59405313 153921414
298080403 435241089
501983524 879185338
151833736 293899450
509569339 885451018
508892518 747896211
384345850 478413389
291395558 495116921
70471645 157862983
393933734 458211961
236580112 331883180
474775804 586168345
356135184 494414655
506829117 766357557
414165869 518510242
391963852 452706316
492501414 637609514
392144616 446419828
505519165 713767628
158094836 281725537
516366920 697945824
69056748 160123517
220124596 282020016
516490719 633409533
255573678 305924614
508217199 812140643
468803346 502924943
511332599 840471908
509903967 785777412
195703986 303594143
155605681 301286916
265008320 294997099
505265921 780907610
389030077 461198518
344709443 446570361
376759725 448570599
376189829 447924073
129262821 160864476
295686637 449952105
232124719 290637752
513589674 825995511
405592006 490748297
115431591 159717386
251040163 305980628
447216583 513836042
503847434 760627455
502072982 807993212
229508498 325684699
146811258 152852976
276096152 489844692
168473702 327657182
467329753 516762603
437021911 524107862
512278766 757322608
106627570 155824980
511549241 810774869
333263742 448625854
105777700 152506144
212374682 333045355
479737219 510152087
265373707 277121834
68687684 161891358
243879608 311732418
278246212 486141858
353086085 475665762
110948972 161688566
514967763 775795883
233076554 318042474
486227925 560014011
217192404 329847227
405671120 489463045
282498491 498025829
166091969 308788924
194653297 301937507
55440665 165401196
110321447 160843826
282092159 471497137
433230411 504108911
507442541 570885661
506384388 772408360
517425435 994275632
462872026 605193697
55541659 156568070
505041822 542991218
315071105 477863255
440257975 654258606
459967836 581522641
513267163 879826908
115853760 158156030
188903772 292243810
252872386 328406787
203254875 320569075
443211888 624722140
417271424 655603921
200256045 283580587
509673107 832872530
254800145 294242199
418267647 509569308
493691818 571723595
470582357 641956011
153349597 308648855
31697103 158364529
267384000 313732602
233582624 296939998
467158418 613518872
213225379 277245250
514975071 868082710
165437672 278899802
235703080 318042790
455594513 544524545
508570315 801024266
487413057 531944183
441833730 550128030
511335285 802775312
417071827 573576068
454637925 592186211
432209517 517546359
417109808 659925899
515346896 650533895
419624865 535463370
510371275 892730925
309975712 449263743
86680648 163539942
267839280 287478973
477356761 608143995
458507624 502535941
290795914 429733329
137954353 150800481
340541123 421637237
218925629 301013227
498627020 698220199
379747664 498380074
494339540 618364819
8645940 151247061
23369932 154260642
321831162 464192838
466431683 537106618
509652699 640496855
99045016 157733195
513551894 713764339
475379310 588089152
315929330 474993959
124222250 166540109
330180179 470371290
514969069 810237191
420035182 596419088
498517957 742638102
150226708 328609085
500831296 961991684
395417083 446176154
245309824 291145864
508312520 701916766
222541501 320020078
201223799 289410269
505899393 915041948
267925969 288762936
451818202 629324264
239251721 307911330
295341167 498531773
58440529 152741436
226860331 287446063
512203630 973014157
508746493 624851211
481542903 633067079
80366596 150743874
189575994 284455032
110659773 155410371
372260938 445931986
291134035 430005839
35685206 149530650
237327100 310832413
407010719 466635422
508122080 594397097
499972325 526525429
284404538 489737693
21252960 159118309
264768946 306345133
120881551 153971390
121037210 159615006
743642 165825965
5401381 154232541
345300160 424244579
367976868 485272204
137471514 166403577
13016440 153198618
107220349 154675381
406584748 463002834
30942968 163073102
162758476 298690908
