100
133303542 639278062
6212341 99914343
9499370 282805425
53590442 212803963
185832627 898981061
264570014 930077759
19863881 236889819
22687107 85361884
211524741 844432624
125046802 577491570
341016500 686830316
19883871 130861459
12337573 184892036
298347926 515524121
65271230 267470851
382715196 999245012
202992004 702591922
31820378 117614843
35766546 163783751
39069066 332425959
7370815 191341616
363071551 593103000
216399733 865586398
147331272 543938293
4381219 84610071
76405940 285507768
64057943 327707234
105246922 443589234
32961544 227679357
14311154 314205818
20238376 201172892
366338903 935919848
3329831 250487264
19397135 152474048
26707491 115660141
282410916 833382797
64379022 323023129
239630007 780045854
345169091 698637785
4881777 257352758
199070860 531696573
175579133 499958603
26289205 292144528
203318766 740002453
34943207 266941650
45787937 172239279
64954761 290049518
198218656 963985947
180960760 613750256
190487183 837322903
134536207 580441811
76110657 328542761
394492598 967900480
252264756 588621082
352833121 958215496
391995313 864584561
70286830 198924408
54430932 260251485
67278133 275771436
393248091 567087710
56779376 97901045
348401077 648312769
257433684 761786842
266626763 627530483
34065967 195453928
48891972 184708621
23399499 196537536
150919981 505724197
113730120 790857945
19241863 239952475
375964769 588622765
177159740 802559087
131145 242086782
175536387 878566887
100418210 703640355
13219581 293305824
49697427 294964719
361153526 449913375
54891305 226475448
171626917 508942836
3620003 293684905
144626494 673806404
265432022 657155748
14982116 240854505
125334566 735194918
378869750 656365163
19269709 114717718
354882847 555297842
223194360 784115317
5899400 248291187
392881159 412612674
74255846 162678197
378413826 644459276
25723033 222970167
296328117 893744204
6956656 315092535
5926401 330938384
34908094 105738297
370845111 775814093
173354474 591260532
