100
416570793 454010468
512956849 603525689
240757427 264829072
206509504 270373146
454552943 507656858
34771568 87499418
489559480 596473668
307950922 362132772
630666752 717086650
46746610 89148167
466282618 533077209
318592806 363273583
66455991 88623992
401021654 452979954
285588046 362236546
465093766 530301877
828804358 876053469
626961813 700211866
629346167 655039725
214259898 260421430
403397617 454134746
341629698 362712825
806988113 865453014
295869672 361449877
562895728 657160722
596990132 651128295
805629643 895864779
9996136 84632843
359208183 362561665
576379480 657314194
48566938 84672059
226365160 269921897
37657066 85342095
494485797 541707816
278586270 362556058
823648898 891126393
252207191 261572689
13888732 87068426
241486631 263823594
345777774 362189781
697690129 807138459
293085618 363544473
386398258 453896638
121618751 159804474
821060908 880678150
462118450 496493556
509209251 560480051
85137466 168371582
462038653 498982308
3760279 90321340
135501634 158703662
513080610 522732555
822739039 852836757
17095787 88120746
809096685 908970746
402368088 454023346
43312794 89579058
302828141 363465617
377311451 454395216
466723653 544780115
337238371 362740950
399734819 453940044
448597813 454460748
468650889 514631244
387001650 453289375
454247573 488421943
455867667 529151819
834490318 882405616
497106112 548611543
82741693 88385274
840608985 886978839
22116804 85163357
769189983 799099327
512678741 604822592
136440804 168542454
331499365 361580157
150197879 171234164
659375335 797926111
755900678 802391585
147622520 173514600
349132075 361355400
489665444 632530562
462152366 533354979
499883017 523055600
812008544 885220909
501956320 542322031
705387993 804718118
726844713 801746985
733931619 803988761
424203149 453429500
68431209 88380373
219813939 271846436
466115151 539162117
119486630 165298711
436484345 454026117
517889039 626233279
233579440 271637673
455406456 515001421
417459471 452444171
587884502 691894921
