1000
33481649 107465567
31074708 204065760
122452051 579424814
19848912 299708058
166708529 430038369
5263914 97630597
4976411 220181407
46330094 374895823
56265379 406824592
128599264 560041143
80626217 211824724
57300494 598444044
138364534 217963631
14934919 197328078
4221070 282171177
36037346 115273125
76871136 275110691
70833176 319709922
3432441 117722493
562284 93422770
138409255 481030974
130530250 190281875
45070322 640324181
21199164 128733840
1367840 80961220
12159806 305025544
44273346 616456338
61473745 359238870
37401457 96008491
18387475 102548599
7888050 238488378
18210390 293000119
107815317 545690821
125552048 630336303
16347794 201469520
162921478 302124715
1389771 100483242
147225370 347160541
5909159 219808442
18058332 256165058
66865713 540320397
7308314 218140178
65187620 260635463
151452386 410482877
15058250 132011756
34728159 131017391
108857939 556422390
2555797 113124707
10731961 275134155
162660336 193150819
13805257 64648074
60910500 223147021
17265584 94682365
1045805 156267168
2268419 47579469
71874986 471784918
16502258 205688714
12314190 184992842
34400544 115522261
35057288 317381915
34070270 78511520
15933794 67252111
28317859 148580212
32483312 283663112
12725783 113803992
99278029 420088916
12315068 127982901
20946037 79606398
20767833 268090477
28630030 121393224
94921401 302979261
11144629 39523351
114733961 642926845
55514095 496198069
112479052 252292307
16063036 200418613
103386962 213509281
136637292 453091166
161388384 512352385
23687208 95299343
26718733 266143829
31707514 244868841
132115364 661308003
105864836 415591220
159584669 552090215
133470717 241743319
126985597 286268314
14534518 171943543
2137847 234986510
17248809 127836267
23471213 121370745
117555133 212841421
8610931 178899660
31655755 222546444
143533248 349747196
8186193 96302250
25563245 139855677
72765352 429988277
166016634 218072229
5945386 99943732
21238876 95629040
24138538 109722869
132207247 582562022
45479133 207554667
11236475 70491226
43377662 589930477
64651941 605067873
16024700 307030496
17229962 168416508
100328843 464637619
131695041 201456060
843047 251619297
4176517 305361344
49814508 567585938
35837886 150519000
48369185 171943039
149881280 253603253
163054875 640471752
15192505 252537426
115791442 623049144
8827874 56487376
18598827 326651128
20221958 191433339
25749870 115783802
87502373 215014755
93298901 182756683
22966771 64582942
27564564 61714737
80787709 462093884
159813430 427962125
54071873 498291171
120947273 524639552
147518748 376700795
26170230 49277699
110903896 443228664
19916990 288086767
72281032 539378860
84947222 542112107
167172334 620418142
83769823 352966528
148776753 358156536
11651632 86103683
12612759 46946329
4271854 204461005
9801444 112934271
17378560 178673788
798825 288930425
18629808 108502235
153202439 494927035
20980957 60203616
25552448 203089903
60984893 438363270
69698907 324290578
95428921 610036473
135412958 523881484
64422513 372714087
165490786 411023186
13544020 264557871
605552 260981868
67828869 447144372
6918643 218406332
3394289 187263970
120276437 249097919
30706488 43219271
18587154 216674989
6911839 63078673
150000243 646984804
6935535 64170134
101547691 197400517
18767793 286581824
6784041 103580292
26058903 305572516
646012 260661993
16369790 277964334
3608030 137083438
126792416 218497574
51927442 457038199
30852148 232416039
18981330 270771919
95236487 316882197
1937696 302809137
85008347 620642307
99899805 498783066
67213699 242480891
47224005 272174912
119431259 348850195
166483085 598869849
107679833 551211898
15766282 196660781
104832774 587152574
143472204 391859908
36686123 215828318
83037354 467228468
1893409 197558447
17869601 167594604
126463702 358015428
140763950 209574153
35717309 230190272
77838257 235779652
106465217 527499116
101842817 280544467
10448802 278322272
153502632 226110324
30478872 257762447
23585425 89869568
27255258 321541489
70833910 611558811
109885324 503662290
119666798 286544802
102769590 343871695
165055756 304106438
13851361 96658948
20433448 311333778
14760126 152831801
127529399 602388303
34796948 258305344
12953497 109437250
60763752 550271833
70179588 497073214
67481073 195646970
131439956 578714538
35557254 300485224
35155983 159478911
5343502 208334655
37932040 92006453
65292946 317032486
26073314 50128248
133683808 483504993
11902991 106768254
14388035 332257493
81613144 194390681
26470189 206706111
24036909 251326199
34490527 197333220
165915099 257983517
13888906 200947800
127498763 231633437
86048940 241823051
7914807 309388486
18800697 145824925
104460547 454067358
154629769 314192055
13868253 235047707
16611849 147897218
126496438 227694578
119383960 642069854
19269109 96995069
117153436 374651523
94105135 313123978
69352533 471267117
44675964 606257231
7414289 97079342
113969895 329571454
88428552 238638249
91773954 398033576
25635503 316887832
139102349 412622089
46874673 331206421
137043974 288723214
36523702 77545364
10967919 101466034
153733276 241548463
132793363 521300973
3903456 42919114
144755703 363810546
3490159 86003351
102454797 429078595
86125046 610554314
26744387 133032538
78427260 485968687
92253352 467669207
6642176 222029159
52295648 265918776
100465191 470064545
17987816 223589952
43537329 373634064
83895973 207653098
50411105 366303010
153828165 535296767
2481653 91155792
8071304 263680221
95539719 240614090
1348174 141246178
107370125 589966394
109242880 437818955
21738851 126261612
25811135 294349152
154233311 273200568
16886487 120710924
28087214 205752698
20232885 322288365
32504313 110276628
91452829 389649633
20159019 84836310
125293833 295209771
14270428 301591551
14052055 153653835
49159511 204347736
117310323 363589637
158552201 312585367
17428006 80313235
23406793 264794756
22780658 158122496
53584229 183722379
24299402 184724565
12547344 192428357
104936704 252682887
80437467 397665414
9854793 48628362
25551988 273748321
19633324 67819449
12909900 222998805
70166610 217150220
19405677 80037390
1883678 288633318
16985920 64876045
8225999 175222862
35905834 179484163
128657487 415812720
15825303 320035591
9834849 75671558
17561257 315236675
13032208 188749621
28187469 209865061
124530403 275885245
153651606 433282146
67340161 546337175
14845402 199520955
124072788 340872607
25663277 289234434
203817 179002684
10310055 89103836
47262744 294271951
76586548 574693666
23592999 298399597
23971811 127184239
50840112 653165456
100462118 171313641
108727544 333903645
11976334 108431460
159446492 373250356
13413450 94147708
623752 235416610
11721404 293662332
147327963 295723564
70102944 533724638
165022565 641355574
35838839 39392940
165404671 274349172
133286227 565973395
21916607 194314885
8449073 278604767
159972691 289218003
829875 309352580
78362960 321887897
11306376 160389276
30240223 143239602
95762136 456684939
106524223 440501848
25588416 263370914
29188081 266161555
72615362 391979477
157829403 540502555
78135503 230086168
19873813 58416739
153648275 224117648
19143993 132070077
152842104 655820448
47064918 570863175
118510561 439448269
152803258 536346943
16651273 193921614
39829770 231015431
35815576 72564593
37308565 114460474
127498759 528626107
38137590 174418208
76006554 645651293
100706483 600759567
116718983 171793026
52463824 559142683
68091829 305674261
119445041 360727255
23829329 111487825
149361891 316380992
155048520 231438315
89044544 528208715
17343196 254389552
32829069 276816648
10610092 222778530
141472454 502489975
28798566 74559465
26928541 289501823
9668026 158832023
28937134 183377081
72368164 577438707
3776576 150384527
99886589 171461622
11963723 299966268
149039110 171890519
21653929 217510467
420605 299432959
6181799 150331448
84283680 262572901
35776719 265681122
2058545 288285301
28107630 135172115
18926222 88721778
136197895 443382667
133352 159145947
12690445 192844245
154732015 522104182
158913728 188861885
12345354 91556635
33411766 283085627
164363815 266380820
20695776 93271161
21518422 244954572
30567055 167199214
165335891 362614192
134119242 287121118
123875269 190129673
63440883 433287009
122263905 430808250
134556371 562209878
101540571 479342280
10660 77364841
717674 72399820
29152368 321538213
95312681 636831383
16892133 233771639
15711212 236898634
38190921 286573219
40841269 305570680
82280395 495412193
122526662 388916364
86582028 212272800
13379495 306955509
137105127 338910067
29224962 63159516
13618753 81157674
130990164 438643598
15158344 222596604
105585685 530767646
18203448 222302364
27955193 325839680
21212878 321372536
90232395 457148366
134033580 485245793
161946801 354798335
96186613 626620309
151372475 189680540
17986313 294159879
24944505 71899934
32410585 302298659
11933940 107598344
126795459 202692150
127215962 499472430
36777539 54458723
116416906 560266556
131315456 204223622
112723998 232656122
81746502 301449234
113878534 263727231
165702874 500815441
30742290 318024956
17974637 95305379
8099326 249398447
127696560 573464276
25247386 211054584
31240314 261826418
29504664 245094676
24207526 257457313
8024883 261912631
11663724 196350363
23233937 83475161
90692569 510723421
85089222 445266306
37989979 225030223
14618645 101663020
726011 79924720
31845841 211192702
29868886 123773485
88111702 323887752
74692518 446127043
7097848 120969402
90089021 228991492
2018237 255144210
12962434 202677142
80616584 419392811
6168475 311841582
15993403 250826199
57491926 253985203
43548738 607306633
8806746 81929790
14550698 206753244
103225360 179385748
64192508 648910801
11694472 180390680
14107826 135146543
31984037 233983473
55638365 388798299
81797919 557326879
101095884 317187507
102847985 170588881
20655336 179150423
106306934 412717713
29059638 73063831
108012142 561991766
15017102 103383989
81493649 638438073
156655089 458724714
21954403 46232686
21311008 322677058
4902302 106845839
1448068 119617741
89853164 378369342
40740572 598924784
162459482 503637904
87442470 193612400
10754859 255600395
126877546 283400934
68420715 541561913
85854245 524707657
78167356 236395008
29201217 177678898
87409855 369691201
141055160 624160489
14606762 51594034
3149465 229736293
94701453 208818212
39581576 545428461
4590817 255857201
103384944 175466681
135189601 354649431
154265787 358460045
161941900 260082457
33289094 56180166
136421239 318695800
78378402 298217422
32496896 129506307
145662743 348696411
121651171 186565273
165350157 275982025
79864910 313548403
144517542 320874191
51287471 312777015
116927528 426280787
95199613 414525334
41838387 201463291
63366816 372097127
121433942 523890136
21684544 82421584
36215051 330534165
26154426 125986918
158934492 560764542
50109857 311891869
35547529 221035778
2344568 275430194
34309257 316703774
111803253 179177129
99013752 425670137
137269471 422188166
29874220 71078709
83013249 254522396
120692049 206190463
165624017 455587420
111233869 437961304
126551333 208332354
2862179 260924329
29021126 235836910
9029147 278880972
148365862 607902934
8008906 78289566
6374218 83521610
29991259 211289001
917429 325207362
68156541 240972144
1536451 203797285
43147486 320108234
21404885 57461380
35872353 72046971
33261975 164635562
133488157 605934189
1793759 151844165
37850472 315708426
16604121 127010189
147600973 300971445
153356950 647396125
34092487 122498107
22301100 215324932
18993932 135646224
9729547 100285195
30648479 159003662
135137029 568760512
99376016 413555623
36359213 193890473
83554884 494214039
119642734 539768276
31376718 255797289
21173595 54467843
128756525 396653112
123030430 286622204
17256258 53273184
123608059 421741350
154570094 187075351
30764307 57279173
78689708 279190006
10892230 76892552
98713768 547236842
16457992 331123130
123897667 363741872
20016552 176896345
42568833 436303781
38080043 276571596
105433156 218339292
7718908 236336072
109964688 293178654
19654305 264509696
76162309 418809257
88163796 650278754
24320074 247406912
56142934 345484293
8980481 178626829
7522846 136626027
4832047 265021818
25595316 207920413
35485246 124342713
27561669 111643739
137067240 221075002
11613408 220385288
123712257 405820036
114145371 451282063
4382804 196938405
8555756 145617045
148849300 665681077
119931824 639571170
1639029 241255851
10346095 181350215
6613572 157327775
76232124 232506559
147379782 405924860
23015218 187369047
60716305 456338194
13464251 119911640
1541236 172512440
8012985 130624907
26682803 49264850
85471385 641228711
76576595 426950302
115270180 593563920
100672290 311767516
4797078 115618596
110937574 380440307
7870147 164898478
91032352 222861673
16255144 111386433
90318326 615228925
26546970 328210906
2745605 117095083
96429719 179942693
28316144 312634698
22324702 238450710
53914590 276239820
26736262 201764620
127151582 588829275
14874191 232234899
80526447 190210797
55342018 254798382
33352147 189581430
54890 121825560
23935228 209414424
148379366 590320735
28011415 165643241
9438075 148757849
2693102 39610654
137320787 349283121
27026002 112333932
141251929 333748220
8447696 121271114
5569753 136650911
153750576 483939570
15176466 248089270
2272756 136722095
32675181 146065031
113617812 238157762
44590033 645330250
27547768 121999308
137347661 300457887
144494728 610599524
55417741 503347761
35888042 131074966
15509588 151564277
26465549 112823415
7357084 223509799
32622835 234759804
149672766 470338648
1761885 271718301
154652795 570930445
56949400 368942039
25647036 197777215
31199644 264592160
136297000 650661269
112177583 440715787
5812409 319241986
105117232 622268110
37171036 183774265
103289597 466170151
12148503 162105321
744250 165756777
85593981 300490802
30203047 292925764
36697142 166798647
47625632 277298630
108862174 567425594
65033189 420229358
606395 283554707
15319218 267678398
39464326 442291918
148829427 520493245
129010323 557313859
26089771 145163909
35276109 329336479
101901097 170277892
32055994 131326782
147867009 617793029
156177291 334706453
69650794 587636814
33931571 178196760
61187997 666070320
159462488 181369397
118769770 394639427
43925697 317391310
39968082 196732427
22910529 212390879
150019688 454706266
1732665 310517384
137678964 397763956
36936277 293412266
51925647 270144363
9418288 93446163
37110033 227051190
78443988 336866522
47525740 205189978
14763907 327688269
7189779 183620490
136483499 287566800
148879414 512249505
34331453 147651925
36599148 135847911
28345238 153365083
22054235 49978297
9874843 264434649
140008723 260147510
161789240 355521109
18058223 292240692
18570013 320990712
146781737 346644218
17246966 137592430
10964476 321049645
13771161 296033849
152003310 420639182
12042572 55954309
6757482 253989706
22196777 112189452
45053 183158663
68521334 412919016
46320926 561243090
59261540 171094541
10330772 221782256
56455729 204857247
155488464 482700317
18125743 159826408
61896954 308626795
18672821 46024719
28694614 137665342
46172275 649461575
99115436 549854087
60109455 257631320
34036954 236973152
7326765 283666782
114901552 276012817
35750984 125460876
5020873 212502257
33555557 281572757
1121760 224909985
15532632 110517681
25633450 276578009
7964557 200579718
37050694 79695278
22419998 252861398
27198131 295279595
15242388 214678800
14052721 50276028
141241959 234648248
102426523 370954956
8346486 261928913
37958900 102931204
15185445 315529013
114504868 552489557
14119500 294390899
24045487 163215862
12257655 318601180
4683083 304665958
132425727 437597336
5492495 127835298
15204460 158336364
21318907 60394562
24913998 184869233
37986737 216423598
45200302 566630288
15222759 91480064
30132389 110065819
87867082 380563577
95213886 199081258
106692232 192405987
57081967 459223395
27141532 42543938
109377670 489141416
62623205 448414369
21136765 61388359
138758186 558404381
140392371 275458008
37026708 99611147
28044829 151276618
163970071 620862540
30903672 57658724
89331231 294615387
140599104 390067953
19054056 184924227
33301326 169103960
34832518 204725045
2851176 304056910
164271562 420996468
3297791 217392483
28798052 57931265
44258921 651966212
76698923 624866308
14979316 135954948
127201423 272599619
157207530 642211238
19941593 64946377
83860273 428551143
109079572 527347634
4099660 281924963
66945263 423623452
22260221 298906346
40677250 230602631
26964625 117919308
165317729 533651692
28123486 52340796
102095049 346390757
10238767 80731985
20550337 238082727
125732248 663131435
132696745 579638911
147958997 308058691
35840724 187037876
63235759 542777253
36924425 150641011
11918584 172293835
95238454 592424687
33377882 83542952
53540426 190911704
128027441 456173258
22943198 304175746
139059739 465574851
58454722 232608133
68605943 167308242
61132412 425487935
96451062 225932589
148081513 352847373
26483722 302487109
34625430 211807448
3706083 64425101
30182561 296069838
147414118 340749154
78772792 539374866
25013971 48965692
163507338 595355284
117144817 343706930
28068025 140705877
2865040 290147899
136453394 375627925
94204939 507830528
4944232 181740272
137060590 183547974
12524110 278638692
31954867 197321833
24505499 88585360
78852991 638435367
10197400 182852765
8052364 268180569
26277460 129215784
110319155 360485304
119476051 535755308
69632650 201810265
43737761 268431568
113182126 545061640
17488655 59623083
143243540 433963107
155974516 261978957
118934382 523981532
65994980 332855702
508408 187296967
137200483 507210210
5929212 158780434
131793039 662402601
13182414 224005937
901626 146517643
127395232 320003715
11794666 52624023
28784806 306655222
164009160 289774654
67308326 290132010
1456361 289588729
61522032 311405761
127611046 374804879
28479284 217795449
148928864 366178632
98667449 307785583
79484682 353952043
15266847 186414152
144782101 476250759
32415882 283558361
93340805 263211979
13931666 270962354
135088001 419819141
13516484 246707904
25971804 66108202
32415632 65863169
151902982 387715463
95479096 647740666
11111491 152632037
99595861 425720430
19270579 67759715
124691305 498088272
34012282 256844672
32222182 67709178
31132365 66997281
137984165 505957732
36846650 161577271
50594974 520543590
132124268 244836978
34514197 102501280
21905478 128425958
163723682 529449320
33504985 326052903
98155809 513545352
31862772 180038482
6505303 86870187
161034356 625667687
150980089 487697953
59868722 532304227
36475178 322908807
24697865 261728800
134653437 301210220
661502 319709267
104466915 320916287
9115577 115458760
22680575 46580256
50649794 289388112
20224890 63698238
147242229 261506549
53419316 445654672
17092175 332698660
9021998 304099248
156255416 440687388
41121730 516654327
7370546 169437195
18153310 178030696
136654760 511038389
19563207 81050206
126456229 601887227
21886753 296256667
140383662 254865988
33906916 238275394
20305544 151426334
25664282 317235604
88202548 249065794
23802909 242576294
15213051 264259488
137279768 408288146
127031570 481537585
47960530 604767115
13426460 242239735
119059765 495538359
41302917 219910797
27491321 279799856
125690549 440031844
141987923 255991911
161206026 506986883
16949110 81056391
3857663 238142258
55886257 513765260
20532231 86473494
102691608 367551736
97662493 364109835
103610697 301473371
98054048 197748755
