1000
370389473 380511841
482781860 513838534
810432166 852940509
669705571 711052738
653603146 684783702
569177679 606495570
636052414 648202390
673330981 681209155
683772082 708510254
203406405 234275901
18628337 87641711
341862212 375803002
859905421 902007717
1632480 31527962
375304010 400448612
819685518 853031615
808795211 847185554
404124513 441801292
374616829 408681334
568498488 586301689
867961520 898797171
181330715 231530429
702264917 734194561
159800886 184631168
21387710 77930253
658810234 699759938
335889763 378359811
205427689 228901077
584127314 657535984
375564855 407328095
616365839 658435447
808253459 855872395
402132958 433181887
249090955 283784941
557326923 569841287
7734612 27271780
300273988 332729408
251635291 283945960
408994245 426344019
375551493 398614861
727650978 804221389
896282006 994214420
124571449 174305096
894715014 969213105
630044867 650723927
785261374 853799697
375158181 394427541
375341756 408209348
296524745 332696680
50558496 120826035
895928722 930840071
681386005 713726864
52237142 92230151
398137054 474520729
590817496 648963897
894131411 961830052
727997781 808175836
579064227 584487721
723763457 792043987
109332487 187287668
300230935 333172548
819482305 847068022
382628115 418156661
37239760 64978228
57936503 89537345
302451471 332723982
565195477 616958389
573615874 599135432
507446256 569217513
278320058 332747813
303666796 332830858
582309091 597957075
58973936 96443186
51400983 78061600
4538982 35539235
23032272 88275924
437155838 523800127
719802643 795484996
250679049 269546000
190065991 222811107
797266387 851552468
385067721 454154316
22497532 35050444
26332859 73340777
395913923 467716400
401214926 425784174
676444555 732303728
11076495 16866297
332686574 376751943
287244515 333193751
325245323 333239648
250869548 272689505
897962910 985509277
579313346 584680116
704041748 745467914
58686124 136734214
579812460 595479455
183132557 224614068
377317440 401501173
580170977 611377036
503207343 567718751
897596835 998473958
18085206 60930133
342960458 380063238
191215559 209475052
462349504 505612654
42053816 142437144
21772294 40107202
866469351 900071540
40209213 85205695
679485762 737690433
571088178 587137895
386970422 434930018
881396296 894678902
206738644 230026049
894145947 959316944
800948409 847168589
720448451 807744738
836067524 843851435
376954378 404664830
647875365 704297578
24491435 75620709
204236743 231240456
899949414 905130408
149015475 171307679
152583566 172759142
54077874 91982057
587480014 647360943
427274530 502007000
374577452 403220926
762531050 804457604
574565531 583929939
742414328 794311649
296085712 332818251
747522928 797873211
106878436 187189699
104388819 182849432
183810564 224837363
554840790 567679718
389163309 439024204
569962640 584109138
240457570 275086686
340610760 377686500
288339196 332734736
633034983 664877381
853545342 891860818
328102067 333314580
25227090 89015423
228955224 282006115
377628796 380678145
232186851 267377043
375986887 411030827
43966470 120229228
375414604 409296333
494310148 569401237
68270759 179407520
421762698 511514997
894894775 911145005
892830331 998578035
818106667 849834276
370419413 374702543
536442150 566907069
675630112 743936434
377317401 381548693
586738702 664362939
195855926 217231439
575919250 597033037
20878100 82338335
377681298 410012335
576565702 612566761
157674806 190283598
207948204 224936675
852204363 899111883
904099694 992178080
877558127 898546091
115374991 189325572
687679167 726764864
376618884 412514640
396656034 423369452
599082965 661319619
464316026 495206239
586567364 653028096
756900627 801706012
644970660 683265510
461492835 521875178
882311220 894879111
774639348 800622831
8437960 39795818
251759389 282764235
292490558 332921960
786480081 846111049
385798427 437020476
200446861 222415130
376474311 393646607
40382516 77456684
250590591 282001110
694215808 755206112
23377509 94718639
687954344 745584208
309959982 333305191
204439195 215178813
234365957 285151078
400460344 441798510
96354893 184107985
465064901 503398336
626085352 651760928
377552914 413319855
726191865 804489106
525822492 570781433
334225083 374964340
272104978 332869004
405460181 470395198
839217901 849868027
653281717 708593906
213809804 283793009
8231879 22158341
244764641 273361498
461110542 509268076
532159 30867444
1293575 42108891
577628141 584991270
2904420 20335867
222034345 267400733
252500594 276428519
849659788 894509300
547241847 567141118
885241534 890955142
258878468 281904833
174921749 208736496
574076326 604495101
595680179 655309648
218416581 278798146
551251600 571113971
892885432 960493674
217436302 281187939
379894585 422171863
261620276 268058719
266238623 333159257
180329487 230608056
413848312 445508129
340881403 378835466
22918707 59571488
9982172 27458150
526089232 570963907
588768198 649930519
17288612 43952640
331553927 333092375
10783647 31371553
377371382 391487183
708949675 804483073
56337595 69995714
16014666 43603036
345884761 376373755
591156331 660533275
36160459 129247053
401298948 453902136
892021168 937875625
393376993 466476496
581329668 612770153
376286899 379314226
26823159 75496563
8524383 43577880
683152454 735171371
50973560 72625244
574112463 615245842
45062896 109469692
666027535 692801413
897232260 920331991
834468811 848013095
644955603 696929314
7408861 33395113
857358229 903779930
721996265 786579780
214835014 281174399
392804574 421103476
701689802 708031498
745754982 792300929
307075470 332515591
377016855 415827576
710892363 805421250
231517526 277434410
569454024 595700419
786259091 853001858
865380377 900057238
632708442 646719060
478765440 514460535
10453534 19569700
19748962 81963135
902902181 925429948
775743910 794444608
336561641 380516739
2791605 29930615
203666543 210414079
675184795 731267341
18462104 35587616
760507876 792054742
427817434 502941291
23354337 56193081
193704453 237551313
99299254 181297137
206864655 213386032
3300365 39499517
664816598 699086773
901747357 911970302
891726039 994682409
12163375 16604871
209113952 284516407
591319553 649982743
624859159 642942030
723256236 798051152
626416359 662581109
598678728 664031255
870670547 900865490
841051023 854781521
385128674 423601286
643729562 689398442
357361918 379672363
410154082 458194412
265573274 332525134
4789439 35104367
255281886 283997367
831252779 844095736
649731554 708113317
18862320 94204447
377106310 394482470
650974742 695282194
791535227 856984675
377707352 428443281
218691670 283461533
469633636 508841999
843189891 846965601
248763780 270483860
821823439 848313901
2657972 24947607
570179660 591407194
572055561 591979987
867036444 893100994
43289807 99430253
869680522 897565430
817442425 852337001
52217914 83406890
699191143 750353977
337603945 377744231
630698685 653060846
59713719 112115648
868936363 898820566
377697504 378284624
239463552 264569043
13984871 68250545
834401973 850459311
21392495 67099284
876463295 893873219
2016216 13537772
689444284 752416027
899090036 977706264
651634297 683195145
2240520 25456964
726705008 794056106
386916591 441752618
797374451 844866152
376282759 415582701
215333724 270291178
180431706 231173638
427358883 507991894
283238829 333088281
829761331 850314045
574565739 595214254
218998669 282946125
44685333 60588487
880833416 904658306
402222155 467523095
612311161 657454218
704524341 706203018
576134091 602815425
195823205 229338617
279964571 332974028
658954753 712579973
192535123 233229731
565234834 596825498
405607831 470120771
699336626 752771173
252125555 269403670
897848800 961463290
322695360 332902587
470805406 509858711
460455376 499204773
577064828 616561245
902134001 956330647
887296695 891217207
7266910 43178915
410702180 449623583
503297150 570749221
52682351 113157647
9959345 37574533
55565165 71036933
902577003 954979440
572379884 599514177
36678357 71173226
376480756 414710998
854392484 896968748
613892687 650179939
9124881 31974657
876341502 901493076
319344705 332627857
712126904 796306518
391625 28442790
66654723 186025847
538455111 570313065
601805718 642535951
612326023 656497072
543557941 570511877
381997859 474677383
863372742 903392354
241400196 273027908
74161428 188161749
658649581 696612049
237644396 265418851
192589157 235606957
392998678 448455249
902576250 993544326
175381815 224212409
358968273 375287519
628511093 663388087
796921331 847975435
650004820 689065639
620105172 650374002
191027435 225024631
4619844 34446183
188774603 237162102
219844600 278998009
7509148 38144998
751125577 805639622
6549407 44055267
622016482 659255173
729781124 808819251
799679252 845622652
20139802 88061786
529863169 570697494
294241886 333207083
451858480 503206947
224251239 274539867
377473341 403783744
570934266 589176072
635556077 647282415
406712744 455244151
659556452 693288809
293474686 332914608
150279519 184969999
389020368 473406094
527348989 565029326
152633273 173891468
288851706 333193231
10093111 23711051
592063197 647553276
775203441 806008820
889260122 893985060
737649566 787692851
39889273 60221875
342285247 374353898
148891333 172062812
620950938 655390010
618290687 665047339
660623785 686888869
863228092 904643853
339790688 375910898
315499040 333168879
398957562 430436714
874126001 892202768
319569102 332775162
901483845 906629585
417555459 494464345
655519573 700900691
891739953 941461595
24979269 87226567
328396248 332609620
654978251 675142734
478689355 502403564
313294107 332657987
5334004 44371587
25857582 38806447
21221454 35319178
703170811 727512286
2066759 24757842
369421031 379478234
894500342 970601692
770140861 797400408
632747707 646717005
697215475 751384606
375658467 422950896
896433177 989916191
16402392 81397096
902057974 953039866
20971822 39123096
192822835 218435286
676858490 716948961
203395763 229184701
691909108 723485266
202085565 215013144
187776891 231077745
455413128 503980340
376941749 416768079
506268069 567899689
815938336 853327206
898758873 973086826
768381115 791832811
879085173 897102271
318302399 332707324
655643530 675654728
367303260 375808005
657293769 699549932
442305999 517132807
413706582 425872973
558473832 565297724
581761372 594941323
2701370 29307857
10519997 25624737
3527762 45866713
2333037 21583575
436696502 523700130
863300948 895069040
408356741 475870177
447780112 507291008
773967641 792146093
433324999 519605099
376714878 419342663
197769072 210780164
367744363 380449706
10542834 42630036
729090349 789375495
812521044 845150695
833438290 854307853
156670017 175184738
170255798 231275562
386620607 417402250
9659944 33410212
22301059 35929907
246532213 267284647
653613340 690100105
577209944 606262131
6598149 14092332
868063828 894504450
11776725 13869678
829212048 843471610
670066142 708985953
28275303 85197012
566211189 594653410
744572895 805173658
570195775 584082132
1565135 33942508
851122574 895539488
653341384 679690662
582714933 596030380
597315250 650944171
195149092 215103145
212008279 267568447
375142425 415215428
686242862 730684573
554058683 565425844
7245603 25628749
25056657 91660258
683683965 719047556
578113792 603151390
693360254 761058944
377048259 385611320
836402295 855426685
197136278 214599598
377293308 402340797
502709556 567812752
351517880 374876040
139553009 176426348
654647077 678253556
683132248 732499285
898173776 946754361
388458020 432273353
515815731 568681787
841446168 853081812
790561217 851597575
394701393 437599507
7805030 41266246
357236037 376728071
823209694 843930120
257027460 267773719
576107485 589203701
374053024 380244592
591532454 649893845
338538340 378986358
222071276 278689588
655892375 688591042
896049358 934691471
15285834 91129026
174644332 230477743
659607071 704941527
9544613 44277667
894369282 995820594
516558562 565869027
412323962 461869821
679077612 731679026
54540639 102728765
16223262 37288015
76655639 171286749
257529986 265620317
374545622 391679883
459495566 518132763
14290683 77972018
627981774 646685476
678239050 725626225
576593998 588642470
792061443 853141973
40450977 86119384
767487979 798087464
342874495 380172398
57372820 74401288
571600859 586115393
16478678 56000495
650771279 687277435
708612827 794386297
376318888 379955081
411221102 459149965
825983760 854832930
56010307 126736367
377476775 392938191
329730400 332939091
603141002 661030200
763752114 809396351
447832783 513005590
208246418 236807983
20448914 44399474
895719936 927952568
405165236 443012587
76048391 171702948
56552417 70263573
746972139 787877012
7552996 36009440
188388482 226219436
367257831 379320242
645901309 707216774
647196565 697735858
427822930 503723290
376761102 416918981
4675699 18623823
576694534 602956580
511590627 568421495
900302208 904647098
789933730 855659961
443656640 511735654
870954877 890427717
568550859 598772533
700036325 715548678
285992314 332902071
568431881 594997989
413434059 452008441
234854795 285639969
510059182 568081516
888692487 890847897
71849032 180407473
59810308 77728864
291253257 332643243
824893546 849748729
375499792 412374401
679017525 740457179
79983142 178142475
376147306 385098073
579167296 599811753
901963303 908291533
36849531 68429090
574003482 585085154
35274063 112174995
331686487 332745483
1634655 37457933
326011830 333137922
40681306 106502873
306281874 333041904
185452083 229120199
486322528 506442289
592821070 645477842
26320291 60124407
672155628 686674248
573588966 584043093
497624649 566111572
903573470 963516405
673594383 693533839
39219409 78853206
891982435 959039279
377099728 392074645
41795742 95521912
872337322 890928650
563422358 569407027
183822456 220369923
553935914 569099710
420753624 510805052
468509887 501125943
651965364 699518743
704904588 753009090
408888864 422792573
891897871 913916081
385086020 425736682
188470135 216988963
28431164 40261916
262748755 282231253
194009384 237753491
711701113 786985830
341102029 380353885
571571933 583730361
443669349 497715242
377527460 394901190
19449315 50520557
25811226 61543259
171722096 230124362
11586744 31431108
870702938 903747690
432309428 501890791
565073593 606273646
255068186 285135516
885719555 894481664
357009416 378907136
289385744 332658679
161629775 177229026
53537759 124637337
863200916 892091848
9660150 40908321
837511516 847574028
21854735 36627693
18873125 64236380
886497079 902673938
865365079 897042461
511214162 566018430
144887641 170222057
323269083 332898278
108887509 186972601
243082536 274978740
898328444 920025716
249701041 275339661
292971537 332844676
593452883 658345771
376372449 398487329
1009130 33001628
893317668 973842281
218588885 266114329
186086002 236697305
146947447 175920322
54611600 82917277
394671238 440750632
352728478 374701024
465976960 506965968
275965472 333247319
437180853 510023572
51368355 103097577
460277282 499394918
892753293 906322310
334912615 377496383
884971233 896855416
547969949 566553732
3307983 19331561
666113394 709747711
236360922 279489565
21393450 57358160
469400244 510906661
313126586 332547853
16946494 51019328
573675799 602786736
901486140 988897344
11606450 39609611
703591549 757606593
215659401 284055249
699764295 725153145
567468540 590927571
375885608 416583944
252035401 273551788
574932308 615843881
453216973 511289141
894643633 997445118
787693089 851450147
894946173 916119461
210975173 276117884
53555269 100929432
680616582 755578068
27215429 52630406
346700171 377387540
897830554 917986099
358196850 378335076
574705725 604821805
396036541 473764936
231524919 273504070
445356287 499612422
808530359 844192978
810694202 850130052
895602714 917624405
15461508 39921714
280400669 333287598
394811459 431572596
501690704 567402192
156504728 187431401
181573048 232340137
388194189 437663849
56414234 140036843
853811992 891612251
348613457 378131038
8433752 14025318
698400974 755564005
23343280 70791339
636642211 647399453
659441767 707418570
208035048 235674054
769489406 793234007
774229962 784910910
579751824 607439341
376699436 403497932
878301938 904456245
24058414 90318422
165676401 190169996
645778047 696501927
430835336 516462430
894063073 911178728
374710892 420050653
6280197 15195740
405402247 455125121
351178270 380592880
640236646 657386839
374921773 388688920
884071887 902761203
349226698 377493448
382634878 450728737
644423395 689226354
695926002 708572230
699257565 707643130
200835647 233216149
375505462 407657294
374483746 379939509
630250895 645317060
391082484 437899159
842349104 848523598
5464274 32064696
427877702 504822941
4020430 38890666
571394456 613585210
179018980 231444618
817732594 847067526
343649282 380315878
412233791 422592495
653549636 703391650
667896554 684145277
325694565 332967539
794330790 848615095
449881998 522086139
588331835 664564012
330551611 333291052
442343372 505361747
304537975 332580607
474868862 515784224
148638937 184850540
186764016 212294304
445404550 511726538
892866443 979354436
48106981 70386043
698737808 729294865
177090032 215398040
25826714 72480306
482855066 514960553
251966156 280156370
401481966 428525313
453200857 512262083
43673787 87195407
412095267 446113310
449152829 496873538
778438834 801481963
733067720 791405499
555041184 568768363
40423334 107542761
77759503 184035020
375354270 405549209
656816452 706059328
287415550 332836906
658567715 692928778
19685693 85377145
606063035 664080159
21671974 58853312
623277750 649670919
360492955 376283207
808571647 852506130
394456515 462601477
226691438 284776919
423533113 520238648
456282507 497229455
514607480 566871528
169098051 174569664
811909511 844922054
901990257 909326734
273184422 333176212
514882577 570700939
148949486 177269619
23390117 46877340
374457023 382384038
410002606 465314138
265477148 333172809
826067722 856908058
375155265 377890180
666919213 678871114
817299430 846142658
893896606 985063785
565260677 615548028
243900685 275538891
112941251 185195211
443403373 518948593
643363290 713551055
602171193 649681950
543800669 570243476
519240886 568872330
18850338 48526778
860706511 893304078
565987017 592136281
10618379 39016593
28414412 40482423
574519797 608843009
344597507 379096907
377201555 420288267
902140918 978854847
77781449 177926004
39965588 90790024
644928368 682644422
464369841 505581812
284954424 333058294
59292135 103691719
202074472 237487653
375439443 380345997
26679282 78648384
412417978 435633399
19223818 54555063
3259312 28859181
691318906 725368858
350358712 380950980
250698170 279143237
574096608 603037221
272879513 332753312
253019001 284327495
363526090 376318846
12142370 34320771
197245870 214043158
187140552 236391130
581465047 597478154
681794827 728549913
16934784 69704899
341466636 379655959
639015358 653191814
700665215 717316516
235382091 273247284
632974585 658286150
5950943 18035516
852876442 895620803
55383139 104682834
660332710 693458433
360115247 376900929
581561441 594360165
301273318 332813745
381425925 423775977
671111520 699352420
26213478 37732400
576327769 610105418
897898024 970105021
20355625 80923485
205703734 226967508
436347359 492216247
256971891 268256442
52431153 112927473
889537311 895337474
485731690 507880097
21297780 74217414
374370455 406188742
891688686 957615553
647133060 708953329
486471131 517239106
25585219 91333379
577483367 602836460
518453349 566033409
374726726 393352598
454531773 512221510
6822902 25983507
238130410 284829656
902344408 945834917
37138369 82151738
392993340 422903296
305330948 333079362
893062415 937875884
338381279 379707664
648580930 710335845
689755533 759362473
232110324 283794148
52984464 133552358
231504649 279982365
289809752 332702290
657842035 703163182
714119811 805383357
333359171 374865157
759417273 804970513
216596973 265081279
257765763 279717162
699593573 705827666
622569889 654506643
331893567 332703301
27879928 42007594
676053611 711305889
