100
281736924 712779595
83688681 277793761
45379236 139369672
29366936 326219262
162569527 428363917
159739700 854802156
4486209 257286693
211324394 532565195
202472190 614389525
195059635 918475873
230997130 458995141
85466266 256303555
42375753 223845058
18836930 231107207
154668150 932475399
20295831 201818533
13629620 290644730
120870095 150252756
267678163 897694086
249954559 411254894
26341172 196032655
79839088 164785824
67884568 127645222
47573994 245518927
30673290 189563335
2051770 177660113
18399318 283314793
227623983 542855948
70705240 304018664
248882106 970742542
295192278 700716155
83457319 246523649
64753101 285927862
150988373 838581842
58549918 292028260
79257498 231705779
115958618 180042640
63802768 287402505
137159683 734212973
274117732 378487559
197336898 464594763
191615188 811273428
198434131 787692030
157702007 452011191
67603045 315575687
75758061 207529650
233206849 691511266
45089851 212593278
56575634 202825664
189408025 874257546
289489876 504866102
227865305 311056095
33862754 141903935
212484968 339454710
160114220 401603394
83392029 148319801
75243459 170286844
115362323 230545981
106612799 274115201
22276065 301028531
34384365 280105414
47447848 294856688
37848544 330406332
62857873 197522038
79030115 173613897
180633170 870744359
296269514 980560063
35588703 141915808
210361975 892317242
61565284 247510701
29139050 226830321
41482450 213250292
104615146 173820296
9905258 214127892
100257871 150268456
119755983 234051448
272442049 722843183
150799653 784477565
293736361 720759463
10634763 208061922
103035579 143389851
52615737 331185660
157676544 847654935
21899498 218731377
35317280 330700310
88725756 251350486
166468075 666251732
84284205 198134655
4124616 290033292
55369699 273246472
15053661 128045273
157427969 564211128
101896170 311950238
226875675 780574194
177415075 490418634
45824999 252684994
276484274 919928169
114167211 219337235
102029463 222873271
289076391 568874415
