100
21523717 144420984
230484025 327551591
21554910 109950682
866824344 968877133
230127158 304426077
737997235 939452641
773084267 992581708
310962467 455329212
645597158 954920705
126243532 330692704
387956156 441033418
516055087 623676983
60184273 119381491
59273605 136015035
83156690 161868565
571141716 629603450
783953511 917436668
49174592 102852705
706281280 975251077
354133131 486231966
41659939 112941215
206748693 313911054
58613381 154087223
508281860 600700109
169310056 326311334
617830490 910308943
670955844 909305653
357089206 461647132
416749659 480424522
76983044 102905523
297393969 469042287
767164158 916265329
232957990 308724653
80401705 119234609
19110455 109142890
558422421 603568676
183196334 317076831
399986561 452628941
364075694 432272770
845495324 943662894
195444911 322259444
409986212 466421379
434890371 624882319
482171224 636326455
745389189 994755257
509384198 633306757
529438079 645047323
732366838 946404977
654894876 957608901
524718795 605366860
332714811 494637241
406120624 442188361
22027661 108036972
698688037 955704350
330877886 467866176
231930028 288589692
558216942 610004402
761725127 957335417
564417879 657640706
22281285 103043443
828157412 918232541
336488832 452659537
460491930 630436245
305382615 454045955
201487986 313420604
67634985 156006305
68692910 128865438
335134940 482713574
377965566 468454978
80585929 128741810
191089541 290343618
432433583 603307773
611991097 937320241
331001696 433900637
53981372 139695922
223272166 321441948
8567963 155497195
66114101 159580090
461884519 662747363
51085163 92992153
507555290 619483226
336660726 467813464
791514010 947370976
377986895 463909576
589709226 619753549
835868066 988994921
694310860 913007527
879604547 971855338
44857828 152007681
748432131 922688581
14002554 113546276
869015153 966946319
576050505 661466380
849611932 921473874
233526292 318581113
219903997 300672136
450572758 621929008
29830311 135636941
69655870 134474603
540956530 620159663
