1000
383139252 912484215
163033961 297603749
100369416 155906930
355984266 662797690
188031856 245450562
6372540 158475691
118265451 160302366
396306899 966300998
415990679 975445466
128648660 164002982
188984780 395489042
151486718 262989450
186645167 262834371
188909927 289999976
384801171 872825534
327219319 432844465
174427264 274141290
175047339 323146488
103931016 152519095
363144890 660860961
319260955 560852709
174511638 200266786
357566627 955671089
210184286 595599178
90934367 158362927
455477227 581140667
20610419 152961025
212899037 391993870
169389242 202222451
208354074 659726610
67521888 159662587
188506273 411423536
443351928 852756458
161017443 231009067
188910679 354509429
414889017 771843773
402788288 802255245
187439166 299603338
187191633 421326114
188145799 433090783
5112470 153324659
254014500 367152175
141428001 166011429
168611250 305667943
76968387 159249094
348397832 949579945
188868429 205916764
330256231 418756657
421392746 913848398
241008731 408300353
154682867 188054565
202950200 547909178
183251916 325253075
155669445 313779343
179830422 214778248
352428847 898832301
245594558 471654506
396856830 524842585
187657832 370950872
186702727 231866417
161413341 287245049
68021179 164488868
374761333 608118633
183270307 277567433
36321188 165286957
188712672 255646443
263577838 433257373
153363029 231545551
176606571 304037806
48299812 156951373
449207275 490333196
187809383 462836283
313858725 541539573
178676554 195034919
175910635 293364394
246274976 658080705
57305818 157704741
418193115 501966263
188329855 214744382
142012820 151412597
169033094 212806230
107343829 156212444
158566015 210453619
189899195 280606258
179227168 260269737
400519055 755990531
38691131 161558806
188001868 217224985
203681935 357688388
156003394 260432930
188830505 499684476
96295903 159428009
185328801 245742756
8207936 159069664
181170204 286070163
39647596 157196892
187786764 202280848
346363808 735645188
168143489 246072225
400949041 789122478
67353766 154379909
228498970 541742168
250347341 512685175
298279028 406104316
185143616 255678920
120486032 158910874
451590063 972154004
326723830 623821019
283875484 395363309
153539159 245384428
435816867 520909178
361512873 986083336
85022496 166166665
216174298 578807103
189409398 372364019
188949679 478942667
101007336 160156414
305747859 560075020
179780460 209925778
95429074 164496956
186976843 246889154
179937302 298914991
174975276 212502411
311815636 611976384
97350718 164351983
40382487 161141010
388000090 690127554
438465514 531600097
187325582 425140338
80171418 157066937
171955567 290634845
360633226 641234438
13556294 162613627
198195087 540186327
451024395 491962069
187826674 434638983
187639797 404642644
138319175 155987971
388520297 803453029
177115869 275060686
47268650 151502274
187600526 476899565
206747565 514114802
187616705 218290636
244435581 520401664
422890384 506464231
186700459 244764067
51099238 155734122
246351810 467197252
176301689 285648615
308753955 408710822
186749191 331353057
177468949 189146868
177986423 264839722
189254378 481955902
409869593 538577484
434060721 479605159
257702900 416293750
179780497 308697614
194582214 625037975
315023329 449345106
329718877 441509225
246512011 433100044
43475064 164946777
244195438 409064482
176281908 256383559
356844185 820081969
356724981 749545450
22809975 158636726
59430920 155396075
214941763 381450379
187496857 312185771
130950527 160522056
52292751 160237087
228895939 398653326
324394595 404327528
391987940 954023759
251504427 575603972
162328787 292507616
199159918 358825189
428628508 985886220
186575277 265362584
380073359 905734346
453845213 683086850
67518950 152498788
157332996 316065085
459167872 593968010
379910446 592376171
200637343 382963592
8685185 160821284
439580385 822293754
260223797 632363532
183425927 303693365
1359217 166267463
174019537 253306577
171045834 210881945
183868077 289694038
188076311 235297048
287096217 430206357
320312435 579224313
373484736 493667455
168709097 328513374
187828509 459019121
25661251 157915839
173366418 213227540
156070526 187396651
454144773 883108901
171861992 197261748
380752534 529242535
152410094 328233804
182693454 298861575
189687019 416190808
398470832 630994511
311840001 635533826
177311485 247303829
181389935 197948989
390973573 617736114
173019090 210663413
187615236 222099275
363340531 572952817
178561886 212766759
189808331 482189235
412238428 929023246
178924966 254353653
100798551 153534503
197320826 577512323
406466683 736420188
41714073 154896296
439337624 678878614
188448158 310408032
282052793 636317202
292000907 480594745
187065468 230848721
64542376 152824368
135487969 158808488
103521324 152214956
418515334 818021293
188599955 270083962
169738415 213696427
162861779 215267586
179470317 193335186
6716283 151764164
237096455 395067470
97838295 155085056
336443441 554474424
206763177 603262267
346763610 784735972
423042134 609951907
180542621 322595574
396878079 936255512
361905401 680978894
298806060 382110148
168377901 280163150
186846364 217266121
188411652 316840423
154820830 196546987
178247355 309222345
118844214 160823033
168957144 195250557
108489543 162604836
164017783 248247227
97663159 166020459
165003415 306164793
160277269 317758989
189576657 332530282
357780601 957216324
292538046 532171871
17148324 163753701
21374939 157548986
62867072 154573275
188448406 349365036
293696685 366865663
349183288 492404620
188667751 331564242
403388904 635704087
172166608 330218870
187095969 281661467
345392309 640714456
103127889 154406591
384510757 496948209
216990264 528238407
272447269 412720505
146164393 161887997
188523928 295639133
277719919 593186122
256794475 415601044
331363586 579006105
384214861 762522770
214591755 454972048
240657334 568765810
438793501 975170208
160138585 268377038
189039859 392819646
178477778 255431636
181529454 204365346
160498034 261676065
338935769 652627703
187553675 357591776
188315198 293850496
267046864 463709068
12026351 155985709
83116461 164176682
382627284 647739462
186785255 291661961
142455381 157623081
395362713 883017059
187636213 445980963
172894433 242904040
189881634 207943804
187198813 303471561
438350081 726488401
187265019 283603134
351880947 709528533
186911377 408215199
396832277 907638627
323758858 661710182
276108879 643230969
183512356 256300363
120981564 163618734
362754204 470246008
188482943 229859681
376719548 560775389
256905229 561973034
53640826 165684184
189454680 194314638
187885994 406949153
437696063 575620673
435237378 761105600
171024658 266823714
236962500 568196983
224438909 649049679
297051729 409515414
186673332 327549154
178268476 255689812
189783165 489324545
119343672 157134528
129851768 162007517
393972760 999752195
150576075 151767753
210390553 467214113
457198854 637547935
155927377 203338263
161870795 296202894
251321531 412218923
182692181 316711574
87248226 160075714
170402680 246649251
224683858 582276709
180440422 236139434
167144058 202333197
239387907 580784217
388969041 788589011
187338177 218650478
50840750 166145695
189427702 393422860
280960427 548166308
252524189 376496938
152921145 308427501
157622141 230748569
32177390 162242326
160942556 271627577
188865487 496817944
160742438 227619827
155372974 299791005
442821060 771096729
51785806 154252203
189440129 287873408
347148722 478404062
188818518 265123729
352308911 942348517
6163408 159375154
103748024 156390772
189518617 345170546
106215935 156919159
187687778 399361204
138650958 164774994
223862900 546515336
445491737 981432042
189780238 430907416
40459881 161065052
188351319 473001592
308213943 610454206
281497830 436026062
182442601 207401083
6885787 156855479
248905032 543682311
180217419 241330789
187324718 376908669
309237589 395775755
267591420 432817923
403256191 488711746
60157976 166661755
186964303 372736913
158219983 211954480
179892732 301095285
162851602 308599007
187981576 305073126
197976651 381494332
189095267 295862239
386221878 588842866
187586318 359233220
194773591 639383330
119480025 154188447
451492941 710128200
409905615 724804471
392975755 580427735
261433866 664084672
378763721 836251862
417497896 632604956
18340548 157202075
188671009 469348066
115506516 155118026
147977560 154688983
181020559 223737183
182406627 303066379
430554816 532039979
362209019 578501080
355742363 721365066
56491068 158903394
65309704 153475334
143877231 166182020
382854805 597863818
49220494 164510940
95781739 157436413
189604848 432699705
187946085 243171067
358850599 831989944
224097608 574918653
7879837 162248100
214699029 652224125
190021013 389847852
154209889 231156607
158574288 241802879
34033813 157600521
65716591 156387839
254375157 590646870
189317665 479055865
225919764 507169151
135241568 155873915
185359955 296464730
153919563 237096787
170957835 194883382
145662474 153873960
188837462 437828876
388311647 645855461
188742120 384217774
415699915 632564912
96626484 155846940
166083414 229738649
370100246 626622643
170429295 250099491
158219346 326685745
457458330 502578683
82843300 164041471
227563242 584747408
364479391 510408120
268083471 656933355
188143713 459120184
428542769 604633588
332039465 515061636
169402357 200714432
188878789 486580839
185321048 224548670
331410458 589882968
187002391 238529329
169494138 307014694
333400547 619494814
303615709 458014292
420086326 950887642
452214066 819819313
279184639 493262206
189080168 257942589
157808418 318704560
60749722 166322878
119286734 161049837
149756407 156121528
431972258 577445501
171058884 311502156
268308159 394388193
186611693 404380900
273408818 420174874
118187615 152998308
18373334 159206614
25200413 151499953
188245642 410988175
53520746 164611428
165676133 225684755
189790813 488246150
300656865 652969582
433204004 564350208
134043390 161804054
288200453 605396010
162292517 212156374
186625906 195856314
64490521 160555422
187996185 453513344
188751993 390654717
454642374 591120633
168030331 332108669
368024484 904251621
412257164 907554116
357145384 519884290
162655860 243257499
183954302 268327491
111882828 154110758
171307043 303364062
399791229 859918106
322490594 640331153
162580066 198694534
299452725 640515215
17934822 154323146
164143005 186957062
251020366 347830046
332086243 450234527
227912851 478409027
328805433 506557525
389161443 943718961
42539916 164907805
317819890 543803859
169985838 258458460
203494059 654496322
257751710 653393196
459952173 716031923
347144598 940600048
89443169 166438798
13938573 163994285
188068111 198957663
239573077 567306983
255666016 363005931
189458330 390619300
154150701 326560159
189294922 265027188
372941734 893095801
174006030 297360030
173154985 222541469
365802641 858629094
211006764 511209046
15754373 154069012
263599807 586250133
189694476 480784521
153200195 309233841
184316145 212576276
188408288 433440958
224601725 533417568
442138210 569324359
5510986 155356630
439078740 681435189
189420503 351681741
445983617 481366688
174393309 290932664
461103451 862012614
223200173 486158778
186673941 248659552
156763316 288362299
189030762 282751796
354513900 805973594
420949448 733506637
224653276 649933964
80502363 154718228
187942479 347440802
242628802 372422844
189479604 441868689
455280644 995879984
41062443 165203560
188174797 411306720
422451972 480388448
158644994 186508486
291803829 346785071
381378482 627047480
344517951 481549492
189404553 475670353
98056295 159099105
186864207 338490641
162267478 330813837
427629876 672948048
284910848 493519916
433015321 564576033
222672123 368917062
189669441 212089315
31255341 161726325
155413265 223378287
162660486 205472451
426649196 948200714
305966260 344407191
5991996 161110535
163155604 322549473
7524355 164841627
189392546 463511653
448189619 621355644
187788542 216426856
184571446 295844540
366662234 683237615
422873239 607485321
230527019 613275770
175511544 303036844
431921538 804974336
374552056 631374399
437291012 841694495
187896264 209686776
173210471 270821835
221220663 525721531
173583027 296410743
455742472 554252333
188903627 322475495
196556450 447071350
201111604 648575211
293676243 376672239
189181391 309319184
450194565 513696636
278817949 359636078
165482168 295078941
291035028 588223996
161341929 210152806
290885731 376501783
184653939 310118989
190105915 316692705
115916786 156330365
161993411 286466704
189109477 345674098
341468697 435791309
142858770 153019705
189857050 497440276
279339620 355855159
266543626 525547641
188577360 393202218
324063249 503404170
307691937 503641195
172436155 201764715
31248097 153495489
161500668 289212406
252644704 590988015
112754701 153750369
456039849 535626270
158963234 225339034
66544322 155689727
236404686 600437348
119280451 161761872
152669921 206830662
139540952 162068854
379674016 733386239
188242281 397052766
118126318 161901767
66015689 153421118
68227995 153380230
26833705 151416420
418401343 842550635
129114933 162647409
21476250 153328510
163357274 329414842
184035180 256991049
188794736 429909139
189616910 456120078
127381213 156206331
434395957 554721758
186520247 356341696
211839428 563952004
184168777 230187983
179112454 202980300
188508394 282360140
177582828 240831096
159127285 202808142
187114806 341976435
121434357 162542893
417678939 673737983
153923581 204234902
451058506 537766639
28733094 151761792
91379444 152244399
161774875 246333685
239434870 585657943
418437900 514843101
390666929 934551345
236307517 474341362
186763748 381685046
181099163 211750815
78976916 160040893
214226607 644197817
422539313 965763469
429607808 956944471
160121958 286231646
153122090 229892999
177790085 189495163
219679290 652494210
281872626 513079517
360716637 951345357
88533956 157760462
207055277 494751683
197248018 511898999
240201987 558235738
460431685 979905271
303472370 641773629
24611238 159307455
290296663 562139220
272484506 363453042
444564783 640226000
188349536 418057347
166153832 294650040
266339459 584188856
273121847 586126019
186054108 301055532
228136734 411372501
34640462 152018889
162166720 243414851
155916963 229932268
369128292 628290716
238713837 525424504
107892789 160886704
106642275 153849662
169002770 194555196
372895428 857376249
169080826 257597077
163795757 283014509
187350750 315053598
186714820 482055838
275048007 505593027
134700066 162005678
181247534 241588269
179175048 210644095
137836080 157011537
446780507 729650156
298021341 374320937
188245477 450808691
360028217 612309535
442673454 712651411
247878902 536825422
155724027 229578165
285973730 434794825
403548748 517929915
210184540 420613351
60022874 151702977
328257596 387110988
432655022 845449401
316294557 634259917
416069146 760312078
189581137 306234291
323785122 596923662
132830222 161368831
214597906 361573891
173651499 329866091
282637858 478392449
188271455 264137701
133100917 164892310
177807562 210634847
56235566 153491297
166935943 266611926
382492333 766620339
218762789 439461372
186637105 323080305
133116726 165813293
168296970 232218855
457156856 915260481
229658869 389334784
98075502 155871821
411019361 880648487
253693749 544116415
189768112 375200502
189157858 299959838
432928437 601886371
414362612 995221314
336851016 532242794
34416575 165375990
162016309 198651213
185110435 215772416
161021473 213542512
188203074 314560794
283599782 666633775
187881202 285396684
182571996 193474548
51014146 160735763
166435242 255691704
273067558 369158136
187423490 266925975
174591948 253312867
439102009 862510957
390684673 986759680
159049271 216358424
186933532 482508807
435231713 517708304
405497023 701127967
2041169 165375914
271680978 627426261
435686807 944999270
174990769 233975192
207815737 544283807
186904276 233793124
270712465 575476920
423174797 497201413
321657600 458190425
292923808 634304391
127574346 158574833
312616861 558003670
421839914 891376330
187802492 275026079
429723185 570415174
183148425 220874822
274346897 469608763
259075895 595632232
32195984 162658155
68609805 161861770
161853442 256329836
377707689 908624267
287826057 468133916
188403882 382643774
186734811 310667774
401102101 750088672
167565206 247528944
162757665 311477764
77213527 156929699
125253409 152882891
173367364 265910795
172966662 196688763
167541525 248095958
152848524 243448445
273333015 408163041
188979864 424084406
308580051 638039511
187717287 373464709
188504006 348709081
202956100 369605035
189964598 239686100
110105713 151301351
155405714 218826100
303171034 600199237
188575732 426224149
181516980 331091893
96941740 160420189
55998148 159020727
329071370 549434093
318479793 578299548
162977854 240989626
180704642 254087645
179779781 191322350
188405005 498993403
432024448 574954282
433581049 904862694
188730952 369371048
153239984 222196373
409458618 658374951
188512677 328405285
172651368 262205048
362819963 713132594
242371181 367507934
460507320 508703442
129017322 163871314
166696460 246572155
186883912 292642846
301486398 430898309
169817175 279776386
81504354 166071223
188960932 404757877
439788929 926193148
189682462 249557064
79696150 157624147
178154732 244256069
189139596 229752538
350271863 857910799
412100016 774201907
395978733 468559099
188033466 371029157
188656566 242497063
6318696 152481916
122413118 158487799
420168421 722689738
1364364 166444740
390275907 703955948
69858126 155579556
190059404 304860409
165438687 324978191
166393377 187638558
372820953 775533352
185428061 319739343
173872083 294340349
79181044 158214754
309256235 577139623
406139455 894401910
250949016 448501873
186596348 209233382
103700229 162253331
189983698 215725294
244948982 581406178
414096681 629099998
103030675 158321927
244790193 595370383
10286768 165815299
273888935 582623188
162284168 198830051
173685426 323046055
444565559 973998521
163678403 281974454
430762922 822373509
171534608 319870512
188563614 319178088
186663788 394688930
187103571 292422553
401263621 633663975
189800038 274304791
186752926 476695806
188262527 275523804
97492025 156215857
351040171 582369736
186665789 316324811
172301026 290819104
216319168 634373049
366036428 709932097
188050566 327436750
170337811 269261342
118940399 162883916
391782750 842601877
186545784 441388678
360372397 499270655
358098402 732205277
189006469 390404861
408608921 694064447
156716175 331483129
116661397 163480290
189696934 431788255
77660716 162938504
189283808 290333920
251072582 571533159
380650970 683770166
125580393 165983631
369301485 961348395
326709770 360218350
442738711 717602002
103638256 166622399
186954142 442344440
64396478 162145668
307340561 404096743
339828401 424164787
18635230 157594603
308649190 521542728
157153971 264316066
186839709 253334993
316011732 536837020
33395312 164823378
189528939 193772495
443869462 473441724
260344675 451793592
171454293 299619769
181316048 316005703
143657483 163171705
369444810 486100392
407142719 981627566
316498306 462720226
189366102 406429560
10652356 165155175
135341151 152458200
202747403 462108805
186831287 202166887
425121215 815111024
189417378 270110831
185418906 333316055
11642873 156028202
175743652 320822511
187612773 498992056
448975681 575376901
395739602 745225102
204987572 434089886
342349507 586770322
271805532 586181193
417567525 781921673
166580049 210501310
189883190 348398277
381170700 771593961
258402646 570138656
319032604 421911640
187854972 389677249
355631644 567673904
435853126 807386464
323158180 493884778
250070164 645544644
174828828 270663628
186678232 301475877
170355286 286598552
153553257 211292946
331816523 573891962
179565888 283850424
187565762 341059066
170296610 246846468
167249962 240736421
374228132 554310899
68056188 152940224
183658024 193087718
187005976 321066046
376685671 842599270
187575715 284769598
279120055 410446173
7446959 160334744
158735823 313157193
395306737 889575201
186055407 293641146
157953046 327050256
62084772 153704428
110694805 165822961
124678492 160015407
320815886 508558236
436517989 891446214
189246133 427390285
167487894 251453489
170924033 308144007
