1000
248632565 324181015
625077038 726397870
656913540 722548446
742661187 751653847
6086936 70092855
260718671 431922552
151494001 214439850
283467174 433332250
834736829 899714274
823862975 851872689
448754836 595530643
91668431 135867957
43628011 138438143
418568867 485087536
18041922 64683436
437570069 522181287
723917880 803498756
653697398 718755650
432405450 482077682
441678069 526362616
412136740 543136069
195601080 327705944
112499394 168640768
9693363 67306746
111141144 174293665
650025063 724018482
1877585 59028960
29802741 81551884
185273439 319597482
709642610 725649318
47842161 149443756
179106381 309612698
608664415 717906148
764622199 884923778
17968666 78331491
442588741 483745865
741415907 813956364
170704365 215280769
157009045 208218270
621115272 721185627
721268769 787102212
159591219 245489480
415931047 482675397
698105534 717921242
831206970 862688748
345416978 446215721
744909888 764651856
733365348 751869143
426742556 472215099
653654616 720541022
511185148 611246714
714478613 723783973
204919562 358422880
180198812 260119994
553856470 634166439
732203046 753405456
186511579 277877313
176019560 193553414
827224917 908725009
598839937 719468553
441017482 482599172
16168874 44173047
15848234 52666629
16855177 41887770
130280515 161154417
406402953 469352884
288127862 411317416
754150069 856648151
29677295 45934676
807138647 863446192
165650249 218568207
831486437 893730105
127707 43452903
496243355 633856883
489721573 594221670
763922059 894617636
314127808 423554556
661264537 719617436
443082968 496093940
413660719 458850112
226464150 345530800
745626834 806548359
4733655 39451279
644274521 725268510
552441418 618085426
14286719 59339950
713431165 718951223
333598923 404440050
133605855 195524098
779746295 843935164
701598193 720186491
428508372 465688553
510938872 589260182
785805856 891587292
752082467 893937910
743737870 752620980
82744511 164028961
241735753 274711892
16572436 74773659
410815153 488915142
766372691 846611557
66067622 159056117
693284529 726841104
487915130 619476984
180882807 267777675
464637910 594586794
411755217 474017613
782679984 890251112
23919509 37671702
571857108 589875777
4067537 89969293
133624778 254583777
782063313 841563536
771750373 880580279
706365262 721489276
163636632 228832070
2766754 88973500
153529311 221752367
245997289 304427157
453261992 635478247
239988121 355353825
337919092 431165648
433566389 514584944
121942270 136893197
540644900 616534906
88133719 151567998
831772998 898398613
728641663 804400373
61270350 159677265
154194533 236872323
357743058 427355452
22686973 67941509
12625845 71608547
759261912 847999391
520349194 621408719
10684331 37551007
625309830 725013113
104060614 145687839
638224903 724849528
830302534 872508761
725422103 764100986
659421151 726818102
78069553 164019595
320425357 422401399
57627497 145784521
197954585 252956345
778761057 862249152
553277212 590918342
511216272 613615640
134518826 220549521
229949414 359276137
185592912 362932227
256901115 416392011
47438100 162468792
117647 40023698
243497750 308999538
81449671 151325528
234194361 327202324
502159487 595096369
377952312 407946083
588834264 724868265
209999086 273908631
208944643 295339597
729512329 799159253
200259325 258353381
152692423 198085458
753434403 872848856
494809869 627349440
13684201 48893755
13247503 44333740
160758922 259562665
208554135 347353105
370402152 403807406
104184873 181428010
780829827 867112844
506906920 632404993
49334454 133556487
722601583 752262081
134835819 240421672
37535682 181475943
79966952 137191751
19435133 38105772
242336328 336539770
28671431 62301994
2336814 44435216
175324741 254941506
176434056 246671551
745342696 767207779
776728373 857498266
15581351 78235157
554819469 624167922
752899439 872349799
75743970 139511390
167844810 178565959
531964152 604225707
348885823 412793994
32477644 57093327
742889535 750693911
706669298 722926678
574204377 627133668
333452888 430172258
8498990 37349196
34323231 65632560
692446716 717752668
806096453 861153586
508278050 603740456
415736869 523086424
778860658 899934751
226127640 330536374
198182843 328151293
802356187 855338014
470632236 628208523
727219290 807374751
425453798 464693802
742854131 774390803
67301340 170982555
726026006 816044763
587895483 721530107
127289760 149226038
425995581 501103743
7135245 54198773
433077869 478310060
729028929 769848691
609503541 719381822
326030285 447208544
820962141 878270737
218433770 352341282
438949523 497323961
676959031 726737021
165336765 183403072
303261069 447934502
419108582 467628193
825912251 873747757
438402054 489248838
93436886 178222500
730182302 747960145
25093349 79130597
349181744 437925360
256857814 417821643
408809521 482786328
24193059 61151245
188693205 284373361
720740563 800619838
57066747 177898364
114495683 178889944
137504104 221768559
156774263 261820107
713430143 718784890
263102464 442503556
571655466 587406174
421287831 498982014
731609148 818089050
474088418 623001638
376524545 415790896
318299132 428082749
176179550 196907078
6050895 54640161
330339771 417969339
429203413 519850932
1264588 47532160
441603646 466252655
733898930 749038907
724601988 806885350
635434349 720594536
736406585 791088535
764387286 879590785
762467003 897014130
486082448 588889748
112152770 143569875
482152196 632941121
2475692 68246126
213671454 257499486
91553977 154476661
426343435 454229934
693923636 725821985
375008418 411372029
720570093 781367416
149889615 226443821
328046186 409863809
417126257 529862073
725707127 748050580
432317194 451231414
443915486 542296181
750697651 867272403
30965714 74906672
436702007 455807773
233666831 277771884
76780956 156417243
230758180 262272023
75633171 172827617
593802373 720255234
267824974 443663363
50228393 165789582
14344647 59556652
28023842 64109317
753278077 879211471
577728599 631564592
76383275 150819456
207412122 345992301
727607567 767673804
808996327 870867343
737505589 798334243
723041994 783233314
456353627 615683698
184867836 337950578
436429788 462357715
141032801 257179117
378230522 415291054
800716779 874787418
422235105 481986030
212182282 287886658
95679591 155464518
400718506 428018381
7135618 62633341
209564096 321471071
47369377 163264277
762010778 895494752
251956487 415228163
425500195 481944721
652441396 720836940
421228390 523272460
26342379 45753932
430124829 507995253
589636527 719151739
142616109 181208534
24905087 65806246
755641713 864141352
469593674 624790170
546457247 586234259
1544126 80728585
234058922 351697380
445604090 509251487
411987867 494739088
233195687 261055506
72741544 178947085
595911526 719613544
521441953 607069851
244001858 300663756
155022648 264515700
627194814 723102189
138432655 206438034
459335629 584319741
41250151 133748198
172330292 184325152
11141478 79485634
194464864 288116021
402507517 450714560
758380582 851862583
76145095 173974920
190812026 360183164
174587326 187446957
530777180 616450802
150466754 209418604
116643934 134547028
1344586 43797663
428498315 451466586
575929574 616660973
410070092 492347536
240689811 286720075
191556421 302282631
1571396 69950684
801026372 900518032
139857020 251501973
721409900 783125867
724843045 765282523
273389094 425962898
648802544 721776606
23403343 73906998
798729147 839074649
281374285 437506565
358236505 429909818
732299817 776359810
56276460 151188153
347661884 421375137
227598533 313826053
364101619 452980085
119991967 133738189
31015772 73918055
590539236 724366692
126838561 159312649
3088185 81177908
116580915 180052541
817512897 878089231
20593288 54445167
412294581 503238709
611898923 719618965
170579354 224748505
723728682 786246762
172534378 271201096
10801330 42922761
54334977 172022509
228201485 323930254
758621657 868081870
555626577 630180018
83422070 178626106
656166948 725966652
727210952 786888067
137051686 198993933
146926771 235361114
122173650 153420792
173876487 242861557
413313292 539073978
436538095 491989443
431591756 487741680
222115006 347139097
470600837 587757407
301392523 426750841
747134845 815419250
408478765 526992720
11662164 59702768
794761094 908025241
441669149 448752672
131831974 190374862
390336113 410576925
66934078 171292358
31056776 66894937
533230393 602423453
803384697 882221628
158638172 267379098
408849911 535906881
805430884 875233564
423720803 522651139
406256804 469450904
239823529 359479921
214493137 262772945
450225271 615481388
175124192 242802778
30705251 41299069
174898028 223882929
725900629 814228132
22849226 77586545
544206247 619734829
162227481 223079746
165612546 216766058
742599668 783108821
725563506 805671823
422465065 538882500
631282806 722470326
2503239 42702243
755318086 864367692
547233239 600970865
134168835 226190004
137688277 184276382
811273999 858484741
325473068 427486041
588888432 720899522
374697913 454182512
212362803 305133027
20203987 76806357
259474619 452899421
427031204 467894039
230709340 354842934
739568738 786167553
717732089 755978124
137189068 213133335
744133834 802510123
111079275 153886316
13525598 52351507
287568541 444512163
744689795 773998005
223471066 338274152
192001181 278855259
682002384 727083935
115700081 174823456
186321575 356377731
818545652 883260070
760082048 840194774
723211221 788647697
750096328 891803872
814435766 844205658
736727318 807255566
389945704 404748505
402728815 404702321
653728186 726426088
325476975 421454284
233874926 290246841
477687189 620643011
552638549 624616932
405115805 544156068
459699907 611164805
622212786 720168436
116682361 132830303
174874715 182266684
66375391 143164796
804943297 892354353
101595891 167570555
437347563 478761955
546144428 593794848
218394848 303689196
751155632 903315531
286348182 412445045
723398680 801878074
218750059 264322477
155770179 252223798
745034454 798669540
172201530 185521149
414470981 519963125
797535014 881165931
728597782 747889283
442012602 451353540
140197403 250882508
369070825 429738779
482966965 631153496
342019411 404705175
742228546 790565993
508468231 603745281
8469060 36542018
814539507 861078462
91345620 167052891
713770468 722529976
123417090 169369846
21313411 55074869
752268866 880551791
111893745 149398407
780538246 875227672
101872728 131777599
579007184 592928982
172025337 186526315
429848572 468873414
85269010 171770744
115093998 181078827
741071422 758946778
209412123 295245551
37040965 146196199
281557431 449533672
137139185 270421873
827137346 844797083
575316551 610396131
411906568 514531631
725740804 756501884
139935093 242624282
119665251 134422741
733443161 817151519
23564205 76934347
75304147 162950418
146963373 264667331
120209222 166604937
680774557 718732435
613567720 724786084
602466701 720448555
522578063 619482910
739043769 750423601
24978973 57093024
323436006 426875325
28216112 69747401
739823219 774798720
678493704 724331131
140522302 213685331
612636008 720065112
300317138 417494801
211135412 280526331
575048390 598241879
203184128 266136666
829570969 885523096
782993024 889616728
738451565 776728147
410372139 498411647
17978484 72683441
655111146 717881207
342998494 434671971
646000601 725628413
75717954 142582798
509015481 584798022
335624521 429413559
352742414 404924429
320383735 452862793
412521210 514084436
522217068 619309651
159106561 207068819
565406020 630399717
618094681 726826320
482897307 588427425
408499890 466177673
477132693 631553786
730387424 766488094
13513550 74974467
682942903 721416090
127598217 170207911
386424635 420019577
315695876 403768093
171536567 242263978
741884065 748557958
10639989 45483778
616626656 725605900
148809614 191095374
612886103 723594275
206143583 250663806
141596770 252631143
681663997 719438711
203381230 312339333
29445747 38317259
70002449 167113198
412420288 501430687
136812917 201590458
724879145 797960644
13477335 79352024
676532203 726913888
164962617 214094777
328734444 438311597
704789384 726299112
209333499 281906813
243092882 350093473
3658965 65911143
436702428 532211360
753196944 884826841
29851430 40367227
28905343 81869051
736425585 792157072
7937420 43664055
787473410 880371583
761394401 900831625
761144468 863774558
428784640 503753412
545115959 620003154
95742806 175648503
718226517 809607853
40944324 152632727
33076726 43523847
315358934 411362528
435674485 476823411
320612861 415776272
235794564 268713816
10014979 47883936
187431168 286932540
390762100 423606615
175314947 183294954
310153246 454126183
726008456 766726486
142903739 219274132
520263326 608229696
28806217 63156987
224688377 352782984
170274809 254473681
16447304 67927645
543768897 585619131
832844851 904219277
167382721 270843179
12582599 63959636
410822052 524618102
358957506 416506149
537308681 630337575
252606823 403575003
782577767 838942566
427390214 477122838
818862286 901075092
733039853 785462406
510257490 601717674
598389177 721229752
348365343 428600894
12150973 76251757
194053076 283410420
233337494 347295261
720516691 802617353
88903708 139809142
803751231 886037204
88710828 145853736
728812812 813403841
36968764 170886557
735021124 803457626
179393778 343621701
130764129 159409463
607009856 725590416
762816742 855471653
439918397 492902502
781299330 886219427
195349605 362738786
82680758 177440910
554863539 589968553
563661195 626612393
408412356 521035298
733086632 795767361
478846499 622034730
215892472 296902789
27470095 61128194
493522455 609621542
173397886 269757985
441208430 497943784
733062532 781544131
758214230 901576602
792869486 844738721
404674015 513990940
5768989 86202451
426827078 497934927
163486142 194060723
239783766 304801609
264237544 448041167
830497896 881247354
156514543 236771582
113571788 140537931
62490307 161255773
63379169 179941774
449631303 635810044
137145071 270133236
13689464 36054988
477963428 611791731
795833890 841437883
466970247 586579169
754765766 836460249
524819280 626152992
623945352 717990537
114789536 140665195
434532023 451851235
730980828 763404779
326264390 438918750
30969126 38521341
426390739 466534712
732634371 768300038
556880484 633943799
693695395 724930272
315758161 440509229
27460350 63383691
732611048 804787176
133361768 265669826
284835246 405714675
209467159 341310613
188419479 278862365
692578567 721029702
160518145 208014448
148515616 191815087
510038591 624342657
814509827 893439721
555705771 632002576
780243968 883118007
111481569 153327607
230697939 251447471
540226663 588695696
217942708 325533215
703281240 720603326
247273043 251302830
499583711 604406390
739195736 815415778
154068122 249348365
428326603 491980647
58844464 145342848
675699980 725890135
235238019 351242530
822462794 871409261
247281145 300693108
208871394 352610083
167276 47053054
533691544 618820938
21283349 71877027
160100650 270557754
325296556 420742178
795095117 869862775
224594610 288416427
409931319 449540787
155846906 189988233
11299922 62930265
265923493 435903721
193080469 313345427
231925151 357929824
234295127 292848985
24982139 52169939
438404776 470285567
279793943 420402953
161047602 213250332
163907379 264775168
418599777 538220693
747013523 797619437
417219703 515729483
714140947 724143803
433106387 494327779
206860729 326976912
30381386 64560908
689461842 724838071
435197296 481644056
780689829 878594100
198773265 341946503
721219792 804190987
436732903 504270563
34184177 42878273
149002231 230040121
428576950 487780470
195665321 303364507
160796248 235631890
531964446 629057574
762620563 858182369
281554878 424577618
415021555 495504961
740795724 813149359
206940107 266644524
82821094 175229748
374162426 423996140
405572822 491230353
650267444 723186040
651093820 719574947
204972835 361956261
770963938 839311190
122829786 170334668
806764790 852030369
738102741 784586904
499730276 584015431
703416753 719971457
177594118 212579778
29339909 42496234
743274794 761989190
13431393 74323247
817953003 857004612
535383966 628519472
193529083 320056493
808903146 873705554
510080588 634753967
433453863 524364698
707223976 723412580
416385361 460125081
63861892 132878882
487336209 606269769
25425113 48035240
509579490 602902131
324219690 452634340
422555816 499664377
428331156 537825265
243604595 335300337
228341989 360846988
602789922 726582982
331716608 409318398
28960258 42642550
30656343 76423933
587975297 722572581
202249195 259966898
589143864 718029013
28264454 48656129
74230563 136952240
25181642 64252291
551216032 618681925
676402693 722109638
204848578 359387099
29099221 40674983
256827388 415088194
248160792 302200998
425552114 519311905
785564166 898185390
317268055 413488281
252557654 451267503
184338355 337183886
244307624 301009186
137878724 243749106
335729215 407367001
487175513 633928470
621022525 717506530
490332274 593251006
513578642 597993970
561775354 623741619
683955135 726408002
555434144 626136092
831843283 894225941
531410528 587383510
474751920 608545876
416685441 461104187
8844497 58253310
196355475 251822929
245784410 276181057
251496540 454132165
408673526 453304821
620688487 726339590
181181768 276898767
207669824 301161349
794718213 883674008
274884156 444415368
361746625 452950847
163765840 263824338
169122963 181028525
9128243 79189536
596878740 723860408
23140166 78751609
162209323 224181895
92159090 132777938
164089044 223298496
336650300 432566471
179315261 255443940
726407346 772940835
644739725 723903432
469451296 611979951
744368295 758973940
268159347 410978576
45848068 156000609
401319672 407091348
519103747 616421534
654979158 719446456
11672741 76219115
738802087 769118167
186836405 348298892
354395258 436566783
385311448 448171360
386582499 445315630
224300825 322422755
52773387 174731809
233603233 266365471
754787893 894926351
422614424 480131696
111172221 152414101
9039438 43387389
602691812 722443294
133806530 228468720
24272461 48985875
519765430 606131822
617573082 717642929
743159528 773016280
305579597 431984908
733436611 812945148
168197515 200385141
493429057 630540924
816024347 896427103
441116627 520446868
404859153 458401505
679481235 725190556
200326825 359658638
149583051 203153095
443618634 466204238
162969975 271422367
132120423 218437196
89256967 171689849
734589702 797866107
791007098 894805098
728766744 802289496
383776917 424940593
447790332 463007324
681783798 718476926
214112275 344891247
401011083 454074049
235187492 277221931
281044817 452667160
163236781 184032306
735478339 774325758
420879692 493512495
530511791 604302861
372033666 452588303
408484549 455555210
324208947 442448949
429170841 453024698
48463554 144624637
156588407 218215351
74097736 161899833
818853875 863540855
770017775 894759293
729619019 817777237
1536330 60530761
240594290 280063123
445641415 450950809
25613931 85488795
438313565 539048186
738864567 778726966
412688415 451722454
375891402 412713135
630888373 721843002
738279064 777958562
324164174 414277841
632877067 720594036
545316109 593918232
453486171 631445858
220411747 255611210
466986166 612641950
792151346 841485655
149803149 197680384
761582663 871174247
134706048 228379895
61590733 175561324
272887113 450631158
724340978 786436203
732633998 793468432
52439148 137600889
716955864 720986624
502276351 592516953
820035612 865331421
338878089 404712802
678566345 721930518
739763443 770957180
310528421 403602654
330458475 424702378
443852863 493209289
447494559 531123167
203383511 308355589
726875341 779869109
698860331 726294407
421943752 522057060
199514088 257198092
820448877 847796114
146008185 254865210
711549588 719250429
252415222 413136165
169897482 258321729
532006291 615559217
143234572 247870976
728401882 802834901
691455025 718923682
19869980 72247189
149782467 215145830
737921774 800870329
417789788 479519325
14753750 62438455
584163946 724125249
292941386 419418892
40945050 152180653
144637195 240010007
134525451 261178865
498813120 612484270
148893250 261007912
538226481 615943035
207796920 306464177
