1000
36903963 71128189
61713376 73409118
325823125 340472353
915447831 990307531
382569047 469940919
93386409 186641092
755459244 796737293
255416794 300269074
581557937 597014381
17675290 72300108
937950534 970002485
147212744 227012230
489650567 560830022
251471387 304300543
672419459 724517131
236385973 290305690
451662438 504853896
431254957 497650227
590622679 661938890
865344295 880954331
50044429 77087665
861539114 883194601
667519323 754023527
788587266 823647974
100549104 179436658
72630181 153370678
47364152 84010479
319456454 376080784
277367508 348101878
67846812 89918737
831039645 903456700
351014611 419508293
364901078 428212090
249896814 300467726
67031989 109915969
626964190 654059726
823263765 886062590
220735979 234364856
563489586 593510389
698791897 749317431
111587899 129997318
259115019 270618589
585001836 664012653
330469377 342904531
569062392 613065686
1085990 34731306
621241861 687691363
481091440 558510332
362615093 384397873
149485231 230802369
660565334 733431431
826351953 902348194
693017143 759193598
684828540 755460539
431243208 512634589
748673703 789018083
774411139 803216828
573720548 594987890
595508110 647356748
578560843 610014137
268142063 373356436
142741920 233907280
812154000 838415009
919588911 953137190
358243906 423146420
376587261 453344218
350397940 393660771
719333111 800116113
27390848 67778940
855929810 880525158
469732281 507686088
230766641 284510735
557927093 570511109
299721512 343506428
126975455 134245888
66964358 80717394
586197184 654225983
151597218 232477432
670362259 727531278
67569081 85150410
493535840 566894040
3330010 24055723
567992571 583940545
67281868 86790497
561629396 591543851
765825170 783667269
252664680 289242576
225070332 229649918
384794301 456880282
226312201 268975104
748477022 776481795
784828367 826847584
361048841 375017818
253145151 318884729
44320456 75873145
548273562 558459255
624742138 706098390
67471004 109118165
403712235 521260639
614935787 656411372
752636590 803671286
420863001 494937007
67740398 135464691
367600423 472682026
670688396 720833575
225468737 231517666
131266463 234884404
784411067 856834508
869955544 880100873
204489824 227131634
148339 29196580
237224 39699577
628007151 708373063
343615714 371207630
346151772 402429130
632038222 671304869
679942872 746400868
279064948 361033003
578265226 586513655
708407900 734876089
60763868 92968972
26837820 91496896
89170445 146968469
637931720 712193370
714392364 758584571
364733592 402798617
923802 8491873
284876665 361421273
274438838 366625434
250966493 265659462
637931291 652027288
293459031 361863969
733823 21693962
724880868 776345534
67293254 110543453
469522405 501979082
252822138 319911463
421323406 484595487
550792564 560662684
216086787 225403030
511772843 560411075
225126060 260029535
800717095 826346870
225185363 232155701
761384357 784789475
602039837 655585896
734770103 803155857
225410912 238076439
686957469 725383170
252756186 269768500
132404993 227586542
382608136 446481186
711192643 729603162
559043057 594195940
656607477 736256407
780521833 830167891
892294687 986271655
464938378 485954017
840052824 872888798
355422156 425016398
806661128 826861116
659015337 720896422
623829971 690293632
57343762 66825465
226383325 231099854
806772886 825325313
935012846 975969365
248339975 331636923
233744229 312401365
595889272 621063064
449048269 480061560
289021358 371864014
437670484 493126724
226001538 256748607
665829341 754240749
677863432 739313571
99878115 132370459
119144478 181361632
589561542 665732925
347688084 424763371
825859509 897236638
623459333 700275282
425392871 519100060
370260015 439641973
888914656 979443694
749576629 783358926
357572045 370422721
693029544 735448608
552273216 569353169
882141265 951164368
78397994 190259652
66986451 101262376
358749627 382514601
67963298 77504648
240334230 281842771
750544180 805561817
621403868 655280831
343852400 423065146
641156995 692363323
512792835 560795517
739744735 792622083
276021180 347894727
735119082 781257642
225422931 274937815
226481742 236893140
627229915 661830649
690623754 729771863
591298961 621472244
820139432 895602129
921524205 985693440
109908639 189560923
29506032 81980570
795477705 856863962
432587638 520601551
637617487 696816576
427683833 522722351
348378356 391352389
527308695 560301232
582078918 618847566
255753266 268955634
541750247 566427556
3786791 6126369
932041413 977881519
923204277 986067641
671708949 722073727
763704334 782872345
31574295 75004115
855674762 894239508
66836653 140777424
2557278 42899125
226130398 238533762
6838343 69963355
391065354 421173492
588411559 634596988
595443603 639943736
67947728 95247881
341019645 394154909
71460090 163715200
559702405 601981630
233018194 332749654
363281683 424012152
225848103 244753303
362389342 373939569
399332280 509640077
122999950 162884885
2358987 12198963
896437657 978296494
278345668 362319633
578767884 599534431
711942839 738448644
344429678 416766438
369103508 416275951
639911067 681112590
937125007 973599135
392884776 471746311
225709012 239160877
68047929 73352546
638001312 687765994
64950516 81377175
71842945 189871601
726857549 789672344
624931 27812901
518184187 570382882
795570199 845815364
226392382 237567482
596650220 613735290
719080329 790863994
352196518 366771004
134033376 232805122
461644990 515617140
590897512 650799089
116373 45584918
619040508 691345247
197034083 228652315
1551473 6674327
67743427 131973580
894308828 977966344
509198193 568697605
730263765 781466437
868250615 884108294
351694718 413695194
703271758 743980655
98808889 159542113
793126365 820366429
369768853 472863876
624104740 675664383
82967885 177758205
176259717 228753211
846833898 901980608
13223620 91023240
913005213 950352667
79841069 167253766
225101721 241985204
126402226 163447439
23238174 91481266
762740259 779178009
84516222 152995945
467172448 483574639
244175516 298551539
823002828 896438123
627569181 708614013
841457485 898513355
82738836 154515085
741556576 806771742
355088610 368954552
227127835 314009356
819874094 881920648
345638144 371647282
570107873 600337342
532349742 564030438
923534687 985022374
665667087 738765619
917370562 964675289
362824280 397722879
250802601 277894472
939616434 947794326
238159823 276163282
275969523 340509573
887130522 977861741
257276359 329653334
704325232 738198035
279502268 355132672
563655898 600795589
685109047 750590612
686108041 754098281
369769276 400350178
67529199 83492407
67251790 127353524
1070000 34091432
897228943 996379693
121703559 163568996
739802975 784314633
713380457 725676089
865943847 883268054
579140081 587065048
67831937 90110027
311917856 356881376
800359899 825881513
366232166 446671843
679065540 748265526
41820225 88803519
901480534 967244436
781284628 856083448
88392103 179018456
67345939 92005210
418265853 514645345
777269148 834407600
512912732 563051728
580278586 585158288
820935910 890346758
340492779 367094238
693340189 741171990
508619957 563285245
12776103 78100525
56997155 89770833
82150102 156530684
784778820 830449324
927540383 998933329
787698194 822173529
727108993 790572016
333031887 360707382
483492699 567957365
509516724 568158022
356206033 408057104
58257528 83346064
614384726 707300774
378504922 461378923
344781760 417990948
59985402 87054410
360988268 428270349
902954457 973180919
626283818 687214767
380617321 425384194
125917706 143373429
795029265 843130013
251293551 286833547
161458011 235012850
412089260 499599672
561900172 599545809
29064102 72264567
367705165 410145400
780663868 856570708
66837753 96307451
634744759 698890553
66977063 112974463
226430423 236800415
709490888 753808405
480263005 568575298
112919767 161200399
632787521 706199695
579333619 607769489
685092200 717130184
247803914 285080934
206990122 230794106
67553315 104912236
226393174 262298758
340733575 384352276
238362724 307967916
376828855 472292237
283474924 355473003
581285689 605727029
609555218 616195490
946204266 969500856
384237290 467301585
643236119 700578104
512104449 566850996
230944411 288126344
67813744 110475038
40013934 83857511
359857139 367097406
370921941 435768606
518554310 565615372
618675944 686784302
67180634 142359188
23989968 75226215
807332180 846785196
63343807 93459268
354523660 381066553
804436204 842051303
769131746 778211213
827765556 903377544
939414811 986438427
773848128 799731945
225235865 234777915
788462515 826756932
18830580 77888353
615086309 709862630
483741776 562554336
788845789 848912943
559929773 589190236
828608937 891383412
258657072 303567012
217173500 230546190
378859565 430451472
97181002 161354376
489624848 567939286
326612641 376520612
67849360 95623687
68271968 83460558
853770613 882639657
111370689 173590017
368081192 465417844
67948764 112421359
239071041 275309285
875971258 947772410
68063805 133892713
255183096 265477850
580711352 592679747
14670284 72791243
635852304 706210349
192507193 225143878
277194707 356298839
796701539 837655223
481820277 562587175
2770022 24972059
594758641 661609909
581547016 606752803
732606805 790286492
571460583 602815023
585260461 613320759
67026666 139581077
633292317 671699766
328309716 346455200
354568120 405348093
226130197 278783277
253127133 286749328
478091562 487550831
547409584 571001083
66906144 123211831
531119026 563410839
607811028 636511938
635654648 698379231
473769650 483833182
447416184 515945352
545218618 560601635
504462568 569775635
279355185 378411278
621497312 671105270
252154582 288140207
753935991 792856990
276535298 373274105
335285029 360055530
67981315 126698706
604079205 659754202
151090863 229718587
358767144 401047730
361882260 365737597
73949387 179525840
602875719 622209533
839934125 882657038
366435971 461012814
382551304 462048381
881341717 978853209
819621769 885406383
192694324 228896931
280209385 343632202
813095949 825542528
440378410 484902220
160388258 231847188
401802249 516609346
225707814 266156063
226196051 283357501
568778198 587967920
575433893 598808915
293615761 352492204
185822832 232209046
226263152 233748225
225183119 266815114
518897232 562872072
238522251 285894184
453422771 518620075
621708331 697333597
4734524 25334707
852010060 890522033
683778938 739556467
225002220 257824020
650350560 712381089
388498538 428663596
369128616 434637902
1329513 46175897
273844672 359879874
772640076 805727028
675906122 715557891
204998367 230148569
577965914 606380291
723053425 787311232
430510491 481187341
609728373 613259033
225736276 283864842
351156244 416150329
67024713 123967778
67993156 69604059
75166931 130697336
439290633 482185417
14743091 81393918
885092405 949350802
585523984 615689146
809197812 856109478
504765625 561521388
405333977 517846802
223366 38030147
134675728 231855934
734940594 789006763
729166011 803471791
539163703 567148436
97620104 136680629
586777899 640147077
587438573 633380682
67243914 101852975
225607151 231802524
127985608 136623391
240380841 307751842
831029918 881799091
579698787 608326791
225828631 265288990
2296790 13388531
369930898 416193954
108406324 177489130
160696487 230917413
497802818 565485015
562930021 595817838
596349669 636316713
919036072 954153194
67920037 77687515
71976889 141942487
649859247 661104611
6086053 76315376
750176697 802005146
353572897 403971175
839510262 871247256
599678424 617713749
67842581 97761132
68000395 136636691
805445209 836297631
737596470 798951848
8035478 91236712
4202590 24378902
390580489 440800481
1625390 19600784
378490408 419045056
879684384 959509649
200077614 230344882
591758344 636239633
441166941 515722772
66849331 83300484
568115272 595702223
709415185 751058446
932346072 998382981
256350990 269354049
67943155 87835457
592536807 633526262
342803323 374698998
281119921 371294623
936523770 980152381
794692438 833040867
718876422 785211286
831953542 894258131
598132477 632756171
113946950 131494696
367126726 402520440
109928161 147054294
488239169 563424009
887487711 968560328
68149852 93218204
257352782 326232739
97897757 160351859
703653395 749237780
346172898 389566966
576635364 606012466
467204734 511089547
791783341 834474545
595678653 665107379
693067036 733237461
812334453 835574141
812241605 840532987
187855890 234147531
561848614 601867331
632099028 671501136
558919379 594568734
943697295 977728774
859040735 888219424
446052341 514390447
6972901 67346671
214963236 227858591
705886313 725129384
393464662 429649782
696405675 729536654
610510782 617227660
577281839 603539851
771368633 797933810
846504454 878608957
2448770 18947234
38333512 92307436
120588607 186776854
355280822 398899048
225560091 282202243
67431893 126573529
827878942 879618356
915236674 981068617
558842885 616738551
320155195 372150287
226108554 245235884
587914331 666501862
351672639 417019268
68239831 97717454
349041249 410138809
846861738 871693780
225489392 282016558
744794528 784928553
595471177 644768552
225777117 238238807
850205166 892487014
946665220 969476862
231976420 305816648
96593910 135512351
861444067 893260099
564105833 602504090
804197167 841529918
281661105 344853830
798297295 821807027
249271639 285216698
584848712 662360665
939119694 960559189
76205802 139866433
866496226 882824000
406640531 490363790
303396890 354676412
250613001 309102816
756129528 801869227
891171908 952631707
939485245 969570002
226006925 234209241
286233221 377327923
1334464 25572332
3183900 9226844
21786360 82149728
531127238 565283012
575317404 611258396
225816581 237096289
661904538 760993876
3112739 10871291
531777636 564618436
639780515 664304968
398873988 492050896
101054193 133035747
396799298 481764680
1478648 10763938
225778258 272344787
199970164 227213180
4126509 14538868
862258406 891928953
226041396 229957800
445047882 491130560
576357613 611038128
52948247 76650682
228375516 283184952
907782992 987234366
392727942 421083137
653702019 743735158
60840 33823031
269428505 342789408
631762343 703035952
219449554 234441000
562933899 605993806
564923491 602431524
904289163 970647701
566926502 594439697
144997595 234488464
800001602 854337725
509843346 564843984
629540550 665481894
750726063 791820719
189464080 232452279
172140074 225008148
564786712 618550057
238372994 317674877
257729082 312661828
2459435 29227107
574352758 600227930
505750032 570985204
553827705 569540805
43034538 87316166
538535673 570564284
586503342 662471632
378013174 396302819
298482105 365994780
351034588 401918607
194871351 238055067
943730603 975959807
571833976 584644282
364332351 376271479
631993443 676660478
671088960 723720140
568690355 594749662
910736014 978620275
109859611 190131840
289923 32303146
874908013 995685354
107747668 174981173
208345825 233414121
137769772 227836380
622449455 677601966
376499004 455083865
805584513 832142571
899496594 948421314
594122715 634269553
924113364 962765252
348165449 403881878
2288176 13076121
784617218 828381612
1862858 31199667
857743823 886357813
226163163 231031455
731163607 790640536
67138508 88081218
597123879 623372280
532737740 570366937
596619588 631523433
67196991 123637170
774711497 796099746
2500227 4797033
755151570 781557084
2186526 44260031
226212640 235602372
62742640 88927431
357506393 372569659
943281040 972875884
819596014 872298307
789371374 840138324
824736166 882024268
344159967 372557506
111946724 164490594
322242836 352454539
563622047 589675680
176061 45976175
518071552 566685228
584471245 631517280
544396425 567212849
251490150 298068981
741838529 798395244
19970699 69579999
795181131 817891252
554093135 564340454
600981916 637017484
225665287 254486209
172013081 230989546
2342072 42125580
633205607 659113302
237803728 300100678
821021337 879994306
824465121 894422712
845121674 881883700
225222031 227657953
495210886 568659203
885153984 977853317
67158814 102845116
74557887 140600841
330544819 343452752
132149414 228622166
312651369 344893559
107961669 179342585
249880076 274790099
340841170 388712782
408674738 504887874
4354 21639270
225662363 228855058
354987553 408262361
652606277 758589051
823336504 877610625
789501097 856223451
67331089 96764619
663626490 730996042
705629308 722172438
803180711 846687538
487778999 565814850
392781850 452956423
252500366 317306963
492908050 563687691
68266159 93252567
61988405 69606563
370515805 474124627
17848823 88416127
225755358 250550951
631595875 676471343
889083265 977634299
694465989 719181649
345318031 392319920
605309081 624055646
209397939 227642412
639933870 700882786
329896428 374652234
451499 13925168
1503323 5171083
16106409 91215150
90916038 131104442
354908718 380131317
29838617 90206462
288557339 362012145
610013104 660811071
649154482 677169954
721953223 809482793
856124811 883573525
691951525 726652088
607798799 653703926
160121367 236274754
112335527 174402296
385617701 412749243
552140079 570226649
161839366 233516883
67812486 97329505
358464265 379626321
753837084 801681003
623124941 665024973
169121232 234098000
172677746 224864087
554283 44432352
601939138 661453969
298536970 347706282
621285999 662761667
837696306 890761677
801674856 832414431
1777204 30675344
528742377 561887079
836563263 898311340
3103898 14610145
88438471 178597676
389138469 407066441
671269574 749410396
821915734 893205326
390148276 409777786
926104549 998644923
571313337 592312064
1253468 45310378
499416186 559254926
844936055 892285235
240208684 289967316
911131940 957992025
14064309 86132478
474888820 499274589
557373802 563783297
554209841 559915044
903786212 975294878
750416835 809009468
600976789 646189906
85245338 184607414
341991289 395621327
36519556 93927467
1171294 13655975
654265290 740814218
67749217 100332486
642916 34568980
227283894 283282124
867352151 888284241
361134561 389789215
594771893 637296013
365019452 389096540
77288556 136755456
114553966 172742038
67139133 142149958
638549936 686394717
636228840 665312926
810686375 833220311
797356154 820632308
766630329 807667140
225789553 243444561
398818326 509601983
46651330 82043997
184399875 237829577
18060170 87084612
375615727 444522412
68144555 139551930
674961295 726524552
4217305 23002330
371107751 445807942
611456506 659470779
106500324 134133815
647463391 654498842
734699638 790693836
67127695 84348131
68124763 140589617
749954410 795806639
274120666 363029201
516758827 570972190
783730385 843719732
39015380 73752200
564461230 590005036
109032552 166274843
342254682 382971761
246786597 315035335
572565480 585023990
620947021 652974854
788015063 831227343
622735182 684416971
120791213 162832248
616409006 672646357
4410064 42866686
1832250 36208400
633436847 700209717
421690127 502553070
102949149 145219545
535006402 564226137
240273910 308708008
67029796 99939655
857399358 902843811
635393251 666255593
898722941 997884520
66840010 141028609
906529555 999242717
607785185 656706583
643897568 709063114
225696456 233075230
674964825 740088493
372050154 400470631
802537315 833470521
514233005 558526144
363644312 403557993
8958944 79693118
225730329 227022212
66841013 122709250
895226313 949650954
161327007 230765929
382410165 438296401
674598628 756863553
239492542 303652542
226343735 275424581
568604831 614120306
724977240 794716533
347825678 395463621
363724936 392641633
609070574 637821636
68254393 128740679
475986680 505934483
25722365 79351418
74000021 169230914
4292842 40358721
130023 36951188
480089679 569716188
525574471 570268084
353071776 374195960
686995713 743497324
774499201 792509762
350381886 410789208
3519413 4997875
2409363 23276002
791716809 851298876
225439261 251095232
617469411 674182277
492689778 562728386
152554831 236784964
254722297 273603244
329290001 359122378
835198787 873336681
578243721 593863717
927576656 989792054
356425940 398272921
225360710 284928449
629346740 693231090
567553067 615220047
23926567 81848489
184711919 235087204
