998
871 1000000000
442 775
737 1000000000
562 895
95 501
883 1000000000
894 1000000000
363 696
718 1000000000
164 395
830 1000000000
741 1000000000
447 780
486 819
276 381
152 625
900 1000000000
39 523
102 421
145 345
717 1000000000
676 1000000000
117 612
365 698
774 1000000000
537 870
81 527
721 1000000000
795 1000000000
426 759
890 1000000000
378 711
859 1000000000
758 1000000000
480 813
698 1000000000
100 378
409 742
132 337
865 1000000000
454 787
657 990
470 803
41 545
84 354
467 800
167 431
787 1000000000
445 778
677 1000000000
935 1000000000
362 695
626 959
395 728
182 343
674 1000000000
828 1000000000
351 684
496 829
510 843
696 1000000000
763 1000000000
819 1000000000
162 373
713 1000000000
44 375
357 690
785 1000000000
909 1000000000
328 589
615 948
70 413
939 1000000000
526 859
381 714
156 616
465 798
949 1000000000
822 1000000000
437 770
147 337
144 373
216 381
557 890
669 1000000000
847 1000000000
408 741
319 551
213 433
631 964
404 737
520 853
341 674
782 1000000000
588 921
764 1000000000
662 995
538 871
68 619
63 400
374 707
839 1000000000
863 1000000000
963 1000000000
563 896
19 511
389 722
258 533
10 506
621 954
285 415
922 1000000000
165 407
541 874
309 413
751 1000000000
30 610
340 673
902 1000000000
862 1000000000
290 343
970 1000000000
16 352
294 515
163 590
980 1000000000
999 1000000000
533 866
112 553
511 844
71 421
597 930
236 563
695 1000000000
947 1000000000
561 894
809 1000000000
244 603
257 370
348 681
960 1000000000
301 514
532 865
551 884
929 1000000000
137 546
322 502
792 1000000000
659 992
593 926
91 388
283 424
299 432
401 734
600 933
877 1000000000
930 1000000000
691 1000000000
650 983
841 1000000000
598 931
920 1000000000
481 814
962 1000000000
235 391
463 796
778 1000000000
473 806
382 715
984 1000000000
946 1000000000
177 401
546 879
845 1000000000
64 607
509 842
750 1000000000
981 1000000000
678 1000000000
681 1000000000
994 1000000000
211 348
349 682
697 1000000000
366 699
379 712
125 533
950 1000000000
747 1000000000
861 1000000000
951 1000000000
605 938
992 1000000000
273 517
195 335
554 887
215 522
613 946
115 547
425 758
630 963
716 1000000000
279 399
219 341
499 832
108 507
602 935
528 861
958 1000000000
502 835
776 1000000000
854 1000000000
92 582
576 909
280 366
824 1000000000
483 816
634 967
679 1000000000
911 1000000000
616 949
2 561
325 507
268 552
61 389
564 897
649 982
472 805
8 371
45 364
665 998
6 505
343 676
506 839
693 1000000000
611 944
59 358
143 512
89 571
194 576
83 434
572 905
131 375
367 700
413 746
284 613
248 379
202 506
256 432
919 1000000000
314 532
259 508
955 1000000000
335 668
155 625
311 361
478 811
106 366
300 415
196 419
21 562
653 986
870 1000000000
391 724
150 430
833 1000000000
714 1000000000
254 577
313 355
722 1000000000
53 391
568 901
427 760
415 748
604 937
396 729
813 1000000000
756 1000000000
364 697
642 975
761 1000000000
983 1000000000
879 1000000000
342 675
901 1000000000
250 518
567 900
654 987
479 812
492 825
543 876
344 677
891 1000000000
586 919
685 1000000000
873 1000000000
503 836
658 991
393 726
31 574
423 756
82 351
781 1000000000
607 940
728 1000000000
339 672
937 1000000000
38 567
587 920
85 622
158 600
996 1000000000
141 610
910 1000000000
449 782
555 888
788 1000000000
858 1000000000
28 530
985 1000000000
227 604
121 594
709 1000000000
978 1000000000
663 996
439 772
967 1000000000
991 1000000000
923 1000000000
986 1000000000
69 423
1 573
759 1000000000
816 1000000000
918 1000000000
589 922
965 1000000000
522 855
490 823
703 1000000000
275 384
387 720
347 680
866 1000000000
711 1000000000
114 517
383 716
451 784
868 1000000000
726 1000000000
210 426
277 535
246 430
139 360
208 387
271 388
186 386
281 352
497 830
441 774
899 1000000000
110 370
632 965
518 851
719 1000000000
461 794
912 1000000000
542 875
346 679
203 541
687 1000000000
793 1000000000
517 850
857 1000000000
238 528
240 384
433 766
32 550
209 400
974 1000000000
673 1000000000
897 1000000000
434 767
76 343
151 338
485 818
995 1000000000
790 1000000000
578 911
14 336
18 384
157 614
842 1000000000
60 366
945 1000000000
933 1000000000
856 1000000000
272 583
153 369
25 341
296 394
223 577
801 1000000000
333 592
184 386
954 1000000000
77 514
547 880
706 1000000000
624 957
88 368
375 708
768 1000000000
656 989
494 827
577 910
282 513
512 845
183 404
24 490
545 878
221 618
320 577
130 369
466 799
321 345
559 892
519 852
97 541
302 552
927 1000000000
803 1000000000
874 1000000000
948 1000000000
418 751
796 1000000000
667 999
529 862
895 1000000000
797 1000000000
977 1000000000
226 391
5 417
820 1000000000
135 596
126 417
23 369
274 517
62 376
291 555
514 847
350 683
742 1000000000
266 411
377 710
515 848
133 565
217 371
769 1000000000
527 860
651 984
784 1000000000
51 533
109 435
146 501
618 951
462 795
810 1000000000
376 709
755 1000000000
836 1000000000
482 815
749 1000000000
205 525
417 750
206 387
327 594
475 808
647 980
688 1000000000
966 1000000000
232 361
844 1000000000
641 974
831 1000000000
54 385
969 1000000000
591 924
848 1000000000
431 764
251 620
385 718
262 368
553 886
33 493
606 939
286 365
1000 1000000000
953 1000000000
780 1000000000
128 592
926 1000000000
261 335
608 941
582 915
539 872
975 1000000000
107 506
474 807
860 1000000000
430 763
645 978
103 536
998 1000000000
766 1000000000
476 809
380 713
233 501
775 1000000000
744 1000000000
636 969
993 1000000000
612 945
635 968
765 1000000000
491 824
571 904
4 372
570 903
794 1000000000
270 334
808 1000000000
753 1000000000
73 532
149 570
429 762
49 540
345 678
358 691
872 1000000000
245 377
734 1000000000
584 917
644 977
783 1000000000
523 856
455 788
908 1000000000
191 530
904 1000000000
881 1000000000
771 1000000000
188 429
701 1000000000
127 536
67 379
388 721
800 1000000000
47 430
931 1000000000
727 1000000000
620 953
303 502
941 1000000000
239 498
818 1000000000
359 692
140 396
337 670
386 719
772 1000000000
767 1000000000
732 1000000000
459 792
806 1000000000
804 1000000000
682 1000000000
982 1000000000
885 1000000000
671 1000000000
247 539
330 582
928 1000000000
384 717
590 923
241 496
169 627
178 618
287 346
968 1000000000
399 732
943 1000000000
412 745
324 435
609 942
98 490
884 1000000000
752 1000000000
740 1000000000
896 1000000000
791 1000000000
119 334
288 338
934 1000000000
234 621
852 1000000000
670 1000000000
498 831
394 727
80 583
458 791
171 587
225 411
78 399
798 1000000000
428 761
531 864
355 688
823 1000000000
942 1000000000
452 785
189 555
9 500
410 743
745 1000000000
957 1000000000
516 849
397 730
907 1000000000
972 1000000000
864 1000000000
289 568
484 817
369 702
887 1000000000
508 841
878 1000000000
72 595
556 889
323 360
326 420
419 752
617 950
172 355
12 527
421 754
944 1000000000
715 1000000000
356 689
704 1000000000
435 768
712 1000000000
733 1000000000
643 976
436 769
738 1000000000
222 497
892 1000000000
123 356
979 1000000000
988 1000000000
735 1000000000
880 1000000000
675 1000000000
971 1000000000
583 916
93 415
961 1000000000
218 565
827 1000000000
7 495
229 372
694 1000000000
487 820
585 918
849 1000000000
731 1000000000
592 925
893 1000000000
179 372
446 779
489 822
932 1000000000
940 1000000000
997 1000000000
905 1000000000
680 1000000000
198 381
840 1000000000
664 997
438 771
610 943
825 1000000000
672 1000000000
11 348
448 781
90 355
37 537
838 1000000000
898 1000000000
315 552
789 1000000000
468 801
684 1000000000
915 1000000000
495 828
170 360
724 1000000000
580 913
75 414
754 1000000000
811 1000000000
104 528
748 1000000000
269 543
204 418
197 499
739 1000000000
867 1000000000
807 1000000000
332 379
180 498
690 1000000000
26 542
292 624
829 1000000000
956 1000000000
96 616
265 608
40 492
628 961
372 705
560 893
224 354
625 958
371 704
13 405
201 600
689 1000000000
729 1000000000
29 595
629 962
317 351
187 364
627 960
457 790
249 509
307 386
488 821
882 1000000000
304 413
190 537
855 1000000000
812 1000000000
914 1000000000
637 970
916 1000000000
990 1000000000
86 426
94 579
3 535
161 543
185 417
199 574
20 518
700 1000000000
242 595
834 1000000000
692 1000000000
402 735
757 1000000000
853 1000000000
736 1000000000
360 693
638 971
354 687
403 736
869 1000000000
176 568
243 407
129 525
548 881
575 908
306 373
420 753
35 600
200 511
166 398
799 1000000000
925 1000000000
267 403
400 733
392 725
173 414
655 988
888 1000000000
504 837
550 883
101 419
52 503
530 863
493 826
331 416
964 1000000000
889 1000000000
723 1000000000
835 1000000000
214 421
278 618
743 1000000000
124 411
212 575
973 1000000000
471 804
924 1000000000
17 583
850 1000000000
56 561
181 571
683 1000000000
297 624
422 755
192 513
603 936
237 608
440 773
646 979
903 1000000000
34 511
318 432
414 747
633 966
99 378
536 869
50 532
370 703
777 1000000000
159 562
160 555
699 1000000000
648 981
373 706
846 1000000000
886 1000000000
87 575
826 1000000000
702 1000000000
469 802
398 731
252 518
705 1000000000
116 597
513 846
843 1000000000
407 740
581 914
686 1000000000
640 973
730 1000000000
443 776
43 573
501 834
614 947
316 408
746 1000000000
906 1000000000
464 797
295 610
111 358
660 993
779 1000000000
460 793
987 1000000000
79 576
832 1000000000
524 857
558 891
594 927
230 584
708 1000000000
762 1000000000
720 1000000000
228 574
329 537
535 868
453 786
666 999
15 614
207 530
308 582
938 1000000000
424 757
525 858
601 934
989 1000000000
851 1000000000
310 621
770 1000000000
773 1000000000
815 1000000000
405 738
263 390
154 400
450 783
253 383
623 956
136 605
456 789
118 584
917 1000000000
549 882
805 1000000000
507 840
837 1000000000
134 354
220 394
500 833
361 694
57 510
710 1000000000
760 1000000000
36 397
786 1000000000
411 744
552 885
599 932
725 1000000000
120 380
312 569
66 399
390 723
298 397
148 558
574 907
353 686
569 902
74 589
936 1000000000
193 377
42 375
540 873
573 906
876 1000000000
255 598
142 395
622 955
27 398
168 493
579 912
534 867
566 899
368 701
639 972
264 491
293 593
46 553
814 1000000000
432 765
477 810
175 567
595 928
444 777
505 838
817 1000000000
661 994
875 1000000000
952 1000000000
305 510
113 587
913 1000000000
652 985
105 335
596 929
406 739
921 1000000000
336 669
174 371
58 581
48 612
260 514
802 1000000000
138 341
55 348
619 952
521 854
122 337
976 1000000000
959 1000000000
231 557
707 1000000000
65 608
338 671
416 749
352 685
22 521
821 1000000000
565 898
544 877
