999
777 801
774 801
574 607
254 279
635 677
762 782
80 121
325 356
760 772
716 736
479 509
494 520
570 613
144 185
151 179
358 376
208 241
33 34
42 77
666 674
140 188
711 739
291 306
523 537
905 934
88 109
562 573
541 579
533 553
520 541
273 325
564 570
224 257
347 388
54 73
367 380
862 875
843 875
650 678
475 503
662 676
825 840
155 189
772 805
809 847
908 954
785 821
280 306
817 841
969 1008
530 535
161 174
239 279
734 767
388 421
302 309
759 780
893 911
615 634
937 964
743 769
181 211
698 703
466 479
272 321
95 115
145 177
437 474
216 249
413 444
395 405
867 919
108 150
673 716
209 242
310 357
103 142
618 651
211 244
851 867
1028 1000000000
182 214
129 149
405 452
138 180
687 701
984 1001
967 1018
391 412
547 569
353 372
78 117
253 272
387 412
324 341
672 712
855 869
922 941
178 215
998 1000000000
611 639
664 667
6 47
545 572
813 845
252 282
768 820
544 577
86 106
606 653
805 832
299 304
75 114
849 876
493 505
1004 1000000000
26 46
333 345
648 667
104 162
464 471
901 942
332 355
8 42
1013 1000000000
13 49
877 916
185 205
980 1001
198 225
956 972
303 314
180 209
632 635
248 292
583 601
649 676
330 359
343 384
625 639
853 877
235 268
858 871
864 865
823 840
884 900
462 476
924 938
882 900
1009 1000000000
410 440
128 137
85 110
756 766
188 226
414 440
584 609
972 1006
746 769
109 136
183 218
483 515
856 877
3 53
870 915
313 352
933 987
111 138
981 1021
551 581
1018 1000000000
327 339
255 286
389 422
495 519
260 273
810 846
875 915
40 76
369 398
473 506
219 252
241 289
1010 1000000000
579 613
651 679
888 914
703 737
217 250
263 283
553 579
154 186
556 577
316 338
990 1014
1017 1000000000
747 775
326 349
963 968
49 72
740 780
1020 1000000000
444 480
729 746
489 515
360 372
32 50
646 674
912 936
319 355
131 140
824 834
892 911
603 638
247 286
779 818
123 148
340 381
665 676
231 264
457 471
954 980
44 69
277 308
328 357
783 815
869 914
560 572
959 976
385 419
834 882
366 372
569 605
657 667
791 802
804 837
115 148
434 437
647 680
999 1000000000
236 269
315 345
752 773
406 454
506 537
439 481
487 509
836 871
256 288
377 424
222 255
765 780
51 73
631 640
286 325
356 373
593 613
590 618
351 388
891 901
952 975
446 480
64 71
796 811
2 51
228 261
626 654
174 222
745 782
776 806
644 674
814 846
854 878
961 982
971 1004
988 998
754 781
460 482
696 709
195 215
555 590
52 80
741 781
537 572
707 746
675 709
397 423
943 964
753 774
975 1001
264 282
820 851
897 905
909 950
580 615
816 848
83 122
250 271
285 319
225 258
715 755
883 909
141 189
623 651
27 37
928 940
416 447
350 376
461 470
210 243
944 970
159 178
440 481
887 902
14 37
374 424
1026 1000000000
124 140
251 284
480 502
1012 1000000000
47 69
427 441
456 470
97 113
447 478
242 274
710 740
942 978
978 1006
101 105
92 110
41 78
309 345
767 804
921 941
57 76
162 177
784 808
199 226
962 979
693 715
925 956
629 643
275 318
789 818
614 647
244 277
214 247
640 679
932 980
723 755
841 878
848 880
894 917
566 574
630 656
307 353
171 212
76 113
749 779
966 1003
486 503
798 815
98 109
429 450
438 483
355 370
127 141
160 180
608 637
24 34
484 504
179 214
951 977
114 137
298 305
200 225
686 710
121 142
361 392
735 771
430 440
338 382
134 153
167 172
709 734
653 668
620 654
317 356
585 604
96 116
308 358
22 52
147 187
1007 1000000000
758 775
19 36
288 305
63 77
393 420
267 290
534 536
697 710
914 932
289 318
958 967
617 650
724 751
946 972
500 505
929 946
970 1010
546 570
786 817
363 392
282 322
575 611
87 104
386 405
394 424
246 289
189 225
48 80
306 340
297 307
589 618
800 846
821 845
503 546
945 976
1019 1000000000
598 609
507 554
278 325
790 806
1 46
423 439
581 615
421 445
859 868
595 609
986 997
142 172
300 316
10 36
594 602
610 648
936 971
476 507
879 900
192 219
773 820
955 965
408 436
329 354
788 811
249 284
16 37
712 740
519 550
826 848
660 677
896 898
399 419
543 580
550 581
744 779
677 713
220 253
445 469
678 700
1005 1000000000
169 182
917 951
748 773
193 210
229 262
835 869
991 1015
454 472
573 606
259 286
12 54
639 681
654 679
322 349
215 248
830 844
850 866
373 422
713 742
77 115
194 206
916 949
376 403
113 148
7 54
148 178
173 211
412 437
613 654
679 712
726 749
400 409
35 77
465 473
529 537
587 611
860 866
441 473
284 307
372 409
157 175
116 151
69 110
133 139
139 185
137 180
55 70
522 541
1002 1000000000
719 753
658 669
314 357
61 82
379 405
599 610
968 1010
294 317
1003 1000000000
164 175
940 977
669 706
721 744
844 876
828 833
808 835
642 671
431 451
1021 1000000000
305 362
488 508
89 106
463 482
918 939
452 484
685 713
36 73
191 210
557 587
234 267
477 514
886 909
960 983
39 71
833 880
143 187
514 544
301 316
478 508
878 899
81 124
680 711
890 916
418 452
311 341
443 473
900 948
727 751
82 109
915 933
126 140
982 1002
670 707
558 580
152 171
331 337
641 671
674 708
197 226
974 1010
453 480
56 72
201 207
58 81
321 351
778 814
293 314
433 442
681 703
375 407
70 103
106 143
1014 1000000000
739 777
120 141
950 976
498 505
206 239
9 41
509 549
699 716
578 604
491 507
481 513
339 385
451 478
53 68
923 938
312 354
420 446
262 289
110 137
1025 1000000000
604 637
902 951
676 708
839 872
112 145
794 803
94 107
872 913
1015 1000000000
837 878
845 868
346 374
616 643
508 540
728 742
177 219
60 76
243 282
861 874
202 220
815 848
1008 1000000000
702 745
426 453
67 70
807 832
586 618
737 775
504 539
207 240
802 832
913 940
226 259
600 602
540 582
237 269
66 80
588 612
1029 1000000000
720 753
763 783
1022 1000000000
838 877
37 78
342 381
565 569
592 605
122 141
977 1018
458 470
17 48
911 954
435 441
621 652
365 384
283 304
158 172
889 916
135 146
474 503
348 389
21 51
976 1011
261 272
90 107
166 173
906 945
497 506
146 179
994 1002
947 977
79 126
46 81
934 970
150 170
335 342
705 736
622 653
381 416
515 557
750 771
402 420
692 708
532 550
485 514
840 874
499 520
663 675
755 771
156 175
396 404
459 476
822 836
531 546
517 536
349 380
682 705
781 806
827 835
442 483
571 621
276 318
655 678
671 711
803 835
240 274
609 643
450 476
684 704
512 545
731 753
1011 1000000000
205 238
607 646
993 1011
163 191
795 811
384 421
919 938
903 931
50 78
563 587
336 342
732 749
829 845
186 218
881 901
949 968
1000 1000000000
926 943
996 1008
793 822
334 352
907 936
323 340
636 669
221 254
467 474
701 734
770 804
99 121
1016 1000000000
576 610
941 982
624 634
132 153
345 392
559 582
688 701
987 1019
510 536
378 426
708 745
472 518
661 672
125 144
538 573
184 220
407 447
627 640
771 805
652 681
948 980
269 272
718 733
516 553
118 143
979 1008
84 116
119 139
153 178
899 934
852 873
521 555
992 997
965 1021
695 711
730 745
422 454
582 611
482 514
295 304
554 579
797 818
904 936
989 999
320 339
415 437
432 442
268 285
736 768
1023 1000000000
866 915
380 417
175 204
62 75
818 839
218 251
694 715
706 749
738 777
449 479
842 865
455 481
258 276
761 772
1024 1000000000
764 778
1006 1000000000
223 256
953 965
105 143
411 436
874 913
885 909
31 43
4 40
23 36
401 407
831 837
511 544
354 381
637 668
279 312
880 899
130 153
704 737
344 384
245 273
29 56
524 545
265 276
357 394
539 589
863 866
233 266
213 246
722 744
352 370
643 673
806 839
787 801
368 373
596 616
419 450
775 800
973 1018
792 815
292 327
392 419
424 444
15 49
780 810
364 385
227 260
257 274
527 550
409 446
404 451
176 221
341 370
383 414
43 79
935 972
930 949
659 678
187 218
920 952
591 604
525 554
561 589
782 817
65 71
612 638
470 506
689 719
645 680
668 706
382 413
983 1017
290 312
542 568
927 942
203 222
471 518
398 418
552 573
281 307
448 479
628 648
274 306
230 263
296 310
769 799
371 420
812 839
549 577
714 752
602 642
536 569
190 211
757 779
717 747
605 648
100 122
496 511
468 484
212 245
505 544
857 869
318 358
811 842
619 637
548 575
690 703
751 769
847 874
528 540
72 113
691 713
526 554
93 116
910 943
501 513
801 837
232 265
572 615
939 978
957 974
30 54
287 310
1027 1000000000
725 740
428 439
742 773
149 176
172 227
266 277
995 1019
425 447
873 913
38 70
28 41
91 122
633 639
895 911
390 418
168 184
638 673
25 42
819 842
59 75
73 121
1001 1000000000
876 918
362 398
5 52
513 541
868 898
74 102
20 46
490 504
577 610
18 49
359 373
985 1021
938 968
846 882
270 285
196 209
417 441
117 147
165 189
871 908
518 539
683 700
71 120
597 601
107 138
656 677
45 84
11 50
492 508
567 576
