999
82 86
889 891
565 567
1104 1108
1173 1175
749 750
249 252
1195 1199
19 21
727 731
599 603
601 602
751 754
1144 1146
801 802
1149 1151
253 256
747 751
1208 1210
96 102
947 951
152 155
373 374
296 299
1069 1072
365 367
1273 1276
728 730
300 303
176 180
1037 1040
1112 1115
89 91
464 466
659 662
920 922
39 40
272 274
33 35
732 734
112 115
88 92
397 398
979 982
189 190
948 950
349 350
167 171
1169 1172
252 255
789 791
675 678
323 326
1304 1308
1237 1240
976 978
457 458
543 547
32 35
1101 1102
1079 1082
347 350
873 874
244 245
325 326
975 980
1219 1223
1000 1003
353 356
991 994
448 450
51 56
488 490
513 514
84 85
182 188
745 746
705 706
912 914
69 72
661 662
984 986
707 710
797 800
888 890
911 916
1131 1134
1224 1227
361 363
756 758
269 272
28 32
444 447
420 422
1305 1306
932 935
447 451
876 878
1281 1283
1108 1111
142 145
158 161
344 346
16 20
231 236
307 310
805 807
840 844
816 818
67 70
583 586
172 176
736 738
268 272
524 526
1107 1111
407 412
357 358
199 200
1229 1231
2 8
557 558
1275 1278
612 614
164 168
897 898
631 635
931 934
484 487
1184 1188
243 245
933 934
3 5
695 699
285 287
143 145
949 952
423 426
1027 1031
684 686
1009 1011
1253 1255
1021 1024
439 443
9 11
1089 1092
891 894
633 634
331 335
917 918
1175 1178
501 502
1004 1007
258 263
872 875
1180 1182
900 902
1093 1094
27 30
1047 1050
560 562
664 667
672 674
1201 1204
757 760
656 659
528 531
316 318
609 610
627 631
186 191
1160 1162
563 566
432 435
649 651
837 838
559 564
985 986
883 886
13 15
356 358
485 488
731 734
107 110
812 814
445 446
1155 1159
1260 1262
479 483
1083 1086
1031 1035
584 586
360 362
412 414
1191 1194
156 160
1223 1226
692 696
188 190
66 73
154 155
493 496
62 65
971 975
828 832
46 50
48 51
1020 1022
940 942
561 562
691 694
1100 1102
729 732
237 242
957 959
669 671
251 255
941 943
901 902
1081 1084
147 150
803 806
621 623
17 21
11 16
893 894
793 795
1244 1246
527 532
715 718
1172 1175
791 796
1299 1302
212 215
129 132
305 306
1255 1258
387 391
875 879
1065 1066
299 302
211 215
372 375
293 294
1024 1026
1017 1018
945 948
1193 1195
119 120
1308 1311
291 294
168 172
1099 1103
752 754
1092 1095
544 546
604 606
183 185
1139 1144
377 379
881 883
792 794
988 990
748 752
651 654
905 908
943 947
864 866
4 5
453 454
198 200
477 478
607 611
520 523
529 530
1179 1182
1212 1214
735 738
332 335
652 655
580 582
1292 1294
309 312
403 406
1117 1118
969 972
743 748
713 714
136 140
1203 1206
1061 1062
475 480
1233 1234
1019 1023
939 944
257 260
765 766
572 574
468 471
512 514
333 334
68 71
496 498
1313 1000000000
159 162
194 197
149 151
124 125
552 555
106 110
1303 1307
755 758
425 426
1176 1179
760 763
1220 1222
595 600
367 370
203 205
311 314
47 50
8 12
341 344
1141 1143
57 61
471 475
271 275
261 267
683 688
739 743
109 111
213 217
371 376
92 95
288 290
31 35
38 41
232 236
1060 1062
944 946
1029 1030
796 798
1211 1214
644 647
476 478
867 872
852 854
787 790
104 108
1240 1242
495 498
871 874
1072 1074
29 32
1056 1059
1025 1028
254 256
335 338
1215 1219
767 770
593 595
137 141
101 107
12 15
915 919
191 198
1143 1146
71 75
1103 1107
1272 1274
711 716
815 820
677 679
1256 1258
42 48
831 835
725 727
1157 1158
879 882
913 914
648 651
121 125
54 56
564 566
321 322
591 594
1088 1091
1032 1035
144 145
161 165
619 622
308 311
808 811
34 36
1128 1130
839 842
1156 1160
223 225
157 163
399 402
297 300
83 88
280 282
592 594
1039 1042
628 630
236 240
956 958
131 135
551 554
989 990
611 615
128 130
355 358
389 390
1013 1016
1200 1202
23 27
575 579
515 519
1121 1122
779 782
720 722
219 221
429 430
103 106
995 1000
799 804
997 998
701 702
908 911
753 756
827 831
1085 1086
937 938
681 683
1171 1174
492 495
819 822
961 964
202 206
635 638
576 578
369 370
1080 1083
324 326
1015 1019
800 802
6 11
616 618
340 343
94 96
951 954
174 177
781 782
127 131
229 230
1284 1288
1285 1286
688 691
461 463
1075 1079
74 77
345 346
312 314
832 834
113 117
247 250
392 396
363 368
411 416
820 822
184 186
24 27
581 584
440 442
1132 1134
1207 1211
148 152
1005 1006
1252 1254
965 966
553 556
146 152
1064 1066
721 724
173 175
848 850
1059 1063
1071 1074
242 246
206 211
489 490
509 510
404 407
116 122
696 698
505 506
545 548
1209 1212
603 606
36 40
37 42
533 534
740 742
657 660
503 506
784 786
1133 1134
573 575
417 418
433 434
451 455
284 286
79 80
1 5
1111 1115
1073 1075
653 655
836 838
517 518
977 978
460 464
1248 1250
1288 1290
807 810
645 646
221 227
1247 1250
1167 1170
996 998
643 648
936 938
1279 1283
1291 1296
292 294
177 182
1051 1054
925 927
329 330
708 711
224 227
315 318
952 954
1052 1054
697 698
1151 1154
953 954
1232 1234
459 462
1028 1030
1251 1256
567 572
1271 1275
1295 1299
1115 1120
679 684
1123 1126
443 447
328 330
992 995
892 894
1196 1199
927 932
880 884
14 16
228 233
1001 1002
139 140
337 340
1276 1279
339 342
596 598
1124 1127
239 243
1145 1146
508 510
663 666
187 190
536 538
1277 1280
1041 1044
1105 1106
1177 1180
823 828
843 847
122 126
1163 1168
841 842
1044 1048
246 251
53 56
277 278
1040 1043
919 922
623 626
102 105
960 962
571 575
899 902
885 886
22 25
1152 1156
519 522
123 125
676 678
1188 1190
132 136
588 590
525 528
153 156
921 922
259 260
59 60
1053 1055
541 542
401 402
507 510
166 171
987 991
61 65
685 687
207 210
540 542
647 650
114 115
699 702
671 675
385 386
1036 1038
214 217
712 715
263 267
709 710
680 682
776 779
500 502
238 241
304 306
262 265
523 526
1023 1027
845 846
118 123
703 708
267 271
1049 1050
916 918
587 591
1183 1186
624 626
413 415
617 618
1161 1163
579 582
319 322
320 322
162 165
660 662
813 816
577 580
877 878
1012 1014
856 858
303 306
1055 1059
532 534
589 590
497 498
1067 1070
197 201
531 536
1204 1206
64 66
483 486
929 931
724 726
968 970
1168 1170
868 871
637 640
317 318
1300 1302
981 982
196 201
719 722
1164 1166
535 538
1249 1250
615 618
980 984
1147 1150
825 827
7 10
431 435
26 30
151 155
1227 1230
480 484
1231 1236
539 542
381 382
1243 1246
49 50
549 552
313 314
1137 1138
133 137
665 666
1003 1007
1280 1282
569 570
1301 1302
855 858
56 62
117 120
97 102
111 115
134 137
78 82
521 524
511 514
87 90
138 141
904 907
935 938
1091 1095
804 806
632 635
419 423
821 823
1311 1000000000
955 959
629 630
863 866
301 304
384 388
636 639
1263 1268
73 76
972 974
959 963
639 642
640 643
1297 1298
1239 1243
491 494
1261 1262
1267 1270
909 912
1213 1214
1153 1155
415 418
86 92
964 968
455 458
1068 1070
233 235
817 819
903 906
472 474
388 391
163 165
1148 1150
613 616
811 815
1228 1231
1136 1138
761 762
91 95
1113 1114
785 788
383 386
1125 1128
556 560
266 270
21 26
783 787
723 728
851 854
772 774
668 672
456 458
427 430
169 170
465 466
1257 1259
1127 1132
716 718
1259 1263
287 290
860 862
41 45
1287 1290
1293 1295
1063 1067
833 836
1189 1191
1221 1224
993 994
1205 1206
181 186
380 382
768 771
1283 1287
1265 1267
463 466
504 506
809 810
1116 1119
1159 1162
516 520
923 928
408 410
178 180
605 606
421 424
824 826
1264 1266
226 232
763 766
467 470
283 287
1076 1079
179 181
473 474
409 410
77 83
368 370
348 352
759 764
1185 1187
416 418
1307 1310
98 101
1199 1203
1236 1238
209 211
548 550
379 383
1087 1090
1312 1000000000
887 890
1129 1131
597 598
217 222
884 887
400 402
264 267
99 100
568 570
620 624
788 790
1181 1182
1187 1191
1045 1047
218 223
193 196
1289 1290
764 766
1296 1300
967 971
273 276
58 60
93 95
351 354
435 440
973 975
1119 1124
1109 1110
336 339
655 658
1077 1078
1135 1138
1241 1243
281 284
452 455
777 778
1269 1270
279 282
295 298
1095 1099
72 76
393 394
700 702
853 854
204 205
141 148
1217 1218
275 278
1016 1019
441 443
216 220
1033 1034
76 80
1048 1050
352 354
928 930
741 743
364 366
424 426
895 899
924 926
1096 1100
248 251
585 588
428 430
555 558
1216 1219
537 538
673 675
1011 1015
1097 1098
608 612
689 690
1008 1010
487 490
775 780
375 380
844 847
1192 1195
600 603
256 262
733 734
359 362
1140 1142
276 278
405 406
437 439
1007 1012
241 246
1084 1088
44 46
469 471
667 670
907 910
1245 1248
963 967
625 626
376 378
201 206
18 20
43 46
81 85
234 236
208 211
769 772
780 782
1309 1312
396 398
171 177
1057 1058
865 866
869 870
449 452
289 292
1035 1038
547 551
395 398
687 692
861 862
896 898
857 858
391 394
847 851
717 718
1120 1123
499 502
849 850
744 746
126 131
704 707
1235 1239
63 66
227 231
222 225
859 864
773 774
771 774
737 738
192 195
795 798
52 55
108 111
481 482
1165 1166
1043 1046
1268 1270
1225 1227
999 1003
436 438
835 838
693 694
327 330
1197 1198
641 644
829 830
983 986
343 346
