2383
14082
2979
6011
6824
9783
16421
7335
7249
841
10351
13464
1714
7252
17946
3461
2058
21279
5382
9438
12063
43974
5972
2097
2302
11073
6925
1690
7082
2181
4419
36289
4786
1717
8556
16958
945
1115
8903
619
2114
10804
7737
2840
40443
4447
1014
7509
1975
5250
10187
17927
3528
4265
9671
6064
2887
12720
6043
2281
19960
10766
834
1657
13150
5773
23220
12018
6103
76288
15366
21507
5796
341
5987
6438
364
6266
7056
2260
5187
8392
27071
5089
2441
16209
441
4640
4655
10792
22505
17908
21388
10378
16345
9822
2587
10284
32824
19887
