158
2594
2401
246
167
42
1108
343
1136
93
849
283
656
166
380
239
561
255
103
339
2023
187
1217
135
721
430
571
894
258
2957
404
796
536
1287
700
131
38
1007
928
828
1587
804
737
1029
713
190
1008
1612
1016
1871
1050
558
2364
96
1116
52
1130
558
36
611
234
390
1063
252
372
2710
1342
613
240
1764
702
3458
1344
278
2673
197
531
150
2898
79
1129
1493
442
274
32
1412
480
1730
2966
78
1837
163
884
571
115
1271
2354
644
282
1068
179
1054
250
2329
492
2196
1016
1693
792
1075
776
1280
746
1463
3952
1658
50
723
113
1507
518
2076
1899
1218
88
1011
240
200
20
1117
1809
660
928
105
1843
1461
3014
161
39
551
1634
1213
2200
5
32
516
257
16
361
213
436
1293
40
193
113
924
575
929
1098
726
953
541
49
8
400
18
1124
885
363
623
908
1231
123
535
108
215
263
556
3154
438
801
2652
637
312
540
212
3009
1368
1061
268
1188
1177
2164
396
1153
120
166
244
650
2466
715
2103
110
1273
41
1203
43
294
459
1226
72
511
864
484
1067
161
723
245
355
375
324
1746
582
3202
545
1881
144
811
1067
313
1993
845
335
1015
524
361
174
948
239
2978
185
1881
2011
1135
72
540
267
1727
901
806
434
73
145
462
2741
601
414
21
369
2242
1963
692
259
40
761
689
1241
104
159
212
814
105
1210
38
630
420
2661
407
697
54
794
454
2385
105
493
2481
517
1425
1151
1305
1689
403
31
1208
1879
3456
252
798
552
753
2270
3195
292
2188
1254
2256
1320
1054
328
683
421
415
2176
879
361
237
192
54
216
934
1007
3542
64
3453
2938
1204
1588
2686
559
193
142
819
1719
144
1731
2738
2493
2383
249
839
104
2575
501
371
239
1371
581
465
3008
975
172
340
799
1145
123
2463
259
2218
2247
364
1177
1129
3322
8007
127
10
611
3107
373
342
1466
2478
1102
2672
1709
314
1098
602
220
6569
194
764
377
1953
1133
118
365
715
723
245
155
1294
2629
3213
280
113
3
474
913
954
141
1829
2707
536
360
627
1245
687
116
159
905
820
1129
8
1105
1634
1397
562
307
1086
1304
1078
390
4610
244
894
505
1199
4959
737
1490
2336
933
1298
452
69
237
277
2857
797
274
744
25
43
252
149
2037
1101
350
47
936
252
2511
785
1454
22
183
2571
601
1472
50
2230
2632
561
469
2129
884
284
431
258
247
7227
49
125
703
1261
310
80
427
523
144
153
319
654
2937
2226
2266
184
4945
401
177
585
301
1842
3570
991
3259
7186
429
384
455
226
635
1356
351
1143
2056
550
2537
3531
513
552
400
372
1104
270
311
965
249
1673
1132
430
1342
544
719
110
406
1827
2812
304
1633
1179
2650
251
2472
294
589
1553
444
1506
791
982
913
1168
203
1041
1065
1642
676
1567
376
1450
961
670
222
22
48
48
1989
310
63
375
672
846
732
75
3933
3016
1338
850
910
1460
2636
381
1243
956
474
525
3263
929
718
214
4027
590
167
2480
13
430
2264
109
98
54
836
1675
446
198
819
686
1939
1751
36
2415
1390
322
985
1447
484
291
843
1414
177
151
1563
244
29
1150
1252
2620
709
1121
817
1496
213
464
454
533
181
755
12
2124
1088
3351
651
411
1011
509
3641
776
306
690
1347
1763
630
2044
957
1989
321
2731
2096
2242
20
60
1
931
1026
2037
1489
251
445
226
421
2663
2501
351
261
809
1392
296
1055
1051
685
386
2022
530
695
291
1865
145
3272
622
53
507
282
3409
658
1003
580
58
1232
12
489
1324
525
46
352
123
66
634
900
1013
229
273
1791
3263
1169
636
2328
61
1062
1703
319
1000
1035
1711
580
2030
118
207
914
166
540
1429
1639
974
3103
967
437
1437
1780
1261
572
953
5124
1232
1944
3133
534
1466
1282
86
680
1488
1506
586
2194
724
645
897
476
1330
1084
299
56
1150
2331
633
1674
1523
124
2005
2
262
102
48
32
792
1061
3881
2808
306
225
1450
596
513
151
54
2920
2616
451
619
785
767
718
36
1374
470
1239
2182
60
51
229
2177
346
136
158
1577
481
125
473
1056
4086
1607
541
212
31
613
427
1320
739
2057
128
1744
1874
80
28
161
3377
1296
1580
560
1128
401
160
2974
2570
268
90
1830
1504
143
3233
1978
27
170
3690
1502
912
2408
385
1586
139
54
409
2076
923
249
3189
206
844
729
197
1132
2467
1169
537
454
615
255
22
1226
911
1220
76
4012
63
680
1767
421
2461
474
1830
1515
1199
2297
1562
37
622
1203
696
449
49
981
2246
295
1412
221
1099
1677
1157
762
2112
585
898
464
1756
350
5849
587
423
441
181
1487
1819
2128
236
172
589
253
1649
791
192
54
2303
602
33
289
656
1576
1015
2314
1005
42
695
604
196
109
847
94
1299
825
74
120
365
470
2399
1346
1228
1453
510
886
38
1089
677
958
485
1735
847
2334
966
1166
1159
1110
121
2404
113
249
236
992
1255
1586
300
4545
346
14
1052
610
287
1492
435
88
780
701
4091
738
816
1026
165
299
1265
361
924
1408
1330
178
982
368
104
1479
545
66
555
492
261
132
647
593
259
109
165
321
