21
107
40
183
49
4
49
75
17
108
7
29
167
239
42
341
36
119
24
16
37
280
116
19
41
121
32
180
41
27
5
74
89
21
306
119
101
88
38
9
2
172
25
28
57
99
82
59
35
42
175
131
78
147
53
222
36
127
34
107
36
3
67
66
63
108
132
238
51
3
80
9
441
80
152
135
55
27
38
91
54
104
23
277
59
56
16
159
18
41
23
160
12
200
70
128
285
8
68
212
16
5
135
97
68
6
38
158
2
23
49
20
166
82
155
184
147
69
59
125
31
262
175
124
122
68
41
453
42
161
25
110
41
3
106
24
99
42
5
4
93
46
19
41
5
52
42
51
39
75
29
97
79
58
84
42
10
36
155
15
12
38
217
68
80
23
7
189
106
194
155
56
10
79
85
96
117
26
166
181
117
7
120
91
34
357
31
77
12
106
55
28
68
290
69
36
20
29
2
313
56
156
95
100
56
10
75
7
32
91
20
20
17
227
75
249
69
181
35
42
212
64
239
105
145
19
182
75
165
37
96
162
144
5
168
328
299
537
17
54
2
9
56
188
38
18
19
59
5
121
86
49
2
147
25
52
42
42
155
26
145
113
171
3
16
85
198
71
328
127
3
197
113
98
3
83
202
16
34
82
53
134
21
81
51
117
46
20
195
9
28
19
26
558
132
26
83
43
9
34
7
23
16
426
8
8
19
9
16
208
53
9
49
147
190
41
89
73
17
190
73
31
146
160
90
12
132
16
125
69
121
24
157
15
57
187
302
104
31
10
30
479
147
35
163
186
12
110
18
16
91
14
197
154
149
37
33
73
82
27
26
171
111
114
11
466
4
271
92
125
1
144
41
136
306
82
26
125
122
29
33
109
184
56
81
89
25
28
38
177
69
302
63
219
42
33
148
41
189
170
215
124
123
89
13
143
85
58
361
57
49
76
99
75
117
67
214
25
140
64
139
10
188
88
50
1
90
140
7
36
4
127
167
51
13
27
3
115
79
533
8
60
134
77
70
97
241
262
101
479
96
54
157
15
56
144
47
39
210
23
57
45
141
10
8
8
35
81
92
43
51
78
157
54
218
132
248
41
253
27
40
153
117
68
190
94
69
47
66
311
125
16
118
8
55
172
216
25
149
28
173
126
5
17
102
32
134
52
22
125
42
2
246
226
52
366
192
67
29
198
37
297
177
20
23
136
22
110
55
79
134
103
274
34
9
35
56
165
57
61
21
25
260
59
38
103
23
16
310
77
42
179
2
44
2
30
94
72
67
3
47
33
82
227
13
56
339
31
254
184
18
116
50
93
45
129
64
9
32
36
24
14
39
386
163
151
28
54
49
127
47
42
221
89
23
75
31
79
156
18
3
141
41
102
232
78
5
8
199
167
143
50
136
124
123
9
50
119
573
242
180
89
75
18
108
88
25
41
52
11
86
41
21
471
83
322
227
98
35
13
15
10
103
37
33
53
24
145
49
26
97
21
66
1
106
145
137
286
524
27
58
171
184
3
539
74
5
43
176
22
7
116
76
65
40
93
155
120
199
12
36
113
12
10
119
132
7
37
187
41
184
113
33
135
20
152
173
322
300
72
227
16
56
33
76
64
31
180
122
15
80
17
263
102
59
10
68
57
100
51
245
14
337
119
47
300
197
187
39
128
31
15
84
46
38
127
189
103
89
67
10
143
228
54
69
217
269
156
3
78
78
255
223
7
177
134
1
76
16
155
47
116
4
35
131
115
105
78
39
131
15
12
20
181
80
5
120
189
152
18
63
153
120
11
123
9
8
84
41
34
37
32
157
64
20
59
22
178
90
83
193
62
125
45
346
49
6
38
37
76
106
42
12
96
66
1
51
257
108
73
133
132
91
6
163
12
110
183
66
11
114
176
16
10
32
3
40
56
123
63
58
135
111
60
91
437
59
372
95
133
48
322
20
272
124
10
39
10
34
147
59
27
73
22
40
179
342
2
22
43
205
196
189
40
32
514
28
40
89
56
58
80
120
43
54
123
17
29
32
197
32
48
59
7
202
16
76
182
185
179
24
128
47
148
243
212
44
161
76
24
89
183
18
47
79
24
193
3
121
6
24
91
56
99
222
153
53
60
85
78
26
96
63
71
122
209
183
662
143
21
141
18
2
20
30
93
144
7
158
46
241
12
2
179
129
246
585
3
106
11
39
50
10
105
17
67
13
111
161
111
30
40
115
33
233
38
21
1
5
38
139
11
55
49
95
2
312
376
250
76
55
110
10
155
96
177
32
102
528
47
173
56
48
4
36
231
18
80
45
50
54
145
106
148
131
1
104
85
11
44
88
241
35
104
285
34
28
268
18
47
403
6
236
170
84
47
226
85
118
73
177
80
61
91
238
98
224
171
50
6
20
214
114
69
68
114
92
238
79
192
247
10
287
119
17
266
89
118
64
87
78
195
40
28
287
5
5
106
9
163
54
202
7
209
182
64
83
57
82
81
3
111
6
33
115
5
13
7
15
85
25
242
272
23
133
158
2
330
295
250
6
12
2
131
120
46
757
35
58
1
205
38
68
27
67
98
176
172
57
54
13
26
57
399
80
270
26
25
25
200
152
88
117
112
111
23
98
20
46
168
252
85
58
1
124
51
31
3
3
137
13
10
146
71
106
327
18
68
109
505
82
124
269
110
50
14
85
35
13
59
106
78
2
50
29
51
12
34
233
67
258
28
196
45
94
149
110
87
60
111
1
38
247
2
4
238
151
22
132
95
224
53
159
98
83
43
58
156
29
116
41
87
59
44
72
42
62
88
140
68
10
2
88
18
7
347
23
131
14
42
214
161
47
11
73
59
223
11
39
23
218
139
247
51
36
57
57
210
79
264
27
10
30
137
8
209
22
201
52
55
42
4
12
165
130
228
284
80
50
301
15
31
88
43
125
56
100
23
217
173
360
161
32
14
46
182
24
355
22
3
11
36
27
27
156
96
36
19
9
3
31
1
118
16
131
156
144
193
305
104
63
72
2
410
10
88
23
128
35
15
103
46
69
64
10
131
62
9
76
35
14
75
26
87
144
126
13
189
256
33
123
225
172
47
128
154
21
243
87
165
291
82
106
44
72
165
88
84
35
281
218
258
9
15
66
67
21
105
14
291
74
75
76
149
26
71
23
83
188
41
34
39
84
15
45
261
321
25
149
166
204
46
267
267
196
16
102
126
92
156
26
5
14
14
165
354
50
15
32
41
359
95
43
62
226
146
58
51
6
41
72
67
210
71
110
150
45
54
61
40
25
174
50
12
107
210
34
113
73
43
32
115
159
10
17
69
166
101
189
116
69
128
108
96
328
40
140
49
145
1
130
196
83
279
71
169
21
214
48
335
33
22
72
27
152
67
146
5
159
80
46
66
48
80
95
74
295
99
23
203
49
429
18
23
431
12
201
391
142
13
114
46
69
227
44
1
7
128
18
47
20
87
210
66
132
47
98
13
379
2
86
3
226
88
280
175
97
164
485
19
35
57
31
19
200
73
36
60
199
31
168
124
87
51
741
117
118
42
73
38
247
64
28
191
167
25
7
127
16
70
133
86
89
144
11
46
12
133
93
182
76
6
152
94
61
27
159
4
27
98
191
66
107
296
191
338
123
4
51
105
51
47
13
58
185
91
104
1
103
7
25
75
146
38
21
8
81
84
200
66
8
25
154
26
74
5
28
153
21
117
14
125
8
145
49
21
7
293
72
165
196
106
25
69
110
117
2
155
270
64
147
232
58
20
11
56
33
65
3
174
184
31
36
93
92
106
333
206
394
117
50
48
345
135
124
237
4
129
114
34
265
33
21
74
26
207
20
68
114
111
170
315
210
83
53
6
72
273
70
78
34
64
43
54
317
3
121
12
98
1
196
14
57
11
201
81
86
47
32
5
1
194
64
71
51
23
144
131
5
92
108
29
48
43
181
42
57
58
9
16
411
119
60
23
74
284
148
81
315
11
4
159
136
88
61
133
304
293
8
5
52
123
565
115
672
37
161
28
250
45
66
37
52
5
87
112
11
8
18
167
86
96
140
10
155
132
137
131
50
18
182
78
61
219
81
23
1
50
325
39
39
136
213
84
144
50
73
155
88
221
95
23
113
52
35
22
38
18
136
82
14
57
154
1
143
115
91
287
76
11
225
161
111
216
123
51
30
149
12
156
101
191
2
4
5
47
37
61
170
14
125
63
139
17
118
18
137
76
300
110
229
73
62
9
3
19
29
25
70
12
59
11
141
177
55
103
126
441
55
231
162
169
576
75
130
133
158
292
74
200
49
255
98
127
79
276
184
250
88
96
247
35
386
23
292
19
22
22
159
205
105
162
56
420
35
416
80
78
16
18
4
55
1
21
335
44
61
44
156
50
342
81
30
11
62
8
21
67
113
168
81
42
170
13
15
94
207
166
167
21
27
11
1
141
96
39
133
75
51
204
38
82
214
177
80
15
170
32
136
138
50
126
246
82
355
85
116
89
111
41
56
375
385
30
65
120
153
22
96
14
12
17
167
38
315
23
179
251
12
279
19
120
38
12
1
49
1
61
475
35
382
150
129
88
6
346
13
81
14
107
50
25
72
252
116
232
48
11
37
16
21
70
32
228
79
74
33
188
43
11
95
49
135
32
10
126
92
57
88
84
240
264
113
131
217
2
173
104
136
64
206
75
39
13
67
159
124
26
97
159
107
131
49
53
253
124
35
30
59
149
70
5
161
92
25
130
9
430
70
185
173
108
18
59
239
225
71
193
74
158
102
51
40
24
27
87
61
89
5
72
197
5
66
155
140
96
41
263
47
80
8
208
193
64
169
44
293
130
59
61
41
95
40
90
9
118
263
77
9
170
15
245
186
114
28
5
118
134
6
8
55
11
125
52
365
55
71
80
171
35
38
203
52
23
61
175
240
10
31
75
250
33
2
290
124
101
68
47
113
24
160
91
20
237
57
211
23
122
84
39
4
123
124
29
61
252
265
3
54
68
25
34
56
150
18
19
103
24
3
136
62
12
99
32
158
174
416
53
8
115
63
1
194
216
188
136
44
54
27
12
351
174
47
5
163
10
34
188
381
204
54
58
217
99
176
73
170
114
426
52
77
23
49
105
20
331
265
98
188
3
45
11
74
96
106
105
66
233
30
136
69
47
294
7
294
50
11
21
31
21
204
28
108
89
134
148
108
141
67
25
58
149
3
141
78
2
260
297
295
90
77
71
55
12
30
94
22
242
178
59
153
14
133
49
30
96
51
80
13
120
8
122
109
17
17
52
427
19
98
214
205
6
44
53
115
45
189
9
144
256
30
70
189
108
2
95
42
169
65
209
264
3
54
118
23
73
15
299
88
136
72
300
152
69
77
88
6
31
4
125
128
24
166
37
150
2
84
131
41
65
180
96
302
45
90
164
33
32
28
111
183
193
107
243
261
129
42
57
66
11
5
16
4
103
97
143
13
118
10
28
119
116
92
182
154
24
301
93
178
4
130
95
49
356
56
73
75
91
66
120
28
25
12
176
21
62
272
131
183
85
42
12
39
58
133
4
21
173
111
60
1
254
2
26
28
34
182
262
117
24
197
8
86
55
4
37
141
10
149
31
112
128
74
39
73
2
16
194
181
267
213
12
23
4
17
187
66
166
134
106
11
33
56
4
30
31
204
4
4
29
11
4
23
24
14
33
50
103
3
92
157
71
27
125
44
59
40
303
133
41
2
18
226
382
62
390
108
6
22
158
89
90
4
97
180
90
197
60
64
8
45
254
60
10
179
202
250
2
37
17
21
15
124
157
29
34
38
115
462
23
34
52
198
88
46
33
32
259
63
143
18
23
191
369
27
29
58
147
6
3
160
50
41
319
82
143
447
13
92
7
240
45
144
160
234
91
846
300
246
57
206
48
5
127
243
36
59
68
309
106
14
35
5
110
46
253
48
78
101
278
2
168
67
31
1
12
8
268
1
11
111
49
39
154
26
110
176
337
62
21
48
10
73
31
208
176
41
33
53
67
189
104
43
31
202
88
44
38
48
116
115
66
33
280
103
83
216
42
91
114
51
207
157
112
23
55
131
48
144
66
22
7
41
96
12
69
115
162
78
206
96
388
125
10
10
39
30
2
15
75
105
2
35
42
227
225
234
186
9
145
26
96
101
438
68
117
32
12
37
26
119
34
7
99
72
12
52
94
17
97
10
263
38
59
209
8
163
221
3
1
96
108
173
3
45
29
29
136
319
52
168
39
100
193
168
44
262
80
23
5
1
53
15
6
63
3
333
29
91
19
52
172
60
78
43
197
260
228
216
3
78
23
190
156
17
474
189
147
164
62
286
38
67
92
45
71
107
3
63
46
135
23
26
298
59
132
216
300
75
121
117
76
27
263
35
5
111
80
12
35
183
86
96
86
175
160
16
380
141
280
165
259
57
134
14
70
181
93
159
72
151
184
129
93
37
18
3
1
277
50
94
98
26
5
100
22
34
135
78
202
73
52
15
331
152
99
79
106
109
35
102
58
27
17
14
38
14
101
463
103
79
57
114
60
21
7
27
93
39
33
5
93
117
5
176
40
137
288
90
44
32
56
54
50
153
368
53
175
95
217
146
45
40
272
266
14
12
23
3
17
92
44
104
210
50
29
28
172
6
164
35
94
202
13
13
131
56
107
45
170
362
113
79
18
71
44
38
17
209
43
153
123
246
111
96
76
122
126
187
107
82
9
163
92
111
10
15
126
31
62
9
74
22
48
245
62
33
49
84
3
65
40
82
20
7
131
134
5
130
199
177
35
40
58
101
55
17
117
16
27
59
24
62
19
86
90
67
15
116
148
91
120
274
54
72
138
91
34
34
50
175
256
28
23
102
140
22
6
51
70
52
29
137
45
54
122
14
81
191
319
156
541
49
1
71
33
158
17
76
39
201
39
26
6
78
20
396
142
131
8
37
152
112
35
158
207
163
45
96
8
36
345
165
44
30
112
200
158
37
348
32
386
46
35
105
31
267
154
24
55
230
258
107
160
56
167
37
94
104
90
2
25
67
5
109
114
163
204
5
210
88
8
228
48
76
515
95
51
158
3
55
134
112
85
339
125
149
24
35
16
3
34
18
88
136
81
23
63
113
379
173
64
13
39
192
7
263
39
58
26
37
98
32
15
46
33
122
293
142
3
42
53
10
42
78
59
20
113
124
74
140
21
140
55
246
62
8
7
37
130
102
109
25
44
189
22
38
378
9
16
16
55
74
92
134
35
45
67
80
225
57
265
17
34
61
116
394
89
367
142
8
74
153
35
163
17
391
37
61
5
32
153
152
226
5
18
40
219
22
142
85
27
455
11
63
13
211
180
28
28
9
183
161
32
298
162
37
75
13
63
67
140
29
64
96
74
93
32
18
232
317
417
201
15
28
33
287
250
78
84
52
114
69
27
185
521
60
64
16
10
120
39
164
2
1
75
15
67
25
27
3
8
22
325
36
150
251
64
10
2
119
222
50
23
2
75
46
28
30
34
118
46
149
105
101
70
186
393
53
85
3
25
62
44
74
49
6
210
45
70
152
107
55
116
35
100
36
5
301
683
3
224
123
21
23
28
86
110
109
26
32
93
142
31
95
6
130
38
20
20
139
110
106
18
83
115
52
13
82
32
350
216
95
39
296
61
139
19
317
14
183
202
142
34
67
268
88
464
123
18
10
53
41
392
21
1
115
89
250
52
30
267
3
8
101
45
52
134
36
4
48
73
24
4
121
206
69
3
30
159
13
38
20
51
108
167
8
286
126
67
23
57
99
168
3
56
39
222
41
93
71
13
45
105
196
68
169
226
195
79
186
91
236
69
31
111
44
41
23
96
106
6
21
221
114
84
29
160
37
254
37
55
38
9
162
608
27
25
193
11
17
124
87
60
93
3
30
72
212
230
43
312
62
162
33
89
181
40
112
82
36
59
130
74
299
204
1
37
141
56
8
256
94
11
54
132
117
85
3
43
22
45
190
87
6
118
45
110
34
14
290
102
30
180
145
41
42
7
21
352
179
27
45
85
19
86
95
203
3
164
83
47
48
94
491
165
34
56
325
73
90
34
13
91
4
26
153
247
74
144
149
103
43
119
162
41
240
64
41
36
18
220
105
289
47
131
23
13
4
10
257
163
61
125
80
211
33
214
127
122
76
178
12
285
46
27
13
41
22
139
346
4
209
240
55
560
58
374
53
229
362
133
23
124
8
106
20
50
6
57
7
2
123
80
24
169
10
19
15
57
59
70
103
75
78
329
55
213
27
404
110
93
23
25
113
60
75
6
369
37
218
207
88
128
135
19
122
162
46
88
284
131
43
17
15
313
60
14
123
81
4
216
24
269
240
150
216
244
140
252
64
63
160
3
11
52
61
124
137
104
120
48
17
129
48
50
129
59
39
53
96
17
55
99
40
247
81
107
3
29
48
61
108
50
44
142
107
3
69
402
541
28
40
204
21
24
9
22
37
204
141
32
64
34
65
159
19
88
76
166
75
65
433
28
6
15
27
42
162
53
27
28
9
51
58
78
163
27
49
72
144
58
4
39
150
12
42
54
76
289
11
61
2
199
42
72
7
85
232
136
56
84
133
138
23
148
14
68
14
19
56
84
30
57
147
11
25
99
103
73
25
224
15
31
109
19
37
147
43
46
28
110
3
76
86
192
96
85
20
236
128
73
128
65
100
86
76
77
86
13
45
31
268
9
16
144
14
68
76
4
301
71
139
192
185
159
26
6
98
140
84
42
13
12
2
6
58
139
30
6
125
130
367
29
22
19
38
167
191
282
84
81
110
216
347
13
51
7
103
225
254
13
36
84
242
5
194
30
123
311
135
82
79
21
25
32
4
17
62
47
294
17
87
109
54
299
59
17
24
186
251
62
158
39
65
46
76
34
6
299
117
39
199
20
195
229
64
78
115
143
281
10
37
44
3
109
19
203
110
159
36
82
76
122
139
18
312
20
201
65
107
495
39
24
20
172
116
125
75
18
130
40
183
155
46
142
44
118
14
9
173
352
17
6
260
42
223
279
1
148
23
18
18
50
379
92
28
37
64
3
53
115
59
260
25
41
23
138
93
110
98
34
59
13
131
94
69
41
61
29
14
225
118
105
179
116
110
115
194
13
129
23
144
11
109
7
85
199
58
34
32
12
4
11
5
25
78
208
14
51
109
41
323
69
76
70
192
49
83
27
6
170
144
4
110
11
476
50
193
120
12
129
125
160
44
175
175
94
129
16
92
161
50
153
87
332
24
75
140
111
14
238
10
36
296
90
109
291
81
25
18
93
1
39
98
45
69
24
16
170
47
14
20
134
89
242
29
213
172
4
222
173
160
128
54
9
74
60
35
134
59
108
224
292
109
91
8
72
388
6
129
54
6
263
12
105
67
21
12
99
116
278
104
74
57
81
123
179
1
56
191
116
118
44
35
44
3
63
227
107
143
6
158
20
68
194
76
27
7
62
140
81
6
50
10
188
27
188
91
91
13
51
2
90
110
18
75
20
76
118
59
117
15
175
282
197
80
171
36
30
187
16
27
50
50
141
20
1
76
121
308
21
59
54
338
107
70
43
54
191
51
22
118
59
35
52
1
152
25
2
184
139
58
36
53
62
25
58
82
197
134
14
423
39
251
39
14
31
133
77
35
12
28
4
27
108
183
59
87
69
124
6
96
68
58
5
21
122
28
33
7
731
64
48
80
52
1
39
23
88
62
51
54
191
93
182
380
358
83
40
9
159
88
88
19
7
272
174
47
1
305
55
99
12
67
205
36
8
132
8
148
169
17
234
154
106
22
88
7
91
40
325
293
5
144
19
59
374
73
26
42
69
217
209
94
13
161
79
140
118
140
15
52
141
109
33
6
21
14
171
39
190
20
4
42
121
22
177
93
30
117
69
35
9
106
81
83
51
206
39
8
242
169
41
104
7
68
11
17
34
82
67
104
156
81
82
110
47
28
68
26
63
27
10
30
53
27
4
79
98
156
196
13
35
87
39
111
272
33
66
132
78
564
67
87
203
51
151
14
34
26
60
173
13
27
109
128
213
98
103
8
13
50
20
24
66
145
75
86
192
117
300
70
59
401
17
90
1
262
316
154
178
153
101
153
22
15
182
103
204
374
8
47
48
3
11
113
58
32
20
46
14
212
65
2
37
47
24
64
40
12
145
60
89
98
56
1
510
207
178
17
216
45
307
135
35
154
77
87
232
77
487
198
20
35
147
15
226
220
186
22
109
203
228
332
228
48
113
53
98
10
110
106
175
37
122
42
86
143
236
152
32
146
24
25
5
163
46
45
19
1
86
162
168
62
370
118
11
7
117
57
113
3
105
17
132
340
43
33
157
6
113
216
160
155
48
192
50
122
113
321
204
223
29
16
141
35
36
19
246
257
127
181
11
73
358
113
76
133
139
66
61
54
27
70
81
7
56
89
92
39
16
10
56
40
13
52
159
46
125
18
9
129
373
34
77
117
2
128
14
6
61
110
144
197
50
181
227
295
104
289
30
29
199
18
251
85
46
239
177
68
94
136
197
53
11
25
31
263
10
198
58
219
402
107
46
116
199
67
255
303
31
105
42
41
192
2
104
48
182
141
10
9
58
20
46
21
75
6
31
336
117
80
85
185
537
72
5
73
67
40
517
72
153
152
338
97
104
58
16
75
76
95
8
222
61
64
307
49
144
49
102
38
14
72
49
261
189
214
83
419
30
152
32
191
87
11
45
31
58
43
206
36
215
38
35
30
32
15
25
65
44
176
219
23
42
4
5
104
97
109
63
135
68
131
200
72
10
11
75
124
147
17
89
8
8
72
212
80
24
84
107
74
30
21
11
212
19
5
65
112
1
5
73
402
70
14
24
32
82
17
114
43
66
409
96
26
19
494
288
68
81
78
58
53
167
71
18
159
75
237
46
237
125
52
167
396
53
44
394
6
63
267
29
44
190
56
21
25
6
44
37
5
293
6
186
249
29
28
34
33
212
13
93
21
15
6
271
11
69
193
1
142
80
137
40
277
73
101
9
50
120
45
374
84
132
25
55
131
59
4
23
33
56
86
23
130
24
131
32
12
124
7
149
37
228
37
292
175
30
55
61
99
38
22
70
225
73
181
12
119
316
3
92
15
84
151
79
39
58
107
65
1
214
12
94
49
31
80
16
67
26
20
64
112
10
31
62
40
146
265
9
84
374
129
5
25
54
30
128
6
247
37
9
6
115
29
167
90
77
123
256
75
106
35
136
64
37
27
7
26
20
403
67
225
189
33
121
95
44
16
27
5
25
89
82
44
58
43
47
43
69
41
138
55
110
128
64
15
30
12
281
457
16
118
56
281
12
52
291
81
195
54
66
114
99
40
139
180
219
26
25
48
47
21
240
31
16
64
38
106
97
164
29
177
10
57
42
55
160
205
67
469
105
177
10
19
36
195
631
5
53
3
141
21
22
302
235
98
116
17
51
8
91
195
109
35
96
41
12
174
16
55
25
69
5
38
82
53
146
54
18
24
98
14
6
185
5
4
25
45
15
78
13
15
65
156
158
41
31
19
38
30
37
26
49
29
142
27
29
218
281
5
23
74
87
156
278
54
92
128
149
20
135
44
129
171
21
151
231
98
6
63
98
26
17
96
137
90
92
6
141
40
103
210
383
475
11
52
18
27
21
55
203
4
5
174
105
140
13
109
69
407
4
64
7
98
157
183
279
52
75
102
156
23
3
107
96
10
67
64
48
13
48
3
156
118
35
21
95
119
235
29
48
200
264
100
343
136
115
193
66
52
152
193
119
45
278
59
199
37
187
250
790
43
37
36
3
54
148
34
16
65
91
185
77
5
141
50
112
35
362
9
3
312
25
31
159
1
212
11
21
50
54
216
74
34
23
306
7
6
10
70
292
358
13
10
56
28
367
26
19
146
102
20
44
137
54
44
1
339
11
107
1
161
18
29
102
95
99
51
4
83
168
322
122
9
32
170
171
78
5
32
12
10
115
99
5
344
25
62
101
59
89
154
184
53
1
48
122
53
67
166
110
121
130
77
215
8
50
55
140
36
29
509
103
91
45
152
13
39
94
206
147
200
3
14
12
314
68
466
100
267
285
14
514
100
8
71
12
86
389
181
119
70
19
187
232
84
69
221
75
77
5
126
114
34
33
2
86
2
127
14
118
315
5
45
17
66
32
26
39
107
186
97
136
233
69
32
110
71
343
123
56
85
30
257
18
14
120
2
14
566
25
221
6
64
505
4
20
17
25
152
41
67
36
304
31
130
375
5
329
9
42
449
177
158
280
52
63
93
9
60
275
70
157
11
785
46
72
8
61
42
23
93
679
4
4
20
46
10
26
109
87
35
5
2
3
224
50
114
18
13
74
148
194
10
149
141
39
147
157
73
207
45
128
48
45
21
368
109
41
119
65
277
67
6
142
27
122
73
3
62
157
16
62
57
204
131
42
35
449
423
7
114
24
108
49
56
104
46
131
11
41
51
93
129
129
10
4
457
50
190
35
195
75
16
22
197
87
10
56
188
28
6
19
191
4
104
51
154
282
14
19
11
24
233
267
71
17
38
22
380
220
42
345
29
427
57
29
69
398
30
62
29
123
190
18
60
54
318
125
58
132
31
141
11
57
33
447
371
86
12
3
4
55
103
101
23
81
40
14
26
223
97
90
244
21
11
55
460
88
28
164
46
33
82
38
337
26
152
10
48
15
353
164
171
11
76
72
132
30
53
38
5
9
152
10
21
7
254
36
15
47
184
368
273
149
140
173
33
8
48
12
196
365
60
25
42
45
9
3
127
75
43
16
11
46
132
195
16
91
10
298
79
159
32
98
3
45
139
18
10
100
189
5
46
186
475
112
87
103
119
37
467
95
485
60
23
5
4
85
233
236
244
285
13
71
36
53
18
21
347
27
97
37
4
176
131
113
286
110
425
36
41
372
129
31
27
182
53
131
28
249
45
377
3
183
83
101
79
30
15
1
34
381
77
47
131
8
50
816
9
237
103
83
3
312
29
195
66
54
8
143
1
211
137
53
290
33
41
7
60
4
1
234
465
72
41
42
361
110
44
36
221
97
136
24
81
214
11
259
49
82
25
64
138
57
16
24
69
86
9
175
18
133
73
117
19
17
72
42
95
11
39
26
56
40
28
106
222
75
87
483
106
206
26
19
43
186
17
119
208
56
19
167
16
148
68
81
26
32
30
312
16
203
257
77
371
38
466
211
76
63
59
45
112
42
3
99
12
30
61
124
6
47
309
96
66
160
16
89
7
84
80
144
63
54
218
23
82
25
217
206
43
35
137
2
220
141
174
52
100
14
291
242
67
77
143
46
178
158
91
18
61
117
56
16
25
133
76
94
99
404
150
10
24
1
288
185
103
61
31
6
75
381
64
147
66
86
273
2
120
362
26
53
265
226
47
168
92
24
89
213
300
231
8
77
7
147
8
113
56
88
55
64
100
236
143
2
57
272
164
22
57
174
194
87
89
32
337
74
72
69
17
98
15
27
60
183
47
144
184
24
330
73
87
102
53
73
42
48
44
255
11
64
64
132
7
106
40
31
5
120
63
34
20
19
92
57
15
211
6
190
161
241
106
126
84
22
80
57
4
203
302
146
20
131
46
172
93
31
276
15
117
83
217
287
77
25
245
32
148
82
219
125
22
99
111
9
27
116
38
120
124
488
175
89
117
10
174
50
127
80
21
166
327
275
10
67
6
29
15
14
80
6
80
355
53
35
150
89
19
29
27
511
72
44
183
26
275
5
88
50
24
8
3
140
92
6
53
81
117
120
255
25
52
47
121
19
45
32
150
85
30
52
141
213
21
16
160
86
22
31
218
220
57
50
129
120
304
234
47
12
17
13
89
5
290
41
39
4
69
16
255
30
205
3
33
445
116
143
74
12
255
114
78
249
83
106
70
114
54
186
10
88
56
68
268
195
84
67
152
84
271
56
41
65
186
17
31
364
314
225
220
2
21
43
65
3
191
80
124
96
222
73
20
123
87
120
136
154
400
128
29
113
212
53
56
88
24
183
86
188
4
322
40
66
32
97
40
10
44
69
127
19
4
10
96
15
28
57
10
134
163
3
242
36
319
24
1
4
149
214
31
1
94
55
14
79
112
30
90
77
235
38
459
31
48
123
102
37
58
1
574
8
209
3
93
151
98
6
12
8
52
10
295
25
2
193
35
21
106
65
194
316
24
307
4
68
127
388
15
70
78
166
6
46
351
139
16
50
45
80
420
13
105
80
44
386
32
113
91
86
254
57
310
23
17
131
8
210
45
96
3
165
68
68
44
19
146
5
266
98
37
96
7
47
35
10
32
1
26
11
62
29
217
98
33
133
103
122
46
290
128
167
26
79
81
57
148
137
145
7
56
215
265
302
6
205
62
28
55
58
13
38
183
60
42
12
247
80
10
6
193
104
4
25
13
142
73
37
100
28
37
13
335
43
93
117
31
73
328
48
52
16
236
32
129
27
105
6
51
101
405
11
44
137
51
354
16
49
1
89
5
228
18
46
299
97
72
129
144
122
199
122
79
15
91
25
18
348
346
24
52
474
122
7
104
61
24
81
102
122
112
170
50
107
44
47
51
14
82
5
32
3
139
221
50
127
164
238
73
326
21
49
15
10
4
34
65
535
57
143
27
76
105
194
26
68
60
80
352
11
24
116
15
50
16
379
166
92
112
12
148
121
12
27
86
74
13
41
66
70
11
145
17
2
116
38
32
9
4
30
220
7
35
209
94
132
121
1
29
43
165
46
140
224
179
14
14
517
130
247
105
104
137
86
58
64
50
47
74
253
104
44
51
3
70
273
128
42
138
127
88
29
62
354
113
24
148
33
22
251
51
67
35
248
5
107
45
249
40
140
34
281
82
8
127
50
23
91
16
330
82
118
95
209
84
22
31
190
216
46
63
360
82
92
70
491
12
77
227
23
79
333
70
5
51
23
154
62
42
39
89
15
67
12
91
6
97
187
19
26
40
207
75
83
23
193
125
9
119
94
127
284
28
230
12
139
218
36
296
7
35
15
131
67
18
25
38
116
30
115
63
327
143
186
136
370
40
59
2
60
49
29
34
115
8
58
23
197
34
57
102
40
181
22
62
253
130
127
132
47
45
128
4
35
39
98
82
161
56
22
40
48
198
8
95
107
59
29
71
216
81
6
327
386
76
9
13
44
40
1
139
22
70
9
33
59
54
44
16
102
20
268
303
55
55
23
126
78
21
109
101
50
51
102
48
26
249
55
31
17
128
182
12
16
129
5
206
104
66
189
180
338
6
3
11
363
86
73
27
1
62
41
4
45
210
19
105
28
30
257
9
46
106
8
89
24
67
19
70
72
23
21
51
139
116
18
125
107
4
12
65
57
224
29
222
104
5
22
32
123
72
126
5
4
32
297
92
110
34
33
57
11
23
19
143
63
105
61
39
158
87
38
51
56
84
393
19
375
104
392
82
60
158
191
210
12
7
148
23
508
52
175
249
62
54
5
8
71
50
239
326
215
248
110
29
233
493
30
5
257
213
151
16
103
137
105
226
116
76
2
93
102
63
27
154
24
164
13
44
189
47
259
53
16
5
58
100
276
149
5
13
64
4
161
214
181
3
48
103
224
2
98
258
117
48
40
218
43
74
12
135
10
21
25
30
33
15
157
10
48
159
9
36
115
30
111
150
29
109
51
191
56
68
4
3
137
19
27
85
142
288
28
65
23
8
28
26
22
32
256
43
168
115
91
2
27
28
39
21
65
13
19
29
23
189
32
3
119
131
37
81
93
162
197
140
50
18
97
9
139
294
2
203
93
123
165
76
20
273
45
89
41
67
188
16
71
40
10
182
107
70
160
124
96
48
18
75
146
87
11
9
8
42
34
59
106
192
26
2
7
296
19
43
17
297
82
27
8
32
129
5
60
150
64
83
148
14
25
45
127
188
68
248
378
83
361
218
7
259
77
68
167
4
52
63
85
79
152
21
3
185
3
96
204
153
67
43
28
143
95
29
2
28
1
185
26
182
13
140
70
29
21
31
244
33
4
101
56
253
44
106
374
98
134
15
1
323
33
31
2
102
135
192
43
82
30
386
28
202
140
121
22
10
128
220
84
151
231
64
23
28
14
9
133
134
210
6
112
69
160
13
40
76
13
224
18
28
53
102
102
107
212
168
46
22
151
181
333
39
152
163
25
98
13
81
28
167
23
18
170
130
34
65
76
114
4
91
32
130
114
39
93
55
33
36
54
100
199
15
118
24
27
151
22
120
9
28
58
7
321
25
103
66
79
118
120
11
45
229
23
89
53
90
119
146
44
58
174
191
200
147
168
188
66
50
161
35
9
11
385
121
69
68
65
59
121
431
34
437
83
60
21
29
120
127
90
96
23
105
62
447
91
5
37
266
154
17
157
10
143
124
33
129
32
111
111
113
29
263
17
418
59
16
4
63
5
41
28
74
8
26
3
53
105
84
22
14
2
342
34
137
286
317
422
39
83
72
2
78
44
113
362
46
94
26
136
86
32
46
19
47
122
170
26
225
172
32
143
15
179
70
197
189
94
232
244
25
69
62
63
38
3
46
209
42
133
93
7
134
45
1
108
38
149
4
43
81
85
63
41
11
114
233
236
235
271
41
130
77
1
166
29
138
169
72
301
78
87
84
168
9
105
11
10
89
10
46
124
46
111
22
56
74
29
40
161
52
91
198
17
3
21
21
26
160
254
16
240
3
225
20
64
4
304
74
20
11
64
26
29
41
141
63
16
68
5
22
28
179
42
8
160
85
40
59
315
48
47
89
26
60
195
532
211
51
174
6
10
94
48
23
41
47
101
25
122
129
48
11
125
24
87
47
127
47
61
199
83
68
52
216
207
10
20
38
75
10
10
347
14
100
43
71
104
11
143
153
72
9
12
46
172
17
26
6
26
119
101
4
54
19
55
218
5
311
137
171
18
211
171
21
195
153
5
284
89
129
27
327
62
424
19
51
13
61
74
86
29
77
51
19
111
218
235
11
129
129
24
12
42
4
35
34
164
17
112
17
95
86
15
108
117
23
157
50
165
69
149
53
108
19
105
12
53
58
89
19
186
63
21
57
133
37
67
20
30
56
278
180
88
11
163
79
71
8
78
62
70
47
103
10
37
78
262
14
91
5
73
64
92
101
159
93
22
44
159
180
36
89
89
636
24
50
12
121
18
20
396
12
32
89
77
109
25
168
304
48
297
57
4
181
57
39
128
92
335
54
92
79
127
16
33
425
8
44
15
19
93
112
98
195
147
10
77
54
33
96
33
18
59
21
20
81
103
32
18
49
10
93
11
68
100
94
307
349
42
44
424
102
126
37
367
540
26
39
354
119
240
234
4
27
36
53
72
3
5
82
16
57
66
87
2
107
21
299
16
370
79
26
4
96
83
81
41
10
113
58
90
126
59
113
164
116
62
17
268
145
13
260
73
90
127
63
83
117
38
64
24
141
162
460
59
4
92
99
214
28
98
152
273
34
40
19
128
107
18
29
99
12
35
198
37
103
12
78
76
28
20
89
15
432
195
57
190
32
22
88
57
30
12
37
47
21
58
44
79
241
20
47
3
66
5
48
122
89
119
75
118
27
10
132
48
70
629
927
38
42
77
181
74
373
271
258
58
25
126
231
347
146
3
108
18
111
252
128
8
70
289
233
435
1
100
29
27
52
392
99
206
54
112
54
564
92
35
5
17
153
25
1
335
28
213
98
54
1
91
20
71
85
24
37
61
165
12
107
82
404
59
146
251
207
349
140
31
21
160
77
55
134
484
21
67
89
21
55
203
5
81
138
110
17
13
56
14
144
53
20
42
107
1
13
137
107
71
153
159
13
117
76
118
21
187
188
60
37
124
10
132
5
21
175
286
191
218
155
227
166
94
10
113
144
7
107
15
98
18
45
113
97
129
25
126
134
52
105
129
268
117
655
108
9
44
385
290
214
77
72
164
38
1
17
228
33
84
364
59
58
10
42
102
50
53
133
155
50
38
252
236
6
167
54
69
103
124
89
24
194
158
14
58
83
23
176
39
175
17
181
287
66
5
113
10
277
192
85
5
518
48
74
407
23
23
130
12
34
546
78
44
268
8
25
20
69
67
16
108
157
12
130
29
23
81
63
77
64
103
33
320
147
82
172
37
90
24
70
29
85
125
87
25
261
110
3
13
88
161
132
81
3
43
20
113
92
133
31
79
66
46
203
42
166
218
44
118
55
87
38
16
251
18
30
118
22
24
21
211
20
14
17
13
148
48
133
9
23
73
13
124
147
59
52
42
94
77
49
22
522
135
110
20
53
104
511
133
98
89
111
22
19
56
204
61
195
107
28
237
35
41
62
7
126
4
246
41
60
24
120
2
91
84
12
61
30
195
183
261
71
112
1
58
106
1
4
101
70
177
19
18
211
59
195
88
48
503
29
79
70
218
39
354
458
9
15
226
425
32
149
11
159
67
423
113
320
19
97
62
255
453
20
119
19
1
49
8
160
11
80
48
171
24
56
10
74
82
24
34
21
393
164
19
77
79
184
57
17
9
29
529
47
28
134
67
51
38
27
32
71
59
151
217
91
60
203
32
161
117
43
35
359
4
14
30
34
9
60
266
68
301
549
48
28
58
40
72
305
131
53
192
69
113
9
113
8
197
32
2
78
93
51
124
51
28
489
319
22
254
130
48
125
54
103
130
35
234
22
81
39
252
93
400
38
225
7
158
164
22
167
129
41
238
46
171
9
17
89
42
141
14
41
76
235
30
89
66
111
161
34
35
3
96
128
50
48
79
39
7
13
16
145
68
153
86
119
197
38
27
33
4
39
19
8
59
84
39
5
38
42
33
106
4
43
92
150
82
50
135
12
12
11
88
159
70
90
20
428
69
82
28
57
29
53
140
2
27
90
10
38
30
124
89
123
85
50
103
102
5
191
40
222
293
8
17
26
198
64
72
13
202
20
137
19
142
73
179
39
124
28
23
33
124
54
29
20
103
75
73
24
49
85
40
228
29
106
15
15
42
141
76
4
157
253
93
30
117
142
45
273
137
140
6
86
82
49
23
60
231
4
136
240
10
80
81
53
60
57
128
35
4
46
32
71
111
47
142
42
14
131
195
90
53
168
104
199
358
183
327
183
49
15
168
324
22
23
290
87
23
4
99
36
10
15
14
120
6
34
3
65
95
115
47
191
19
183
222
131
18
85
80
12
3
38
23
246
57
11
43
17
128
145
340
43
15
3
50
56
5
66
176
208
58
76
34
31
144
148
14
225
1
46
32
128
49
69
47
13
178
38
240
184
19
257
9
22
12
96
217
244
148
57
69
199
47
302
49
184
65
4
144
15
193
19
59
22
239
13
153
108
76
18
107
49
24
296
76
189
11
232
38
118
50
31
49
95
285
146
370
47
63
81
48
16
8
9
91
40
148
49
60
65
46
18
115
135
48
56
50
31
12
234
69
55
42
96
359
21
5
184
80
146
200
3
132
61
5
77
12
142
35
88
15
38
232
148
16
84
226
242
225
66
78
45
177
63
92
115
285
36
101
11
139
1
48
12
55
41
151
50
8
36
28
80
32
77
45
12
18
110
79
10
116
78
134
3
49
36
95
80
4
29
10
107
300
164
188
9
9
77
83
15
20
101
36
82
5
202
131
120
191
177
1
28
51
123
64
126
128
12
92
4
24
26
58
64
45
42
127
101
196
288
543
672
266
85
13
61
83
33
155
59
133
41
40
140
92
19
32
132
21
22
84
73
4
88
3
35
117
9
334
25
55
384
128
42
42
239
77
89
151
165
9
98
231
168
76
129
3
63
91
10
155
103
53
146
77
96
82
373
38
155
354
195
33
166
227
127
54
132
42
178
39
80
99
80
198
137
96
6
40
192
59
81
64
32
62
138
28
262
270
130
18
14
24
360
8
241
151
136
141
26
83
45
31
4
279
7
56
109
124
33
28
11
13
35
216
22
27
20
75
3
310
57
51
21
44
69
124
262
91
289
5
121
280
568
23
24
17
3
23
54
60
50
136
43
68
156
115
71
41
160
3
516
203
40
317
226
7
51
21
5
148
110
10
82
57
308
86
631
151
24
45
30
40
46
263
230
7
117
14
113
35
73
140
19
12
240
94
166
72
11
20
60
225
94
17
44
43
91
65
112
13
221
158
38
37
124
64
308
92
394
58
11
236
32
23
126
18
94
40
90
96
127
34
84
55
12
50
11
318
198
22
136
130
82
18
143
62
64
252
51
133
51
1
25
73
185
61
124
34
29
92
575
83
21
5
96
32
94
347
49
124
25
33
298
2
410
77
29
91
36
110
191
4
81
143
83
184
1
65
326
27
13
53
78
262
21
71
54
219
32
318
19
65
49
16
125
156
177
71
127
234
9
2
45
76
131
285
31
3
133
178
437
45
105
118
111
319
7
184
112
241
6
25
139
29
26
11
3
52
115
7
15
99
68
438
76
54
157
55
261
54
8
99
139
105
487
4
53
94
140
96
29
7
9
98
70
218
316
121
38
7
87
93
131
64
56
57
88
208
185
47
48
9
77
61
55
3
8
43
122
241
8
31
23
99
84
339
311
361
59
10
21
107
109
36
130
65
22
10
138
24
84
123
1
10
56
1
27
147
252
53
132
3
49
388
14
21
11
118
6
218
10
18
123
51
114
87
108
77
3
271
159
31
161
60
11
367
30
32
2
186
2
48
67
79
19
66
36
73
64
52
87
82
26
17
166
43
13
58
83
215
295
161
148
39
164
31
76
276
82
4
139
8
14
312
38
159
73
31
25
353
63
83
1
3
66
48
11
63
41
458
244
13
52
15
162
278
60
67
257
3
56
54
26
571
69
143
2
136
4
56
3
240
87
166
5
3
38
12
102
104
61
3
18
155
67
5
22
55
4
64
70
45
229
55
100
133
193
98
61
407
68
123
175
65
61
8
176
206
73
24
11
64
37
39
77
120
13
25
93
232
135
47
41
403
54
49
28
15
119
32
51
6
107
287
67
28
63
145
7
77
177
91
208
34
45
8
258
144
20
10
227
17
47
66
113
98
40
22
58
42
33
130
211
48
10
6
45
176
5
45
118
20
244
44
61
20
14
19
25
5
101
22
121
72
13
49
100
3
92
24
25
11
36
7
279
565
38
14
280
328
70
104
94
58
142
46
2
62
517
220
3
10
250
48
67
64
55
41
74
69
86
216
246
90
35
67
21
42
176
510
94
142
51
4
7
117
81
19
58
32
158
50
52
26
28
49
42
59
73
26
21
278
47
11
9
203
42
285
6
26
111
51
255
294
78
74
68
93
97
25
16
88
1
127
94
74
158
8
22
149
63
32
8
74
21
124
124
101
30
85
9
45
25
81
85
219
366
257
5
167
153
79
51
118
65
60
68
19
223
173
5
81
291
110
135
39
120
41
5
11
97
2
126
31
34
79
78
10
38
44
2
112
2
70
60
15
90
99
34
12
40
18
97
76
2
222
69
220
92
70
31
166
261
20
63
21
215
86
107
163
134
81
18
250
22
46
29
15
25
13
187
36
358
101
25
57
43
157
31
17
27
174
65
110
126
6
198
292
158
87
90
20
13
89
295
73
3
66
104
58
33
167
24
59
72
97
449
8
65
458
41
60
127
29
22
111
11
524
300
182
53
91
324
95
45
25
235
22
105
220
60
29
39
154
136
10
17
23
129
20
113
367
353
31
18
187
173
102
157
36
98
106
161
294
11
28
29
42
106
38
101
20
19
1
224
59
40
182
182
51
55
206
76
30
4
64
20
62
331
30
157
171
18
45
137
84
42
119
37
67
67
19
99
41
52
149
64
192
239
299
81
183
413
6
287
113
196
21
39
133
106
128
183
98
42
28
183
79
105
28
139
95
146
57
116
476
408
207
221
50
175
26
63
13
65
137
21
73
91
108
101
25
17
230
104
24
391
50
120
19
90
34
18
171
16
45
61
128
278
149
141
25
19
231
111
30
33
2
39
95
97
110
171
54
19
87
204
469
109
242
217
122
78
2
127
62
16
37
146
326
76
290
2
42
59
181
86
85
94
56
113
133
104
13
122
164
6
83
35
228
144
37
222
63
251
6
118
19
179
287
12
184
84
16
163
44
67
21
198
178
17
52
34
59
102
31
179
82
183
16
28
24
77
16
259
20
31
42
6
199
335
394
91
17
90
15
29
231
123
165
45
206
17
29
31
28
57
87
30
115
14
31
213
29
69
32
67
15
64
200
246
69
33
70
111
181
31
38
164
587
69
47
40
86
26
81
31
85
24
57
245
87
35
154
322
64
287
1
62
132
55
156
108
293
43
213
150
30
92
136
77
29
11
119
16
207
62
26
137
70
291
179
266
101
49
108
83
129
71
4
68
135
27
77
62
5
44
21
75
273
4
180
6
1
67
26
42
47
197
220
114
100
4
55
107
22
16
47
144
168
188
91
128
1
115
402
46
8
6
106
230
71
158
168
64
188
200
248
190
19
48
8
44
35
42
44
24
14
154
134
98
9
1
45
28
13
375
42
53
13
53
67
149
16
148
75
7
580
11
24
54
82
516
19
122
3
113
10
84
103
246
45
127
79
26
9
167
213
18
12
79
37
25
45
237
29
