163
2
3
7
160
76
134
133
37
125
89
104
39
13
10
111
18
76
56
99
32
154
2
126
270
24
5
22
1
4
96
131
103
23
26
2
60
55
14
128
371
151
38
710
186
151
309
39
49
194
160
45
42
12
17
26
37
201
6
63
45
126
20
378
33
74
77
86
82
315
25
38
1
435
6
17
21
58
183
7
138
72
105
2
42
1
87
164
315
120
1
251
17
76
237
26
48
108
24
20
40
114
36
137
16
21
47
19
10
33
112
8
395
121
60
130
7
10
29
4
11
159
2
101
229
15
3
134
13
142
45
138
253
18
20
40
38
35
194
89
70
141
15
59
97
21
181
177
2
5
9
58
100
88
60
81
250
178
98
123
40
86
193
5
272
186
73
66
50
178
74
1
33
34
281
63
127
432
114
221
11
22
199
172
1
13
100
309
73
38
9
84
91
150
49
43
232
67
145
208
108
31
52
108
11
20
208
14
95
46
90
38
29
17
50
254
70
161
315
31
261
6
74
65
75
78
178
70
23
51
101
51
12
180
30
34
140
19
10
44
100
347
65
336
102
100
15
70
8
96
75
127
538
200
41
40
35
155
78
91
25
99
214
180
226
255
1
96
45
86
188
187
61
72
26
257
2
18
72
43
22
90
172
198
169
211
62
19
61
378
27
102
76
65
65
91
78
56
64
63
145
5
52
114
231
90
61
104
103
44
174
128
23
18
31
272
21
66
3
63
207
21
41
60
128
30
225
47
12
35
328
12
1
21
164
147
130
92
15
72
70
338
122
494
40
63
46
69
184
10
313
134
9
426
38
224
119
83
84
4
521
123
166
147
50
46
26
153
212
49
247
111
289
161
7
91
69
131
43
1
37
282
149
16
127
47
54
60
2
11
26
9
53
205
294
73
72
14
120
402
35
54
57
49
50
44
33
2
54
77
76
35
178
403
26
30
66
112
35
157
245
33
28
45
7
30
108
442
377
269
16
9
44
136
189
260
51
46
198
39
53
3
57
6
57
165
12
571
98
78
135
300
4
139
8
75
150
66
98
253
158
21
29
1
79
140
38
26
5
220
73
66
75
8
27
17
27
45
92
308
161
61
6
144
6
78
276
18
76
69
104
54
49
8
99
71
32
148
49
46
51
8
148
316
53
3
9
89
13
8
59
86
233
11
36
150
7
46
73
216
364
44
64
62
73
46
179
335
45
140
154
43
39
80
44
80
74
93
6
22
74
15
39
214
61
69
33
74
13
76
240
4
37
69
263
98
42
56
167
57
267
5
44
22
36
86
62
3
112
194
5
112
47
261
28
127
46
155
40
108
233
10
3
88
66
33
55
18
21
181
14
14
95
279
136
121
152
70
264
36
44
125
32
39
37
167
28
5
118
30
7
64
20
83
162
156
365
199
35
65
18
59
19
96
26
359
55
8
197
10
168
27
5
193
377
256
20
28
327
18
285
138
18
176
116
359
137
24
53
112
448
95
5
271
122
117
103
58
80
371
39
421
119
38
88
9
115
22
17
57
27
6
69
36
43
274
34
252
229
17
26
46
56
38
164
57
94
86
2
46
29
5
21
96
35
68
274
36
131
191
39
14
25
336
176
216
54
47
75
28
9
178
58
693
135
14
2
22
64
179
113
13
114
192
107
96
156
18
6
79
3
131
134
91
189
61
13
275
10
219
246
51
249
108
22
116
5
21
154
201
30
4
14
13
616
52
85
9
150
60
14
8
132
34
125
99
51
7
37
67
89
255
6
118
172
3
178
39
139
53
228
42
24
68
271
119
15
27
13
63
159
67
1
132
309
251
94
49
76
58
50
132
82
33
108
143
134
20
87
7
226
86
91
106
76
23
140
140
21
56
90
133
212
124
95
82
142
23
95
314
231
170
113
16
115
2
24
251
24
36
54
13
168
63
48
99
85
51
11
446
64
30
75
74
29
21
57
195
45
100
25
22
95
59
185
13
9
35
87
108
24
39
63
135
42
71
53
33
2
23
71
75
295
165
143
64
166
169
313
12
6
3
114
156
21
56
38
9
116
14
65
153
71
33
21
149
105
139
4
233
68
75
12
95
10
36
317
72
168
33
6
256
192
86
126
41
27
106
12
54
253
160
5
45
148
37
80
117
60
34
51
149
165
39
324
30
217
7
208
476
66
53
376
504
217
432
71
11
6
186
27
68
21
55
44
289
204
94
67
31
41
84
4
140
25
155
15
104
66
148
85
288
401
20
354
118
231
38
57
71
22
28
58
38
153
35
45
496
4
51
183
82
1
11
26
19
32
213
7
84
43
24
9
40
32
97
368
87
1
141
324
251
317
59
23
56
45
204
233
33
91
289
66
21
33
43
151
30
52
92
27
235
21
191
285
113
5
63
62
107
127
37
138
10
663
146
38
90
78
30
21
141
148
276
8
69
155
5
111
235
52
46
91
129
32
69
43
2
135
10
12
11
24
175
25
149
854
39
27
93
412
223
11
90
276
106
15
22
129
26
27
7
12
62
129
36
72
238
33
118
34
38
240
93
56
144
17
153
24
73
30
105
24
13
275
171
71
168
317
234
118
348
17
35
519
117
34
137
49
69
174
65
112
182
99
34
85
33
132
1
62
17
114
12
75
72
40
28
29
18
157
195
42
153
90
133
239
89
155
172
136
299
15
72
274
58
60
6
54
71
7
6
62
260
13
15
68
39
41
3
341
252
66
14
16
81
98
374
59
76
5
185
65
50
63
46
146
68
148
7
115
2
35
5
309
136
15
12
226
5
48
27
34
22
70
37
15
6
52
1
164
140
204
40
113
18
18
167
62
150
33
153
126
112
110
292
262
202
50
1
165
51
401
113
142
59
228
32
82
26
8
37
7
9
93
2
165
58
26
9
12
45
116
128
11
24
57
16
158
132
157
152
17
23
27
1
91
78
40
7
115
272
198
8
120
119
167
143
181
91
15
21
360
28
40
44
236
42
143
57
99
101
37
169
269
114
2
31
90
131
281
20
151
3
14
5
66
15
197
209
44
128
257
134
209
154
142
104
11
79
246
62
40
342
21
47
149
32
46
88
11
9
13
5
271
301
27
12
32
75
13
103
97
43
136
199
56
12
95
19
27
140
17
23
10
62
90
5
41
13
85
62
117
349
55
75
98
61
159
29
91
54
49
19
3
93
187
230
323
145
17
4
402
41
760
28
91
49
19
8
374
91
11
148
96
208
66
203
62
234
13
290
149
23
274
43
73
20
66
31
170
14
17
88
113
28
221
13
87
53
102
166
208
62
242
60
152
92
221
93
131
2
2
205
19
35
11
214
23
21
77
153
27
355
48
54
296
130
22
22
54
38
149
248
7
36
21
184
157
377
1
24
16
4
64
73
84
31
58
27
555
55
40
50
153
101
18
493
126
33
80
245
201
38
131
465
13
33
11
6
92
248
115
54
69
61
7
25
89
2
109
12
34
62
39
9
83
161
43
116
57
54
151
275
172
77
22
16
248
78
114
10
112
6
91
218
66
273
32
63
8
23
55
99
12
33
57
122
41
307
16
77
59
159
7
23
1
43
54
223
442
87
251
31
92
76
57
211
26
308
57
260
145
5
58
19
54
189
131
26
35
23
205
37
155
27
156
286
46
76
115
176
8
192
82
35
6
56
69
141
77
1
39
58
198
3
402
149
5
87
64
75
158
164
202
77
119
29
126
246
107
62
35
274
36
93
18
389
20
192
291
14
39
142
322
110
209
168
59
114
63
76
76
69
33
82
18
139
194
60
75
33
7
63
130
36
105
40
16
13
31
146
181
233
23
79
317
22
260
33
101
76
35
113
4
221
29
177
189
90
248
33
159
54
5
72
142
4
167
157
39
233
187
33
259
241
232
53
78
109
69
237
92
92
110
19
46
117
45
251
304
168
121
196
253
1
37
23
42
28
10
10
29
132
72
14
170
20
98
167
52
16
452
68
19
175
29
19
660
36
199
31
31
114
51
68
17
50
16
84
21
149
164
154
104
71
56
177
94
71
95
68
71
92
41
107
78
24
145
150
67
159
18
74
71
124
72
238
159
412
110
21
205
122
187
205
4
3
36
131
10
216
51
122
121
264
4
277
36
253
18
153
331
14
163
16
197
226
286
182
196
115
34
29
139
15
234
89
31
97
40
309
18
148
212
234
27
35
65
268
16
391
21
38
151
23
2
51
42
43
274
103
225
94
76
20
145
41
102
214
10
243
177
8
91
9
38
117
44
9
24
109
33
69
97
25
37
39
8
157
286
43
13
379
76
52
63
147
52
348
183
71
71
192
95
92
59
104
18
35
315
131
180
82
6
11
36
383
78
574
162
26
4
200
24
174
27
34
50
107
15
16
25
143
336
35
36
344
54
39
124
7
128
7
43
27
185
439
57
142
2
67
33
133
105
29
30
36
36
105
33
87
47
83
145
67
73
4
63
76
31
245
20
162
122
128
51
110
89
31
44
39
160
56
16
62
60
152
204
135
279
136
4
294
87
69
101
20
96
218
13
17
75
67
124
25
131
40
2
114
68
48
211
106
25
89
16
225
40
244
106
20
12
55
79
79
14
204
114
65
45
115
39
138
162
78
104
86
147
234
38
54
176
235
154
193
88
170
44
46
76
47
23
17
11
99
39
101
35
88
212
74
6
62
81
1
155
28
50
13
62
29
154
58
22
674
181
205
88
81
89
121
159
85
29
358
87
227
99
52
42
185
130
15
85
102
40
25
101
22
82
26
32
53
328
208
74
116
65
28
216
41
88
260
202
58
4
63
122
98
62
72
74
276
39
165
41
31
266
19
29
53
108
9
116
138
183
45
40
83
196
90
33
487
56
8
54
36
163
4
91
155
64
12
242
283
13
36
116
114
112
61
50
23
10
38
119
112
131
27
287
41
4
498
88
57
57
22
127
148
37
75
125
110
192
62
289
36
54
224
20
216
34
69
219
44
311
138
63
16
93
240
130
306
10
40
22
57
97
29
92
18
12
28
151
8
152
12
173
11
54
1
2
124
203
142
104
209
69
197
36
47
25
38
26
72
141
50
94
87
98
41
40
265
98
17
173
88
72
31
127
20
68
178
2
11
40
235
155
144
137
91
84
106
28
108
162
79
161
18
78
99
170
14
202
48
46
286
4
96
3
59
28
218
41
488
479
100
43
105
126
145
64
107
30
46
80
68
132
71
31
215
119
44
124
47
102
7
67
110
28
19
38
220
131
199
471
137
9
199
135
35
28
21
39
29
62
36
122
2
309
75
16
127
85
52
25
41
91
373
35
135
32
16
8
43
62
34
215
116
30
14
203
68
10
49
35
9
32
137
11
237
65
90
163
235
179
81
33
32
34
225
105
29
174
85
29
45
182
59
137
19
14
344
261
44
58
81
92
8
101
120
163
18
22
67
21
19
30
39
98
10
138
185
36
2
2
45
59
187
596
93
259
106
93
89
22
22
75
15
47
193
137
84
24
120
275
36
45
15
12
201
225
16
69
35
30
30
30
84
161
16
21
70
411
118
180
10
30
92
116
26
38
93
45
407
134
226
142
68
28
27
88
82
7
24
224
101
184
206
25
78
43
66
31
126
63
28
84
34
60
73
158
15
223
36
179
66
108
129
43
9
53
106
44
144
5
61
31
202
69
97
1
94
106
10
374
18
29
69
13
106
53
17
35
2
12
195
114
232
46
171
105
95
110
7
13
50
56
25
25
286
59
10
138
41
19
109
190
139
25
29
562
96
63
161
29
67
36
42
9
118
245
238
366
15
66
35
38
203
34
9
79
93
368
128
81
253
186
46
28
209
257
17
216
16
21
52
93
123
32
57
25
12
164
68
192
164
310
711
100
132
17
52
139
482
29
44
147
123
30
2
1
172
90
26
12
76
178
133
185
102
11
3
73
20
44
139
163
184
193
37
83
28
4
250
128
283
13
4
117
1
101
111
90
175
201
97
297
144
102
20
6
11
264
133
190
140
116
59
322
30
46
73
252
23
8
33
18
301
34
117
441
102
23
5
60
26
7
26
168
24
366
21
128
87
152
7
68
7
115
2
79
44
131
118
10
113
234
25
164
11
15
9
75
39
423
73
24
15
205
56
53
170
246
64
150
114
41
46
68
18
76
109
12
4
40
68
5
94
244
192
105
26
52
135
123
77
69
126
162
20
315
99
19
73
9
42
65
117
22
10
2
406
252
292
183
223
264
102
32
89
48
140
164
138
23
92
51
55
5
109
86
50
83
30
163
280
196
579
260
130
193
47
134
111
81
328
27
18
22
93
78
11
154
112
21
104
6
3
39
32
146
352
243
106
4
27
167
66
142
1
121
2
96
252
39
33
33
32
60
48
181
176
39
339
71
54
153
345
317
190
1
86
73
257
490
189
127
72
70
8
19
69
74
63
72
19
22
58
2
74
111
40
183
52
106
305
83
40
18
56
78
124
41
3
309
113
17
197
49
114
117
46
22
91
32
168
29
38
14
19
179
87
87
37
352
36
47
38
3
30
13
16
181
262
38
94
24
5
25
63
91
66
100
117
89
183
13
149
23
25
139
31
121
58
166
64
148
54
69
6
87
126
202
59
82
34
82
212
143
80
78
29
38
31
81
3
1
171
96
214
118
90
56
36
192
47
62
35
102
93
116
1
359
294
46
150
321
23
70
46
3
82
57
260
44
86
14
124
15
151
388
344
30
116
22
31
49
67
353
99
108
18
7
108
30
27
10
60
75
100
279
9
99
14
18
10
304
557
58
20
51
21
6
160
74
20
7
52
78
169
35
238
168
43
119
53
272
40
186
192
423
40
135
155
139
3
163
375
33
108
2
190
52
167
17
64
140
120
51
9
56
61
52
90
128
35
118
15
325
94
17
30
24
78
219
66
165
14
14
21
179
29
115
202
190
20
25
172
70
60
128
160
87
39
241
74
121
49
169
108
66
151
117
3
96
145
76
52
124
226
101
91
11
20
163
68
20
21
233
226
95
212
71
79
31
431
61
255
70
113
261
181
122
1
64
56
152
75
4
96
116
32
35
54
20
50
56
98
101
144
50
70
207
125
39
163
52
55
246
109
11
132
394
37
24
50
153
145
16
44
24
79
48
128
205
143
88
98
12
3
16
105
78
61
177
29
174
68
40
32
19
44
190
54
158
337
18
23
241
196
29
142
267
44
13
75
342
111
5
156
217
11
172
24
70
1
163
34
151
234
17
111
147
103
5
54
30
251
70
160
17
106
26
69
20
333
33
99
125
26
107
22
72
61
38
184
183
116
129
414
52
15
5
156
74
42
2
83
131
3
91
277
17
17
12
55
267
28
15
22
65
238
38
214
51
17
73
170
28
15
247
84
197
64
5
2
5
58
57
25
45
185
84
8
244
540
99
153
22
251
25
189
162
127
118
42
82
170
159
153
18
142
36
26
25
16
15
170
206
147
57
56
114
99
162
44
17
209
26
192
44
179
6
3
14
33
152
16
164
136
16
399
69
29
8
318
16
91
261
8
46
24
277
4
10
315
3
9
5
121
43
30
88
120
153
54
85
156
180
39
70
6
8
44
58
7
29
150
226
35
4
104
23
80
304
140
9
60
108
341
288
273
241
106
170
76
34
1
263
32
29
145
9
34
251
43
158
140
25
20
85
57
312
119
48
22
25
66
130
45
27
72
83
23
147
472
1
35
208
36
128
15
91
76
335
58
40
610
80
602
31
166
5
93
1
15
192
145
63
420
182
64
27
43
8
10
102
60
146
470
21
192
64
17
166
67
113
3
126
116
375
114
4
42
66
36
426
9
138
115
37
24
51
45
33
11
318
101
6
83
30
32
122
8
44
28
26
364
127
96
78
179
246
107
32
67
23
302
17
14
312
63
253
56
116
52
3
77
5
227
137
56
26
87
38
103
122
27
249
33
56
250
77
57
52
4
73
142
78
105
210
92
116
90
52
234
45
213
18
43
2
17
56
78
86
100
105
6
55
11
354
109
45
132
2
159
13
38
1
255
21
228
5
47
48
107
74
6
7
98
9
27
2
43
38
29
19
30
495
51
117
19
89
203
104
8
57
238
70
242
136
113
96
273
225
3
168
314
31
28
37
187
8
52
213
5
99
29
405
24
261
33
18
112
34
52
20
114
65
112
74
72
40
5
54
76
11
76
148
72
82
81
261
205
34
40
80
224
142
147
90
14
11
103
139
20
11
3
30
72
52
206
156
12
153
57
125
147
4
184
81
28
15
48
47
254
102
20
79
146
98
15
611
32
18
35
376
92
126
127
127
62
113
96
99
78
186
109
214
73
46
25
89
164
324
12
132
127
31
113
63
19
144
40
50
33
192
57
20
103
47
110
130
63
53
166
160
13
3
120
167
6
3
1
81
44
44
122
100
36
59
8
88
37
128
478
221
15
157
45
3
14
65
124
171
26
189
305
22
89
140
102
57
45
54
151
130
42
205
203
6
55
151
422
29
28
9
14
151
69
150
70
55
29
4
64
377
21
36
37
48
53
65
173
43
86
3
37
56
75
69
22
56
117
85
313
18
27
114
76
49
2
58
229
128
146
138
156
131
67
63
23
372
28
42
172
43
84
109
25
507
198
43
55
21
37
56
29
90
56
120
73
122
423
123
63
38
131
4
134
169
157
129
1
271
161
98
97
9
87
119
65
38
49
34
3
79
32
245
76
52
92
244
32
4
152
142
311
59
51
330
50
54
321
12
5
43
14
98
60
271
15
129
30
10
104
34
8
143
37
92
48
5
20
180
5
42
61
569
13
11
313
29
26
212
44
61
56
14
130
83
90
62
324
85
29
197
26
49
65
23
7
65
14
133
32
23
5
49
52
17
81
19
335
49
168
69
160
7
106
48
136
141
57
85
10
23
176
77
8
259
75
5
1
9
157
244
52
35
239
121
21
179
239
138
54
12
101
136
52
43
90
22
211
200
163
41
223
280
15
6
50
115
162
40
54
597
114
30
13
114
141
23
3
12
233
30
253
102
131
205
52
309
17
114
11
148
48
99
111
36
235
20
96
52
51
174
237
68
162
28
84
151
110
97
135
57
63
204
68
29
34
57
7
34
6
41
27
198
1
21
53
191
441
83
4
39
2
98
134
179
30
151
43
154
177
71
24
21
25
222
38
4
4
96
53
19
12
38
99
74
89
62
101
65
150
222
49
10
57
13
198
547
130
97
92
3
459
169
30
15
18
149
160
82
53
8
10
37
59
2
84
28
191
19
129
112
68
361
116
264
44
132
28
66
151
117
190
60
67
116
221
35
35
60
57
21
81
81
330
96
154
147
34
3
76
128
71
42
79
132
176
41
66
19
75
189
3
51
61
130
43
31
50
110
10
42
22
152
38
47
125
1
73
21
60
23
62
71
83
91
129
5
65
13
152
129
96
116
226
36
166
32
280
116
285
44
60
568
5
62
35
115
70
83
231
241
44
33
1
57
23
8
66
31
133
2
20
1
262
91
11
94
93
174
59
21
69
187
9
102
147
270
28
114
79
120
69
15
53
145
152
5
151
109
188
3
189
6
73
9
72
3
42
153
82
157
154
38
129
48
121
230
83
128
14
30
67
139
46
18
34
4
117
114
191
43
247
228
58
139
52
66
97
214
195
231
44
129
76
21
129
82
176
36
261
224
123
119
68
130
97
39
3
55
30
179
118
37
75
83
15
63
87
34
96
15
139
84
54
118
13
26
70
159
319
47
189
47
55
51
354
11
39
10
44
2
53
15
150
78
100
29
35
231
20
139
190
50
135
74
71
313
8
147
76
34
12
261
220
192
227
188
55
130
10
306
19
97
17
168
158
21
17
25
164
124
139
144
18
58
45
277
159
307
65
9
206
120
28
84
9
35
223
3
32
204
181
19
141
153
110
222
54
31
37
151
19
158
160
180
126
65
127
214
70
7
21
18
67
69
32
53
29
41
113
245
79
11
165
148
98
125
66
30
112
12
81
232
56
71
1
130
21
2
125
305
64
187
41
37
9
132
11
94
170
98
85
64
344
12
3
76
195
50
343
129
53
391
291
23
115
71
167
28
84
8
5
65
242
55
4
17
213
132
139
11
265
26
78
8
21
18
330
11
31
252
74
201
45
85
52
71
4
40
15
57
9
6
1
257
95
119
8
15
164
115
58
129
56
4
76
214
147
45
87
14
117
97
113
92
32
98
165
93
98
141
2
109
69
50
351
4
73
5
219
262
16
108
173
188
336
104
152
297
100
103
228
231
54
20
112
48
270
358
54
43
168
125
16
9
11
24
14
9
290
24
138
46
105
93
19
16
263
241
13
36
7
78
42
24
123
128
131
8
128
28
15
64
68
2
3
50
2
7
78
131
96
153
190
290
121
74
11
12
1
284
113
66
37
64
9
59
172
54
228
38
94
33
22
174
51
240
19
60
52
113
98
72
94
49
59
179
45
56
38
84
36
45
8
67
87
35
166
45
51
50
28
278
82
10
91
254
136
3
211
41
218
45
44
29
53
72
150
26
76
8
81
107
461
322
20
9
279
271
395
140
97
2
105
1
41
33
19
5
20
201
23
8
39
83
129
2
34
83
194
18
52
444
62
47
47
257
60
44
20
12
41
260
252
229
401
60
36
14
178
174
163
53
36
42
328
23
103
82
22
10
102
48
36
168
461
19
99
93
48
34
36
11
142
12
31
73
151
43
100
188
17
93
88
6
12
121
79
25
253
175
47
146
42
123
77
36
203
260
35
59
8
55
80
298
153
110
2
310
27
47
218
68
29
33
17
28
73
18
56
20
52
2
73
332
23
94
156
74
117
78
14
65
146
85
3
24
22
274
44
67
30
52
12
84
4
173
19
70
85
115
188
44
207
128
134
211
247
48
55
117
105
71
120
76
35
34
75
37
10
21
59
202
23
6
319
38
15
20
111
152
147
55
15
23
49
29
73
182
48
112
161
28
304
52
9
45
123
12
12
98
105
199
14
19
161
21
80
67
154
20
18
67
81
22
14
60
130
37
51
5
25
72
174
293
14
246
232
23
50
128
140
81
128
203
27
17
124
26
31
288
4
68
116
4
4
75
39
48
113
108
19
145
163
9
10
249
59
64
5
85
129
106
25
2
60
172
31
41
14
71
56
40
36
100
14
27
170
33
35
159
137
94
37
124
36
90
109
3
31
67
67
16
85
208
587
110
33
416
89
106
120
390
59
275
123
53
64
50
285
59
239
144
16
475
5
125
150
96
159
345
39
9
42
8
36
124
147
47
85
53
90
42
19
22
27
485
125
74
160
42
106
114
14
197
4
161
23
326
11
51
36
130
50
16
1
114
23
35
23
423
664
256
154
12
22
24
10
90
3
20
110
24
52
66
1
380
10
1
59
69
274
448
201
8
90
138
336
51
124
46
161
40
51
210
128
75
156
140
60
24
30
191
79
56
56
103
162
87
186
40
115
19
141
15
139
306
411
182
206
54
99
83
50
98
92
547
37
16
216
88
511
161
150
94
356
39
60
141
83
253
56
82
204
27
44
38
11
21
52
4
41
99
49
163
81
85
45
108
146
79
126
117
15
102
9
6
289
15
165
38
130
100
180
198
55
121
516
100
78
58
141
65
258
57
70
134
12
24
15
21
54
72
132
29
107
136
196
56
37
31
65
255
28
2
296
176
148
12
46
1
54
46
246
120
39
29
55
1
100
23
312
27
3
76
56
95
107
136
71
60
62
42
1
32
353
19
14
84
5
126
77
91
75
69
25
27
442
4
8
177
33
51
82
154
84
112
7
131
28
97
123
37
144
22
138
459
36
89
91
107
8
90
103
149
207
11
222
138
30
61
246
15
128
73
5
37
103
55
118
39
6
39
39
49
20
30
110
44
180
13
191
221
74
53
67
158
21
15
33
227
14
62
214
182
310
40
30
130
292
96
12
64
39
144
13
97
4
77
111
122
50
217
338
32
73
186
75
118
146
11
75
3
2
40
383
398
79
45
230
22
5
477
79
179
76
126
22
69
26
52
601
28
478
276
7
8
40
112
33
83
202
15
42
48
156
30
76
301
82
35
54
311
72
148
46
55
79
99
261
118
103
30
122
544
245
88
140
343
62
146
39
42
30
163
26
39
289
292
304
5
333
43
56
95
46
446
5
249
26
65
129
28
33
43
3
41
13
138
39
41
64
141
10
42
247
78
2
22
4
24
286
31
129
69
13
33
62
108
61
116
83
58
136
50
65
136
98
2
318
31
17
24
197
86
39
29
71
202
245
192
22
27
153
35
81
108
1
90
18
64
182
17
38
16
142
68
275
92
225
85
165
168
7
24
77
41
122
147
50
35
6
60
248
445
46
26
26
156
169
51
29
78
11
126
90
18
114
51
58
46
160
189
59
14
24
29
114
386
233
26
32
17
267
386
267
45
99
59
16
107
125
231
7
28
19
56
55
6
301
12
64
587
73
206
138
16
10
29
195
130
95
253
94
254
50
23
95
15
110
168
192
185
72
102
14
33
49
69
21
393
148
178
241
22
61
2
10
26
350
63
12
79
342
38
92
5
32
8
70
38
72
34
91
7
10
34
49
4
214
159
169
323
22
75
69
35
363
74
12
152
23
49
8
39
106
42
23
125
69
106
122
509
156
4
313
158
158
48
42
54
265
15
34
20
139
102
213
82
39
246
118
7
28
3
21
112
26
34
106
239
50
5
6
13
9
1
19
253
162
27
155
46
4
296
4
20
34
329
154
380
42
21
18
77
159
29
78
106
231
45
307
32
186
35
30
23
80
53
66
64
42
113
172
305
75
103
193
69
112
5
103
37
120
61
9
342
248
255
77
32
156
12
43
57
58
26
145
206
16
22
95
256
44
34
86
109
68
103
128
88
85
34
226
177
133
531
45
9
24
123
122
382
106
348
113
266
41
98
43
31
128
51
59
37
6
10
98
162
19
37
111
6
54
16
27
47
21
133
62
110
105
27
415
19
148
18
65
7
38
63
10
50
32
26
70
10
9
248
78
138
74
4
13
90
42
268
37
26
100
29
18
111
224
9
196
64
381
290
15
38
38
44
34
167
8
12
7
171
289
9
20
10
75
67
328
58
108
15
15
45
17
83
11
42
178
154
65
69
22
29
308
7
91
42
91
15
26
137
200
20
139
188
77
266
3
257
198
30
105
65
54
136
46
72
64
518
16
139
46
132
19
13
14
12
36
206
50
176
140
47
57
71
221
64
120
195
57
49
160
20
171
43
50
52
119
114
29
101
5
12
17
67
13
92
45
134
204
16
347
289
54
64
67
33
186
58
7
14
349
4
39
4
387
169
44
11
26
191
40
3
99
85
15
313
103
59
20
126
123
21
66
91
110
224
12
38
175
18
27
14
37
22
127
101
82
90
50
94
126
66
100
10
59
15
25
309
78
9
344
167
228
63
15
18
138
10
68
93
219
100
16
128
140
15
80
16
17
18
4
71
71
105
1
59
15
13
107
167
66
3
21
40
170
4
17
281
63
85
180
46
118
337
6
208
25
8
55
184
11
71
90
25
273
24
62
165
25
61
68
84
6
57
188
137
6
159
24
62
7
125
267
50
64
1
26
252
45
10
159
32
215
69
32
169
6
25
193
4
212
50
13
217
43
11
47
33
374
46
108
26
37
180
67
52
100
67
2
14
23
30
14
144
15
56
2
82
11
87
70
32
88
53
5
104
134
88
115
85
24
44
6
164
24
111
240
74
74
157
29
166
7
31
23
136
200
65
312
99
345
104
43
58
59
7
12
15
169
120
12
59
158
98
91
61
432
58
21
22
411
18
196
81
207
16
81
8
49
39
80
2
20
71
35
103
415
70
31
62
50
15
18
106
6
208
83
342
16
184
10
134
126
121
187
34
158
3
7
14
490
61
63
40
183
259
11
185
60
59
39
290
306
74
142
67
20
111
105
2
2
24
121
168
21
108
305
261
11
50
20
295
57
8
811
154
72
68
113
75
14
4
48
84
7
266
88
236
17
9
31
21
145
3
381
171
83
61
219
155
93
13
50
36
12
3
213
80
11
106
1
123
66
20
170
48
13
27
66
65
200
58
163
61
163
231
306
4
153
20
103
162
125
157
78
5
18
7
138
62
17
202
118
50
215
47
128
99
33
143
705
77
19
21
126
51
260
74
151
108
102
86
21
79
100
65
2
2
75
138
10
25
171
130
18
2
60
26
117
76
145
6
109
51
191
54
73
35
84
97
85
73
87
128
77
99
36
5
206
40
270
28
74
136
75
89
81
15
93
12
57
535
52
46
356
67
156
83
87
14
47
47
43
224
36
78
47
3
159
434
79
202
70
151
24
158
22
37
183
54
214
161
39
157
158
150
192
66
123
12
87
4
197
84
3
15
3
53
192
15
5
246
26
91
331
131
41
28
35
2
61
20
7
28
32
3
61
150
13
13
45
58
74
56
317
40
89
241
152
55
10
71
467
17
131
1
105
53
46
253
42
110
136
159
5
2
161
322
56
371
40
102
9
118
307
167
103
16
263
213
64
35
216
74
318
417
5
183
7
6
73
121
151
345
81
31
12
231
424
301
25
130
145
252
27
6
53
116
114
9
45
20
42
19
53
97
65
108
120
207
345
36
12
112
31
227
18
39
15
10
88
70
139
32
76
152
128
31
18
31
27
111
128
68
84
136
119
7
52
37
124
84
188
5
29
120
29
49
345
103
25
85
210
51
53
39
125
36
182
50
173
65
54
290
64
30
15
160
247
2
7
180
65
62
249
32
86
29
155
78
2
41
431
133
187
57
194
51
40
71
104
40
21
121
81
14
49
39
126
3
28
23
5
148
163
126
48
15
184
63
615
28
87
67
208
87
133
15
167
26
22
22
14
21
149
38
32
59
57
230
34
112
71
82
123
96
187
17
53
162
116
51
154
84
70
81
125
19
173
183
16
148
6
5
37
49
24
4
62
108
332
23
164
32
309
208
163
15
112
36
14
8
131
8
14
157
4
17
64
6
77
351
59
232
16
253
59
335
51
44
49
2
430
45
3
169
87
84
57
60
367
43
112
245
226
774
16
59
113
72
9
23
22
3
42
298
399
144
20
43
128
126
35
61
33
186
62
62
23
24
147
12
79
166
20
47
99
5
89
20
277
22
22
15
89
31
47
64
8
111
127
282
40
96
58
132
3
17
61
187
32
162
60
445
348
148
251
33
3
76
106
38
11
8
82
217
330
53
144
9
69
70
59
38
214
143
32
221
16
40
8
19
56
111
8
192
25
104
93
100
4
86
10
130
3
46
42
65
188
14
143
116
27
144
168
194
34
172
161
53
50
4
32
225
30
61
68
43
69
25
61
132
62
92
34
48
176
43
16
2
291
68
78
72
15
263
78
133
187
30
45
146
30
81
202
240
84
1
158
162
226
133
78
75
38
2
289
103
16
58
5
132
142
69
79
45
63
238
39
176
294
1
143
34
275
108
89
74
284
346
4
111
69
29
19
13
21
315
4
154
89
54
89
4
11
59
9
168
8
148
57
38
70
22
257
77
207
21
125
104
348
32
17
42
44
115
13
25
27
4
56
31
54
35
51
65
73
97
97
96
115
88
219
170
15
54
127
598
28
34
97
15
50
72
107
46
64
83
190
321
141
164
15
29
126
60
52
150
232
227
214
13
11
49
190
45
26
167
331
14
6
66
144
39
161
67
51
235
72
58
162
51
4
110
45
36
11
17
139
211
70
118
138
120
50
54
2
58
178
173
154
84
14
218
28
86
361
242
21
12
101
451
284
158
47
25
14
35
44
61
373
29
23
47
224
9
45
6
118
25
93
12
83
210
130
41
10
10
184
59
34
34
3
28
36
116
27
138
112
47
30
233
137
5
6
41
211
95
106
9
67
190
19
103
68
95
27
31
40
245
20
42
144
101
136
94
10
22
46
42
12
60
14
59
6
22
101
196
81
38
65
145
18
48
64
24
35
69
21
34
42
117
27
70
56
4
17
89
38
36
354
236
50
30
33
164
65
93
19
345
128
30
61
102
50
4
530
30
4
4
56
103
217
1
309
5
45
100
59
83
30
376
68
42
17
180
50
205
58
457
5
12
60
39
21
21
28
26
360
4
11
262
14
42
149
4
245
4
3
201
78
212
142
155
131
72
293
114
12
30
110
224
289
288
22
14
171
93
164
4
14
28
286
14
171
82
218
38
9
3
101
265
37
115
108
67
25
91
5
22
99
2
39
47
161
33
235
77
252
49
5
129
73
13
9
62
76
49
16
31
165
110
264
5
43
26
6
33
122
100
111
83
340
19
100
195
146
126
180
22
196
97
112
273
119
25
29
164
23
10
51
68
130
45
134
125
42
62
181
51
98
8
121
92
50
57
31
266
10
56
243
74
116
63
54
9
4
85
372
2
25
15
97
7
196
12
125
32
26
211
10
104
1
293
94
162
15
110
79
74
63
379
152
67
53
211
157
11
11
582
47
6
19
160
52
153
43
124
110
201
51
25
287
204
56
44
7
99
38
72
89
21
123
92
179
156
124
35
16
9
189
55
317
22
66
62
22
95
37
47
1
74
4
213
203
34
171
87
156
88
14
80
48
114
21
342
33
6
140
3
446
21
12
48
159
31
5
42
193
72
191
42
152
38
134
244
3
7
206
201
339
77
9
139
43
20
413
223
139
104
233
117
161
50
87
117
164
16
42
51
173
349
312
27
70
209
88
10
11
38
117
12
74
15
8
159
2
4
20
78
100
29
37
28
10
116
14
43
3
11
17
70
1
69
197
11
13
43
41
24
32
146
102
149
81
523
74
90
104
68
27
95
83
16
97
138
7
133
114
64
76
260
270
37
95
165
41
86
35
85
46
6
103
257
397
236
59
36
64
201
145
67
37
77
155
64
97
59
105
538
118
74
86
159
23
28
24
70
158
76
185
251
5
136
346
34
211
49
159
179
42
24
16
30
41
252
36
7
25
9
43
12
15
42
36
33
100
82
54
56
18
7
267
27
34
101
43
70
88
9
147
170
28
49
19
216
69
103
10
81
114
22
144
171
52
93
82
212
92
114
274
3
14
116
61
140
28
97
18
16
19
38
303
47
338
138
17
202
43
10
28
217
88
26
32
140
72
126
99
29
306
12
60
30
59
36
243
103
263
82
199
25
118
129
68
202
55
84
46
26
1
28
50
72
14
283
40
178
20
55
60
15
105
54
43
56
119
146
100
157
20
67
195
50
579
120
13
35
72
40
126
80
307
47
66
29
61
99
97
10
10
42
20
79
24
481
325
138
167
139
13
51
97
294
7
244
95
93
170
130
156
6
62
27
55
13
173
13
118
2
16
245
92
231
110
168
195
4
33
9
34
63
268
90
25
13
339
251
119
124
1
45
203
45
69
33
4
11
15
327
123
107
1
162
31
1
41
145
65
179
142
421
49
145
83
45
82
60
85
45
72
67
96
29
4
26
32
116
4
48
61
7
167
14
40
172
37
74
57
55
30
36
125
55
219
37
396
43
139
306
32
204
189
23
69
287
18
16
152
60
105
6
137
3
88
113
90
147
83
33
7
157
119
67
20
556
62
126
82
74
456
56
70
23
35
52
210
98
10
39
78
61
165
17
32
256
89
47
44
15
41
29
30
11
148
189
226
146
6
75
2
28
17
5
4
217
151
212
157
40
156
130
19
181
65
269
11
382
75
19
83
33
404
251
11
5
47
4
309
64
39
17
104
47
37
47
326
35
6
30
236
22
78
2
83
250
216
174
169
86
227
61
130
224
89
51
256
105
192
91
111
9
91
109
194
50
92
242
81
215
107
8
39
59
32
103
39
83
27
56
79
12
4
81
237
75
11
244
85
105
131
5
65
234
100
165
180
194
14
57
135
81
24
67
50
25
74
111
66
98
69
139
6
167
2
116
69
15
172
2
103
82
25
64
89
5
102
207
24
27
367
217
184
39
16
37
8
142
262
96
10
160
46
226
196
84
24
62
44
2
69
317
76
5
167
36
37
15
256
82
15
14
164
174
131
45
24
311
1
2
64
50
10
14
31
143
11
48
204
8
178
145
478
12
153
23
14
26
94
31
7
78
121
104
132
56
234
37
42
50
14
22
4
569
117
70
275
494
41
25
10
170
177
50
9
11
53
55
244
147
130
88
222
45
6
10
83
34
40
62
6
134
60
94
76
115
143
267
48
86
48
58
93
73
123
369
106
17
165
13
225
14
525
66
76
532
136
43
250
37
244
35
25
1
54
148
146
73
67
15
62
167
206
49
14
277
109
13
89
50
60
281
165
151
30
217
166
6
137
43
226
24
49
145
39
15
47
182
96
29
83
49
56
32
8
95
74
174
93
176
83
302
156
72
137
195
213
22
164
36
71
36
49
94
68
464
227
151
6
67
38
58
17
32
19
32
15
119
168
600
60
30
9
41
117
172
6
234
282
63
115
2
364
12
111
131
87
62
51
34
143
16
16
68
198
128
10
17
448
36
26
199
59
15
37
63
50
93
41
42
207
58
22
105
45
4
72
22
226
77
99
191
35
262
3
17
105
259
7
45
131
14
3
230
35
72
1
4
19
37
73
19
88
49
134
61
23
182
45
19
55
61
18
30
180
167
63
153
42
68
12
115
4
39
66
15
360
14
223
1
59
61
84
78
1
201
147
35
387
85
456
121
24
20
44
11
184
124
15
371
44
106
7
66
34
244
4
13
325
9
22
83
14
49
100
77
67
34
183
4
73
112
12
53
208
38
113
503
5
335
75
11
78
323
29
39
43
31
12
1
278
164
6
1
473
182
224
111
66
22
52
150
10
85
95
13
15
75
34
286
36
116
26
58
92
78
264
77
272
8
9
81
5
2
52
15
117
14
33
146
35
2
195
47
305
50
215
9
106
124
148
202
348
131
1
100
22
251
80
467
19
103
74
97
143
57
15
186
272
27
444
39
114
120
1
160
85
197
32
230
155
6
22
326
41
376
9
107
14
110
42
42
32
18
20
50
112
289
396
3
197
21
71
113
12
34
110
165
120
28
9
252
26
181
51
296
88
18
69
39
87
34
66
106
117
31
211
179
103
65
78
95
111
3
17
8
13
62
152
123
52
46
42
131
10
95
161
80
137
45
124
85
290
27
91
96
190
45
26
147
17
49
139
120
28
28
274
75
76
170
25
15
164
281
38
74
62
21
51
20
396
35
183
162
2
44
24
3
99
32
35
215
8
137
15
83
55
152
120
34
246
142
172
84
11
53
71
106
4
91
332
47
32
78
552
28
23
2
193
19
165
41
28
106
577
103
109
65
22
140
50
45
49
134
2
46
82
120
211
304
108
34
9
59
105
203
173
60
6
48
35
236
9
175
29
24
53
93
60
61
17
192
110
1
29
332
29
18
91
123
53
84
650
28
143
4
34
25
262
126
7
45
61
136
203
25
66
15
41
195
20
39
35
49
246
107
106
137
311
56
56
13
494
100
334
337
1
186
124
133
72
211
41
52
289
120
42
112
15
82
314
24
17
66
6
116
4
12
101
115
8
426
126
52
70
1
493
39
32
226
105
107
131
29
106
124
15
9
117
36
41
94
45
36
114
87
176
514
101
34
201
45
41
84
23
165
52
26
315
20
79
151
63
228
3
54
43
53
72
102
128
11
2
197
15
161
29
343
28
36
38
99
41
93
8
169
482
75
176
93
4
57
196
15
154
22
54
38
346
3
328
40
13
85
72
161
114
135
132
59
87
30
287
286
269
167
29
4
42
172
116
49
160
138
16
93
183
89
18
100
59
339
29
31
97
18
5
35
20
36
10
264
112
105
145
337
12
44
181
31
38
14
98
24
9
142
167
36
103
245
4
28
48
246
87
143
196
9
43
228
64
37
76
55
14
116
192
106
8
138
108
32
63
60
4
18
204
64
99
264
37
20
247
128
83
41
115
56
94
27
10
215
77
25
245
145
207
43
10
36
109
85
66
162
70
20
177
199
13
88
43
31
168
105
4
207
29
99
38
78
7
355
80
86
79
51
8
72
1
48
136
7
62
95
208
16
128
64
22
110
13
85
32
24
37
68
94
689
201
79
29
141
41
58
9
10
2
45
166
433
276
48
19
3
156
25
10
67
27
211
117
99
5
113
39
235
56
404
203
96
33
119
30
160
142
89
133
174
106
76
15
2
207
112
34
387
80
125
10
35
75
33
98
150
115
142
10
154
6
162
193
30
28
215
11
72
12
84
43
21
99
30
59
103
52
92
150
29
228
43
107
3
228
62
146
47
158
14
47
174
111
17
132
41
78
171
159
23
122
34
152
2
96
17
9
69
113
304
79
31
10
108
29
8
5
405
4
249
157
62
64
79
7
125
1
13
9
215
40
4
3
19
45
20
54
81
258
88
190
155
46
4
25
15
7
19
137
163
65
34
50
89
40
43
61
33
50
66
90
2
261
388
182
390
386
150
89
68
63
33
416
14
6
55
5
65
142
17
18
98
67
88
3
44
7
141
104
34
8
62
2
309
199
95
2
28
318
2
49
86
29
252
110
40
143
441
118
23
12
77
71
336
96
339
259
46
118
59
256
87
26
62
105
73
101
54
12
78
255
77
45
73
89
217
96
6
89
41
278
219
453
195
54
57
60
121
100
92
27
1
20
108
220
97
28
217
189
27
24
80
12
17
44
166
109
173
5
116
19
269
107
40
90
136
218
103
24
113
47
150
210
339
69
179
137
51
25
45
92
100
25
39
29
390
43
4
204
69
101
37
28
94
109
146
85
193
74
33
87
15
41
107
22
14
132
40
24
321
140
190
13
8
34
16
84
15
75
18
131
101
187
41
94
80
78
98
89
542
58
119
35
363
145
89
250
162
77
50
171
38
117
669
154
50
233
44
43
192
128
13
257
236
8
524
43
19
353
62
18
94
256
45
79
37
106
10
46
11
4
117
53
377
454
59
98
46
89
59
30
49
64
22
25
1
106
63
8
513
238
3
107
84
21
126
34
92
108
161
56
86
26
15
46
196
132
94
85
235
19
20
167
398
3
105
68
70
216
225
18
9
20
45
92
110
296
98
493
296
193
167
22
95
1
25
96
128
30
119
145
83
55
85
24
721
24
42
162
6
4
272
53
109
82
22
22
89
233
255
68
121
218
139
80
39
27
58
11
22
51
355
98
3
54
192
34
226
88
51
5
25
84
35
90
85
81
54
122
117
114
3
314
313
5
163
445
168
37
161
91
2
44
48
51
149
17
197
86
38
60
136
54
9
64
356
103
1
105
92
114
235
19
188
36
100
98
207
183
221
16
9
129
118
103
28
215
144
39
20
379
181
58
62
4
20
100
33
35
247
232
54
55
35
127
48
129
170
94
277
14
288
26
38
10
15
48
45
14
49
43
35
79
303
613
67
329
280
221
33
37
42
77
28
18
24
517
86
80
275
45
126
101
71
124
128
2
54
6
12
95
91
10
96
17
2
101
56
79
38
40
181
34
13
5
23
81
903
52
286
73
103
8
294
65
269
82
12
3
55
14
39
16
141
125
41
30
24
144
83
110
108
71
68
55
87
87
13
48
37
1
87
21
201
29
185
268
177
7
106
93
56
101
77
22
218
22
90
130
213
98
638
33
86
437
23
31
79
53
6
130
68
26
97
59
15
52
33
23
37
18
50
41
195
28
29
154
102
25
62
3
17
6
71
31
72
14
6
65
9
27
48
184
129
87
112
57
60
80
29
10
41
729
87
17
3
16
59
79
37
30
91
108
100
29
32
11
38
53
46
222
228
18
304
272
186
67
1
27
22
634
151
57
77
47
97
209
49
50
96
176
60
133
62
15
22
46
221
106
40
24
330
52
71
265
19
13
141
112
1
4
33
197
141
46
136
306
4
524
320
70
173
65
112
87
76
47
7
53
80
98
191
319
9
62
74
31
64
23
214
28
5
55
109
36
6
25
11
12
23
3
81
49
12
91
166
59
132
28
11
6
18
102
66
7
109
34
1
184
6
34
138
14
105
20
193
331
102
23
107
118
39
25
54
92
409
169
94
84
47
18
7
14
125
200
259
184
23
156
342
83
142
87
31
204
57
310
300
20
114
244
88
236
117
23
78
60
29
79
1
95
37
81
100
134
132
323
34
42
170
30
76
39
44
60
48
72
170
96
12
48
54
112
286
17
36
103
45
33
53
3
51
18
45
29
45
171
65
69
421
161
47
18
57
149
64
66
24
148
7
240
116
42
13
237
196
16
112
13
93
44
129
9
98
34
140
21
245
36
236
122
112
183
56
108
88
11
60
396
316
98
33
8
38
229
232
24
169
375
48
120
185
47
117
89
16
40
1
6
58
84
404
78
11
13
241
80
6
88
83
102
72
39
98
92
79
128
58
229
140
206
105
138
284
90
309
62
105
84
19
83
174
46
3
29
29
39
103
287
81
109
96
145
12
31
110
309
11
85
65
125
103
64
23
62
74
69
261
260
10
75
57
41
164
128
103
5
139
89
19
14
3
131
105
19
17
21
226
94
91
75
69
280
247
189
105
134
32
97
119
248
2
170
60
101
40
465
134
45
164
278
55
223
107
9
27
152
180
199
106
42
460
66
39
202
14
83
29
23
104
82
51
106
26
33
79
101
115
139
148
224
10
371
206
173
223
28
21
4
127
17
92
21
22
117
