3
50
140
43
122
5
74
2
78
168
18
529
7
93
67
66
258
6
16
46
192
2
78
233
15
120
128
28
61
152
41
325
95
326
45
91
71
38
2
3
7
31
40
16
10
61
138
4
129
87
25
60
89
126
30
136
78
115
96
236
14
8
14
286
29
90
64
132
72
165
7
89
186
55
1
270
52
155
38
153
21
200
18
39
25
333
192
18
97
75
1
55
179
59
32
215
8
91
33
100
291
47
27
53
106
14
124
86
139
9
124
131
47
33
56
55
74
85
46
22
121
56
339
19
47
288
112
204
64
72
81
157
22
59
321
113
4
81
322
35
102
105
29
203
4
67
2
92
61
116
1
95
99
139
187
18
101
301
105
35
129
4
90
10
75
324
220
5
49
25
45
123
194
83
154
88
48
122
262
208
13
101
14
60
223
62
428
72
92
24
7
44
57
46
41
19
73
59
17
15
124
90
86
249
23
253
96
44
140
75
188
380
45
181
63
385
71
248
51
15
207
26
63
143
74
29
43
86
14
25
1
112
323
294
144
183
99
33
2
74
65
10
84
51
109
144
10
257
110
48
10
89
8
167
229
51
78
64
15
168
29
73
25
70
14
127
312
83
65
159
56
258
20
83
73
205
99
58
38
85
97
6
118
3
101
208
204
11
161
128
115
63
25
83
83
13
9
95
22
23
16
223
76
129
3
155
86
176
36
103
38
27
80
63
171
39
42
110
108
109
81
135
67
259
6
64
253
28
5
90
18
25
8
3
126
36
62
23
7
40
39
4
136
179
35
141
48
61
276
38
211
82
52
98
10
61
68
58
210
9
16
38
423
48
85
173
85
125
199
49
142
42
141
94
26
219
17
73
381
38
132
86
11
13
136
137
335
84
115
215
62
205
26
13
55
117
1
12
35
2
71
74
50
48
301
285
10
23
27
201
142
18
32
47
100
108
38
109
7
5
28
89
87
137
36
92
57
7
303
34
64
79
74
278
30
106
180
10
92
232
305
144
25
41
119
45
137
73
130
5
100
2
97
34
68
323
116
81
265
72
31
22
57
100
40
13
6
88
46
158
135
233
128
10
77
209
122
465
7
61
186
44
152
6
84
191
16
93
16
63
70
173
88
7
199
20
204
103
55
88
54
120
218
243
111
119
26
8
13
49
21
37
150
58
33
10
66
61
99
11
170
424
22
65
100
138
236
375
72
257
21
26
12
52
113
21
39
24
220
83
123
124
251
87
141
4
53
166
43
804
266
40
45
195
261
14
11
12
83
54
71
14
295
6
28
182
258
38
171
126
28
157
200
161
18
183
107
102
206
11
35
76
154
270
105
31
201
25
5
413
83
103
24
6
46
192
42
61
227
55
7
35
377
21
76
207
71
96
63
8
142
4
94
383
18
148
3
21
57
270
98
116
79
64
92
13
16
103
62
21
69
48
24
91
53
111
142
10
29
110
19
70
169
151
143
130
151
16
196
32
60
107
19
1
71
106
37
187
2
65
83
32
232
532
234
119
134
82
76
342
164
225
181
31
53
483
76
62
31
30
136
128
47
17
104
13
138
393
106
19
144
201
155
199
29
141
1
45
13
37
97
16
62
421
185
41
31
266
48
145
157
15
262
44
8
16
10
123
54
16
452
14
263
127
18
77
78
71
31
30
85
1
51
19
3
263
367
159
120
33
55
26
15
23
95
24
305
307
96
66
47
2
49
25
164
1
12
12
64
21
142
73
53
95
251
2
22
287
110
49
65
15
56
196
43
91
43
10
129
1
345
69
57
17
49
296
147
176
114
51
5
3
30
52
45
46
9
248
272
5
14
8
75
142
17
4
123
368
40
58
95
72
115
150
182
70
93
115
94
170
49
38
20
177
341
11
39
33
134
39
107
285
27
12
2
25
8
8
38
66
2
101
41
25
113
42
68
39
88
161
105
64
142
49
106
64
68
36
268
28
1
129
18
42
119
10
287
50
130
33
89
25
104
238
186
339
118
98
11
45
208
15
60
28
67
139
146
15
22
74
79
240
23
122
139
47
291
122
37
48
11
2
210
37
9
45
132
174
16
37
19
16
76
194
91
12
51
94
102
40
30
260
15
38
83
113
2
24
156
25
115
32
99
58
201
66
69
4
174
155
6
49
13
112
58
27
137
99
84
28
9
317
54
62
88
3
75
221
71
28
297
7
139
82
70
3
36
71
30
113
120
33
283
27
106
76
72
9
59
148
266
25
3
406
124
17
18
24
84
43
59
19
49
13
76
178
6
12
53
199
391
200
240
24
501
13
25
13
14
45
18
12
143
9
66
64
2
67
65
78
77
2
152
115
6
44
334
57
147
58
15
267
13
114
65
193
24
44
106
55
51
77
54
4
255
17
187
61
50
475
63
28
48
165
51
40
36
84
2
69
57
40
15
41
167
93
131
36
255
239
1
135
147
31
116
120
57
84
268
23
74
115
70
94
123
30
78
34
54
43
2
92
12
55
12
242
12
39
49
186
77
31
12
129
52
84
61
182
242
193
13
224
115
39
214
89
159
25
325
16
19
252
4
17
90
108
80
202
71
44
50
12
151
25
107
325
9
240
6
45
67
24
5
57
198
20
13
42
150
206
111
73
12
70
847
34
67
78
295
37
94
141
23
73
43
34
150
52
54
30
28
97
149
5
93
63
271
46
72
192
22
29
65
132
51
5
4
85
82
194
269
264
25
27
136
241
23
25
52
47
50
63
134
76
22
264
31
71
65
244
18
118
47
5
203
39
214
11
11
16
44
5
112
83
11
114
10
1
245
354
175
146
163
8
103
90
119
63
226
300
233
117
41
44
90
58
48
63
76
149
18
65
93
156
133
284
150
17
147
338
50
58
283
94
63
52
125
161
142
11
31
92
134
2
15
26
57
118
139
7
23
86
166
28
72
140
75
69
52
92
27
90
60
13
65
26
166
14
27
2
34
166
330
6
56
39
54
72
55
10
2
325
108
71
17
28
37
258
23
41
48
40
94
30
26
100
7
46
90
7
70
34
188
70
91
63
76
156
91
38
54
126
79
14
247
37
53
51
154
23
335
95
15
355
195
34
107
374
103
447
125
105
151
50
35
135
156
3
217
135
241
60
64
94
18
3
164
4
1
178
1
2
47
61
43
558
204
157
26
121
45
93
47
65
64
14
5
44
21
28
102
6
78
46
27
395
50
16
30
93
17
148
104
120
152
48
415
92
86
76
150
69
79
214
54
232
20
111
27
44
17
48
1
10
112
92
245
68
1
243
149
103
120
242
238
10
212
147
58
55
21
26
154
51
91
69
26
49
95
69
84
8
2
220
114
8
270
37
25
79
46
22
24
32
51
124
61
64
23
113
72
50
35
150
38
15
82
27
75
5
129
42
41
102
35
40
61
310
21
49
70
15
19
127
144
4
33
20
221
85
6
374
67
146
125
49
91
106
31
215
119
34
6
16
251
63
20
70
207
74
66
28
743
73
3
105
147
3
265
31
57
55
54
27
8
42
263
10
119
96
5
18
2
51
36
15
55
418
51
67
31
205
298
124
130
86
42
36
21
255
74
1
129
30
17
386
1
50
70
40
44
236
33
20
240
40
68
77
6
153
35
52
69
149
96
234
77
147
106
7
16
22
72
48
72
276
90
89
15
338
123
109
9
21
34
21
172
14
156
101
196
265
98
68
48
33
51
24
55
157
1
34
59
138
12
43
7
88
122
466
87
18
55
50
160
2
90
28
693
38
52
113
156
198
59
50
74
58
43
9
79
66
70
405
76
22
135
254
42
33
79
73
62
3
76
33
4
43
5
137
80
84
83
91
92
3
177
2
7
42
258
43
55
86
16
269
3
148
141
46
124
300
91
129
17
52
217
683
74
74
63
157
76
93
218
56
19
141
40
172
149
67
2
184
4
19
134
23
74
180
18
160
35
46
40
66
171
35
248
71
8
45
34
85
193
12
170
166
102
36
139
58
52
36
27
190
80
128
235
463
14
47
1
93
64
49
36
28
7
36
103
2
164
128
48
10
117
104
14
27
12
33
181
143
91
141
32
60
242
19
32
179
20
65
56
189
31
41
40
87
116
97
13
150
177
101
10
136
140
25
83
6
204
2
15
13
156
132
35
13
69
96
4
101
299
46
150
129
107
60
39
3
25
18
2
148
133
65
61
56
234
224
14
91
92
265
2
260
2
261
86
284
86
68
171
43
17
26
8
38
72
19
246
81
1
55
58
220
97
19
283
174
23
77
65
4
169
69
19
171
2
61
19
21
111
2
5
24
72
9
401
188
186
18
49
39
72
84
12
29
102
31
48
32
408
62
150
246
266
92
26
45
38
91
52
288
27
51
73
68
3
58
59
30
73
37
221
68
34
46
121
260
46
44
31
82
22
270
68
136
38
20
181
6
48
71
290
53
1
131
73
25
161
162
313
46
84
57
590
30
40
285
25
12
120
124
71
40
55
13
158
127
409
4
193
84
344
5
450
39
163
52
36
15
188
14
57
35
77
3
23
37
158
44
108
36
65
324
122
4
61
283
14
106
102
63
60
212
142
80
414
53
336
115
167
37
316
26
19
58
222
153
166
20
9
82
151
140
169
133
376
266
23
159
273
205
47
91
314
46
266
102
63
109
210
184
95
6
179
126
162
9
156
49
151
127
93
113
7
39
315
205
7
111
6
131
214
127
58
448
67
159
114
72
212
115
83
21
13
50
12
55
45
23
249
89
243
22
27
101
28
25
148
75
367
138
3
132
146
101
77
6
186
2
59
71
116
63
18
391
39
7
9
53
197
53
5
15
71
11
71
32
492
151
180
99
1
34
26
97
31
113
71
176
213
169
175
4
17
178
96
44
264
50
140
83
8
4
102
55
46
34
74
176
381
54
167
20
120
79
234
19
152
102
30
45
45
26
158
204
93
11
3
195
71
234
154
177
350
305
102
80
138
133
66
35
38
194
8
106
64
81
177
83
16
248
20
496
264
9
24
31
38
9
43
46
154
95
151
883
57
39
52
121
1
266
186
157
16
161
53
51
104
439
39
69
173
59
279
278
129
5
141
23
28
146
120
53
422
32
84
39
35
31
28
109
223
20
24
3
313
24
50
48
108
13
305
12
4
164
25
26
42
47
18
104
104
16
90
322
85
18
109
23
61
182
269
95
66
55
2
15
266
69
53
7
56
31
87
35
94
72
51
97
143
56
3
2
154
65
36
109
52
2
54
162
21
143
4
276
187
83
66
239
206
142
6
26
121
133
79
32
67
23
61
33
17
48
69
153
7
8
18
64
353
216
226
11
47
75
63
23
88
19
16
149
71
100
4
35
7
11
184
75
382
35
63
109
104
323
13
132
117
75
83
109
55
12
52
87
58
153
31
215
166
316
5
79
401
87
8
31
70
36
13
68
65
54
147
98
67
113
21
26
197
125
105
4
87
145
153
135
63
34
90
161
121
30
63
119
161
86
100
122
126
293
155
154
1
12
50
77
85
91
141
66
92
70
78
142
7
68
182
56
27
82
73
100
120
233
127
127
81
235
89
104
22
9
1
85
164
57
208
38
6
213
193
24
67
37
46
27
60
124
256
31
27
15
72
125
53
148
3
118
35
16
87
98
49
292
23
11
174
5
63
8
71
61
82
9
135
40
248
89
339
19
370
121
33
36
29
14
152
174
645
88
76
43
10
95
9
14
50
6
50
19
70
147
43
35
14
70
12
105
96
45
59
84
65
14
24
127
180
258
18
110
117
277
394
32
35
17
194
57
144
318
109
46
173
240
74
29
39
43
335
181
62
170
7
81
196
8
62
44
179
159
202
4
55
26
10
122
113
23
106
16
165
310
267
104
99
7
52
54
24
12
134
47
32
81
361
41
34
78
129
16
15
155
75
324
63
35
272
14
96
2
226
61
98
34
4
386
310
200
70
96
34
115
9
41
148
87
8
101
63
36
58
8
69
157
8
28
89
4
66
43
89
93
228
5
289
307
10
25
75
25
15
117
20
110
57
115
86
43
4
170
34
212
42
37
181
90
92
73
156
62
128
32
123
60
280
36
16
2
86
159
119
67
9
20
54
45
3
136
22
6
147
14
24
298
28
67
49
126
115
174
370
105
185
69
37
123
1
84
337
113
17
136
233
91
129
23
75
88
20
9
624
220
82
7
130
15
93
120
74
43
204
17
61
62
2
167
96
150
114
93
89
25
198
354
224
88
69
14
236
6
29
32
92
34
27
39
51
57
99
62
187
1
75
122
147
190
52
42
143
275
11
19
3
22
18
47
94
44
247
6
23
65
7
9
121
124
60
92
59
221
33
53
62
130
277
9
173
128
67
1
18
26
18
85
9
146
45
26
194
173
40
77
92
234
129
6
140
165
60
230
63
756
166
23
37
23
66
103
246
269
6
42
35
83
20
35
217
79
124
244
208
84
338
180
119
143
10
15
45
258
123
135
43
28
67
571
43
8
72
220
53
1
112
41
18
135
109
94
19
48
42
6
24
60
25
210
169
79
22
43
243
28
203
296
231
90
1
104
167
63
207
31
150
66
81
20
10
73
4
168
209
2
18
60
163
35
2
4
6
114
50
89
43
140
84
19
12
12
28
246
150
280
6
21
146
288
36
1
133
510
5
172
76
187
31
205
27
164
33
80
54
15
126
40
185
75
174
43
25
14
11
517
195
337
124
36
179
323
151
35
100
41
45
207
4
142
14
47
128
222
80
139
94
53
27
92
47
300
56
47
27
343
16
177
18
258
114
120
35
1
23
121
132
43
301
84
108
37
160
86
93
249
166
133
116
48
101
6
30
10
58
2
25
105
60
95
71
145
40
23
50
62
219
3
185
613
11
311
170
100
145
224
737
21
199
193
53
70
10
117
94
52
74
33
70
27
113
22
30
331
525
118
58
70
107
12
122
95
59
37
50
4
15
44
50
46
61
616
15
331
83
26
11
189
69
247
233
87
139
102
86
76
61
44
31
393
77
23
83
6
37
55
96
89
14
259
114
108
6
451
264
3
232
115
202
59
36
24
55
14
129
178
113
4
39
194
8
60
161
109
69
43
160
26
166
40
13
1
28
84
101
287
150
27
70
134
416
42
25
129
166
73
40
197
93
367
78
206
43
48
167
8
127
331
7
22
77
5
9
3
423
259
34
69
122
20
187
6
35
362
16
6
8
2
4
63
119
341
222
43
78
13
239
19
323
221
23
307
80
95
69
72
16
53
2
64
42
13
246
155
11
466
12
12
12
98
277
1
405
287
99
45
178
21
4
21
108
70
53
59
42
31
75
337
22
25
9
137
18
15
4
64
209
87
91
56
23
74
29
129
52
71
36
2
35
22
174
390
45
37
139
299
36
134
77
35
133
12
172
41
101
72
77
405
125
48
329
198
307
53
155
249
10
168
9
48
121
42
43
6
152
80
101
33
91
98
120
56
6
43
96
2
40
88
120
87
59
280
3
147
10
18
309
21
52
186
33
97
44
26
145
142
56
38
11
107
103
211
75
83
42
122
21
8
11
77
70
12
76
49
36
28
186
181
63
1
213
32
9
65
36
208
55
124
50
250
49
170
227
311
21
21
11
55
54
1
16
203
31
29
187
84
391
705
54
267
16
9
51
21
37
209
88
35
204
25
84
197
76
117
132
105
198
5
547
214
264
64
54
79
137
75
61
5
96
173
155
47
31
34
314
90
15
92
177
118
22
148
4
121
13
158
173
277
93
132
50
94
1
136
109
103
106
48
60
74
27
181
2
35
8
12
238
257
112
164
100
70
232
37
27
102
31
387
42
16
83
44
81
22
233
39
37
6
142
16
7
170
25
50
358
100
14
9
188
16
17
45
297
10
101
37
48
96
21
142
52
88
19
6
44
4
21
121
107
128
535
60
133
65
17
131
267
22
28
39
57
140
105
96
72
74
98
70
66
14
195
2
190
23
107
58
71
7
37
18
20
31
35
183
65
118
62
26
13
121
83
534
32
152
253
76
45
96
135
99
57
184
158
57
42
70
13
223
2
30
12
73
91
36
2
244
42
21
6
108
32
122
80
70
109
43
54
71
27
165
60
245
222
85
224
95
13
289
113
129
167
244
14
167
13
278
32
6
6
388
89
20
18
5
33
46
440
2
206
129
75
166
68
2
80
220
41
88
100
66
92
39
137
125
10
59
88
214
10
3
10
9
462
3
63
61
65
14
23
49
81
223
165
215
53
35
6
78
42
82
27
107
19
259
227
35
137
32
36
64
336
23
300
3
65
180
242
30
222
375
134
53
58
114
93
93
64
28
27
201
43
55
23
53
30
65
72
1
6
66
33
48
59
46
114
144
31
191
226
164
44
3
117
101
136
584
131
174
31
185
63
217
58
36
51
215
54
93
94
49
71
77
54
86
12
73
97
145
3
110
74
21
156
144
52
17
24
19
117
12
263
72
215
112
112
2
100
43
54
229
170
86
166
59
53
97
45
45
62
65
45
8
114
94
115
85
64
59
6
69
439
179
97
134
57
102
116
39
30
59
18
888
10
58
2
9
17
113
70
16
304
47
195
115
89
134
119
71
36
3
64
208
71
91
166
33
34
183
15
20
37
56
436
16
18
16
81
36
62
38
40
3
13
1
44
80
79
43
29
81
16
9
184
151
228
165
324
54
139
50
140
115
216
28
63
28
123
186
28
305
45
27
136
5
45
18
7
96
32
209
14
9
16
74
80
41
206
162
14
195
159
2
129
70
8
22
14
92
109
44
203
34
148
88
215
160
152
25
19
217
90
82
74
245
261
19
149
84
114
89
145
1
62
115
111
461
7
39
45
329
202
166
26
21
110
341
35
72
56
122
377
166
23
85
36
139
70
32
72
69
125
111
44
167
18
52
134
45
22
22
13
150
43
14
244
37
30
74
164
32
26
60
1
112
35
119
5
9
99
24
108
191
8
276
63
31
71
104
5
80
46
219
161
38
6
87
29
35
10
362
305
86
134
22
50
47
33
34
62
83
108
123
3
45
19
287
22
110
42
451
330
487
118
255
436
478
177
174
487
118
46
216
549
31
175
279
139
403
137
53
43
19
137
15
191
17
13
77
15
55
319
90
24
96
56
34
137
141
292
142
206
121
28
116
422
88
61
276
161
32
66
155
74
45
406
6
136
178
89
95
219
117
329
40
159
74
75
102
22
171
14
1
196
200
20
47
138
3
95
12
204
333
45
45
327
141
32
10
37
18
120
42
210
86
19
207
147
12
62
79
161
56
109
116
30
101
38
113
65
110
16
217
2
27
270
31
69
93
40
84
75
332
83
24
214
129
148
245
274
37
112
255
34
139
80
7
27
99
94
47
16
5
80
89
20
1
1
52
288
55
30
45
125
42
107
82
163
136
6
42
33
44
84
88
133
77
46
110
49
247
279
21
121
43
16
58
41
41
46
54
38
233
171
45
227
76
331
120
287
38
7
96
21
317
6
111
19
9
41
27
3
104
125
50
164
120
163
36
36
212
29
134
39
5
101
172
28
66
5
77
20
4
57
150
101
210
209
20
23
25
24
18
48
9
89
36
65
159
156
4
67
11
295
328
26
336
121
71
406
86
299
3
6
170
28
324
70
92
188
132
179
33
219
169
159
49
23
91
104
146
226
327
164
13
35
77
8
8
12
6
34
122
111
547
146
62
226
136
31
42
69
28
192
62
70
35
45
70
41
210
30
14
86
144
69
35
80
72
20
69
139
135
10
314
35
51
21
81
235
84
31
165
3
79
102
165
35
21
84
58
34
167
116
118
75
143
89
167
213
375
307
180
192
96
50
112
16
34
174
8
239
37
16
72
74
12
12
18
107
12
108
119
28
55
138
210
200
2
62
69
3
355
66
28
10
103
38
136
107
72
57
37
146
30
3
43
10
69
17
31
204
26
13
78
35
54
82
48
3
169
163
295
5
106
4
13
44
300
54
97
60
320
154
144
132
132
20
117
132
181
58
125
8
1
141
197
93
63
111
62
12
82
107
4
138
65
101
32
1
97
287
31
35
13
121
178
125
242
39
214
136
343
172
151
40
49
4
53
80
63
272
194
29
76
226
4
330
64
25
76
65
55
10
82
4
110
19
99
27
201
338
30
32
3
7
223
1
48
463
1
50
30
80
114
31
23
85
74
24
65
260
31
123
7
84
13
27
35
36
22
113
20
93
30
14
24
6
1
6
150
47
38
103
282
1
22
20
89
263
168
165
90
49
45
61
36
25
1
183
169
128
81
334
199
138
75
89
88
115
96
57
48
90
218
192
40
32
184
110
1
268
134
58
109
7
28
352
51
136
21
177
147
38
281
135
125
45
64
188
112
25
55
45
163
11
72
44
102
13
178
49
7
19
5
23
65
26
11
78
31
9
22
5
126
300
56
42
43
49
46
126
157
37
16
53
151
121
66
221
182
38
58
1
23
42
91
183
55
359
186
38
89
59
6
60
289
231
5
348
103
186
29
155
81
26
78
147
314
24
60
9
56
66
109
15
43
347
97
100
247
154
20
69
54
82
15
33
118
194
107
144
9
120
59
298
7
57
24
69
161
133
9
37
18
125
54
43
175
300
18
68
248
186
37
111
27
42
334
274
11
19
14
48
27
37
373
98
39
72
30
75
28
81
78
61
45
73
282
236
207
12
27
82
50
178
7
40
53
47
11
8
439
25
75
25
26
48
18
51
31
136
66
112
24
68
122
4
297
12
25
314
118
59
57
97
10
190
7
44
279
34
25
28
93
130
85
11
346
57
13
63
55
110
44
27
334
9
8
82
211
180
28
65
109
15
43
77
152
19
17
162
68
9
23
242
35
42
12
280
107
36
117
40
15
126
44
447
100
23
125
132
83
173
105
207
19
100
33
71
197
121
335
1
412
135
130
162
1
336
48
46
122
529
1
25
12
58
222
227
117
258
38
60
173
58
69
17
265
147
316
48
37
68
38
33
115
61
245
21
197
170
52
273
163
97
33
70
72
14
184
6
191
32
199
201
203
1
53
21
57
9
109
123
3
184
58
176
128
116
39
40
320
31
49
33
53
445
9
113
159
88
111
66
129
18
318
52
245
106
175
24
14
128
86
347
40
82
126
182
34
3
76
21
84
25
164
62
73
290
25
168
88
87
131
158
43
41
33
90
126
219
165
35
53
26
37
3
32
4
29
70
70
10
128
219
30
78
157
222
102
123
52
207
32
45
108
271
66
69
88
50
33
41
66
62
113
121
18
182
80
197
110
60
112
201
60
47
137
57
47
144
21
40
1
150
117
97
271
25
166
329
21
13
130
27
34
30
85
55
14
195
76
328
41
19
52
53
918
34
3
218
50
30
187
348
345
158
98
11
210
276
483
42
18
141
57
30
61
9
2
6
81
90
143
61
27
10
175
139
42
68
164
9
53
80
96
347
14
202
192
119
29
48
253
29
133
289
29
152
44
72
141
23
94
252
38
261
203
35
150
27
173
58
66
157
30
29
25
44
231
22
115
80
130
93
169
129
45
135
236
133
183
48
18
70
199
1
23
54
62
9
250
44
23
18
3
2
488
63
18
255
4
45
15
35
12
64
42
77
235
28
128
94
222
34
12
26
375
9
31
30
31
142
19
27
22
44
194
335
1
97
36
63
63
7
1
8
1
2
52
15
12
287
34
374
78
121
118
43
90
11
4
255
89
157
8
3
301
96
8
69
59
99
246
276
26
1
296
174
390
211
212
22
44
77
116
22
18
85
23
17
333
24
46
312
34
43
9
5
37
125
168
36
175
160
115
63
94
92
257
122
56
148
77
99
9
12
27
191
110
145
28
183
129
328
30
8
23
83
44
364
130
79
83
36
12
54
54
45
128
46
150
216
30
129
228
109
27
92
75
84
48
15
41
49
17
203
46
22
37
240
95
40
57
109
109
19
148
35
40
305
282
79
120
32
26
286
63
95
616
60
8
29
312
48
50
38
6
41
11
128
167
16
14
333
121
33
119
284
168
32
18
31
167
57
87
79
25
24
282
84
192
19
228
382
181
6
6
46
34
323
49
34
92
42
67
39
62
16
234
61
13
24
187
437
430
105
152
214
19
214
10
5
230
99
45
77
273
10
165
113
80
9
14
117
104
175
11
172
79
72
142
132
362
33
86
233
117
60
96
282
238
24
182
118
54
235
30
76
131
74
42
62
97
109
74
18
37
31
2
32
70
143
80
281
6
47
150
6
83
13
68
14
5
104
4
78
234
71
71
118
89
73
210
10
44
55
17
9
210
135
456
238
69
97
53
117
35
86
66
38
129
32
178
137
43
61
225
28
477
291
134
425
17
58
308
308
63
79
5
84
40
104
178
101
127
159
87
27
4
2
156
55
19
140
88
266
193
85
8
18
10
15
19
459
5
128
233
21
431
353
113
47
107
191
97
218
117
14
34
50
68
107
90
9
45
59
83
152
2
334
27
78
37
94
12
55
118
18
26
64
85
56
170
27
22
69
125
203
74
70
128
30
155
31
134
101
42
5
1
14
8
3
118
5
8
100
11
2
86
1
35
128
37
13
84
31
125
30
193
46
163
39
162
46
46
52
252
234
1
37
19
178
253
34
10
155
126
2
176
120
103
107
30
60
52
42
68
23
73
4
128
164
13
1
51
53
11
55
211
52
44
15
37
177
3
61
138
7
59
30
561
66
41
84
35
85
312
94
200
67
169
121
123
18
49
5
45
21
30
118
183
32
27
64
592
672
296
8
40
140
105
80
47
26
23
128
132
8
189
171
28
284
84
122
47
179
3
68
18
133
23
93
95
77
46
90
314
82
54
161
24
18
106
51
149
41
141
150
104
60
8
89
51
443
105
233
148
305
71
101
47
127
153
188
45
48
66
1
229
72
21
60
25
180
55
120
63
180
52
42
145
78
14
24
146
22
93
132
16
39
32
172
43
21
74
17
35
65
19
55
206
97
8
187
116
38
191
266
24
237
74
154
72
243
101
139
27
33
77
28
22
5
466
38
290
35
5
110
86
399
567
36
154
40
41
633
93
53
13
21
65
79
392
16
143
176
60
77
36
70
129
108
123
74
275
85
53
10
55
89
61
119
216
17
330
137
44
63
79
195
123
5
51
7
119
197
20
112
79
43
182
27
5
149
110
16
25
129
18
204
140
75
98
297
78
34
55
104
6
27
143
304
10
26
85
4
39
40
5
9
64
54
404
74
224
66
343
81
55
149
62
83
40
7
67
29
18
288
21
20
41
5
16
84
108
179
49
13
177
101
38
83
31
12
182
7
178
342
4
28
82
29
36
23
34
350
4
327
54
342
101
222
354
12
295
100
3
69
16
66
283
17
114
312
137
234
82
134
61
187
102
32
354
10
53
17
12
90
18
34
164
79
10
62
30
3
110
51
103
158
80
247
11
70
45
48
23
126
77
93
35
105
64
164
327
65
151
111
143
134
155
195
63
65
58
77
237
47
134
104
218
15
1
4
12
90
144
133
100
214
246
47
28
129
17
79
44
16
227
95
88
135
28
81
54
47
50
120
63
173
98
276
711
175
37
84
80
167
67
283
29
81
180
206
137
29
135
88
3
118
59
245
15
9
20
57
130
20
99
80
35
61
60
33
15
181
43
42
111
11
147
73
318
108
18
79
251
7
23
25
70
46
206
31
22
1
180
28
68
13
47
86
188
18
183
69
199
56
432
10
50
33
2
20
199
24
22
133
258
42
29
305
52
119
170
108
126
84
118
181
182
4
42
256
146
67
8
156
110
66
206
24
380
83
317
4
98
88
192
92
51
5
54
1
9
126
73
36
21
71
4
19
31
55
134
4
85
205
72
201
193
22
33
38
12
196
336
76
12
202
178
41
38
52
26
57
186
10
62
83
326
7
122
17
48
16
5
34
431
592
28
162
127
91
1
18
48
168
3
73
51
111
94
75
123
183
9
92
36
26
53
60
298
15
183
116
26
116
110
117
8
412
55
81
74
13
217
25
57
37
4
42
163
21
9
57
34
41
44
278
108
366
447
24
54
21
26
144
88
123
54
186
38
165
32
172
25
54
26
310
88
130
183
10
509
18
874
123
538
86
130
110
40
362
20
189
58
49
25
145
65
66
28
120
5
74
2
79
103
4
384
110
290
33
39
160
99
174
140
77
5
28
103
27
73
173
165
36
12
76
87
312
138
36
2
113
167
232
83
31
73
30
45
195
104
134
84
100
215
35
17
160
125
253
72
158
99
49
181
276
76
112
220
94
29
48
150
54
15
82
112
128
28
36
181
30
5
114
82
44
32
11
59
26
2
130
172
23
1
4
49
301
105
110
218
59
265
70
117
90
106
131
168
71
144
24
32
67
68
36
151
91
59
15
110
351
52
197
114
24
70
13
1
103
8
431
35
351
22
85
65
391
93
12
72
100
93
236
23
16
62
310
98
41
26
49
33
21
60
45
20
42
237
77
251
60
116
148
4
194
176
120
159
93
3
70
19
42
174
166
37
66
228
107
71
17
72
186
32
41
41
81
46
47
48
79
98
14
101
151
173
68
13
17
73
24
9
10
366
141
47
4
37
32
73
12
166
7
88
95
140
76
8
130
186
3
64
195
32
217
60
57
151
42
29
20
45
104
6
8
42
35
103
89
87
58
64
7
30
127
431
25
21
30
42
54
26
40
137
263
38
137
25
56
58
158
2
95
61
174
409
46
23
142
103
16
17
36
212
178
382
183
73
7
121
97
124
12
118
34
269
102
52
6
32
285
6
144
74
120
8
3
162
59
64
39
54
28
209
12
298
151
96
15
274
19
327
79
88
47
31
162
62
382
103
106
52
1
123
180
116
1
117
64
100
54
515
164
213
68
81
114
5
23
121
40
32
38
56
204
44
156
392
44
14
140
71
95
134
457
38
40
44
70
10
111
34
206
434
50
91
29
43
378
28
7
31
14
143
12
372
22
10
33
17
25
42
39
13
322
129
98
47
17
55
59
101
225
162
38
159
117
195
284
46
115
90
45
4
357
79
119
60
94
121
183
226
5
22
334
445
143
48
14
25
153
5
11
50
74
82
33
83
17
53
20
32
166
43
13
33
10
54
20
116
192
195
220
42
62
18
55
45
141
115
18
42
26
63
79
205
107
132
60
56
58
126
117
1
23
282
29
108
13
65
387
3
2
42
19
51
410
104
168
8
197
14
104
52
133
204
203
126
55
277
159
39
93
443
19
38
1
294
33
193
44
70
28
179
47
18
35
60
238
25
31
8
5
20
24
179
97
175
228
158
43
72
339
28
123
35
82
111
28
43
11
118
16
46
149
126
90
52
41
140
9
182
202
121
49
173
33
134
481
263
10
8
49
62
177
3
50
51
92
122
70
73
41
71
222
104
9
112
54
15
23
488
17
57
51
63
69
104
21
62
115
234
8
178
94
472
46
19
67
25
363
365
37
11
64
19
41
154
28
58
40
19
150
148
10
49
28
6
163
100
19
11
117
133
92
161
90
91
392
26
183
156
25
10
16
195
179
14
40
32
269
30
147
56
110
28
110
14
95
97
25
96
6
61
42
174
162
215
4
15
11
112
25
132
78
118
191
337
58
29
3
133
44
10
3
23
60
35
153
61
37
52
96
1
23
135
59
32
213
167
48
98
23
107
580
121
12
21
82
50
27
22
45
110
41
334
51
89
46
53
141
502
28
14
265
45
47
52
113
6
7
95
212
24
89
52
141
177
11
7
8
40
8
11
188
131
32
136
93
8
310
3
342
19
116
178
151
37
4
135
99
83
13
61
70
56
5
15
47
7
103
26
65
13
144
88
49
109
31
198
156
2
37
126
79
105
27
148
7
147
169
1
110
24
78
26
27
156
210
46
96
160
88
22
151
117
58
74
106
130
95
9
49
10
6
7
61
406
54
95
12
126
153
172
34
48
150
76
75
71
9
32
183
8
189
139
84
82
88
20
140
9
69
218
38
127
93
56
9
68
134
53
63
126
28
280
370
5
77
90
159
243
92
344
17
27
20
143
25
43
106
31
16
11
8
77
43
37
75
524
136
6
23
1
29
23
11
336
230
124
81
9
196
67
63
347
153
497
90
78
146
20
131
26
38
7
27
43
92
66
189
19
213
56
163
231
57
108
86
14
63
15
29
244
5
241
54
68
7
16
92
128
303
129
155
136
78
43
72
19
199
5
59
46
135
16
67
78
32
108
111
166
22
69
47
14
73
13
17
284
46
84
56
292
20
205
127
263
138
27
121
84
74
118
167
1
60
5
177
89
34
244
417
6
24
130
232
116
17
253
36
53
118
40
40
355
3
39
45
280
179
2
153
45
189
61
47
139
9
3
4
128
120
168
169
144
324
61
108
362
10
206
35
183
84
56
8
203
432
6
9
107
61
5
47
15
99
323
300
17
41
77
109
42
19
107
230
112
39
32
90
69
24
78
82
94
51
5
5
192
163
42
93
389
20
21
42
182
8
205
67
64
121
82
146
25
10
130
265
9
52
18
5
129
9
9
20
235
309
135
17
404
217
53
174
258
29
1
76
108
505
23
5
196
51
23
246
104
120
8
8
46
172
272
164
144
54
8
39
187
134
14
84
52
115
166
30
97
13
110
109
109
149
139
17
155
68
1
17
28
13
245
64
591
57
13
63
31
210
85
27
83
161
255
25
294
21
54
18
90
134
17
266
65
272
117
68
113
205
62
117
237
59
156
19
23
143
77
260
68
81
37
82
93
13
156
372
23
18
257
110
149
107
26
6
76
10
5
61
39
37
27
38
401
104
167
48
14
24
119
166
18
72
279
71
77
188
12
15
30
110
70
494
203
2
33
45
90
114
182
83
139
347
8
14
99
29
67
38
65
243
108
372
91
143
359
69
19
21
293
138
55
118
9
14
49
1
165
56
31
38
47
20
17
146
108
265
43
17
5
6
76
36
16
9
100
201
167
17
151
84
96
27
21
166
81
166
163
157
15
169
24
36
85
42
74
37
33
59
12
82
57
85
154
17
8
23
12
37
36
145
26
14
255
133
81
47
37
66
67
3
135
110
37
152
50
131
123
213
30
5
26
13
261
16
23
109
9
43
3
40
54
31
13
178
25
43
5
45
54
95
33
58
2
28
24
56
85
220
2
49
32
43
406
63
113
22
17
7
40
76
479
133
44
167
10
327
228
132
92
42
102
48
98
46
22
92
27
138
14
32
301
83
244
85
249
60
19
350
11
9
15
351
70
272
13
43
295
170
23
25
45
214
61
110
526
20
101
33
11
306
142
162
170
74
23
138
29
81
50
121
26
99
113
24
16
83
63
29
88
27
7
9
140
1
34
40
17
30
135
101
101
17
11
252
158
260
132
56
200
428
33
59
13
1
72
274
323
131
78
335
226
2
192
28
48
147
84
19
64
101
122
16
6
230
231
31
46
12
33
60
222
114
70
239
37
32
27
218
58
17
132
89
3
227
226
58
284
9
24
56
65
42
202
377
7
17
196
62
69
19
242
32
23
148
27
363
107
64
112
131
145
170
121
444
307
337
22
39
4
92
38
3
24
13
149
21
43
129
71
128
2
88
279
80
124
31
225
118
163
14
8
28
37
105
85
212
79
42
284
96
65
56
39
1
103
49
46
74
123
60
60
374
234
266
96
44
223
63
61
141
31
25
283
51
285
131
12
84
82
5
73
148
115
14
19
15
78
212
38
80
305
70
12
14
39
49
30
190
104
11
4
205
59
21
77
149
29
118
94
150
146
33
13
7
181
58
103
25
165
204
652
7
22
29
343
135
271
82
36
161
238
91
16
57
178
14
264
187
75
180
100
15
22
41
68
82
183
6
25
384
93
10
15
48
318
174
44
27
130
71
154
155
137
20
71
207
209
44
68
359
406
5
3
382
22
15
144
11
148
21
126
84
486
29
319
235
151
106
3
99
171
96
97
106
24
388
73
153
9
10
130
127
49
145
122
30
51
64
25
108
212
2
106
25
61
72
61
114
19
75
69
220
51
87
17
191
42
90
104
22
46
8
11
20
284
82
78
78
9
29
322
95
29
167
13
130
38
6
260
330
37
12
35
61
169
74
119
121
113
185
102
11
269
87
16
4
188
13
585
130
175
18
34
246
25
14
44
23
85
125
124
50
72
7
43
195
128
35
20
68
21
105
26
71
105
58
100
358
48
26
187
51
129
11
90
61
57
22
6
42
234
3
342
31
166
33
89
103
34
114
268
28
156
76
14
139
3
79
119
217
15
23
56
8
39
127
284
335
26
36
3
49
88
57
10
22
308
96
12
113
2
262
38
15
13
33
115
142
14
271
30
43
6
225
344
36
319
37
40
39
44
36
104
20
323
59
60
97
121
62
106
89
313
138
25
301
263
136
7
23
41
238
71
272
19
182
178
139
41
140
69
54
25
92
72
4
117
50
61
16
187
52
6
108
51
28
304
10
287
7
60
112
49
3
4
85
36
29
167
105
205
62
3
5
1
42
202
108
116
34
138
24
165
5
196
14
258
14
87
92
1
174
1
37
42
28
23
42
5
172
591
28
8
4
1
119
104
9
29
5
9
172
52
127
32
213
54
3
238
37
18
95
73
7
50
13
11
76
219
407
16
97
75
396
22
125
115
24
128
10
67
34
13
86
119
10
48
141
72
105
81
37
92
11
78
231
99
35
73
63
68
119
52
119
150
22
3
101
34
75
16
1
222
165
155
26
119
96
4
174
39
83
84
48
51
32
23
365
33
117
43
112
124
316
38
221
11
100
15
112
34
25
456
56
207
1
203
46
172
83
218
269
35
30
243
16
1
56
23
19
417
66
94
98
308
24
29
39
174
136
141
190
214
199
72
45
84
65
291
94
115
199
4
13
32
26
89
49
33
110
283
31
119
116
253
101
72
1
41
76
6
140
214
25
61
219
9
62
165
56
20
159
2
144
112
15
30
148
103
28
42
73
19
10
9
160
241
8
275
114
147
70
68
73
15
247
281
46
35
85
311
23
54
106
47
16
126
3
405
256
126
110
53
95
154
64
136
109
84
24
367
176
59
131
97
87
160
47
176
127
98
63
40
195
60
14
23
26
20
7
54
19
24
4
143
88
70
54
66
156
2
75
30
12
92
96
1
1
200
120
43
16
122
156
12
214
42
47
235
66
35
106
27
42
18
29
89
66
158
32
34
5
117
38
57
28
93
55
196
7
487
124
229
81
27
85
7
57
65
26
156
4
273
244
287
262
86
132
18
84
161
26
5
5
23
42
144
46
1
24
352
101
20
130
179
5
37
2
114
80
74
7
16
44
19
325
15
56
90
246
138
145
89
62
33
88
183
56
22
327
42
167
88
6
42
69
116
9
78
87
508
140
84
116
73
95
159
209
168
19
6
30
57
80
222
22
218
43
33
123
24
115
31
90
119
182
77
23
94
34
6
138
736
154
74
2
133
333
111
72
95
28
47
21
84
6
33
61
40
88
7
475
418
119
9
24
15
92
367
65
1
28
44
13
69
159
37
91
8
246
14
60
108
38
25
34
268
321
59
31
268
39
66
205
29
51
109
95
7
61
76
3
104
75
85
64
308
155
106
62
16
83
145
54
36
17
209
19
53
129
30
65
8
24
167
148
62
19
34
24
138
142
7
27
2
22
134
5
44
40
40
93
68
21
35
32
114
37
68
141
3
132
8
89
256
68
179
12
36
66
73
8
47
438
172
186
216
96
45
5
87
171
79
23
23
74
294
44
86
41
131
162
6
26
160
9
243
51
60
24
145
10
246
104
24
1
110
28
189
72
44
230
75
75
101
52
7
313
78
34
297
144
65
77
34
1
282
141
69
171
115
67
20
3
161
64
62
292
234
21
77
80
141
90
158
265
328
224
224
39
195
11
98
130
39
341
170
4
7
107
170
173
140
78
35
84
110
232
198
194
188
56
408
28
81
7
60
56
124
18
26
55
287
57
57
155
109
94
75
191
21
116
91
114
342
7
315
85
52
177
92
146
56
9
27
279
6
117
77
140
244
42
232
119
176
5
81
429
111
145
131
82
3
487
10
420
36
75
36
51
288
6
8
89
23
2
215
80
103
98
229
15
289
25
33
52
30
107
85
294
188
37
3
81
90
205
64
16
120
20
53
293
153
74
234
16
227
59
160
2
61
14
55
37
133
60
131
11
102
130
24
127
373
182
212
149
35
100
5
57
22
17
110
63
68
280
84
69
7
32
132
58
33
116
8
33
1
121
42
64
2
199
127
163
106
158
176
252
12
49
305
52
26
13
219
115
143
207
108
86
153
199
67
94
337
78
31
139
130
68
29
115
29
5
28
108
20
10
145
222
239
108
89
284
130
130
3
23
112
345
39
48
215
74
16
364
39
1
283
204
361
336
213
122
69
363
179
477
33
14
126
101
83
32
127
179
23
98
297
2
125
28
478
45
93
22
30
71
226
5
29
31
92
16
228
46
112
108
72
4
12
56
32
67
157
27
134
417
250
257
24
123
36
67
85
16
14
69
73
22
391
12
88
70
52
12
74
139
48
5
68
125
61
5
118
17
24
85
134
23
59
25
43
83
293
7
63
56
201
43
30
171
29
48
62
50
14
13
96
11
39
40
148
1
21
91
33
104
148
116
53
42
53
200
63
27
16
12
117
121
126
132
21
17
76
143
46
105
14
9
2
67
65
67
70
21
49
65
38
100
75
95
159
178
50
105
139
65
220
197
386
8
290
3
26
260
228
60
44
243
116
54
15
54
16
259
80
117
18
229
19
75
26
224
15
250
219
179
211
18
273
15
3
51
1
49
102
63
200
218
116
276
408
23
290
205
8
5
18
28
348
60
103
18
44
111
87
117
18
88
126
124
7
123
56
79
111
127
25
314
150
260
5
402
14
37
436
20
2
118
17
121
232
68
82
114
66
67
198
43
43
107
237
197
98
19
32
99
42
168
5
9
3
115
45
144
14
60
55
115
1
40
69
110
104
64
17
4
39
245
85
45
21
17
206
11
14
57
90
281
262
189
37
142
146
140
7
93
51
291
47
123
242
11
12
22
87
133
95
11
76
106
13
25
24
67
127
40
11
16
317
13
76
6
124
18
13
73
80
25
133
3
91
42
36
171
260
224
164
84
25
43
70
254
70
69
240
34
78
40
67
136
27
27
88
124
25
161
107
110
171
74
19
255
15
137
607
176
5
26
82
191
64
148
67
417
29
27
109
31
1
38
381
243
52
142
68
75
219
61
285
130
43
219
50
387
65
44
218
19
59
318
8
48
135
192
15
10
64
111
251
138
68
27
114
181
210
123
18
294
34
19
3
18
2
84
131
34
275
58
82
327
29
8
57
99
1
78
85
24
231
150
8
57
37
70
5
45
72
27
85
187
498
294
119
35
16
89
385
35
331
174
58
6
192
191
26
1
200
12
47
60
174
110
24
62
68
60
326
184
62
79
15
111
97
1
145
83
69
15
624
145
54
32
8
23
129
10
55
138
26
140
99
103
160
4
95
13
25
61
23
2
34
355
17
211
83
8
67
39
17
66
150
137
29
208
3
213
70
10
138
62
99
26
44
86
14
49
18
169
106
65
3
120
35
35
25
124
73
142
209
20
17
32
60
131
263
203
122
235
331
15
61
75
460
293
142
52
48
36
126
187
170
150
26
1
76
176
225
247
62
329
93
32
53
231
1
123
78
169
166
62
20
69
180
11
18
154
11
23
71
214
26
132
170
94
88
122
28
43
183
124
313
17
13
100
99
72
154
24
134
12
5
56
304
58
80
7
104
238
85
113
95
43
6
50
48
15
126
221
2
24
237
262
20
117
57
96
70
106
171
257
182
170
144
115
32
337
29
31
13
274
170
98
93
7
248
186
43
59
301
109
80
267
87
23
114
38
95
2
54
199
23
42
67
197
30
169
36
68
193
128
11
104
93
178
317
338
144
43
43
133
196
122
101
84
127
101
178
39
12
13
105
102
5
487
10
259
38
141
43
366
40
30
49
45
34
15
165
86
155
229
19
86
72
1
29
44
83
269
1
32
346
153
462
46
12
113
2
130
36
263
140
38
10
181
63
37
42
10
151
35
99
65
100
173
153
114
50
180
16
3
21
250
75
224
60
172
202
101
135
121
68
17
127
71
9
73
67
101
40
11
20
7
63
25
106
20
24
302
54
53
79
81
156
8
69
201
42
39
280
45
1
63
151
18
26
4
10
88
36
160
126
70
17
18
50
183
163
377
12
45
8
104
171
37
171
179
19
13
202
86
30
97
191
97
436
10
128
80
50
32
54
92
44
121
80
40
61
296
19
108
145
18
70
49
54
29
49
168
131
159
59
153
96
122
20
66
36
12
142
220
187
36
89
141
183
220
31
12
14
186
66
2
26
278
68
247
52
128
44
114
157
8
14
32
161
7
222
261
16
21
273
134
89
201
50
156
14
216
271
56
2
41
37
2
2
129
22
183
80
8
39
120
20
100
128
37
54
85
34
74
248
23
55
116
8
66
143
2
11
484
55
46
30
112
29
185
9
1
109
1
78
283
108
113
43
185
22
48
47
47
24
41
64
115
30
171
22
166
60
30
40
1
89
203
135
331
30
222
49
258
85
167
77
296
11
142
184
97
31
23
20
45
28
54
44
343
66
10
27
165
169
82
280
36
320
39
63
181
32
