284
4
15
39
121
251
59
191
78
113
22
5
115
253
5
13
100
46
53
7
29
155
115
102
346
54
165
5
465
197
87
240
39
46
161
48
20
38
84
11
66
177
187
16
2
10
98
33
38
537
87
51
19
137
40
5
227
64
25
102
186
386
44
37
168
160
75
46
95
63
56
142
58
32
162
32
18
30
82
8
22
5
44
89
15
9
29
3
43
148
111
82
200
75
109
21
67
2
43
33
16
208
67
66
251
119
36
329
54
22
44
9
112
61
24
74
55
37
17
24
144
15
129
12
33
20
62
90
148
27
195
392
98
128
10
159
39
14
3
74
48
188
104
39
71
14
169
195
9
11
56
85
27
52
73
156
384
43
50
375
19
184
38
248
96
184
33
168
29
3
67
176
235
73
127
11
54
146
120
142
66
362
125
80
51
5
7
151
144
29
142
187
74
14
109
62
91
75
18
182
62
6
4
259
295
94
53
285
2
434
33
39
6
139
95
172
96
126
71
72
48
12
152
106
114
197
11
17
26
71
327
145
97
49
2
34
34
83
410
124
58
162
3
21
78
7
2
6
447
112
20
56
15
122
221
162
5
36
73
78
61
44
426
166
198
97
100
4
66
201
162
9
87
194
34
88
358
218
164
29
54
192
69
275
27
106
232
81
49
20
268
23
47
201
9
45
76
205
230
37
157
123
129
109
77
84
45
95
7
102
54
182
52
5
52
63
98
12
92
50
330
174
27
194
59
196
60
17
11
118
111
31
46
85
15
52
2
46
67
56
75
14
426
57
35
77
89
4
58
156
18
10
45
31
1
54
38
168
2
189
42
118
46
201
30
62
29
7
216
7
14
18
7
30
148
127
58
24
97
148
29
7
32
13
1
32
113
35
20
113
185
241
41
72
4
39
154
37
65
259
75
30
154
47
56
21
27
25
123
131
92
162
16
3
136
28
105
27
16
86
3
78
38
9
67
48
112
2
24
12
84
1
170
66
407
104
29
31
9
17
78
10
82
136
104
114
109
8
108
22
141
66
1
46
8
36
20
93
63
45
188
88
29
84
24
182
126
111
165
201
7
22
5
157
55
163
9
77
70
104
56
1
7
204
40
108
36
186
64
75
455
21
544
11
25
133
61
72
52
267
177
249
160
531
59
23
13
1
90
74
14
19
103
32
9
48
1
2
9
72
86
50
114
96
135
45
186
73
152
3
10
170
170
96
135
237
393
17
71
66
82
46
38
40
106
60
27
447
25
13
62
82
69
49
13
15
15
104
104
14
198
29
46
97
109
221
56
36
14
8
37
62
71
146
274
46
7
88
75
35
1
237
7
55
66
20
17
267
10
12
170
91
8
26
386
187
39
3
254
18
29
40
11
19
331
177
95
29
122
37
75
73
75
7
120
72
36
28
195
14
11
69
82
452
113
37
160
105
115
12
169
99
157
2
151
1
152
162
121
287
122
93
26
36
27
159
28
216
126
149
40
23
88
70
16
82
13
41
156
182
37
61
154
161
195
192
113
110
36
184
72
6
278
9
12
18
92
196
104
13
86
13
124
149
88
501
130
34
57
93
130
147
16
95
109
118
242
47
104
222
63
31
56
5
127
41
287
2
283
42
173
246
30
2
31
21
33
101
32
14
211
170
38
71
64
43
252
190
10
52
470
113
151
6
194
215
69
181
39
1
24
156
85
64
23
81
224
95
186
69
4
267
139
50
153
68
133
36
45
39
56
50
65
95
274
85
42
31
26
56
79
49
150
68
3
63
15
250
344
196
83
138
102
410
30
86
120
198
45
38
109
105
13
59
21
97
96
43
47
238
36
84
4
90
33
116
267
46
23
85
324
43
241
49
53
166
58
33
160
120
4
52
246
174
8
219
42
244
66
140
19
44
45
67
21
98
58
23
2
20
57
33
154
40
53
3
30
34
37
20
2
199
32
21
203
26
68
253
108
457
108
186
83
90
302
33
102
53
2
32
86
56
140
205
110
184
20
294
45
47
29
99
7
209
47
251
241
113
5
129
134
51
475
194
122
184
48
101
65
26
40
26
125
105
29
62
135
24
55
165
62
95
23
392
19
94
39
43
13
69
28
47
139
181
58
135
8
133
49
132
163
172
120
88
26
61
26
92
262
102
31
335
25
46
172
91
95
46
91
237
85
29
92
125
263
122
40
175
83
5
232
175
143
191
40
301
38
4
35
112
76
113
42
29
21
288
118
52
33
43
2
169
303
112
197
1
279
10
70
475
433
38
42
142
37
27
577
36
68
57
149
97
50
54
41
81
333
100
30
238
133
49
60
34
34
4
193
154
109
60
124
374
99
34
167
34
143
60
63
167
471
112
250
50
170
4
14
140
55
5
173
167
359
127
10
54
64
164
34
19
183
280
147
17
106
22
184
57
529
110
185
94
5
22
79
89
57
32
95
65
139
253
50
106
28
34
17
48
19
25
35
51
33
15
33
15
47
46
77
93
102
71
175
95
36
25
286
238
136
2
296
39
145
340
53
110
26
45
209
29
80
172
38
116
161
6
43
13
55
255
104
134
332
146
194
63
198
49
46
177
36
239
187
39
28
190
33
101
19
192
115
22
41
145
143
23
39
34
323
43
107
204
32
114
149
4
238
10
65
3
83
34
28
2
156
128
97
342
136
121
99
95
47
125
3
30
31
8
257
100
3
81
79
10
119
17
87
3
10
156
156
51
13
163
7
144
33
62
77
170
100
202
42
309
34
84
57
108
84
61
18
276
71
223
42
117
151
58
1
436
25
13
55
74
109
553
9
89
133
16
46
108
36
89
24
45
54
107
34
45
344
8
51
20
9
195
355
39
2
144
2
126
64
3
48
206
43
54
74
151
9
93
49
17
30
103
69
77
306
97
22
57
21
109
4
200
324
20
37
32
13
167
27
70
38
202
302
15
5
169
122
281
156
39
183
127
82
35
104
154
170
161
468
301
77
25
160
53
73
86
6
113
16
147
43
99
58
80
59
101
134
112
47
9
103
81
171
75
222
67
141
66
36
330
62
10
109
90
59
8
74
27
252
174
108
68
32
57
33
35
66
70
86
39
17
121
63
52
46
99
6
26
244
104
34
121
232
107
87
49
90
35
3
33
101
17
293
37
3
27
25
280
93
1
265
153
25
57
213
100
322
127
404
70
232
21
9
107
122
30
150
165
13
16
119
18
64
230
41
17
22
15
140
26
216
5
59
44
6
128
30
82
166
16
17
48
78
6
472
57
43
24
248
124
48
303
291
117
134
201
21
177
62
182
20
124
62
165
14
13
113
91
183
80
20
220
277
296
155
51
81
20
35
77
176
53
26
134
194
65
219
100
258
82
92
186
183
88
182
239
75
105
110
51
312
132
157
16
111
19
24
62
11
355
11
10
212
11
272
199
47
66
171
191
99
155
308
32
50
40
185
248
161
146
150
135
37
102
3
193
28
87
131
121
243
10
115
14
294
85
11
54
123
49
62
154
43
90
341
19
9
53
102
3
121
107
181
181
27
19
48
275
159
52
36
67
59
30
119
134
10
16
135
26
71
176
196
39
27
2
123
167
54
26
119
6
64
154
28
13
27
157
62
23
180
152
69
389
76
157
34
435
129
47
22
19
282
71
14
37
159
22
22
18
140
167
164
111
1
141
21
56
213
14
138
71
27
57
25
88
95
171
133
78
262
39
1
101
278
87
328
243
175
56
19
37
98
336
131
37
33
159
102
211
212
79
180
19
130
51
28
153
230
19
33
18
97
157
291
178
67
237
70
65
3
251
305
64
6
5
20
162
11
21
137
5
4
50
56
135
39
52
182
71
1
46
6
115
198
418
26
24
334
141
44
84
16
61
36
1
59
46
66
486
242
104
27
169
68
196
72
265
110
223
26
199
150
144
29
232
51
39
96
98
135
5
1
65
62
148
17
95
188
83
36
282
121
46
2
24
9
85
65
9
98
263
70
29
140
181
169
200
189
48
17
143
201
134
143
163
7
26
37
66
14
33
93
55
59
48
165
136
241
230
107
184
210
82
113
23
158
334
125
96
308
36
15
106
36
24
96
35
172
25
1
54
9
207
78
49
550
28
82
63
110
13
102
260
82
25
251
30
50
37
10
44
29
102
84
154
85
113
64
140
409
7
234
130
17
21
1
1
125
116
154
82
27
109
127
150
126
63
112
62
3
23
50
11
6
167
83
35
133
98
108
91
64
271
185
94
106
12
3
126
159
1
219
33
160
97
344
42
248
16
97
345
370
63
309
4
10
5
209
38
159
44
77
48
34
333
434
47
12
55
6
81
106
61
30
15
24
13
30
192
10
131
16
84
10
149
137
33
68
115
183
41
50
289
48
74
30
78
16
12
97
63
17
24
68
93
160
57
4
37
136
55
192
164
137
5
136
275
159
103
3
36
77
10
105
16
26
5
502
21
24
93
202
33
10
13
62
159
164
82
43
155
46
45
279
24
24
110
127
41
37
191
117
319
1
24
187
130
371
19
109
5
243
53
23
30
13
7
24
27
77
59
29
74
156
34
93
198
24
61
115
2
13
185
92
91
81
116
114
2
159
14
200
9
69
120
614
30
136
53
232
36
144
22
18
112
144
243
354
33
144
72
16
83
180
3
75
89
7
94
32
132
243
56
195
20
78
70
81
258
49
69
26
104
123
293
138
25
57
358
74
82
14
69
168
256
69
94
245
283
155
35
92
37
110
115
110
19
104
13
75
652
110
29
325
47
91
46
181
83
116
72
58
251
66
157
54
113
345
87
17
69
29
2
246
185
145
71
222
13
93
20
161
250
197
156
87
32
297
182
134
1
221
59
26
402
154
143
4
18
99
73
9
129
33
27
41
57
6
117
150
64
23
96
98
10
406
129
231
60
12
98
1
106
72
6
61
42
243
49
16
245
115
32
148
110
438
384
43
275
8
221
7
48
181
52
54
73
54
104
123
57
79
99
9
55
11
28
56
122
337
172
61
193
40
109
79
157
287
228
60
13
144
135
11
9
6
67
12
106
28
8
15
78
28
67
202
49
21
345
165
72
3
138
101
130
25
1
73
269
62
398
24
106
17
11
7
146
26
204
20
87
16
99
66
252
17
43
136
6
73
8
39
93
375
83
23
102
28
199
118
168
78
68
133
4
73
14
57
92
31
32
72
1
130
36
127
28
120
165
36
71
42
171
1
341
277
34
6
21
16
95
171
126
93
79
44
71
64
10
34
83
101
20
38
253
45
42
303
6
106
357
78
411
81
124
114
35
24
30
95
88
13
39
5
46
147
305
28
116
178
167
98
2
66
52
29
58
45
82
28
220
107
6
7
78
303
118
315
16
22
76
70
7
31
151
74
38
138
233
26
4
200
215
93
7
242
111
297
18
61
45
423
116
38
79
8
37
99
55
278
140
259
19
4
52
165
82
61
95
64
24
22
42
9
39
97
233
177
13
73
47
151
96
184
13
264
191
39
235
199
99
51
20
3
125
9
59
292
123
6
39
168
43
76
74
45
63
101
42
34
15
31
174
166
280
261
184
233
314
38
222
145
59
4
315
146
13
89
22
93
400
217
38
176
2
47
145
70
62
138
5
131
49
31
59
9
25
81
54
158
31
18
114
211
29
66
103
255
53
131
66
1
63
106
64
9
3
29
147
11
33
37
6
52
31
401
57
117
101
55
71
15
117
154
58
33
73
56
27
93
308
100
5
15
115
131
570
60
36
20
34
387
20
21
218
70
44
72
16
68
309
135
50
6
331
8
35
13
74
51
38
229
29
118
9
95
144
271
127
35
6
53
9
179
113
34
210
19
22
258
8
126
12
64
96
60
119
54
63
37
18
111
40
34
217
21
105
32
223
31
13
16
4
159
1
36
72
97
112
64
23
84
4
14
148
19
6
22
55
103
12
158
58
326
63
229
279
125
27
1
46
42
239
143
126
291
138
200
184
63
344
134
6
91
125
167
40
26
26
91
102
45
62
5
97
21
473
178
46
60
76
23
141
258
35
253
44
108
53
35
269
296
172
73
96
305
167
38
18
74
77
137
44
15
74
64
175
51
40
48
49
13
191
61
369
61
57
13
29
20
390
199
4
40
58
46
140
204
67
7
190
286
484
217
42
105
28
195
156
96
33
8
359
49
56
25
171
78
26
32
224
40
37
143
84
115
13
233
90
31
97
48
39
38
70
229
158
51
15
552
63
197
19
166
268
211
443
206
44
297
41
207
270
289
15
13
29
106
116
100
39
18
74
40
198
175
39
11
33
86
46
73
38
140
37
96
9
32
42
163
119
150
44
115
160
394
7
182
115
135
1053
45
80
48
39
101
48
78
255
103
277
17
82
285
54
5
105
115
37
100
11
9
46
19
2
254
208
40
109
136
101
38
218
448
118
497
167
61
3
20
39
21
312
6
17
1
32
102
107
213
30
128
64
33
56
74
4
284
30
311
118
84
37
85
277
268
101
81
82
18
101
39
93
6
217
3
35
20
188
11
9
314
6
263
126
42
81
52
375
166
21
70
69
269
16
150
10
142
257
111
15
37
77
136
6
16
22
58
125
74
21
34
98
312
101
44
65
7
15
241
20
51
63
195
30
5
129
3
112
45
83
35
18
293
39
90
20
74
34
88
74
10
112
127
176
32
150
26
42
14
97
61
123
6
6
175
207
162
126
3
103
102
24
10
260
4
43
71
204
54
70
71
25
41
127
122
301
81
4
219
60
2
48
121
129
13
31
63
8
63
103
4
6
141
76
193
455
68
89
170
74
46
61
186
24
179
320
444
63
21
94
29
137
198
229
103
360
11
127
152
35
312
68
154
57
54
320
63
58
42
198
29
16
59
224
192
104
259
26
324
236
11
16
53
62
98
357
592
27
42
169
107
255
176
541
141
122
150
109
60
58
9
44
76
93
72
22
42
190
35
53
45
77
9
81
93
44
166
224
107
57
97
250
238
25
136
74
472
64
165
19
100
58
230
53
34
177
3
360
48
65
58
134
7
200
80
19
81
24
13
511
57
276
1
62
54
26
14
96
32
43
181
131
168
18
49
56
4
1
9
181
24
189
80
77
257
30
77
6
13
34
88
136
210
29
15
151
67
30
105
54
398
169
11
95
146
92
77
7
27
50
211
64
196
343
51
63
243
46
12
135
313
14
48
251
13
45
49
79
9
180
21
8
100
4
80
169
128
11
212
16
102
18
2
54
5
11
91
124
13
196
299
125
39
1
117
29
18
85
201
180
95
239
57
171
3
312
22
155
72
154
151
66
160
29
174
141
19
34
1
21
60
9
57
54
21
152
21
7
245
188
8
9
254
78
194
47
68
32
1
74
63
106
28
241
99
25
54
172
40
54
249
138
7
218
233
78
137
14
77
115
3
8
100
189
67
66
225
146
4
71
14
275
59
18
64
195
113
450
7
29
22
52
180
40
118
117
53
6
257
24
47
144
52
106
45
102
17
31
147
66
177
81
68
156
50
441
68
69
112
4
35
84
25
171
89
17
61
126
32
183
3
22
13
89
275
91
98
131
30
124
115
25
29
19
214
8
53
31
143
157
99
27
87
262
27
180
82
9
60
103
35
56
29
27
65
145
7
63
10
65
15
128
175
275
13
42
270
52
21
84
13
125
408
203
114
202
295
91
211
32
38
170
25
26
69
3
106
143
419
34
56
332
52
8
79
197
109
273
76
93
190
49
53
158
20
91
18
23
2
184
7
174
296
69
23
111
20
79
61
149
157
90
150
148
4
10
69
68
231
147
6
34
81
19
10
40
30
83
45
178
35
135
434
4
7
58
73
140
88
187
123
60
7
197
19
57
118
12
126
89
225
22
212
16
117
54
358
335
115
14
101
102
95
102
62
134
50
55
23
59
156
156
36
15
32
1
2
229
122
179
24
29
51
5
33
112
110
7
103
18
65
115
46
98
46
106
79
34
332
174
44
10
31
29
47
27
146
139
110
23
244
92
15
34
14
13
11
48
95
156
178
47
114
85
98
32
57
83
60
121
6
30
136
257
82
297
25
94
28
23
129
190
47
64
53
7
272
43
10
3
47
97
64
105
141
35
191
101
45
12
6
62
383
395
186
97
78
268
41
26
59
13
169
183
54
1
30
259
109
126
107
15
62
22
1
50
224
292
67
35
42
26
216
26
34
163
77
109
81
283
85
213
45
61
172
113
63
95
119
114
273
141
271
291
21
52
96
111
5
182
71
86
59
50
466
55
88
82
151
46
19
175
322
190
537
101
43
88
13
19
205
212
34
29
172
42
48
95
11
37
77
253
83
50
27
28
89
57
89
332
356
57
178
135
309
102
28
131
183
219
18
8
51
265
7
170
50
83
90
277
110
33
187
125
109
356
277
100
6
158
249
200
8
22
97
13
54
11
8
34
3
52
88
7
107
151
17
17
21
136
19
180
136
8
138
174
95
96
444
104
112
33
3
217
156
22
155
238
243
5
33
79
81
81
117
136
76
81
46
73
284
29
65
289
108
112
42
252
106
38
132
294
711
66
88
96
29
128
5
179
34
31
306
74
597
33
11
86
96
190
21
113
189
24
29
116
112
136
48
256
13
356
195
37
39
139
26
9
9
165
71
31
477
101
1
24
18
136
240
93
108
224
239
11
43
114
279
34
10
40
227
76
27
93
17
222
139
46
27
274
16
233
270
11
7
168
106
101
327
8
62
50
12
32
113
81
32
42
19
213
8
32
100
91
115
84
300
254
81
104
9
12
250
32
178
32
95
28
51
159
178
36
22
24
50
160
40
98
100
153
130
71
32
124
193
654
52
55
110
1
152
75
256
22
142
52
8
137
54
59
56
50
36
28
15
91
101
7
6
43
145
187
238
111
12
127
59
153
23
49
179
35
363
17
222
149
135
66
330
58
28
56
28
28
52
66
64
163
117
18
68
128
44
422
79
40
99
4
50
246
284
324
132
220
12
29
8
12
284
238
71
18
30
44
26
343
324
55
63
38
352
169
162
26
127
101
16
22
152
8
53
3
6
24
56
163
2
197
46
238
351
110
104
16
209
125
151
128
43
181
136
14
265
69
80
55
79
21
66
185
65
12
53
105
46
3
126
74
100
18
84
2
37
15
474
109
60
134
78
16
234
14
67
69
22
465
100
19
55
76
254
48
16
194
225
59
222
4
66
62
96
434
77
136
59
324
72
17
397
82
121
16
41
26
186
200
156
52
90
172
82
315
271
44
14
22
234
2
26
164
69
8
143
245
25
151
62
92
49
39
22
13
107
324
21
57
113
26
198
8
208
2
15
51
146
337
160
341
183
10
106
60
73
9
48
105
2
67
208
57
38
74
142
42
125
14
146
14
65
51
31
11
127
52
281
158
408
29
192
50
109
267
7
141
133
131
114
188
290
109
8
189
15
94
174
285
53
47
342
126
92
81
233
101
106
255
83
51
129
34
11
28
167
226
54
33
305
29
57
61
126
20
118
42
47
131
18
77
66
123
59
73
104
78
86
281
30
28
14
190
11
150
91
29
284
146
149
224
40
20
3
192
30
282
86
40
52
21
64
324
16
37
248
409
191
65
309
166
309
1
103
21
161
47
10
69
41
4
5
67
208
37
123
3
203
57
61
201
5
74
40
223
109
285
218
122
32
143
120
59
87
17
146
50
82
61
380
92
129
287
61
106
8
70
136
55
42
108
142
70
19
51
11
126
180
370
36
68
27
61
78
7
32
114
3
223
21
470
257
9
6
399
50
70
122
121
360
70
160
27
76
9
11
429
94
114
186
81
3
6
12
20
28
63
73
101
181
21
102
56
60
162
177
64
75
73
109
29
4
267
87
70
26
110
127
9
299
79
52
389
1
50
47
81
66
152
28
88
55
102
19
29
60
117
214
3
140
43
143
30
18
341
10
39
219
1
13
233
222
223
106
95
52
27
214
131
4
37
18
140
44
234
48
263
88
132
168
105
201
176
16
63
79
85
110
118
74
90
141
129
173
220
180
7
154
3
40
167
302
2
79
35
83
44
20
28
128
134
96
67
109
66
3
18
19
39
1
21
32
9
38
312
54
45
10
61
160
14
4
26
91
78
7
103
122
17
20
126
73
5
14
18
70
82
127
6
8
74
53
7
168
19
198
50
238
301
166
140
28
10
12
38
106
12
83
128
321
10
385
69
246
124
93
18
60
178
180
91
35
29
18
7
51
101
9
64
141
23
20
299
1
13
94
122
94
15
97
5
22
31
63
59
42
247
87
8
60
269
47
61
118
8
407
35
302
3
1
293
81
131
274
78
35
44
112
109
50
329
34
24
173
77
17
127
92
13
256
119
31
25
71
24
78
20
69
79
55
173
31
237
224
18
250
5
56
24
67
24
45
107
32
6
18
93
10
74
12
193
66
65
160
19
192
423
11
250
34
89
111
82
118
99
411
4
393
140
41
112
84
101
109
102
223
23
31
124
30
95
35
91
141
304
65
50
8
37
30
139
4
61
1
65
52
8
4
159
36
35
242
1
60
29
53
9
21
92
75
77
71
12
124
101
182
285
197
121
77
138
39
172
74
7
185
37
100
98
33
57
136
112
388
49
13
145
284
76
105
24
49
44
304
184
12
3
242
188
62
409
29
56
86
319
152
302
16
40
132
54
33
21
16
292
72
239
158
150
77
11
21
138
4
242
146
65
66
6
98
11
38
75
338
35
57
136
4
6
25
365
75
104
24
28
43
145
22
10
8
51
384
50
137
564
22
16
87
140
30
15
5
32
67
190
51
15
10
19
72
166
11
38
79
56
86
96
8
78
103
126
79
60
40
173
4
164
29
17
222
187
32
20
39
60
57
128
570
119
61
17
214
156
181
44
339
54
25
177
3
195
89
97
40
26
73
119
343
71
157
13
153
18
102
198
34
61
242
51
39
144
52
80
47
103
92
13
137
357
142
84
25
39
128
137
20
91
297
67
467
54
26
254
82
134
27
33
20
127
68
44
127
28
36
316
1
19
38
256
208
64
134
13
85
27
15
213
8
68
186
181
99
70
5
1
235
14
207
165
25
15
44
39
19
92
20
40
226
19
37
79
568
36
134
81
20
568
80
20
197
188
213
22
142
150
11
1
334
179
266
27
41
32
4
44
104
30
15
187
54
12
16
19
19
27
3
158
14
58
143
341
35
4
122
80
317
45
96
177
11
9
89
160
70
132
17
137
111
88
141
158
4
109
60
76
29
16
1
170
156
382
14
37
17
37
39
23
24
93
45
105
10
46
112
5
51
191
24
195
23
7
150
104
416
209
60
27
142
8
413
134
19
85
15
95
110
17
203
85
73
88
9
48
37
35
233
133
53
9
237
116
91
329
217
11
14
88
205
41
11
150
128
166
82
234
45
64
54
21
49
336
136
86
102
86
4
83
102
163
40
112
181
28
66
140
38
11
77
10
234
112
24
104
32
32
190
10
608
262
43
146
107
115
24
61
32
231
10
38
114
329
97
79
77
405
137
67
74
83
77
60
31
55
113
79
174
56
27
18
59
76
123
19
67
168
56
113
50
9
160
26
128
72
28
55
19
314
5
47
47
60
54
20
63
181
16
62
74
4
54
104
153
73
181
1
145
18
100
111
38
121
73
40
70
59
228
393
29
464
15
164
98
116
43
130
134
186
114
139
78
47
483
92
49
149
12
24
17
105
157
33
46
331
219
19
27
208
52
308
70
304
19
9
100
192
16
50
75
69
20
108
117
112
72
7
62
105
86
143
184
103
52
86
105
64
14
17
132
79
293
6
135
80
59
74
189
15
364
4
143
2
85
154
145
20
7
172
80
16
30
44
60
171
165
5
171
41
232
21
30
111
306
155
58
2
188
55
87
87
88
17
23
108
11
250
49
4
240
109
47
93
45
101
52
140
53
378
358
547
29
56
112
13
86
2
37
26
150
29
81
96
227
45
1
94
15
27
139
37
62
10
102
13
48
33
130
209
40
47
6
44
412
57
136
45
123
84
207
231
6
23
4
6
22
90
43
9
34
5
444
82
15
15
51
188
31
267
220
46
57
224
146
3
607
251
46
214
3
16
114
144
48
72
10
79
5
57
64
20
131
65
45
36
301
179
139
134
117
11
237
114
18
97
66
39
2
165
237
14
114
62
47
188
130
128
151
34
11
45
13
207
91
1
36
1
5
18
37
40
86
116
94
21
10
40
191
122
34
38
33
109
55
60
177
219
208
72
150
3
8
24
26
316
20
18
37
20
314
13
49
132
7
57
260
13
53
378
10
16
26
121
36
338
128
137
119
24
39
56
160
4
25
4
106
27
21
82
47
8
58
30
99
1
94
53
31
207
8
55
179
435
55
42
3
165
123
300
78
255
68
102
57
19
37
92
81
2
71
34
6
90
29
124
20
19
159
159
61
221
212
72
73
47
102
23
39
166
106
66
41
169
41
53
77
49
256
124
122
111
41
4
215
13
70
8
76
43
158
23
131
43
11
235
87
96
130
16
2
55
41
329
87
33
15
184
87
136
23
5
102
60
67
266
96
1
53
13
36
53
174
104
20
25
51
120
27
351
49
130
28
140
264
244
30
62
59
10
234
106
41
1
61
20
41
192
100
25
56
92
121
158
80
53
84
77
70
95
58
98
81
4
50
123
190
2
348
18
125
28
60
73
313
118
214
46
158
83
22
213
34
60
239
108
70
29
85
67
24
5
35
3
97
115
401
445
115
129
99
53
31
33
14
80
19
5
56
62
208
279
457
44
12
11
422
7
58
2
111
3
116
2
56
32
126
43
146
71
248
11
44
121
276
198
42
258
82
28
2
206
10
241
11
52
102
146
7
152
9
2
30
56
27
101
104
70
242
229
97
65
78
167
155
69
68
11
31
158
119
64
135
125
90
21
20
29
169
3
110
195
27
35
182
122
44
401
36
79
137
26
61
28
226
61
34
53
226
20
29
20
12
25
67
148
64
88
33
9
492
106
34
56
74
330
149
12
76
3
45
4
28
75
21
17
310
299
113
42
205
40
113
12
48
71
118
95
14
12
20
240
49
225
28
16
52
98
37
16
75
98
164
162
5
442
521
128
225
20
9
436
213
36
95
179
94
12
133
821
84
93
21
7
332
81
366
159
24
159
5
202
14
218
41
219
127
23
142
96
64
99
236
6
251
29
208
84
106
108
131
211
1
70
92
109
137
30
56
88
73
1
3
8
190
10
9
2
30
75
27
58
39
45
38
144
80
219
252
41
74
184
127
127
134
5
120
29
275
20
51
237
49
28
91
377
117
105
40
186
57
92
65
121
103
77
62
166
35
36
2
39
170
8
21
249
118
30
278
33
40
28
123
39
91
130
4
231
94
13
23
582
114
303
56
101
139
431
3
54
69
47
35
140
35
341
66
75
190
22
108
40
6
31
71
12
56
31
37
18
123
35
2
41
222
128
163
86
77
124
38
119
31
83
229
22
39
21
37
108
91
8
16
38
39
7
135
7
97
63
122
91
61
13
85
46
112
56
15
107
181
66
8
29
41
68
80
14
272
40
52
59
46
182
149
1
57
10
153
1
98
6
244
91
26
42
161
122
11
49
104
112
39
43
30
247
34
9
224
144
124
10
127
120
111
153
32
17
197
120
177
23
167
42
45
36
28
30
41
11
411
199
124
13
21
88
47
40
72
41
14
113
138
67
160
158
4
285
49
137
48
14
79
21
22
55
4
94
55
74
88
178
42
19
44
143
107
63
51
24
69
160
22
156
125
105
33
26
89
11
113
71
136
21
26
138
116
128
152
10
53
117
93
153
43
44
364
297
80
113
305
3
178
118
336
43
109
169
24
306
253
51
35
12
1
25
5
7
146
27
316
125
11
252
94
7
95
106
11
26
23
77
130
91
161
22
114
20
18
360
55
56
126
26
144
84
22
12
59
12
72
181
72
1
173
23
137
64
26
118
330
114
137
166
130
186
85
220
32
46
18
37
133
30
79
20
31
43
10
30
22
56
38
15
53
8
33
17
147
27
28
5
360
108
553
29
79
13
148
30
102
31
133
99
25
128
10
30
226
71
42
53
146
213
9
68
7
168
156
45
3
73
47
106
73
130
145
110
203
147
32
137
9
30
349
79
12
87
135
17
294
33
152
73
6
18
113
114
99
19
163
118
64
180
43
185
93
32
50
134
52
58
6
41
91
229
115
550
21
17
55
37
312
2
196
23
83
35
210
46
181
36
218
65
32
254
18
6
3
30
110
88
134
17
63
17
92
46
52
6
4
24
151
285
199
44
87
131
20
11
65
17
75
229
91
107
36
73
12
110
85
4
47
166
90
1
128
1
111
51
13
57
12
104
103
114
5
21
47
53
311
6
23
81
166
41
50
19
56
9
461
22
208
70
167
230
231
69
131
27
66
9
212
48
95
114
2
106
3
187
26
109
39
62
5
196
21
49
189
24
20
469
5
178
177
134
29
252
149
212
15
10
108
3
7
34
221
33
77
33
41
19
188
123
263
10
54
12
133
177
112
159
59
149
107
5
35
46
79
15
85
84
30
39
85
69
122
687
304
138
47
94
208
26
14
201
306
45
401
65
42
32
4
25
287
39
11
381
33
4
27
29
187
24
46
51
67
31
64
107
291
16
12
232
129
9
43
358
116
4
8
20
100
18
44
28
75
29
171
3
184
5
61
200
99
10
39
16
26
110
136
94
63
124
208
75
14
89
85
18
8
57
109
100
70
59
38
89
39
36
3
63
33
160
78
171
90
255
32
121
28
8
28
13
44
44
112
20
2
41
49
34
199
69
96
7
89
73
164
72
14
24
215
73
24
15
14
33
128
194
369
82
95
53
57
58
34
10
71
32
208
41
186
336
27
47
138
177
27
33
162
106
46
26
203
172
240
115
115
58
107
57
243
23
191
40
245
29
104
11
105
49
27
84
10
11
17
14
43
89
54
344
21
1
56
22
72
134
80
118
22
135
142
149
8
196
5
49
198
74
283
95
204
83
262
84
328
163
32
56
27
76
59
90
12
28
253
90
130
55
291
77
144
266
118
361
192
95
148
97
20
233
105
22
2
42
38
29
342
17
16
6
124
373
11
20
10
412
67
174
102
131
135
30
3
134
154
18
105
121
241
161
27
158
1
119
20
36
31
139
59
59
97
4
21
13
31
49
11
25
51
3
130
18
104
6
91
124
62
1
117
636
204
205
53
58
6
29
58
30
23
10
39
74
28
199
11
62
564
307
194
28
132
74
129
75
108
63
17
252
293
5
48
117
49
67
106
91
145
30
287
109
86
105
75
71
227
93
89
70
52
27
101
4
16
101
57
292
44
32
61
37
56
317
2
40
687
11
60
39
50
192
56
210
29
234
86
70
104
164
4
5
4
17
267
61
136
324
174
7
28
12
41
27
88
637
81
38
22
68
61
47
125
159
18
162
14
76
25
29
193
181
82
88
96
10
2
129
358
23
117
486
14
87
2
14
226
176
197
15
60
13
152
88
91
47
6
68
187
12
375
175
15
27
39
97
1
212
163
188
90
50
144
37
5
36
70
5
11
155
51
27
55
191
179
79
22
113
8
115
405
50
41
29
115
73
152
78
144
55
7
122
160
39
307
7
14
21
85
113
29
446
175
4
72
5
272
41
11
130
56
41
132
157
42
124
12
6
139
196
283
4
72
12
29
68
96
182
11
81
143
190
75
6
169
22
28
69
18
20
36
5
2
66
13
33
87
295
39
233
57
19
9
92
112
353
13
34
16
29
50
101
225
76
145
369
75
19
326
17
123
204
421
55
19
101
50
19
19
150
374
215
34
42
148
25
208
67
61
5
55
183
311
35
18
86
109
119
35
198
152
331
407
84
60
61
116
76
114
25
238
49
22
217
2
2
122
51
49
11
18
84
47
18
72
97
7
13
13
6
78
202
137
117
49
120
22
81
16
115
32
125
48
90
106
59
45
64
154
216
82
48
294
149
23
137
14
37
69
20
13
56
93
82
249
55
112
171
11
209
47
225
12
123
15
19
58
55
165
180
93
177
246
8
170
4
158
144
60
77
53
11
57
216
12
43
89
232
97
13
368
9
25
91
39
191
25
491
71
86
35
8
10
146
55
105
101
163
11
288
298
50
244
187
20
2
190
68
65
30
206
101
108
91
76
60
138
43
109
10
51
45
16
92
205
47
116
42
83
104
31
54
245
99
56
47
107
47
43
252
81
9
35
112
55
70
9
1
37
55
41
35
41
53
66
112
45
137
41
244
62
122
147
515
109
36
136
66
31
57
78
193
125
365
71
340
51
97
167
53
4
94
110
211
143
50
1
60
15
54
24
42
43
124
8
175
24
74
217
192
283
44
53
12
74
123
57
28
2
113
118
160
23
14
50
82
84
78
13
60
232
93
134
82
145
7
103
17
92
46
29
58
42
83
8
10
14
22
311
13
27
182
31
19
76
38
157
53
187
47
25
175
11
132
30
174
151
1
93
6
22
68
48
72
18
85
77
8
51
286
104
501
43
54
11
30
68
37
40
63
493
190
80
83
20
1
64
34
35
43
141
21
173
57
179
131
43
1
3
24
55
1
86
16
112
14
148
90
50
10
112
16
35
268
164
48
135
163
10
176
49
49
29
14
70
287
118
47
68
30
350
30
179
68
231
39
149
278
72
314
63
22
51
149
13
16
42
20
191
20
108
10
24
4
294
92
140
3
12
41
118
223
44
73
27
47
257
178
118
84
84
171
60
72
4
213
84
54
79
210
33
90
288
21
158
87
389
63
86
6
109
37
130
20
24
67
11
194
43
63
157
16
154
43
55
38
104
113
154
26
62
205
81
204
239
26
61
15
357
91
311
17
1
65
286
27
14
27
178
43
74
95
75
40
16
6
108
389
15
103
25
15
20
42
29
12
14
68
19
32
138
10
49
2
193
133
3
94
19
96
372
94
39
332
57
605
10
234
6
180
74
123
14
9
429
146
13
180
35
1
33
263
159
17
78
14
40
1
29
88
8
47
49
168
236
128
102
3
240
56
17
115
196
21
96
68
89
288
67
2
49
182
22
12
7
17
106
275
100
89
48
168
84
257
79
42
75
44
172
76
7
31
110
67
37
8
181
128
43
15
99
122
114
33
74
62
15
33
29
82
176
24
33
1
20
24
340
13
19
84
95
37
9
7
419
151
48
125
80
23
53
202
22
39
5
6
225
145
57
399
211
1
10
32
80
123
38
113
25
6
168
21
63
184
155
201
30
49
51
27
37
1
168
39
234
71
174
9
135
90
126
115
564
23
148
167
24
64
365
273
18
50
336
30
29
54
121
36
155
101
62
63
152
222
250
104
173
50
204
18
30
23
6
113
106
17
219
37
42
157
31
84
165
600
126
6
90
27
95
55
433
60
23
233
107
83
111
37
16
92
39
206
47
281
18
203
328
238
68
39
42
369
43
10
43
3
218
12
52
16
36
72
114
387
129
21
260
84
132
41
10
71
45
466
598
301
130
104
222
120
30
305
73
19
57
89
47
34
112
390
231
90
176
11
20
8
41
7
146
15
153
82
101
68
213
49
70
143
41
291
115
23
17
23
48
30
150
221
47
69
97
291
36
44
67
203
74
189
54
262
14
56
60
40
214
47
33
82
206
289
433
68
266
274
104
1
75
6
6
59
91
18
67
83
125
30
459
146
58
105
86
143
55
73
21
220
115
58
49
82
57
24
81
34
72
107
53
25
69
176
129
270
39
63
45
114
112
329
60
12
7
26
64
36
11
204
103
231
125
183
6
213
24
10
318
4
60
134
67
11
71
21
83
7
33
41
42
26
44
26
58
21
179
37
80
11
280
2
37
74
77
350
106
32
38
3
272
14
25
310
108
59
93
22
22
111
318
128
93
220
60
91
83
125
65
171
38
102
98
139
204
90
13
4
123
72
7
74
42
198
56
14
203
41
12
118
62
17
46
60
113
22
167
50
64
760
6
55
6
95
291
109
29
17
164
107
33
47
52
98
64
124
104
6
74
44
158
315
71
82
41
221
62
146
19
1
44
247
15
113
4
275
80
29
6
86
15
17
1
191
10
122
101
99
448
11
103
273
72
16
152
25
4
96
477
137
78
208
190
126
37
623
43
246
118
240
66
29
196
369
221
20
78
204
22
32
42
320
23
69
148
155
340
87
15
245
31
228
88
6
170
200
25
138
29
158
81
30
66
59
3
55
23
7
239
40
282
198
134
197
95
20
199
52
143
291
23
114
28
24
227
42
8
86
25
35
51
82
76
182
156
42
202
116
39
51
56
298
3
87
14
81
187
36
144
42
6
79
84
235
101
33
294
101
2
114
27
145
45
318
36
57
72
165
105
11
50
66
159
89
76
98
176
26
90
59
18
18
99
37
55
40
11
79
315
52
40
11
128
124
84
19
123
113
289
19
290
202
19
25
46
3
5
205
93
183
17
216
45
147
19
40
215
40
201
15
511
8
109
3
5
76
86
70
26
189
88
13
5
198
7
35
21
438
76
133
5
25
8
63
86
12
84
9
107
32
46
55
51
60
46
123
41
3
154
50
50
255
219
117
78
60
197
49
14
62
278
11
21
199
19
233
73
220
581
18
442
4
168
20
86
128
130
254
142
94
102
28
2
6
142
136
32
24
67
30
50
30
52
150
157
142
60
72
16
9
81
49
121
284
58
10
98
151
122
122
51
148
39
20
34
82
74
133
100
531
51
7
248
223
76
64
50
55
29
111
2
6
34
57
308
25
177
120
2
17
53
19
68
774
258
384
252
41
62
93
76
30
23
25
114
54
73
9
48
65
28
18
101
85
105
3
11
39
128
73
26
72
25
75
82
37
6
17
112
70
17
31
57
1
8
28
60
322
117
72
179
35
150
59
34
30
287
2
6
138
108
377
292
34
267
75
58
478
8
247
198
94
164
358
17
381
286
138
46
138
120
28
21
16
37
108
3
50
2
71
15
74
110
87
213
10
129
70
234
58
122
56
64
156
102
104
53
62
218
77
8
26
282
139
25
232
677
103
47
24
3
115
58
100
14
129
68
16
17
190
87
442
46
40
57
7
98
7
9
33
122
87
267
31
101
33
7
121
63
178
38
154
40
23
7
24
145
106
11
7
136
222
36
97
111
10
33
140
48
31
89
7
129
112
93
68
5
3
131
6
227
407
95
90
1
110
145
2
14
144
63
389
15
107
22
45
242
36
16
126
33
36
81
4
137
18
414
21
59
29
119
65
24
103
92
33
108
50
73
88
4
58
32
96
356
135
17
64
107
97
25
57
355
111
26
268
34
37
225
46
173
38
20
35
55
91
50
8
51
98
184
34
154
9
22
125
26
32
8
82
161
59
53
52
131
9
156
49
49
25
185
168
296
68
80
12
32
105
69
61
48
130
88
201
73
151
177
168
409
120
293
305
25
104
127
541
47
293
56
33
180
11
61
197
166
35
112
20
41
550
267
68
7
298
166
166
310
324
24
145
372
24
11
70
23
14
17
98
8
69
193
136
91
112
31
2
109
56
124
128
20
83
9
13
283
224
15
36
99
5
264
199
84
122
91
165
59
183
181
169
107
16
50
161
139
40
58
133
281
134
179
15
53
62
346
120
101
96
66
140
124
142
236
75
109
83
51
14
29
16
93
11
213
250
233
8
176
6
83
170
18
1
283
17
151
156
26
113
27
184
147
21
32
37
138
33
236
31
15
57
170
210
163
80
195
149
45
61
11
224
38
21
43
221
98
7
208
41
78
80
84
23
64
143
116
210
20
4
276
22
67
20
152
78
32
33
81
39
99
182
119
12
43
97
19
95
25
23
607
237
166
20
24
26
163
146
305
349
71
21
175
40
5
5
9
495
276
45
227
54
120
83
74
130
111
26
21
136
35
86
128
14
99
140
49
94
153
111
66
234
121
60
166
192
47
136
15
170
155
206
57
153
183
59
34
11
20
7
204
440
5
10
64
139
54
75
61
47
65
71
24
48
197
12
109
88
57
30
48
90
132
26
51
129
2
51
121
109
90
610
96
1006
271
266
18
57
461
86
208
105
15
21
20
100
6
238
57
159
14
162
1
23
168
28
137
113
16
126
266
84
16
12
46
101
158
48
357
100
58
67
70
75
366
11
49
41
42
625
17
78
80
130
63
44
25
172
36
90
18
524
22
145
106
6
70
133
3
24
63
76
272
39
199
6
281
134
122
13
19
97
22
33
8
122
15
18
30
159
80
70
122
39
137
59
29
34
128
9
18
180
43
107
157
333
412
23
17
6
93
11
32
4
73
144
263
138
18
60
26
4
19
6
4
19
137
1
25
54
77
109
227
98
157
8
15
20
79
294
120
147
26
137
9
182
84
33
107
95
138
27
10
58
61
46
9
6
118
155
23
127
112
143
45
9
101
28
198
32
62
7
17
143
83
3
48
92
41
71
379
82
28
84
8
54
25
7
79
26
166
36
134
126
190
4
151
110
112
14
263
95
108
81
405
214
209
12
12
4
29
349
46
45
99
51
9
385
145
450
86
33
246
17
131
74
8
174
5
36
79
40
38
235
22
335
75
62
70
47
7
41
41
91
209
65
73
78
207
158
100
65
13
22
156
13
41
146
25
148
155
24
7
119
5
38
177
32
3
45
249
61
401
111
124
123
47
57
346
208
6
157
42
13
192
367
263
6
21
2
38
45
67
51
67
241
209
44
32
433
5
23
167
10
91
2
170
359
3
29
1
208
358
33
250
155
313
51
33
52
26
91
112
198
371
64
46
9
122
22
284
531
30
207
8
91
187
16
57
12
28
31
155
18
397
36
181
19
34
153
25
9
24
47
137
238
125
22
159
242
219
4
26
118
24
45
74
51
114
8
74
128
24
70
38
67
74
189
61
188
168
26
32
134
63
68
145
6
36
9
18
46
41
95
22
90
16
106
16
30
22
202
110
30
97
92
20
163
6
63
4
52
1
111
204
19
2
94
79
82
168
209
32
11
170
82
278
95
89
56
43
35
6
164
183
94
238
31
8
7
99
39
48
36
84
212
526
2
14
14
213
9
145
39
27
7
25
267
9
239
46
53
94
326
16
72
62
51
228
71
11
24
201
93
333
24
135
9
14
76
192
1
51
47
30
32
29
45
144
147
338
53
3
39
369
209
58
2
75
23
184
6
26
7
63
55
151
38
25
43
39
98
155
16
168
60
145
17
434
40
55
38
71
109
33
27
217
357
66
7
88
68
32
43
19
251
41
221
69
9
56
26
94
223
386
61
133
85
6
286
129
76
195
339
37
90
332
119
62
65
22
27
36
186
50
65
151
114
128
57
26
109
15
8
108
22
40
169
128
58
146
71
4
24
53
80
495
234
167
15
153
120
260
153
107
2
55
10
40
217
215
51
51
51
12
8
9
127
80
95
6
176
86
176
141
127
26
49
469
82
2
93
70
52
89
78
156
59
230
38
194
153
129
37
33
200
12
35
15
75
64
30
221
144
43
185
72
26
66
15
96
104
91
22
60
80
50
61
75
28
91
119
172
267
38
189
274
42
43
324
278
90
47
1
80
123
190
22
7
55
16
198
62
11
311
6
76
65
48
141
59
200
26
29
211
63
70
25
129
218
4
17
69
39
113
28
110
6
74
30
271
13
55
12
53
59
45
38
84
42
17
17
73
110
81
56
52
61
11
35
67
64
261
460
75
27
246
201
58
101
13
45
135
40
99
31
65
25
10
129
69
236
36
30
213
75
5
116
135
30
15
37
13
50
84
117
71
115
17
30
28
9
179
118
74
63
84
31
97
209
11
53
158
22
46
170
26
147
8
305
58
19
179
77
27
13
44
45
3
73
9
94
48
241
320
117
104
40
29
65
4
108
31
3
97
215
4
23
69
280
62
168
182
29
154
90
96
112
56
92
68
18
3
100
100
36
159
38
95
4
9
249
13
53
210
21
144
351
57
32
47
146
46
52
45
180
122
64
137
181
401
70
109
63
176
134
94
131
90
287
233
22
94
111
84
28
21
44
32
150
13
365
28
47
71
39
143
5
12
50
90
48
139
56
104
213
214
157
84
4
49
25
70
244
220
41
91
139
98
80
17
10
42
59
52
390
1
12
11
86
122
79
128
1
118
150
298
3
78
11
316
52
7
110
182
13
450
108
50
91
40
222
24
27
23
351
85
53
13
81
100
7
209
64
29
87
337
38
86
23
44
46
24
205
99
75
119
30
20
13
60
16
232
205
228
22
71
78
137
134
42
19
144
68
9
146
335
141
43
150
41
41
7
55
380
100
269
3
181
76
9
21
63
158
113
184
19
72
158
23
38
25
205
110
294
107
172
154
144
52
9
20
183
23
32
93
398
44
20
35
6
75
75
48
86
74
102
129
36
31
16
54
526
61
228
240
16
2
29
92
45
53
13
252
203
180
9
36
163
344
70
64
180
67
23
36
23
71
40
94
95
213
110
244
273
61
199
27
294
93
14
26
226
178
15
3
183
89
1
34
13
30
34
96
70
151
49
426
39
50
56
12
263
43
8
219
17
48
266
194
17
257
11
88
41
84
219
46
380
42
3
236
10
20
5
6
1
55
15
150
59
14
59
270
119
136
13
241
69
55
106
118
137
16
92
22
112
211
97
64
67
18
56
167
21
21
20
23
140
34
38
242
128
139
141
134
