15
25
96
23
47
14
129
162
3
21
21
444
142
58
63
158
58
67
201
117
76
130
103
24
169
174
104
56
49
26
15
115
5
57
22
71
57
264
7
1
96
46
40
108
172
28
192
49
96
150
197
122
145
13
55
117
3
26
63
62
97
67
143
51
15
34
67
207
540
23
13
159
15
10
209
23
17
82
20
74
23
27
57
108
28
80
173
37
180
38
86
27
65
179
7
14
61
287
22
56
2
346
64
33
106
86
536
74
170
160
125
21
33
96
41
134
159
31
32
95
25
149
174
93
128
40
35
56
191
86
529
26
312
33
15
10
38
9
139
92
196
80
12
25
116
86
145
1
111
51
267
31
198
206
92
8
1
10
73
142
54
8
6
74
184
17
71
51
96
71
10
49
188
29
133
223
27
85
133
312
37
85
106
105
40
31
5
19
4
237
85
22
26
6
39
71
184
256
125
4
135
174
135
203
163
59
58
430
125
200
107
132
145
60
115
8
199
100
25
137
222
545
91
281
10
16
31
21
103
164
221
214
95
186
47
115
171
2
3
29
124
11
136
84
48
54
1
65
143
14
94
88
32
125
135
49
18
82
18
59
101
42
36
38
28
238
197
128
2
261
54
24
103
152
54
26
231
87
100
44
62
265
2
43
41
20
75
1
13
91
52
3
82
71
128
112
243
144
21
14
17
123
340
117
1
154
14
63
53
50
36
135
12
144
25
12
582
18
5
53
67
5
17
28
26
40
8
30
25
16
115
49
77
56
48
495
36
99
71
275
257
11
204
6
54
225
37
78
37
16
61
40
493
19
48
116
21
332
119
177
159
92
92
152
90
7
203
79
17
85
16
100
95
176
171
32
143
67
259
5
175
48
257
70
150
39
54
223
23
261
220
61
66
54
8
215
148
82
30
123
13
20
52
26
16
203
5
138
91
102
389
19
22
6
130
121
154
123
262
49
24
63
59
62
157
61
135
76
12
126
208
41
138
114
56
218
52
53
40
27
150
299
66
95
345
48
84
271
23
207
220
237
152
158
39
5
7
15
195
252
99
161
5
84
294
15
196
39
13
133
157
3
21
47
5
15
1
65
132
41
55
90
30
27
110
26
13
35
55
28
126
197
16
185
25
25
18
122
66
8
310
125
11
14
37
2
139
63
37
28
19
74
74
30
29
66
77
158
175
37
68
53
72
53
177
44
97
40
99
142
8
137
150
152
182
70
298
50
85
4
210
183
47
49
162
148
109
250
7
73
172
75
28
80
81
7
97
35
10
49
33
175
1
198
43
57
33
87
77
372
426
61
48
340
32
120
3
65
123
35
39
55
15
6
147
84
55
100
233
14
91
95
152
56
35
52
94
131
93
37
28
118
206
9
18
29
95
36
55
143
65
148
96
48
54
85
49
21
99
101
93
47
19
48
35
171
179
102
27
240
11
235
173
63
67
118
39
15
211
62
118
102
72
3
46
122
49
202
1
7
1
226
71
341
50
126
260
164
86
212
3
26
39
51
27
26
89
90
39
51
40
95
144
28
30
80
87
51
24
134
148
308
23
65
46
74
24
110
135
148
229
16
271
67
68
100
163
35
163
48
158
18
110
125
466
110
111
283
19
22
1
16
216
96
201
28
114
142
198
30
24
56
72
44
156
100
33
13
41
61
67
144
98
200
22
15
109
7
32
71
276
29
379
336
87
7
24
52
45
59
6
171
187
164
177
50
20
186
42
71
12
10
28
149
158
26
96
68
18
204
48
26
296
177
1
18
108
31
17
48
84
28
41
32
99
14
27
14
103
56
11
106
78
227
55
28
349
125
155
261
125
56
228
41
50
75
142
154
595
31
42
86
81
87
58
111
22
119
75
83
53
121
119
7
67
427
141
13
133
135
78
41
175
202
119
43
8
33
31
144
80
21
278
311
89
65
5
18
160
5
40
125
9
166
53
74
29
175
10
99
34
45
42
500
16
29
343
290
97
10
71
7
71
54
13
142
222
107
2
65
9
89
19
48
234
129
24
14
50
57
131
3
196
104
22
80
26
89
18
532
49
40
321
221
322
82
225
16
87
94
53
120
50
106
226
35
37
23
27
239
258
85
43
9
354
51
31
34
139
51
41
8
114
97
41
235
20
50
21
27
192
379
124
118
6
265
46
21
11
112
221
103
271
16
23
57
130
3
69
20
308
15
16
27
16
49
137
1
154
136
51
1
85
181
39
114
161
47
20
124
100
373
88
36
62
6
21
81
111
111
93
117
112
162
106
10
35
230
360
127
90
144
17
87
60
42
33
52
6
295
102
57
3
19
146
196
56
77
50
25
20
21
12
170
73
220
148
9
381
57
78
26
112
10
77
115
6
36
7
394
139
54
175
146
245
12
223
74
138
20
271
88
16
112
30
40
100
33
57
53
65
46
96
107
245
121
7
133
96
239
133
3
10
164
101
30
124
74
201
28
211
19
181
79
53
82
92
112
22
242
14
10
177
172
49
172
147
56
67
83
4
27
112
18
2
297
14
403
163
47
241
47
111
139
17
96
14
143
286
174
90
32
75
62
19
6
325
15
117
248
14
336
56
156
14
200
29
4
157
9
13
133
35
42
107
335
160
36
104
92
2
78
121
46
3
14
17
68
7
71
125
693
13
196
70
55
183
13
331
185
189
288
41
63
86
86
68
25
37
40
17
22
336
96
8
168
60
37
231
120
23
92
155
115
245
146
184
32
528
130
25
23
32
31
16
163
125
151
61
22
42
166
74
19
228
268
38
50
140
121
4
53
1
21
169
12
31
9
66
182
49
45
28
237
55
26
207
20
70
6
13
138
161
20
6
23
69
38
10
16
177
40
31
61
327
76
286
55
75
168
31
10
9
13
38
41
18
35
196
241
15
250
214
48
2
31
146
111
81
99
125
108
187
123
20
47
3
126
132
187
196
87
58
32
215
28
123
42
80
123
74
412
57
590
12
89
36
28
1
10
58
34
230
26
34
338
63
90
331
38
12
115
254
56
216
219
254
26
22
70
468
29
122
119
177
23
196
36
214
86
24
365
30
390
11
448
187
14
68
155
7
464
90
66
160
44
131
9
46
18
70
247
781
63
116
94
5
117
36
63
38
1
179
34
39
93
207
28
13
17
28
58
126
54
155
53
1
13
49
121
3
77
51
39
217
85
28
7
327
57
48
14
222
46
158
307
243
101
25
123
123
117
159
411
154
120
189
220
57
118
151
11
126
4
235
145
92
94
36
90
175
175
106
81
178
6
244
82
112
33
22
246
143
7
351
7
13
162
156
48
55
202
108
49
69
49
120
49
220
107
199
12
62
93
16
267
101
47
45
176
28
61
100
50
2
170
22
71
312
66
6
240
119
98
90
15
276
14
5
55
76
45
113
16
9
112
31
67
39
125
123
21
133
221
37
79
36
30
20
132
61
31
35
85
152
40
69
68
79
42
12
81
389
41
132
76
40
44
18
124
58
282
166
45
352
266
32
52
295
28
178
224
211
25
39
18
33
37
18
12
14
13
45
16
265
13
16
11
64
12
13
46
217
13
57
11
252
8
2
27
16
662
72
97
3
40
42
82
199
124
181
20
38
56
38
205
97
32
95
89
15
130
49
377
137
7
128
7
98
17
161
91
380
136
5
117
52
85
320
127
15
383
272
93
31
26
5
12
10
5
89
238
7
13
115
27
13
231
126
368
65
334
372
6
2
25
313
149
71
72
21
343
86
90
110
175
21
49
23
37
65
547
56
11
21
52
59
16
190
25
257
7
103
59
14
144
138
92
149
347
70
266
233
51
130
27
294
22
160
8
4
208
107
18
101
242
7
215
46
18
6
64
151
151
118
151
14
3
43
29
30
287
12
89
193
84
129
101
62
138
153
10
116
48
3
552
37
183
18
365
44
149
81
254
146
332
28
46
43
6
48
137
6
48
64
162
36
115
400
18
19
20
46
51
81
17
34
65
15
47
138
22
64
108
7
89
130
18
39
13
21
66
92
70
18
24
39
153
51
38
17
1
5
163
46
14
438
161
24
89
6
18
191
4
203
86
65
32
111
37
29
5
292
31
21
86
156
62
562
51
136
97
103
26
14
82
37
113
41
254
217
117
104
219
131
11
124
70
47
96
32
15
145
175
102
26
140
6
111
281
84
111
67
72
90
134
102
40
63
202
49
43
272
40
196
16
80
173
196
374
72
102
180
123
326
189
20
4
29
79
68
19
82
60
37
146
174
146
29
8
27
43
103
238
110
17
4
165
176
34
350
58
69
44
42
42
39
163
66
151
6
74
72
53
3
132
57
144
73
112
71
46
52
168
93
55
27
25
9
42
61
174
166
236
24
36
84
15
194
50
196
82
469
40
72
38
145
52
35
65
94
320
153
173
24
110
47
69
34
246
85
52
9
55
26
15
35
127
2
60
30
234
137
117
133
89
123
150
112
38
134
153
23
146
58
3
209
162
34
40
175
26
70
17
86
1
10
21
73
173
150
57
54
66
1
90
202
33
249
146
146
47
95
4
62
144
300
6
37
113
48
123
31
13
27
32
63
48
18
108
87
188
42
68
425
2
27
101
496
78
109
83
93
171
10
186
14
144
53
30
48
71
4
42
391
31
43
69
193
213
13
48
428
46
91
150
4
164
55
76
38
214
13
295
47
59
4
5
67
47
195
163
51
41
21
276
81
16
191
1
107
27
195
83
103
207
44
30
141
81
37
95
107
11
27
14
60
221
13
92
23
117
13
69
82
56
127
234
181
2
43
1
16
16
192
123
102
209
18
67
34
13
14
164
144
62
8
51
45
3
271
190
53
507
60
2
107
73
21
145
80
399
267
21
13
2
11
38
232
125
3
189
2
74
25
98
67
52
246
175
11
139
64
56
15
64
80
125
31
1
28
33
4
137
228
93
29
14
208
243
13
11
48
65
109
23
21
31
32
26
151
156
17
51
181
11
41
31
72
122
69
13
206
41
53
411
13
46
62
174
233
75
117
198
76
68
35
14
63
90
63
350
126
5
9
22
170
11
51
80
20
301
235
202
152
27
16
101
4
153
313
35
231
18
59
42
258
97
72
75
26
202
37
230
274
184
45
36
80
181
7
98
282
148
40
15
52
200
5
105
257
143
13
27
67
49
14
14
32
9
190
192
681
199
21
71
33
113
28
5
180
71
44
42
60
260
21
130
2
81
94
96
124
92
71
125
56
41
35
184
88
3
380
83
11
356
4
51
136
71
1
115
48
200
88
42
41
198
46
30
244
160
5
141
65
226
91
347
147
27
6
4
103
7
26
10
17
54
108
35
154
24
129
3
138
6
58
251
131
39
159
42
188
132
108
30
101
95
131
105
224
167
45
38
135
36
47
4
137
42
41
15
18
182
184
74
47
18
314
122
86
84
83
93
22
24
29
77
307
17
72
37
485
37
126
34
9
169
81
34
15
274
28
17
4
113
15
21
136
23
26
98
114
13
51
42
112
62
34
119
437
170
92
92
25
154
2
62
108
6
193
51
200
149
8
30
36
10
29
56
59
2
14
66
5
77
138
18
27
173
74
2
37
179
197
298
173
79
52
11
83
56
63
88
109
164
27
124
143
92
19
35
8
54
304
266
39
35
20
8
128
38
73
141
4
84
39
84
159
200
210
111
18
331
95
33
121
303
11
105
91
33
141
17
46
197
18
94
96
78
172
159
36
94
60
550
37
37
103
36
1
11
40
143
332
214
67
252
112
118
459
114
3
47
21
183
52
46
15
16
4
224
66
101
29
204
90
61
46
127
140
88
255
35
72
79
241
84
7
11
217
3
6
136
83
190
27
121
27
132
155
99
32
5
9
155
193
226
145
118
71
281
46
41
22
87
21
60
104
32
42
15
95
291
10
155
55
11
123
50
502
25
310
103
63
100
165
11
61
46
3
47
155
32
115
241
122
12
144
81
136
80
21
44
108
7
130
322
74
195
24
169
181
114
50
130
177
103
525
126
58
131
60
172
11
85
37
107
357
93
8
125
65
57
138
12
31
62
49
23
308
178
45
106
98
291
197
23
33
7
73
124
48
52
71
63
35
94
147
12
289
5
56
292
91
41
11
294
140
150
33
37
221
251
32
85
203
265
251
7
259
146
76
171
115
144
82
181
6
67
8
32
255
420
11
15
31
249
113
10
70
37
93
40
8
13
17
33
73
15
111
161
318
60
52
32
41
26
96
74
7
211
51
59
19
69
31
79
6
157
3
28
170
29
57
67
73
120
34
14
82
48
28
23
100
133
134
378
105
149
65
16
133
44
272
52
222
54
12
159
245
50
152
293
58
27
44
126
150
203
282
30
86
21
15
113
32
45
254
38
188
143
105
36
74
165
63
38
10
55
16
20
4
52
41
139
121
201
5
28
74
87
46
65
244
53
31
153
12
176
69
42
97
125
205
219
52
144
86
25
128
36
135
349
15
46
59
10
35
194
7
276
138
152
37
95
71
284
180
393
46
416
168
51
148
54
17
195
126
316
337
144
469
122
92
41
146
94
20
189
43
274
190
103
166
90
252
83
19
17
541
94
79
93
117
29
83
133
41
98
5
34
139
322
163
22
2
63
141
80
200
23
75
221
19
28
87
30
95
18
22
38
203
91
189
168
68
24
11
74
220
1
62
39
57
32
173
191
28
46
14
11
1
153
40
87
251
16
99
84
113
239
24
24
520
74
2
137
151
15
20
78
256
41
29
24
173
152
255
122
61
15
132
22
37
105
7
77
616
19
12
106
1
184
27
56
146
52
23
123
117
39
61
43
213
42
51
16
25
111
79
5
4
28
98
157
138
94
430
200
24
40
32
141
385
16
93
62
92
194
307
57
119
31
73
110
44
69
6
24
1
73
11
173
39
92
9
26
38
203
8
109
273
9
14
156
18
317
88
20
32
37
49
183
4
236
251
118
78
216
13
125
401
258
161
177
117
126
53
300
39
5
61
13
100
32
129
167
57
5
218
77
3
93
171
143
152
68
20
219
107
85
82
62
171
7
6
36
330
275
25
90
1
33
45
23
480
200
138
139
171
167
66
71
279
181
42
46
103
52
55
151
182
35
87
192
103
294
58
61
21
44
128
45
79
21
75
262
39
5
56
31
164
30
15
74
177
13
21
75
4
167
60
145
16
29
69
54
200
16
78
43
98
121
122
174
210
73
11
76
9
79
15
1
105
95
16
19
118
77
32
17
116
95
51
404
147
110
290
232
2
217
81
20
21
40
174
61
114
94
128
61
62
25
176
92
23
13
86
97
276
36
57
30
319
5
1
3
125
8
115
28
41
2
37
19
3
157
17
96
43
37
44
334
9
100
122
127
37
17
80
58
129
110
49
208
24
83
10
40
99
192
155
1
2
105
41
14
229
205
1
218
27
155
35
46
146
173
3
7
172
134
42
10
6
32
102
139
22
151
35
168
44
164
5
89
21
28
80
174
54
27
28
236
180
27
129
43
8
22
95
151
23
57
163
97
82
14
34
193
1
51
49
84
249
109
55
103
292
14
65
115
16
130
20
125
94
233
22
47
93
184
80
45
125
128
122
25
9
10
73
86
13
71
20
18
222
30
45
194
187
47
72
122
16
226
11
161
68
115
122
89
74
35
54
50
28
215
372
101
225
60
179
62
713
5
115
31
86
300
34
141
89
239
96
233
11
288
212
7
24
97
27
32
107
53
9
199
21
98
68
78
267
6
63
15
42
50
28
25
40
149
103
74
127
65
106
3
209
79
130
212
40
180
36
226
265
14
109
232
36
179
89
83
14
28
87
56
217
98
292
58
28
64
36
180
18
113
6
175
72
137
117
19
42
138
276
158
127
71
98
11
3
28
173
53
11
169
25
45
113
47
4
8
4
132
61
99
9
93
44
329
141
144
37
305
92
63
453
8
57
111
8
7
109
6
199
31
42
1
14
62
84
158
100
497
24
402
83
365
139
166
14
167
42
301
70
79
41
70
81
202
106
8
10
1
81
2
166
54
29
16
79
61
364
56
8
21
30
407
67
5
83
16
68
84
43
51
23
309
61
72
47
10
250
22
188
22
83
84
88
47
46
47
239
115
93
13
19
166
7
51
35
96
75
121
3
40
66
196
121
133
14
134
67
3
77
3
178
9
21
127
26
38
2
104
39
140
122
6
198
25
27
66
244
67
26
43
115
90
26
70
3
152
168
118
100
87
88
23
300
182
136
2
14
276
82
40
41
59
15
77
61
167
54
239
353
218
131
68
167
17
224
779
154
9
41
120
25
11
16
136
4
125
372
17
20
157
64
63
286
72
72
114
23
11
114
175
103
58
47
258
1
3
150
142
43
279
10
5
22
13
156
54
45
72
298
86
52
126
337
7
44
116
379
136
191
37
23
47
15
60
388
71
55
183
6
342
101
87
248
116
208
56
235
13
167
121
95
71
95
67
50
79
20
161
62
92
216
110
95
10
119
191
15
32
67
36
81
45
168
48
7
74
106
27
161
20
50
39
39
226
30
112
84
133
17
141
87
7
4
19
145
6
95
271
195
95
134
4
56
91
33
167
154
4
9
49
96
63
7
26
77
17
4
113
62
306
85
173
40
37
99
25
12
30
52
57
65
21
79
154
38
98
108
30
75
16
24
4
46
154
23
38
79
71
28
23
2
83
74
92
10
126
113
13
241
64
3
87
208
57
117
79
49
8
163
192
168
36
24
70
64
259
115
70
93
234
16
112
21
323
19
490
94
75
204
96
101
26
282
157
30
186
156
34
188
2
1
206
402
48
6
250
102
99
2
114
154
9
35
1
127
10
68
83
80
15
22
266
122
146
36
135
89
54
8
329
292
37
101
29
94
29
43
59
150
66
52
69
3
21
94
158
106
107
253
141
30
17
114
7
9
3
19
142
196
62
75
162
57
15
171
229
23
77
29
112
211
105
59
55
376
19
18
131
130
79
109
8
276
151
46
18
20
25
101
15
13
105
36
120
19
70
6
44
58
146
129
110
58
442
201
5
5
247
75
179
62
14
29
122
158
211
121
15
102
86
43
36
81
49
4
158
28
17
67
43
339
62
9
316
70
25
2
11
33
45
171
4
50
173
294
6
173
87
8
43
21
66
109
19
35
9
185
220
101
103
49
93
6
13
77
16
20
94
2
34
123
76
22
225
71
63
256
57
7
18
93
126
72
38
151
121
116
119
55
23
11
84
46
249
88
63
56
4
29
40
463
108
22
32
23
10
35
189
55
2
222
97
47
32
96
120
24
49
311
5
29
3
305
14
95
27
34
10
47
117
149
197
168
8
104
55
114
58
2
205
64
39
123
5
214
133
374
188
47
4
75
79
34
70
18
166
122
11
402
181
532
440
67
220
199
281
190
278
115
25
246
435
110
208
67
119
69
243
203
150
76
83
62
110
92
76
9
45
7
78
141
118
98
58
163
188
37
1
4
267
52
2
242
62
20
77
4
81
85
248
147
31
185
33
314
35
104
180
52
103
40
93
12
48
24
75
34
115
104
54
144
305
47
13
85
15
126
89
145
45
5
459
31
33
168
60
230
459
175
7
1
74
185
9
138
56
28
73
130
3
19
50
181
57
84
107
55
14
57
23
130
130
42
281
25
150
25
6
44
214
63
23
5
55
76
172
75
36
1
200
97
165
32
4
352
63
32
243
11
303
10
22
15
25
145
72
235
185
40
265
107
28
1
18
12
106
99
18
116
27
167
22
70
50
147
11
85
43
399
68
107
34
49
24
43
134
5
219
205
88
47
141
5
8
77
106
37
33
149
92
25
173
35
38
15
152
183
21
168
34
55
466
66
22
8
215
11
49
76
143
1
251
160
32
14
41
33
34
100
29
155
149
15
9
1
61
252
44
214
185
62
11
22
198
210
103
275
38
9
61
43
90
430
149
33
60
182
266
48
6
46
87
57
190
369
46
5
161
77
71
100
67
84
443
198
287
185
185
62
106
150
268
69
403
70
310
204
65
276
317
282
51
31
30
24
27
34
112
15
88
126
17
122
83
23
37
30
55
125
34
121
427
40
50
31
110
85
3
187
132
46
239
1
84
11
321
42
135
70
19
1
92
25
78
95
143
19
133
261
31
54
32
133
1
276
180
1
224
235
117
51
321
569
114
265
140
6
169
191
58
30
3
65
152
39
58
1
40
46
187
295
3
47
5
15
40
34
9
118
10
3
50
213
143
6
24
33
124
125
111
278
40
5
9
271
210
185
59
18
21
5
42
28
276
195
4
497
36
23
48
158
79
117
102
145
67
22
13
75
60
29
283
75
61
287
15
250
307
6
13
58
33
160
88
298
7
397
26
55
3
27
16
13
2
40
10
12
40
84
39
23
62
248
98
46
35
54
420
50
40
87
53
183
209
60
9
32
240
155
53
18
82
79
70
87
272
37
111
3
41
14
76
3
21
137
64
109
67
60
123
5
70
2
16
16
118
228
356
13
53
30
16
92
174
89
113
69
42
417
118
75
1
66
57
22
31
301
15
223
131
7
83
99
267
22
205
72
42
77
303
31
2
761
39
143
34
312
39
38
81
59
11
32
303
67
262
19
121
6
34
123
61
229
160
80
3
40
78
1
94
151
118
7
56
19
249
497
6
222
5
165
93
119
201
7
168
36
97
73
15
106
544
134
200
93
243
156
2
16
96
251
41
57
149
198
20
31
25
12
10
38
184
132
71
136
221
32
338
196
178
17
16
263
30
50
122
52
86
22
69
2
140
138
119
192
115
87
177
163
68
140
18
19
12
256
42
60
119
53
62
17
53
102
80
35
99
50
16
24
41
92
212
57
310
118
93
197
27
54
171
135
13
48
35
6
494
10
456
3
147
137
57
88
21
11
41
4
45
23
97
168
18
1
149
166
29
144
460
40
286
210
50
36
17
22
43
65
14
95
277
66
210
131
76
185
77
74
29
2
52
158
21
370
4
3
3
78
142
69
20
79
77
6
63
227
46
239
17
159
81
18
68
33
15
84
72
244
361
156
222
23
55
8
24
62
143
287
108
42
68
429
105
37
154
296
80
57
158
30
82
59
21
136
24
82
104
41
27
338
4
126
241
159
159
46
17
218
16
153
86
216
289
121
4
5
101
36
6
9
37
264
43
48
59
63
87
70
29
42
80
38
88
86
86
181
74
62
47
9
16
321
67
61
9
53
93
16
224
4
25
29
3
51
108
105
235
201
292
31
33
119
113
103
10
386
114
302
56
50
108
235
60
21
69
7
14
118
77
170
108
87
83
67
130
324
312
49
167
84
158
15
147
16
3
38
13
165
325
13
116
233
140
139
232
91
368
7
152
46
580
279
73
25
286
15
97
35
207
250
441
71
2
7
17
1
37
11
186
25
32
410
172
11
193
313
34
5
84
136
123
28
56
144
211
169
62
160
122
49
26
41
84
81
61
98
163
116
270
170
8
74
184
141
79
42
32
18
58
17
177
47
151
60
160
1
26
88
212
275
130
4
162
3
86
83
78
63
288
130
59
330
95
120
101
52
48
7
42
14
56
240
483
1
25
122
135
92
173
215
111
531
20
44
283
65
134
165
48
38
586
70
223
122
50
42
154
25
152
114
208
3
376
59
27
238
143
40
11
52
184
181
52
62
126
51
22
7
260
30
71
112
58
42
109
125
139
54
178
68
118
154
184
6
6
36
33
1
117
14
180
228
27
208
15
65
29
9
189
32
305
21
125
109
96
84
165
138
17
114
160
49
33
118
50
89
187
23
42
31
102
26
110
248
183
84
21
146
46
41
81
34
373
23
222
114
39
8
27
2
6
30
9
105
130
280
131
151
66
14
30
68
160
258
102
270
33
28
187
171
258
123
5
9
7
138
57
116
254
3
63
108
72
257
258
17
45
373
32
168
26
100
61
81
236
11
98
30
79
1
145
154
55
9
173
24
11
460
60
53
12
376
389
103
216
24
104
30
213
88
11
47
492
72
258
159
30
5
87
31
43
28
16
110
53
3
192
148
184
37
63
106
112
49
61
69
100
9
147
74
115
277
11
138
60
202
50
16
464
21
83
23
5
35
15
132
205
138
40
77
124
7
248
74
210
30
53
196
4
117
22
82
233
33
25
17
573
10
67
209
5
120
137
34
239
110
65
215
101
19
151
221
600
50
18
95
70
220
21
270
281
14
39
23
117
408
6
125
13
186
581
239
182
18
170
102
46
223
96
115
160
28
12
115
144
24
3
82
97
373
4
2
202
91
50
77
216
133
153
120
11
2
45
120
171
66
178
105
58
103
11
9
92
4
186
55
39
107
119
132
121
12
7
57
90
99
28
278
19
69
26
43
144
119
49
90
40
67
95
341
1
49
131
1
282
14
231
217
10
22
209
42
68
119
70
134
106
155
118
8
84
33
72
65
166
23
85
19
226
369
58
66
13
163
41
69
63
6
84
34
191
20
18
23
186
153
47
17
127
52
37
55
7
38
365
46
359
99
327
20
11
119
99
55
410
81
8
11
105
161
90
30
129
219
40
142
55
212
53
62
62
42
55
99
29
63
60
111
39
116
29
125
258
229
24
242
23
77
19
29
10
24
51
233
244
47
47
112
2
49
6
34
154
23
122
18
50
19
293
4
207
389
27
108
5
77
174
212
18
2
14
30
243
83
75
138
241
56
231
121
101
12
4
37
77
23
23
68
11
104
82
2
352
104
30
4
86
106
263
259
18
133
184
49
90
93
68
159
4
90
422
28
84
13
48
82
5
69
223
301
3
52
157
3
8
67
2
246
46
155
84
103
188
43
56
109
50
127
103
42
88
115
41
60
133
115
39
92
55
144
17
102
203
26
33
13
54
55
128
145
50
231
9
143
186
89
33
24
80
55
31
34
125
39
176
40
277
104
29
25
5
83
251
10
35
464
35
12
49
24
23
8
57
216
53
18
63
55
240
143
91
142
49
378
22
97
80
155
49
29
7
158
10
122
62
49
56
138
9
135
71
4
289
12
79
169
80
134
105
10
157
47
55
12
75
191
125
149
2
6
203
499
11
111
44
134
6
52
6
36
41
49
75
196
178
64
271
11
3
77
9
135
1
56
9
50
24
9
70
73
226
39
2
61
6
290
51
119
270
96
19
64
17
69
267
184
88
208
53
258
46
40
265
100
17
155
27
45
129
27
70
35
184
246
157
13
10
195
267
57
22
468
60
21
26
40
351
284
168
241
22
17
196
163
30
56
59
109
82
287
6
84
160
11
6
154
8
129
62
51
262
32
86
60
3
6
124
49
483
34
98
36
129
48
71
175
41
213
30
305
21
62
48
154
66
98
114
50
370
33
114
101
89
45
119
43
39
43
42
45
166
6
40
17
215
24
87
53
40
107
534
67
27
72
16
9
149
1
53
82
2
57
129
40
46
307
94
72
86
38
178
38
35
178
5
251
25
52
24
70
18
33
26
113
376
34
380
56
126
48
10
21
178
145
30
4
688
134
130
13
91
153
132
90
7
78
79
81
7
29
4
53
65
242
122
115
39
143
237
81
4
209
143
181
119
17
79
227
294
208
40
73
1
223
9
181
63
105
124
2
13
46
228
366
20
79
90
74
184
34
61
1
92
27
51
98
29
57
2
291
101
54
20
20
52
128
25
206
53
55
138
131
12
198
75
107
76
53
55
54
24
76
45
93
115
156
8
26
87
207
13
122
56
23
60
251
519
46
51
26
300
192
64
128
143
1
34
128
10
360
172
2
64
560
60
67
189
113
43
16
15
83
42
75
234
2
213
21
146
186
128
224
61
2
49
65
15
49
54
7
80
268
184
193
226
41
56
196
133
78
227
73
21
80
42
7
19
12
29
105
19
17
94
27
86
29
72
333
32
144
187
189
64
86
1
74
3
41
17
30
18
8
48
48
9
23
7
6
4
233
23
24
179
30
40
36
88
17
98
1
27
47
3
30
189
20
132
69
532
227
178
36
93
134
1
9
99
46
63
132
38
180
27
321
66
20
61
17
24
83
142
68
131
147
186
96
105
99
60
72
53
132
95
40
58
26
75
32
48
105
100
68
40
18
39
7
16
9
188
39
21
39
6
61
138
231
103
126
66
137
4
25
61
73
93
75
166
75
35
693
18
57
85
85
21
15
34
29
55
30
114
61
2
21
22
132
25
15
89
70
26
57
102
64
289
166
53
6
12
482
37
309
137
19
35
44
164
188
44
321
74
20
3
300
88
184
33
13
79
150
232
182
63
46
177
329
56
226
503
61
16
39
8
12
2
24
35
165
54
190
49
152
75
73
1
33
46
298
79
117
72
29
399
14
116
47
66
10
67
223
230
31
118
135
42
31
119
123
60
113
3
87
25
48
58
74
63
45
314
360
33
127
2
40
102
10
18
215
165
152
10
26
32
229
42
12
110
344
53
42
59
11
112
28
82
109
184
171
32
297
72
105
96
6
128
283
200
6
32
147
212
260
61
64
25
47
188
29
40
45
46
49
28
32
76
201
24
26
151
79
50
73
168
170
342
16
65
47
36
14
52
204
161
184
51
140
170
12
6
88
22
86
7
11
97
183
4
197
13
14
87
198
121
76
35
88
71
357
58
22
275
3
84
2
70
172
240
11
248
3
53
64
303
17
119
446
91
8
5
20
369
114
6
188
186
25
26
132
62
43
32
88
45
7
44
141
69
46
79
53
163
9
228
80
359
32
48
47
5
122
32
263
5
87
114
94
48
13
62
42
19
157
150
38
124
48
125
33
30
51
8
4
122
113
28
20
42
46
17
42
74
294
101
6
30
250
24
10
70
120
1
266
85
271
75
128
9
104
52
7
235
4
24
145
365
322
92
112
7
24
66
42
147
57
3
150
109
396
275
43
44
14
123
431
113
52
212
80
130
19
8
63
245
46
2
259
108
73
5
7
144
44
7
14
215
57
114
176
50
48
1
93
24
56
239
25
160
40
5
61
2
81
89
104
75
69
30
29
31
8
286
57
44
55
39
5
293
50
1
171
84
25
44
36
132
29
120
53
41
178
7
69
99
39
129
171
33
58
399
153
73
398
32
210
136
140
140
67
12
132
91
169
30
37
267
271
33
123
292
46
134
36
12
70
1
96
142
55
48
24
131
1
200
132
314
187
9
42
38
107
2
38
112
76
109
7
95
47
31
145
218
77
149
56
1
52
224
160
257
30
207
81
159
61
84
21
5
30
39
60
91
90
31
102
312
111
34
18
160
38
34
41
71
93
159
256
15
164
108
143
397
1
83
8
137
11
52
55
47
128
59
121
386
19
97
213
118
33
55
9
184
11
113
174
198
46
308
37
117
32
15
78
190
131
112
281
34
135
168
23
30
31
141
35
129
117
36
23
100
36
85
152
124
30
75
98
55
306
86
4
25
51
132
86
46
23
32
69
33
45
63
32
10
284
57
23
12
10
217
111
144
49
24
13
90
164
106
142
71
119
5
39
2
85
15
27
127
115
58
51
65
18
163
33
21
116
597
75
47
24
147
24
106
31
13
52
277
36
59
135
219
70
33
206
376
44
7
298
70
181
53
8
162
412
182
142
86
94
77
79
115
242
10
85
41
215
102
63
178
252
78
202
34
28
71
41
41
87
18
56
104
36
201
28
20
49
34
108
162
38
12
6
125
134
18
116
17
225
13
51
47
105
107
20
214
63
65
7
90
126
525
50
42
64
1
63
18
78
52
211
70
74
70
27
34
210
31
179
1
30
6
332
311
206
3
36
160
39
24
67
50
48
79
37
2
105
279
148
23
56
64
201
66
3
112
199
86
182
111
27
52
190
1
96
26
208
84
469
41
93
143
148
127
50
257
15
38
26
64
121
42
82
78
65
117
25
3
193
10
55
6
23
88
102
147
485
29
129
261
9
89
198
100
37
242
70
70
47
52
57
64
284
200
15
186
299
144
287
39
139
106
21
185
19
62
35
8
6
206
161
6
38
123
175
112
348
2
424
20
15
17
317
8
224
53
42
37
203
85
89
6
110
211
303
111
45
97
37
15
103
170
151
6
48
49
5
100
99
372
254
46
39
58
25
302
17
14
21
118
182
115
63
3
28
199
64
113
36
117
109
50
169
45
18
116
151
155
33
83
54
188
125
150
90
248
30
9
13
65
295
81
23
221
228
178
91
164
86
23
40
23
212
33
19
335
134
75
40
11
16
223
20
175
3
16
36
275
435
61
67
367
29
78
47
279
18
53
23
105
95
171
131
188
24
107
172
159
112
148
168
64
87
18
38
14
31
123
29
59
28
43
365
2
29
224
13
1
15
435
32
201
24
276
127
102
174
609
151
42
1
18
193
51
92
84
116
39
266
6
34
140
2
4
190
21
10
110
12
40
136
21
29
80
219
47
116
61
163
28
21
56
8
70
64
3
293
72
54
67
34
10
67
138
166
176
174
271
55
161
24
183
67
56
30
44
8
18
32
93
22
126
82
184
215
197
9
440
177
4
45
54
208
36
40
31
69
95
121
88
163
67
43
161
176
69
52
5
2
79
256
16
126
105
143
383
148
65
22
52
41
42
50
3
29
27
1
80
68
52
64
82
14
11
34
199
53
67
303
17
347
152
23
116
82
159
8
325
67
27
47
193
61
12
159
144
66
2
23
72
160
97
71
92
345
174
111
51
45
48
43
89
3
22
112
204
69
103
177
23
43
297
191
57
59
31
84
44
54
195
42
58
66
201
205
9
185
19
50
78
65
148
148
40
75
169
201
56
110
38
29
73
79
64
54
23
152
194
130
254
104
54
94
1
118
157
5
81
109
32
12
23
93
249
13
30
20
210
50
39
220
17
168
125
13
102
11
125
1
62
29
131
352
237
63
6
141
216
87
112
180
44
25
213
162
78
106
18
30
29
1
126
9
74
2
7
206
1
178
558
280
18
79
151
332
127
74
201
141
50
60
43
88
121
17
11
518
294
39
224
71
170
484
189
247
19
5
9
191
3
51
143
47
52
78
3
71
45
189
313
99
25
23
72
68
75
302
454
40
19
26
189
389
52
12
45
46
25
47
123
134
56
131
26
126
117
307
2
197
115
16
25
2
318
54
116
115
19
184
112
30
66
16
12
109
96
108
28
78
34
220
85
174
23
110
79
24
44
321
226
100
32
69
21
177
139
302
434
10
25
231
174
80
35
129
528
45
50
124
223
109
45
66
74
428
168
5
11
115
25
25
333
15
74
1
12
44
79
73
207
115
138
48
325
368
146
41
22
138
17
27
4
67
94
40
30
1
19
43
115
80
329
222
31
37
145
72
13
31
114
41
86
16
97
120
162
160
168
111
28
136
63
299
61
64
32
2
78
216
13
2
10
104
13
29
230
104
17
22
28
62
180
28
17
101
19
330
25
277
27
12
139
86
12
102
35
193
14
85
14
10
143
194
33
79
71
19
130
78
165
100
20
333
34
234
24
25
22
53
139
79
140
27
46
54
97
577
74
10
100
68
124
30
84
2
42
57
59
28
272
2
47
46
11
174
2
185
3
16
205
183
89
50
82
6
135
157
5
8
57
132
9
2
4
5
7
65
104
55
93
87
3
46
23
101
11
32
236
9
32
40
452
12
20
241
4
49
897
52
18
3
207
49
55
1
140
31
77
94
39
76
38
48
277
100
259
22
49
36
26
39
170
324
1
167
277
7
4
20
196
77
16
166
36
12
25
76
4
185
125
168
281
61
104
5
94
15
15
56
70
265
73
9
149
24
49
37
195
78
63
91
4
185
157
71
20
16
22
89
26
57
77
2
43
87
428
122
13
16
66
35
71
20
157
19
58
29
66
174
155
8
232
212
60
87
145
94
141
145
61
288
44
210
66
234
220
110
77
14
7
11
179
15
256
102
101
56
133
68
8
46
29
154
107
124
14
217
174
18
59
18
42
31
56
17
14
177
22
168
234
35
78
4
35
29
16
136
15
220
34
93
341
30
140
20
195
182
137
144
140
88
60
97
95
58
20
100
14
239
84
168
121
210
56
447
289
189
60
230
688
140
25
219
33
51
77
75
57
56
2
9
154
273
137
132
7
6
13
93
185
98
21
190
109
180
80
7
206
38
161
123
119
100
167
62
76
88
137
58
66
22
48
83
32
90
57
100
16
195
33
228
24
79
18
7
65
114
135
57
74
6
281
77
143
33
26
1
124
117
612
52
57
180
18
72
161
22
13
277
87
206
192
95
8
104
340
80
252
9
31
342
73
44
30
171
51
79
441
93
18
150
102
120
42
5
152
89
263
74
43
17
12
25
27
69
93
280
43
141
292
111
286
74
103
44
138
117
141
55
127
19
7
134
2
63
108
133
21
161
301
21
128
362
170
44
6
79
158
93
40
86
156
58
159
22
176
14
59
89
97
184
129
176
21
199
114
194
354
10
28
124
7
14
380
46
152
3
28
47
117
59
36
62
12
89
159
177
48
130
20
481
574
380
23
181
54
75
143
270
41
272
108
159
34
59
18
253
44
21
105
16
25
55
45
3
34
132
86
431
50
134
51
51
289
196
200
13
30
219
105
5
123
129
9
184
1
125
200
30
12
230
2
466
44
423
7
51
73
25
183
104
22
49
76
192
21
160
11
5
9
5
39
47
576
23
81
42
124
420
95
5
26
23
324
94
120
202
8
45
175
80
226
88
52
73
86
7
171
32
143
3
28
150
7
421
45
117
82
131
68
1
38
90
90
66
107
156
7
207
11
143
186
37
109
345
53
161
107
45
10
73
212
49
65
27
220
125
82
13
44
294
35
28
42
54
122
100
403
1
93
4
24
10
36
1
18
100
40
157
22
127
263
22
27
43
88
32
59
28
291
23
316
75
126
25
216
127
106
59
38
14
207
5
336
6
17
113
44
9
27
23
123
118
288
50
174
286
30
38
317
238
34
101
137
49
98
39
128
10
112
109
167
35
100
7
199
173
329
7
60
46
58
1
34
4
101
15
86
77
63
33
23
68
46
35
118
33
7
142
33
20
165
164
29
77
156
20
303
47
31
278
6
1
11
101
178
113
14
151
139
91
13
103
141
40
166
100
150
21
270
141
32
211
2
25
185
145
74
316
49
22
43
15
63
160
9
186
37
240
3
58
112
21
24
34
23
239
152
65
256
57
145
32
111
42
102
39
119
132
125
69
347
14
27
70
36
108
39
59
319
34
42
16
9
111
77
55
5
88
76
82
119
19
60
43
92
47
171
87
148
36
170
6
35
86
125
33
76
46
74
46
12
136
28
100
456
254
20
99
98
354
79
405
59
11
74
71
143
9
31
26
49
247
33
1
180
189
21
12
39
8
45
12
14
383
146
48
226
329
13
45
160
141
32
77
26
74
50
213
62
120
54
4
89
287
455
26
36
5
241
6
279
238
194
244
34
242
46
127
41
138
75
21
53
197
178
58
67
159
120
197
76
209
307
196
54
330
67
333
23
39
83
164
238
56
99
85
185
19
3
27
62
182
99
21
88
6
83
26
8
18
2
88
244
16
60
72
72
36
16
275
70
161
311
2
125
51
39
77
110
62
83
39
5
107
40
13
51
90
9
135
217
45
3
184
234
54
7
86
202
109
47
11
111
115
55
8
28
126
1
26
222
33
23
238
18
67
1
383
138
162
20
41
58
99
8
117
30
74
12
16
194
51
153
46
266
28
34
339
1
143
13
15
56
44
157
100
22
218
10
290
104
428
352
94
351
65
164
65
50
61
172
275
315
3
87
35
15
122
118
162
35
154
155
65
106
13
258
83
89
49
85
333
359
26
11
38
126
413
73
14
50
10
27
43
87
70
2
226
61
112
150
157
217
232
329
6
14
175
471
33
5
18
39
33
88
4
75
37
80
117
69
103
145
18
21
51
10
110
134
72
76
156
377
126
56
69
103
132
36
274
106
88
60
42
503
88
59
139
63
70
36
124
90
70
32
47
2
103
20
257
10
8
39
218
4
40
51
8
23
22
116
92
3
30
37
80
2
18
404
162
112
34
37
81
74
14
83
112
5
69
160
108
17
7
79
100
44
30
151
276
1
3
167
284
1
109
19
141
29
17
65
24
32
9
147
404
240
138
37
5
250
159
6
54
17
162
23
11
1
78
92
43
48
28
168
16
50
134
213
254
10
53
38
49
94
29
63
108
171
15
46
461
37
138
165
203
18
77
16
63
125
260
26
140
59
43
7
66
123
164
18
32
142
171
143
73
145
111
7
12
465
53
159
169
13
12
3
232
21
16
377
69
308
220
123
32
23
34
61
13
3
111
109
236
94
196
71
66
74
15
135
17
20
214
150
44
74
76
45
53
30
76
35
22
79
19
135
141
27
77
155
6
284
88
15
82
90
1
104
283
87
21
37
44
234
54
153
24
286
340
64
167
48
130
36
5
87
104
122
112
4
25
112
22
140
76
121
55
168
27
37
74
4
33
8
8
4
88
244
11
16
54
113
18
63
47
17
73
134
84
4
106
90
142
29
130
55
77
21
16
8
178
30
129
38
4
105
275
9
159
4
127
106
299
271
52
85
95
21
135
87
8
81
4
15
22
230
43
252
95
162
54
77
65
56
57
6
72
229
112
90
26
44
301
562
187
14
54
279
118
58
74
118
231
63
21
61
130
52
67
52
2
247
238
32
55
228
154
80
99
122
79
7
81
9
74
47
69
40
280
60
20
111
87
77
173
92
34
45
10
332
5
36
47
36
15
191
44
111
41
273
214
26
16
97
34
31
32
61
51
60
46
7
54
9
37
34
19
71
118
151
5
35
164
26
95
146
240
333
42
53
93
101
18
11
236
18
123
231
59
96
10
218
219
94
92
159
174
176
7
141
4
50
125
28
10
279
35
72
78
131
179
344
9
69
14
199
274
111
114
80
230
132
52
19
118
78
9
21
194
74
158
198
199
29
106
254
110
18
10
193
93
47
83
199
125
27
2
616
249
14
88
92
23
117
36
11
104
17
7
34
373
128
167
495
144
29
11
4
52
143
106
70
170
61
20
311
63
190
42
194
12
139
108
1
161
27
11
210
390
42
43
61
52
113
19
53
2
226
85
215
59
139
195
7
147
60
151
91
24
56
71
279
20
125
43
63
93
57
7
82
162
114
288
97
41
161
33
24
206
214
172
159
178
37
62
70
322
83
205
118
124
122
43
43
52
73
8
27
60
145
155
243
16
50
20
260
155
100
77
18
18
207
68
22
88
5
32
98
25
148
41
3
220
107
1
78
37
3
40
83
162
103
62
105
96
148
45
197
198
18
196
139
171
267
38
21
229
65
391
71
79
43
27
14
672
21
26
74
24
85
25
153
42
72
275
29
53
58
201
23
138
32
30
12
15
96
163
355
7
28
28
111
176
113
159
65
11
30
36
44
181
16
11
101
116
143
279
87
268
123
10
81
15
55
108
10
156
89
5
99
79
125
26
30
51
115
60
1
89
47
77
13
387
61
242
121
365
30
170
66
269
139
93
47
45
541
110
68
8
131
346
160
14
153
128
48
41
43
138
98
109
300
217
80
165
103
70
27
157
112
102
92
62
187
159
191
5
18
4
8
25
237
29
62
74
32
54
140
73
233
324
195
2
11
58
129
86
231
128
277
25
92
48
24
26
119
54
93
7
131
22
12
58
178
69
9
20
126
27
67
184
123
22
42
343
195
2
103
25
31
103
94
108
161
38
56
9
42
11
57
474
413
25
32
11
22
4
49
51
22
207
137
31
350
147
301
363
67
42
67
99
67
253
238
95
162
12
10
114
134
87
30
99
40
8
40
1
51
1
6
30
29
83
56
2
114
28
24
129
8
56
46
14
12
93
252
165
320
73
139
155
199
3
16
27
292
126
8
66
1
202
70
55
8
44
20
22
18
104
151
107
109
146
53
87
160
40
37
98
196
12
92
169
52
312
17
56
114
211
84
47
262
61
256
38
125
237
12
335
21
157
107
8
463
74
180
51
41
544
28
180
71
114
195
184
26
28
10
207
48
60
113
146
86
48
152
191
80
101
51
140
62
62
6
61
208
252
200
8
70
200
319
33
189
8
71
99
315
6
49
164
3
102
24
26
61
177
110
37
137
76
54
26
192
122
1242
205
141
16
213
39
43
15
72
38
186
165
45
1
56
108
195
363
223
43
27
69
97
65
49
27
87
74
240
117
150
31
51
94
177
102
5
293
275
114
128
246
228
143
6
208
28
43
78
124
148
4
45
77
808
301
112
160
14
259
112
89
3
171
44
54
189
104
49
43
12
215
22
31
95
223
207
18
242
32
65
12
60
33
85
167
43
1
14
206
321
1
111
86
175
159
205
123
19
232
69
264
8
63
64
30
52
70
44
53
127
16
123
19
25
19
171
218
64
54
301
55
53
57
71
86
190
32
200
56
65
87
78
10
8
218
151
256
186
84
146
53
63
74
74
73
111
13
41
12
14
138
124
49
159
27
6
109
42
171
33
47
37
97
72
269
56
139
238
30
25
22
336
55
1
151
19
81
48
54
121
79
98
22
33
210
65
29
64
5
295
6
67
43
257
6
29
98
421
278
16
4
2
373
20
29
107
147
13
58
230
19
84
444
52
67
75
23
103
11
314
19
14
88
212
28
42
34
1
148
16
7
142
4
79
277
79
3
182
17
6
80
28
3
71
178
101
11
52
5
4
160
42
84
252
211
33
