21
90
38
143
74
11
171
94
120
213
121
174
12
219
45
105
465
287
113
28
21
74
24
39
94
15
26
15
47
84
12
115
15
11
101
169
410
53
5
119
55
31
52
94
391
76
102
69
76
92
97
102
113
197
32
11
217
247
79
45
322
21
3
373
92
43
72
59
285
69
173
230
39
332
29
227
32
726
56
69
22
45
22
115
107
12
68
59
203
43
66
42
123
112
121
54
20
489
15
84
54
4
55
35
181
148
13
88
73
208
18
114
14
32
89
55
296
5
48
35
209
63
203
107
48
32
205
25
83
159
108
57
1
60
94
81
117
3
11
101
29
10
164
16
87
193
15
257
132
242
40
51
98
301
25
127
3
357
118
339
69
4
43
52
48
200
6
58
28
233
15
114
34
102
63
22
52
110
216
89
48
31
26
229
113
30
155
46
312
85
440
238
77
243
101
13
214
39
32
71
86
29
64
6
37
178
214
12
237
12
28
24
9
281
3
25
2
48
145
123
1
331
246
14
318
79
59
99
49
150
94
27
118
32
10
4
54
198
61
10
5
96
173
72
21
140
220
42
243
94
4
200
4
172
33
58
79
8
228
38
45
22
95
95
347
172
156
290
253
7
18
59
48
107
76
166
111
43
2
165
459
6
70
24
18
45
210
17
47
82
62
182
60
141
90
141
193
16
5
93
184
36
10
243
75
586
331
97
30
18
3
8
193
5
163
353
256
48
42
31
45
74
69
200
2
42
9
198
96
300
1
23
63
132
365
82
140
15
41
13
26
66
76
9
227
50
146
21
130
23
134
40
2
195
26
44
111
127
329
264
78
2
173
9
145
193
79
179
22
43
50
20
14
292
41
107
107
333
145
51
2
10
6
95
13
80
3
25
303
135
9
29
19
169
31
126
25
188
23
27
86
23
40
425
85
164
60
14
25
99
167
142
76
1
322
293
183
91
355
4
141
74
78
72
134
195
68
35
253
168
88
88
238
57
175
135
67
19
151
131
34
6
34
32
48
292
70
105
81
94
92
424
8
29
53
240
203
185
191
9
94
64
9
7
15
209
119
6
2
63
6
6
93
105
30
44
352
53
129
36
25
100
44
552
59
4
119
25
117
201
80
74
129
41
61
156
110
51
12
17
21
199
53
251
53
18
85
1
52
85
164
273
63
502
144
324
155
98
79
92
271
95
192
64
87
6
33
27
30
57
171
5
51
44
97
35
39
224
21
101
48
169
10
67
388
27
36
139
38
70
373
70
66
123
18
161
116
4
169
103
34
83
178
5
48
154
168
76
54
47
40
35
27
77
17
74
73
226
108
237
34
137
4
21
64
42
67
92
39
202
104
347
27
23
8
202
269
31
28
81
112
261
39
16
33
33
437
194
192
49
61
29
86
156
99
66
160
129
15
163
397
6
20
13
33
13
72
25
14
73
111
106
4
34
152
335
10
203
25
202
55
97
119
35
6
92
107
32
67
109
142
318
56
121
6
128
18
100
4
200
55
72
34
49
18
12
268
85
20
106
84
89
39
51
94
42
254
18
106
474
79
33
30
208
230
22
88
27
57
154
68
95
60
297
103
292
75
18
65
27
14
126
17
404
90
40
246
72
181
6
217
248
73
45
101
12
62
25
48
60
10
107
11
74
93
18
80
16
168
94
13
73
62
245
134
154
40
43
8
41
33
114
28
1
163
2
71
161
8
401
298
45
18
29
28
107
72
235
145
12
38
219
54
124
64
13
15
169
152
25
44
447
122
125
100
37
252
8
45
131
49
328
31
10
83
52
79
11
47
21
148
150
20
71
252
18
135
127
211
140
129
15
191
59
135
35
67
57
232
49
125
93
2
42
28
154
152
32
140
53
275
155
249
17
41
67
113
3
149
217
20
71
402
137
76
82
137
57
27
22
11
159
66
102
23
143
157
14
46
42
163
28
57
140
89
155
103
6
186
159
7
33
137
51
22
6
15
76
26
59
14
294
78
198
40
98
73
59
40
9
380
167
29
10
172
69
97
5
5
160
44
5
83
84
28
134
27
312
432
50
20
55
20
9
16
49
131
55
60
22
88
70
50
137
108
52
67
113
6
197
505
264
347
3
52
65
177
602
20
127
29
25
137
7
23
6
59
158
1
126
5
75
130
2
32
30
63
165
4
104
60
386
13
11
191
95
38
52
8
107
16
39
27
239
243
132
140
26
83
18
34
9
22
50
143
2
73
80
59
279
8
11
81
30
7
53
17
46
14
35
168
95
63
261
46
27
46
22
112
75
27
35
75
6
79
225
123
5
78
182
29
98
67
143
189
11
126
44
161
53
42
223
11
147
226
24
31
189
367
30
156
251
49
79
103
102
92
14
4
86
160
72
120
139
153
114
179
34
19
106
183
31
17
118
58
180
192
23
27
26
55
93
37
289
21
500
58
9
74
185
8
45
137
182
66
229
34
20
109
133
506
156
15
323
39
144
153
240
3
311
25
18
31
435
23
10
32
131
189
47
179
11
60
186
439
126
48
139
38
49
149
412
128
45
135
264
77
59
38
109
62
24
5
63
9
7
28
58
31
51
69
46
56
229
28
340
279
36
39
5
197
11
4
61
18
288
86
72
246
28
246
163
257
211
101
32
52
97
25
14
150
12
95
25
118
146
109
38
56
115
66
39
21
322
2
125
152
86
10
235
161
26
332
339
215
416
43
198
50
34
45
70
105
173
126
38
213
152
23
9
173
57
16
161
570
177
8
161
34
162
186
279
24
10
88
97
282
182
50
12
171
185
17
203
103
20
26
116
54
43
132
381
436
259
32
17
19
113
88
52
39
27
8
6
118
15
22
50
77
259
19
12
111
25
16
143
322
35
132
24
51
102
197
231
111
8
50
7
26
180
64
34
213
12
72
159
33
73
167
107
123
44
240
155
27
2
157
104
253
13
12
189
7
42
14
133
39
2
25
15
167
23
184
106
190
132
497
3
167
5
79
90
52
106
17
93
4
175
190
141
57
13
358
166
309
227
96
44
89
157
158
395
14
67
20
131
39
40
207
158
18
131
36
180
108
105
179
39
66
24
169
4
66
28
3
36
11
17
237
124
345
146
4
142
46
79
354
141
407
117
4
33
46
105
291
105
128
7
47
34
134
5
30
43
8
153
102
180
19
361
19
97
166
242
271
183
291
215
647
69
119
210
184
4
71
162
22
43
115
78
47
43
81
10
364
4
70
31
98
4
99
143
122
87
37
56
75
146
64
32
209
195
40
122
73
61
22
167
16
87
1
137
4
36
36
54
148
1
102
73
502
369
136
214
20
10
13
20
160
151
26
21
11
43
39
78
120
209
16
22
20
156
148
117
45
79
40
32
16
110
74
59
295
110
189
108
95
135
7
211
340
111
55
42
35
112
3
23
108
55
42
128
40
87
54
13
179
64
14
2
196
76
34
306
16
230
35
59
58
144
70
92
4
15
17
35
168
11
65
188
33
28
90
97
26
113
19
188
159
83
124
222
274
105
106
78
83
211
20
111
12
6
93
2
132
49
146
86
42
81
35
159
21
139
38
143
8
236
14
10
178
2
39
43
131
85
81
76
57
41
69
43
168
173
54
68
254
13
20
22
46
191
25
12
188
179
2
67
11
4
79
104
22
6
382
237
46
49
80
63
252
72
44
23
116
221
6
201
42
232
2
89
119
57
300
77
22
86
117
120
222
37
197
46
126
50
14
350
107
302
291
70
326
40
76
315
8
4
150
81
357
19
184
71
175
116
2
123
172
69
58
51
97
43
118
138
271
162
4
155
11
72
17
90
111
26
285
239
1
27
72
94
3
86
160
19
143
69
45
285
44
88
50
11
433
35
164
15
16
18
15
44
303
39
204
177
34
8
144
65
211
42
3
45
27
233
139
43
143
154
299
179
77
77
258
256
268
66
178
239
48
31
82
10
10
215
4
260
20
80
3
124
277
173
26
237
170
244
129
41
6
47
52
95
79
13
73
322
84
296
159
43
2
355
165
18
46
247
12
239
147
6
212
12
121
86
63
47
155
269
151
90
106
2
82
29
30
55
177
8
196
134
119
62
89
55
81
142
9
26
125
9
97
54
74
177
41
61
42
269
27
312
117
9
181
19
13
2
48
707
59
238
97
62
15
33
66
35
151
15
396
14
187
24
57
239
366
70
119
131
200
113
20
201
1
5
197
24
43
119
21
95
29
80
2
212
136
9
551
2
30
53
9
13
248
12
136
7
71
96
3
168
41
14
117
36
138
2
311
180
246
130
26
3
165
175
143
19
89
25
15
65
23
96
191
4
44
12
148
129
8
50
127
22
10
273
1
29
259
149
306
49
35
30
83
60
192
203
14
11
38
13
204
76
15
35
315
151
141
3
175
16
166
38
112
97
19
50
36
8
52
56
128
160
94
123
8
33
2
79
1
17
267
25
97
12
10
65
120
93
185
29
56
22
105
25
109
261
2
182
16
2
7
94
36
81
106
210
223
98
19
10
40
69
87
173
90
53
114
265
56
336
164
113
81
84
16
4
71
72
51
168
38
51
137
55
5
512
86
44
46
94
36
409
17
161
57
152
20
22
101
27
60
20
103
239
46
119
3
45
106
5
74
115
78
159
66
4
149
8
26
33
68
154
103
54
130
443
102
56
36
297
9
310
701
6
79
26
18
296
2
86
98
10
53
408
410
90
9
17
17
44
316
174
214
13
61
80
147
7
54
285
61
26
169
158
25
139
349
30
64
31
35
15
116
160
209
160
11
92
64
346
76
32
45
192
100
45
118
106
43
112
418
123
120
154
39
17
131
6
51
29
27
305
85
14
166
18
131
1
96
12
12
42
344
358
42
5
121
215
162
51
60
204
174
165
38
54
161
73
14
7
104
8
112
159
66
120
43
18
42
23
59
260
76
99
9
25
21
274
48
42
30
378
97
114
157
33
150
145
147
163
180
137
94
85
165
70
35
3
58
102
135
64
319
34
86
37
88
63
43
51
142
34
45
65
1
33
133
4
267
79
93
105
24
23
8
39
56
8
85
207
21
39
62
13
59
243
120
91
61
109
62
4
32
65
113
138
283
138
8
52
290
41
246
167
202
106
141
133
24
27
382
190
7
61
17
59
56
123
34
14
23
351
167
28
74
102
40
426
38
51
121
14
100
32
54
203
119
61
217
30
9
3
24
6
111
27
45
12
18
57
115
88
145
16
129
26
119
111
13
118
5
40
107
236
42
6
83
4
1
145
30
18
124
100
73
37
2
66
322
159
35
22
89
33
4
136
3
125
92
344
77
92
42
7
106
288
151
284
248
112
19
31
124
7
117
50
218
32
63
49
35
76
136
67
31
28
46
63
100
106
45
36
34
217
70
186
17
25
24
39
98
190
17
127
172
114
164
36
424
160
127
112
112
56
116
48
39
100
26
63
4
8
184
81
227
111
44
7
97
27
25
73
115
181
21
71
142
264
8
110
113
63
370
56
14
14
20
82
2
418
292
256
151
164
153
47
8
64
73
24
90
14
39
52
131
44
53
194
52
71
58
133
31
61
33
56
38
299
64
6
72
37
41
155
34
371
180
295
149
4
107
56
57
26
518
163
14
5
61
84
19
35
150
233
61
27
123
172
28
22
241
209
1
23
164
10
188
9
53
55
99
33
45
133
151
166
17
101
125
198
64
17
142
83
75
49
107
137
102
104
45
124
186
258
248
37
84
8
9
166
120
143
112
160
133
24
81
119
37
334
58
150
79
26
50
97
270
63
267
199
54
56
174
191
11
1
93
56
256
96
64
179
33
121
59
71
105
42
148
70
6
33
120
39
131
39
13
51
102
67
54
178
94
97
13
60
54
133
69
91
205
100
139
24
49
466
69
132
110
151
9
33
5
75
14
74
45
69
109
244
52
228
212
26
5
206
20
29
98
160
190
86
34
225
183
13
124
109
283
15
80
39
167
67
76
186
9
36
171
146
130
27
67
32
3
33
20
46
18
178
178
14
230
27
14
149
187
75
42
49
318
176
17
187
3
34
50
165
41
47
9
77
16
142
44
30
51
20
71
251
84
119
24
21
51
93
262
166
3
49
27
42
157
52
174
11
100
59
111
29
70
42
181
38
4
4
17
76
129
60
16
264
527
115
287
74
183
69
34
19
83
183
464
8
77
171
5
100
103
350
185
19
10
17
44
143
6
302
89
43
61
5
87
48
97
14
183
19
25
25
9
62
24
7
139
54
78
8
24
81
62
157
33
159
177
93
165
398
103
4
130
3
228
4
137
9
26
22
139
34
19
28
3
103
74
291
209
43
70
106
15
108
59
121
174
69
185
218
48
53
100
38
41
149
78
17
90
15
69
238
45
3
127
79
111
51
77
8
145
227
23
107
29
39
123
104
123
4
188
151
119
3
153
118
47
33
104
112
84
8
57
66
244
8
20
172
79
85
19
58
6
14
30
17
9
137
103
42
106
7
6
23
106
240
37
74
131
172
2
121
4
65
56
7
61
30
144
169
100
107
83
295
13
70
35
125
3
329
198
45
29
18
109
92
56
112
168
178
35
285
322
97
117
14
26
5
151
9
20
56
63
138
77
30
81
55
180
106
40
3
14
26
292
9
75
73
157
31
108
86
59
5
6
4
115
27
35
32
23
112
5
11
33
57
14
35
41
76
52
16
48
76
53
383
120
13
9
262
34
22
180
236
168
39
418
75
343
203
9
46
71
24
62
27
77
173
251
10
68
32
5
11
25
145
7
38
9
155
129
200
10
43
100
321
62
22
1
417
38
47
53
50
62
47
3
186
93
236
65
398
76
126
164
156
17
112
65
10
32
69
808
26
338
174
239
10
103
36
25
22
43
6
77
66
78
26
1
39
404
254
9
344
64
163
12
61
135
10
65
28
29
47
25
111
87
54
17
73
97
160
180
115
70
212
108
49
54
30
84
19
92
15
232
360
8
45
172
77
129
176
154
42
13
231
116
99
15
160
146
45
36
8
8
214
45
194
78
64
213
820
131
87
18
363
90
41
55
14
92
98
291
71
80
55
86
239
4
69
72
73
283
40
73
101
95
24
68
63
34
265
4
103
118
174
6
14
351
7
194
190
24
39
16
54
301
136
71
2
200
319
2
200
89
154
33
38
241
28
36
46
97
35
1
25
203
184
143
31
33
53
181
14
97
34
23
35
172
122
22
146
110
152
11
143
1
13
77
118
68
322
35
116
742
17
21
19
34
57
41
2
34
70
119
34
74
80
65
35
16
98
25
62
209
338
140
5
85
22
29
66
98
6
65
142
401
16
31
4
14
133
81
84
116
152
78
96
18
49
81
23
63
56
54
14
141
40
39
212
54
36
60
17
1
91
44
604
44
27
108
232
5
39
47
69
43
115
53
67
8
208
34
46
108
36
105
339
140
92
45
237
70
7
20
2
25
208
134
29
13
81
150
14
177
51
68
39
20
240
220
84
21
56
104
24
29
126
6
52
24
40
66
152
26
68
19
180
2
4
74
224
29
287
36
165
29
120
105
8
266
60
89
71
63
27
160
30
144
23
58
26
138
7
123
38
289
528
8
52
175
112
14
138
31
63
3
57
728
61
51
20
17
98
66
40
72
123
126
16
59
54
291
41
374
127
36
234
312
113
44
16
298
38
63
31
64
57
1
24
194
94
122
1
287
85
2
56
78
73
167
102
71
2
6
86
40
223
16
115
238
69
221
81
47
290
334
76
315
108
13
63
199
113
71
181
101
64
122
25
64
97
49
27
89
164
17
113
181
44
59
151
47
16
18
32
408
47
44
59
5
38
77
16
37
34
31
150
25
115
23
83
32
123
17
45
10
2
14
58
385
44
67
142
123
21
99
180
302
65
70
283
128
188
219
19
1
3
45
41
180
125
215
305
195
35
317
208
57
57
259
101
94
165
85
9
57
125
101
6
106
175
18
262
25
13
147
100
225
609
126
232
22
91
183
96
691
22
102
335
100
172
344
190
114
149
70
830
245
195
304
6
116
123
102
234
8
58
52
58
246
119
3
76
97
26
90
59
66
127
36
13
105
75
24
49
166
22
232
89
95
64
185
97
20
4
36
145
15
30
34
115
33
35
3
58
37
64
11
24
59
25
7
25
234
8
221
49
149
131
156
29
690
19
41
13
163
95
9
153
15
58
72
77
121
4
178
4
49
17
20
14
43
47
82
76
9
92
65
105
38
55
2
8
138
23
17
18
206
64
9
11
75
133
111
59
24
118
191
22
52
46
184
254
7
26
100
186
31
13
44
153
177
162
43
166
197
29
208
47
92
94
75
86
19
7
233
132
10
91
63
142
592
122
3
43
295
18
112
28
16
104
536
177
70
41
102
191
16
427
5
126
314
44
13
25
5
253
293
15
22
141
6
37
3
33
131
193
73
40
156
26
41
151
66
49
248
88
68
77
103
64
67
215
142
117
193
90
217
349
119
42
17
190
13
10
11
213
65
50
163
165
235
20
110
20
7
103
35
113
7
51
141
30
101
101
32
161
115
7
123
45
18
76
19
24
103
55
183
4
50
178
162
187
154
10
93
12
17
138
96
257
19
103
19
2
340
12
209
161
12
41
137
77
121
148
121
216
26
157
334
31
44
13
92
15
71
53
76
230
11
26
53
106
329
37
47
196
152
30
160
100
9
48
50
55
47
179
41
367
47
25
154
2
87
126
43
65
223
437
37
86
32
16
1
95
116
20
255
9
58
226
37
122
26
145
422
127
3
260
35
39
90
90
54
65
239
31
30
50
13
73
112
37
45
216
218
19
15
84
5
166
83
40
214
152
218
40
25
186
77
95
177
20
79
150
20
7
17
55
78
22
47
37
66
17
84
31
30
351
62
245
10
38
502
69
3
140
21
64
134
185
157
86
58
164
75
3
61
11
678
23
8
60
280
48
122
37
70
384
20
629
150
30
38
69
99
56
197
168
114
52
203
85
47
198
25
63
27
69
35
86
2
71
70
81
26
93
65
8
46
231
5
89
104
80
103
79
87
13
388
247
91
40
74
2
31
193
123
99
240
121
391
35
63
298
67
36
21
183
286
13
6
74
2
6
118
95
110
62
309
232
382
144
9
14
32
167
101
15
337
2
134
8
48
368
2
169
64
80
142
44
60
222
6
90
42
70
63
12
42
6
162
2
25
197
180
69
136
325
61
115
96
314
162
173
19
14
376
168
51
40
404
1
101
44
85
50
142
176
83
216
194
18
114
19
39
85
165
238
54
215
93
10
91
220
160
14
6
376
44
24
56
85
105
32
77
137
22
72
314
82
13
49
30
9
89
370
54
27
69
180
116
71
293
266
16
28
114
153
118
340
189
73
14
45
130
101
95
505
162
248
156
369
10
17
21
75
247
125
66
30
328
28
52
493
284
117
5
50
157
83
28
67
11
24
290
28
11
59
101
43
74
178
45
54
350
26
92
98
181
172
13
22
27
87
42
106
7
100
31
14
267
146
138
70
23
190
70
63
276
49
268
249
118
52
87
142
74
8
12
71
73
6
141
73
259
82
199
109
72
48
21
184
186
342
58
208
14
398
74
86
57
27
85
60
107
16
8
185
117
96
104
121
36
247
48
7
82
1
194
49
262
39
290
29
73
113
37
242
181
47
33
115
140
148
134
27
41
44
225
37
55
148
7
16
184
169
25
21
389
133
46
199
135
98
17
7
20
67
22
50
146
185
101
3
189
7
112
37
76
311
28
14
77
54
70
249
52
257
119
99
139
23
34
135
17
49
101
153
36
242
52
234
7
160
31
33
92
56
100
18
86
64
62
177
61
78
39
110
19
345
121
120
50
156
53
142
65
27
63
128
45
123
183
176
5
193
235
20
119
57
59
41
97
106
14
69
76
48
190
13
29
75
98
32
57
209
253
72
139
148
9
120
24
80
167
60
41
49
46
140
24
208
84
67
4
98
69
25
5
77
137
45
29
6
22
116
12
293
126
86
60
50
88
19
48
35
30
73
83
100
34
91
38
277
91
37
95
61
181
130
126
30
120
130
149
37
255
161
11
122
374
73
17
219
159
70
10
305
28
80
8
83
283
106
165
99
43
51
209
16
88
146
4
322
55
543
3
133
81
58
79
28
62
23
61
88
45
193
51
44
83
175
74
6
187
362
63
58
52
287
68
111
42
72
27
19
19
36
93
13
11
39
9
40
169
143
2
15
16
104
74
147
23
47
405
46
237
4
46
7
25
63
105
66
76
307
22
188
115
62
38
30
103
115
52
17
42
1
69
146
175
134
57
57
142
36
71
127
29
17
41
165
91
190
109
47
33
63
31
187
30
108
168
91
54
57
87
66
108
106
154
93
12
56
8
58
6
71
169
6
42
168
163
11
51
94
79
42
21
203
119
29
5
1
103
20
2
7
71
53
78
325
46
58
333
22
36
1
110
19
16
97
55
181
162
251
66
308
142
63
7
19
51
117
302
25
390
249
55
145
18
15
26
2
7
13
40
68
111
41
81
38
1
133
31
40
102
107
160
308
156
11
55
57
163
139
43
15
111
29
33
135
20
154
40
123
160
99
162
195
159
10
16
8
25
14
78
7
111
40
32
77
11
101
17
22
284
19
44
116
216
33
43
5
1
49
52
371
25
78
82
143
144
135
225
23
62
23
100
4
102
33
62
126
91
314
25
31
303
91
171
175
385
6
87
13
8
504
9
102
103
84
239
92
155
3
32
18
24
80
57
18
67
109
56
90
190
133
119
74
7
6
221
1
126
153
18
13
32
75
41
40
90
18
167
18
136
55
47
56
166
467
16
20
3
3
62
117
267
108
38
225
2
113
59
122
124
64
16
137
60
31
3
3
99
140
14
23
96
160
74
25
179
14
44
9
57
68
146
93
26
9
79
47
130
108
74
80
211
27
52
164
68
27
129
143
35
8
108
25
184
67
172
10
50
53
1
41
68
259
20
67
21
156
258
13
69
53
72
74
270
2
93
74
39
34
143
53
22
118
112
86
39
143
441
87
4
178
93
77
45
386
183
14
153
280
20
125
176
84
130
238
134
175
142
13
165
92
10
144
27
20
12
196
8
95
8
150
256
11
118
196
7
60
78
117
19
62
20
118
9
91
16
16
145
35
126
34
2
111
174
105
232
291
270
197
190
57
4
66
20
140
22
117
161
259
325
88
206
49
71
12
8
33
109
26
123
156
11
74
21
17
177
180
471
82
150
113
146
60
8
82
285
60
153
14
111
3
107
434
175
3
79
21
73
94
69
193
89
435
13
74
435
202
153
174
8
92
13
116
122
24
195
148
119
33
68
96
9
98
354
50
91
2
29
204
64
201
124
136
72
115
270
45
145
6
19
18
163
79
20
62
2
154
235
37
181
140
141
138
103
113
71
726
35
65
323
352
202
167
98
140
75
56
31
17
84
5
172
158
238
8
122
74
166
13
113
39
57
407
105
80
116
103
6
74
240
68
97
181
119
81
168
82
86
237
87
87
65
2
27
130
141
44
37
30
190
3
318
131
40
74
101
2
23
31
33
140
17
504
102
52
100
89
37
144
39
32
28
70
26
242
28
49
74
163
199
87
64
28
2
46
403
72
188
53
19
342
37
28
47
57
52
16
44
111
140
205
77
33
100
98
29
87
87
14
338
88
122
420
45
99
38
52
18
80
72
99
56
130
2
464
278
116
52
87
72
115
239
72
21
173
16
128
39
26
51
271
60
63
61
147
106
155
31
234
150
77
10
91
87
48
48
21
144
99
102
55
5
8
33
413
97
30
75
153
21
122
220
100
114
33
33
173
28
46
271
93
19
67
115
2
112
67
13
174
33
77
11
358
6
1
28
27
8
143
45
165
81
145
23
130
208
32
18
75
121
10
138
21
108
25
51
99
36
206
236
19
43
118
18
14
46
155
27
49
150
140
97
13
77
25
120
103
113
86
147
21
38
218
109
72
18
140
128
42
7
63
49
40
74
111
9
22
31
246
145
73
45
149
91
38
2
112
43
25
30
8
107
88
14
201
211
55
47
47
164
103
50
242
47
56
62
60
9
24
90
115
83
94
25
31
405
283
16
68
119
64
225
30
14
227
78
11
108
196
128
1
61
131
98
10
219
18
7
40
138
213
65
37
75
235
42
256
193
12
31
108
114
31
25
49
111
311
41
261
30
94
100
25
19
20
47
212
72
44
10
26
282
169
34
36
125
14
7
55
40
88
35
127
11
56
35
68
437
1
1
119
178
139
106
27
45
10
230
24
61
37
78
117
79
6
79
174
20
27
90
371
58
43
29
32
84
2
19
157
157
243
33
42
193
90
48
26
260
24
215
11
7
123
177
98
206
285
135
60
23
14
2
25
21
105
268
111
57
39
38
105
101
36
229
217
61
48
78
235
66
20
206
92
134
47
175
11
94
49
86
384
59
20
292
68
24
4
11
88
32
26
384
638
10
163
148
197
305
57
82
48
445
146
246
21
37
38
187
176
23
29
7
35
66
154
2
46
101
140
29
129
86
53
434
82
23
114
15
182
36
198
128
166
170
73
16
191
41
30
76
36
15
198
114
328
176
23
112
65
64
103
49
34
125
170
133
43
137
257
6
8
106
59
88
105
154
136
103
64
103
169
213
90
21
116
17
210
52
54
211
11
45
27
136
48
77
131
290
124
155
36
241
16
103
196
2
150
29
93
8
34
95
23
102
175
41
89
108
284
122
2
29
170
203
81
20
7
400
41
94
59
207
101
276
39
137
226
170
116
10
94
71
136
10
251
578
57
42
22
191
20
4
15
24
185
96
2
78
139
70
141
95
87
279
15
47
13
27
53
168
14
64
13
69
43
104
131
81
67
63
78
21
143
88
59
138
43
127
246
256
116
131
284
87
66
33
148
295
4
49
11
59
8
50
2
31
3
246
7
119
9
23
125
8
242
17
23
40
41
6
632
8
15
112
48
120
17
58
162
63
215
21
183
48
22
145
41
139
210
42
111
103
29
33
117
8
11
20
35
94
236
86
40
114
189
280
100
366
450
48
1
111
199
36
435
386
2
40
41
35
67
11
155
33
42
62
322
48
39
387
13
29
5
94
48
2
371
62
5
17
115
279
31
91
69
6
336
121
94
62
250
31
75
49
10
62
29
55
32
51
24
217
7
8
17
54
33
78
373
177
150
167
16
78
377
72
194
39
343
27
351
87
13
35
158
15
14
68
32
227
46
90
101
12
107
104
18
15
120
57
137
44
43
249
262
40
124
153
206
16
102
2
23
51
108
270
26
10
4
62
12
282
16
81
84
16
41
75
58
285
134
97
1
70
57
39
201
22
190
104
34
30
87
87
95
166
151
33
15
12
8
22
39
42
121
143
162
37
29
185
394
135
55
19
23
355
363
68
60
253
7
86
78
112
62
98
56
21
185
146
97
35
43
21
493
15
28
20
77
285
88
3
24
253
36
83
76
347
34
34
63
136
197
46
4
16
92
254
287
26
85
63
167
119
2
262
255
4
117
17
259
5
27
130
29
31
187
89
158
41
187
6
17
368
63
23
10
72
156
43
9
44
159
108
149
212
97
98
3
105
29
3
47
73
247
306
27
68
328
6
7
95
13
24
67
107
25
198
273
221
53
65
139
95
147
458
147
47
315
49
108
111
9
129
76
41
105
233
17
294
12
77
30
104
187
43
45
62
116
2
142
97
42
97
62
42
148
83
146
117
71
50
7
42
84
368
339
203
9
75
23
229
38
290
78
126
23
10
91
81
62
104
186
16
185
102
245
54
22
17
12
10
47
25
261
101
38
50
37
171
107
37
416
195
91
1
171
319
25
194
5
148
13
43
72
112
1
57
222
38
54
141
137
25
5
77
264
42
53
8
346
261
428
87
132
52
54
332
23
13
7
262
14
229
26
17
40
90
52
2
88
64
273
4
32
270
3
189
1
144
12
98
171
53
15
212
109
105
105
249
32
311
54
4
53
99
61
175
105
186
39
88
170
28
141
11
68
37
212
151
238
11
52
258
233
99
18
106
182
247
5
158
9
254
39
91
38
140
8
288
16
40
33
16
31
10
13
107
390
171
33
11
73
47
123
108
38
15
73
68
52
260
29
59
323
231
125
20
293
20
135
19
111
85
98
111
175
72
20
169
13
247
179
177
45
74
76
24
112
12
213
81
122
35
26
22
217
32
23
65
47
37
160
12
124
129
143
5
72
36
117
28
58
85
416
22
29
122
36
2
50
60
4
84
112
23
189
20
14
123
48
31
75
129
78
63
32
40
147
117
229
490
54
1
67
150
156
103
226
117
45
75
167
33
27
108
81
100
210
24
155
164
159
426
12
10
26
6
14
35
35
32
62
93
1
136
25
3
274
55
55
61
120
22
1
11
302
172
94
4
87
56
21
4
78
60
647
9
29
9
24
165
21
78
127
10
90
170
162
1
122
53
125
16
30
200
324
231
11
123
239
39
252
83
211
44
42
189
184
56
39
78
304
230
86
66
2
330
24
183
190
36
32
121
141
97
7
22
40
284
67
53
157
56
34
271
18
100
14
112
315
12
43
68
91
170
77
288
196
59
49
62
243
40
80
108
102
35
85
43
3
35
113
10
300
34
34
49
89
41
175
127
118
168
9
62
54
7
13
88
100
2
35
321
237
41
93
123
96
7
35
2
42
53
56
36
213
35
35
58
177
27
107
17
33
4
42
36
172
1
47
2
23
418
123
98
185
216
9
3
360
183
160
133
7
37
54
21
1
152
93
35
498
227
84
229
40
232
20
18
162
86
7
41
335
124
205
11
164
51
69
181
44
10
61
143
79
69
33
32
12
19
232
26
89
15
445
53
41
47
216
372
62
18
61
143
191
97
147
302
86
13
16
139
54
34
116
62
62
37
57
365
1
111
165
83
350
86
8
136
33
215
231
34
20
122
161
119
96
49
6
13
61
480
217
76
57
289
108
142
68
270
38
332
38
55
190
51
112
31
154
174
235
58
188
83
12
133
281
8
64
41
38
130
19
71
2
107
250
143
192
55
98
15
146
80
61
50
54
141
27
87
89
70
106
116
134
152
608
37
115
48
29
6
129
84
351
140
208
4
78
112
38
43
28
47
134
106
76
38
24
43
88
24
20
139
36
1
120
198
451
58
163
72
250
177
34
58
78
38
109
76
43
18
52
117
269
99
55
29
23
4
10
128
101
41
13
56
351
3
195
81
248
128
94
52
38
82
303
112
110
36
126
5
15
240
228
31
85
118
35
196
71
68
38
155
84
104
7
3
139
14
193
22
46
70
141
374
14
96
237
122
187
8
6
4
226
33
60
57
125
21
32
168
256
125
278
17
15
267
92
37
8
8
40
138
40
50
52
44
111
78
195
101
33
126
108
352
14
47
275
20
275
14
79
125
143
200
231
88
188
50
11
264
1
60
56
206
88
11
112
67
352
17
132
268
250
65
37
6
245
39
5
77
85
33
90
195
182
116
108
128
38
97
72
334
26
11
92
181
34
1
106
103
17
2
40
123
426
78
250
73
13
18
54
10
94
71
6
146
190
243
93
62
197
75
57
72
62
82
303
26
43
165
378
20
122
85
90
205
227
155
217
15
371
141
338
7
35
214
56
20
34
135
48
8
17
26
221
245
211
159
61
54
70
114
77
9
1
58
52
65
31
376
106
192
44
160
194
95
31
29
73
38
132
35
11
74
55
94
65
94
124
47
96
18
102
36
298
24
62
103
3
6
68
44
240
112
83
3
109
15
6
116
113
9
153
40
9
74
132
47
84
134
485
37
41
43
126
70
153
223
59
41
223
4
257
90
19
114
21
76
64
142
131
22
83
27
203
54
52
31
140
68
138
31
60
254
139
90
28
176
70
65
150
23
95
5
22
391
66
8
146
145
226
50
103
162
63
54
169
19
136
100
158
64
185
17
7
13
126
51
41
21
85
224
71
46
5
24
11
3
11
204
58
48
154
458
22
129
3
147
95
175
61
140
31
14
58
110
83
18
55
124
40
54
59
155
62
144
52
91
5
304
160
61
154
115
56
172
239
103
5
168
84
219
1
82
76
70
63
67
183
71
24
128
213
64
358
12
134
45
41
157
51
65
45
332
96
27
4
71
63
67
145
184
121
80
31
114
97
68
112
27
706
55
150
241
32
90
106
31
307
14
109
13
36
25
41
28
139
142
25
20
141
127
136
57
91
384
17
88
48
255
149
376
30
154
27
9
74
17
52
65
167
134
55
170
163
53
376
8
117
117
50
253
28
53
14
41
141
43
37
19
29
89
34
3
51
21
68
176
98
21
209
11
32
55
167
9
135
65
25
41
64
77
8
6
49
14
28
62
71
138
52
60
165
1
75
64
48
34
21
278
72
103
92
81
10
4
118
132
129
189
21
58
155
25
94
234
165
3
52
203
149
72
23
53
93
32
35
51
39
56
40
143
34
328
47
117
61
27
28
43
77
176
147
71
42
10
17
241
60
71
83
11
30
58
4
207
61
49
30
147
234
39
57
87
75
40
34
100
126
46
104
84
42
205
25
49
259
24
26
17
43
99
74
105
147
4
118
17
1
115
40
117
33
26
28
40
311
190
374
106
332
200
151
40
185
61
36
67
14
33
2
69
175
24
105
130
174
15
280
148
21
41
202
350
82
32
67
29
73
16
29
12
62
98
16
77
82
150
62
160
41
116
52
81
194
76
72
148
38
60
254
91
115
25
18
37
32
168
226
26
222
87
256
378
113
49
361
106
11
196
87
328
6
117
47
18
178
134
75
301
81
192
184
13
226
73
80
113
11
18
16
69
24
31
214
82
20
149
12
35
75
3
27
34
209
2
80
94
125
124
23
89
144
24
99
305
122
80
14
3
55
133
30
119
8
102
6
121
260
51
215
52
5
66
35
27
113
59
225
288
574
55
73
39
105
6
4
32
206
144
144
73
116
104
105
69
362
125
27
136
134
31
45
355
131
64
296
124
93
84
15
200
6
23
331
5
122
93
40
25
126
11
108
14
422
24
68
316
7
6
62
111
38
5
214
59
453
14
43
130
196
2
95
34
47
19
158
145
91
72
380
431
31
8
89
4
43
116
24
105
448
20
130
105
10
24
59
48
49
98
111
92
160
99
3
26
110
137
71
112
84
65
45
37
82
127
33
4
78
179
106
16
20
353
46
95
50
438
2
113
35
24
199
25
40
104
28
49
22
201
69
373
201
38
83
7
103
177
120
32
135
1
128
18
61
61
109
1
12
14
32
139
8
35
1
208
5
125
126
221
227
169
65
141
151
42
197
138
226
411
51
78
26
49
88
64
383
50
10
21
202
131
60
43
63
158
23
12
92
466
80
44
150
62
83
15
107
97
205
50
79
102
29
57
104
53
111
19
175
107
76
82
71
146
116
64
27
3
18
68
4
35
20
173
42
136
275
170
323
66
25
102
34
164
61
34
18
49
20
75
180
51
118
54
131
386
69
39
195
18
73
18
41
462
231
82
380
9
37
42
278
43
34
183
20
39
36
74
49
142
152
105
40
152
22
47
50
74
66
110
45
145
91
84
330
23
14
50
224
228
243
160
188
37
13
70
50
98
88
2
10
401
125
39
91
45
2
12
57
280
28
226
16
16
27
325
27
105
215
17
74
34
91
29
272
62
161
22
81
179
163
96
46
250
88
25
66
10
2
21
75
60
312
158
179
161
111
107
52
19
7
179
36
30
77
169
105
105
279
12
25
437
59
425
70
285
215
22
26
91
62
209
166
198
10
81
265
123
22
255
237
16
250
68
160
24
197
35
57
203
38
5
85
165
341
144
55
35
27
122
29
74
161
247
36
87
314
18
102
52
11
35
2
133
39
383
15
5
84
142
64
194
179
12
86
75
157
102
17
21
87
78
349
16
14
106
28
268
165
86
159
31
17
7
225
36
127
11
26
22
106
4
8
5
195
159
365
111
31
141
107
24
166
7
56
197
33
9
89
47
115
266
37
317
57
55
107
6
109
6
39
129
13
37
212
35
29
2
79
129
8
4
81
155
75
146
192
80
106
81
431
172
167
30
11
137
168
62
239
234
15
20
26
379
78
152
7
51
13
100
156
448
171
104
44
6
39
69
47
228
70
42
96
3
366
205
36
120
19
155
140
13
39
151
16
69
111
261
142
311
26
102
133
23
139
43
257
269
23
41
78
247
177
281
46
36
21
67
16
30
27
13
91
150
135
78
324
50
5
37
158
66
9
102
220
14
49
8
265
11
184
90
21
63
313
156
142
256
14
11
8
43
76
199
5
337
3
213
9
23
282
32
17
21
114
79
111
69
282
42
1
69
15
3
51
61
74
25
162
125
159
140
22
12
93
128
56
5
388
67
33
296
28
66
201
67
89
4
182
14
104
81
76
226
88
83
232
155
31
16
132
16
178
30
70
472
187
89
107
66
15
264
26
156
42
67
68
111
132
280
87
1
15
43
1
276
111
64
7
28
339
81
21
58
90
14
96
1
40
68
19
27
61
7
13
31
136
7
84
163
30
22
87
18
52
88
14
344
87
4
9
15
178
259
195
32
69
129
24
38
173
59
57
224
162
274
93
136
47
140
40
66
93
64
545
316
84
404
228
212
172
35
291
226
77
103
64
246
25
4
45
290
111
7
49
1
137
3
38
1
144
177
26
23
29
161
7
130
72
105
41
146
1
113
64
72
1
8
16
121
193
42
35
102
19
56
21
35
125
99
27
128
93
70
80
122
8
175
10
82
303
24
67
109
129
175
216
9
19
8
110
142
282
38
14
9
118
53
1
54
204
3
309
115
47
59
103
156
111
165
18
150
17
6
51
165
116
67
26
361
169
74
20
9
75
178
152
44
3
84
264
39
76
3
150
53
93
10
244
5
21
52
43
60
78
29
72
6
297
12
32
34
65
63
105
8
208
23
117
139
75
244
188
158
16
14
283
11
82
69
13
34
57
204
414
149
23
40
36
67
40
143
94
109
22
76
10
125
22
71
67
160
140
20
52
15
95
156
102
74
328
62
3
4
63
163
72
95
20
83
202
78
77
91
48
10
14
8
25
132
1
97
477
165
80
8
101
13
128
84
26
248
459
42
238
66
52
5
112
73
400
188
139
7
131
51
37
16
143
94
73
189
60
44
27
48
95
2
63
45
233
100
35
49
74
114
89
133
12
391
170
138
63
212
37
92
72
113
3
100
213
34
36
257
71
223
61
80
127
211
19
416
400
18
36
279
20
46
2
83
15
203
97
206
339
55
2
91
207
140
110
241
27
132
167
152
19
4
117
3
17
127
128
46
154
126
39
302
68
168
3
27
18
95
4
130
102
185
115
55
206
157
59
84
44
160
54
22
131
327
29
82
36
19
25
100
195
398
79
322
64
3
187
65
96
18
74
31
314
64
26
44
134
33
9
359
17
128
25
110
59
13
17
29
25
57
15
209
75
96
254
51
194
1
144
237
194
170
37
47
242
72
68
60
66
7
40
47
24
47
90
40
42
68
29
15
69
8
192
56
161
65
134
22
80
280
39
46
52
34
58
40
18
67
47
32
78
3
86
141
219
73
43
145
95
122
72
44
2
123
210
1
105
34
122
75
54
93
110
39
85
127
72
113
2
81
4
212
156
22
59
54
141
74
40
13
96
103
144
214
31
355
51
68
95
37
240
32
166
94
53
27
109
20
75
36
77
391
90
21
114
43
40
38
45
64
477
10
423
58
268
1
96
167
140
215
212
30
223
49
9
22
8
88
10
271
227
56
23
63
11
145
323
87
71
37
126
37
65
150
2
43
151
104
41
232
14
2
94
139
25
88
163
21
1
78
31
74
32
48
130
162
64
117
60
50
43
27
125
119
7
156
7
26
27
33
16
70
16
105
112
57
292
79
4
159
208
56
99
366
113
24
91
127
32
7
141
121
116
40
21
99
76
166
25
61
240
8
10
18
15
74
10
12
225
87
150
5
126
50
111
258
79
61
128
123
194
486
5
33
111
52
173
20
17
29
83
15
30
30
34
118
10
148
61
254
111
5
184
157
270
26
95
79
194
216
14
63
19
88
30
115
30
69
26
7
81
203
260
84
41
99
149
45
324
461
40
302
19
15
74
6
108
22
13
203
167
98
12
56
13
17
214
31
61
223
27
31
85
3
19
85
22
94
279
5
74
130
109
120
206
134
179
4
29
9
137
65
48
35
116
39
25
71
184
103
26
2
284
87
95
41
79
184
34
26
59
120
160
8
15
16
3
303
84
146
318
42
362
182
69
173
358
98
57
19
22
58
31
1
75
9
256
163
108
141
167
4
26
35
248
30
178
29
23
27
35
9
230
4
23
39
5
59
110
58
202
18
177
154
2
16
278
404
79
20
12
7
183
93
144
29
296
137
40
83
446
127
93
63
7
164
72
308
41
121
34
97
2
149
22
54
28
189
1
28
4
2
34
34
104
140
3
21
2
12
9
45
12
114
77
182
15
61
36
245
114
58
3
34
50
50
41
9
213
74
20
108
44
79
349
62
7
134
276
67
163
146
55
114
22
38
133
97
114
28
477
65
72
272
96
7
31
24
2
147
99
19
27
90
209
280
93
78
30
82
50
160
47
66
53
41
190
169
18
103
24
7
1
84
45
90
137
157
19
14
152
178
55
178
51
69
285
108
85
124
29
27
76
132
7
89
41
44
52
154
43
217
7
55
172
113
49
74
73
177
8
41
14
29
15
4
65
78
136
376
63
173
14
7
19
51
95
67
30
131
4
15
123
34
143
28
60
8
24
95
182
102
240
81
15
39
36
86
29
88
4
48
53
53
119
23
15
25
2
117
27
31
15
251
51
22
4
42
191
13
179
15
30
89
139
72
5
45
116
172
103
427
348
18
4
152
91
281
21
153
173
225
98
50
49
229
121
112
20
15
14
43
29
11
9
72
33
31
74
351
52
71
81
114
26
86
136
20
110
193
32
55
116
109
35
55
66
26
10
364
147
39
389
169
92
2
80
258
100
201
46
76
170
175
68
43
30
155
140
115
39
39
100
18
69
74
2
94
219
223
26
197
52
3
161
32
55
57
106
265
298
166
366
17
98
341
15
85
7
381
22
1
51
20
260
149
186
211
34
55
5
130
107
16
49
203
272
36
11
152
125
36
8
52
12
46
91
108
4
255
17
43
81
5
32
321
100
56
26
63
142
30
275
37
82
3
54
76
7
120
9
70
65
286
173
147
34
17
93
9
5
15
33
37
89
125
44
17
26
228
132
81
116
253
106
21
242
97
88
6
195
228
38
45
246
153
26
59
129
42
30
167
114
22
42
32
82
19
71
79
12
31
132
50
80
33
136
42
80
1
378
10
143
79
198
35
180
174
49
42
261
37
90
63
33
335
130
17
56
38
59
137
245
39
113
97
256
52
36
51
185
60
18
179
276
144
26
38
8
16
46
131
145
56
43
147
139
239
181
16
76
26
225
72
126
2
7
279
67
11
106
34
55
87
119
36
32
246
18
14
126
31
32
107
104
54
2
87
40
94
146
133
49
46
271
136
64
25
22
18
62
170
181
55
154
222
156
30
188
12
4
102
52
154
128
214
139
32
73
90
178
57
11
401
31
86
120
17
35
296
458
55
233
16
216
21
85
31
35
122
71
108
17
465
70
38
17
55
228
134
183
200
97
336
182
344
205
92
48
31
54
78
27
5
17
51
20
335
24
15
10
42
96
59
89
214
294
29
91
72
113
42
31
25
68
224
13
16
126
66
43
512
115
5
49
33
58
63
458
75
86
192
83
81
29
149
94
171
1
25
60
191
3
66
4
137
35
8
74
26
3
105
211
81
157
169
41
29
16
301
114
74
59
227
70
109
162
24
17
120
26
76
185
60
7
214
31
158
185
2
139
71
161
9
43
19
47
43
7
389
53
42
24
19
23
16
151
22
367
79
3
43
18
77
35
50
164
42
159
202
14
49
16
42
59
256
100
60
60
254
203
3
60
128
28
62
30
208
49
62
51
121
26
60
295
14
79
181
20
56
152
132
112
303
7
53
142
405
9
206
27
58
2
68
236
78
9
16
205
151
110
121
221
84
124
64
19
41
37
37
485
52
58
114
172
56
17
29
296
107
73
39
296
104
159
135
183
122
12
109
128
24
10
21
499
51
16
30
17
14
81
146
71
52
65
178
218
11
113
218
43
171
129
30
90
77
39
66
236
120
152
139
217
331
12
171
165
219
115
53
3
18
1
219
12
137
269
238
54
29
36
12
53
3
16
18
434
91
176
2
44
39
4
103
77
242
55
18
4
148
77
61
61
75
42
8
51
213
137
222
10
217
68
22
107
52
141
154
432
38
107
312
379
111
51
15
125
63
267
133
201
68
115
186
52
48
91
504
22
6
73
1
70
23
47
294
102
83
36
89
45
61
158
13
90
53
15
42
105
5
84
21
183
396
20
529
9
55
28
170
331
142
65
158
15
158
8
372
34
18
92
18
18
21
18
156
157
82
16
30
35
15
94
36
115
145
48
17
69
86
48
10
148
27
79
29
79
52
146
30
107
71
19
449
32
53
115
12
94
93
70
43
181
357
6
83
49
23
36
22
30
36
30
1
40
39
33
267
34
69
105
260
456
12
36
182
102
9
185
22
97
215
270
163
456
38
53
143
16
164
62
