100
35
122
20
99
258
6
60
27
57
90
334
201
54
106
11
73
8
100
11
64
83
4
92
18
117
49
9
159
96
47
85
2
168
443
77
37
3
25
335
69
208
150
17
7
34
86
49
40
70
63
61
321
100
289
2
27
162
12
92
218
88
36
34
64
299
191
20
98
64
131
66
103
28
193
27
24
90
175
69
28
4
109
66
335
47
250
193
56
85
119
82
34
96
37
11
51
155
22
275
56
93
78
21
232
136
5
30
56
21
106
2
33
95
35
131
163
46
93
32
133
1
167
170
72
404
43
110
206
72
15
183
67
31
84
154
107
22
11
39
389
51
40
72
1
49
37
6
33
17
3
42
255
5
194
457
51
8
270
452
241
99
45
185
108
197
31
29
130
147
27
278
38
137
1
97
421
104
74
114
14
32
369
120
85
378
46
342
17
148
123
36
10
4
121
15
14
131
101
272
2
295
174
116
48
95
10
278
117
177
299
200
100
56
26
159
64
20
11
170
22
98
1
3
46
127
66
277
15
12
319
345
206
62
279
30
42
3
119
60
216
94
329
77
41
35
59
28
114
137
50
26
64
176
64
29
46
35
20
94
57
57
624
133
3
15
86
228
37
118
28
223
122
128
53
39
108
528
67
136
47
51
357
29
108
21
16
195
237
106
14
9
61
80
13
118
43
141
48
43
33
130
8
201
63
23
29
59
9
257
71
176
91
59
10
29
78
94
33
39
245
11
155
156
142
177
53
152
47
72
289
362
40
189
152
65
46
102
80
248
206
10
28
24
91
83
131
18
268
111
79
91
298
187
186
12
18
224
21
54
52
43
39
184
28
9
11
121
28
175
478
19
14
125
246
169
14
214
246
102
43
151
188
19
138
253
295
76
72
26
171
82
189
160
59
176
76
249
94
105
47
179
146
53
35
219
41
258
17
37
120
80
71
36
186
9
59
15
40
82
63
44
67
26
228
247
52
270
91
179
91
8
3
203
35
26
185
122
168
125
45
1
317
2
4
60
184
6
213
67
74
28
148
156
3
124
15
162
182
96
39
31
80
76
41
20
79
98
65
127
32
45
69
18
25
30
86
132
248
11
134
54
3
110
121
260
131
167
117
156
17
28
22
345
157
35
26
193
15
187
30
253
210
147
235
93
200
9
37
31
31
80
33
26
54
91
42
16
24
89
247
24
27
70
52
70
99
153
28
254
132
299
20
166
71
159
84
58
11
48
35
27
18
20
116
125
160
196
17
53
40
121
34
350
1
148
9
95
12
18
39
112
113
197
67
77
419
72
88
20
45
37
95
13
63
48
48
6
81
96
3
84
9
125
28
26
191
15
895
109
115
426
98
56
19
177
63
94
19
250
365
15
48
126
14
136
6
5
13
32
87
128
76
110
32
241
143
238
24
56
163
97
156
13
31
94
168
75
187
42
208
24
20
47
311
101
112
103
166
78
219
106
19
198
10
59
66
35
281
91
60
27
150
97
75
140
145
59
51
30
24
1
377
114
21
34
70
1
11
190
62
21
18
9
70
44
61
35
171
213
23
6
117
152
46
45
210
58
7
23
77
102
51
108
47
91
41
102
30
27
74
16
107
111
35
73
48
74
225
186
67
113
71
520
7
88
18
235
149
269
363
13
69
25
150
466
154
390
18
8
7
83
23
173
114
106
261
49
57
171
11
52
6
15
361
152
54
97
44
7
87
35
77
91
47
60
195
24
57
109
64
243
19
41
94
53
55
130
78
149
38
13
8
1
50
14
169
90
305
56
25
78
5
15
200
84
89
103
37
14
106
118
3
110
143
463
187
183
99
60
9
128
211
71
126
128
10
58
51
25
56
325
56
4
34
3
112
126
215
142
251
60
126
10
288
204
89
319
41
48
97
9
345
157
129
205
35
27
315
10
30
49
90
14
3
3
65
64
50
173
19
129
340
191
92
42
101
198
115
47
36
23
49
143
70
28
27
182
264
169
14
5
79
122
71
104
510
168
294
131
58
98
146
98
40
260
279
271
1
55
17
211
51
19
48
60
52
61
28
24
66
88
119
23
25
48
41
227
32
89
345
143
43
119
50
179
10
114
221
26
138
91
101
49
194
8
94
33
35
161
159
66
10
26
87
251
89
185
48
58
31
143
231
75
88
30
11
33
100
7
207
12
34
70
119
4
25
31
61
444
207
1
30
60
13
96
168
113
91
63
10
75
14
15
91
29
41
62
63
165
70
109
7
43
79
12
86
110
70
70
398
207
35
46
60
128
9
174
306
72
236
52
5
11
99
190
37
6
68
233
37
100
19
33
248
12
230
35
82
47
214
14
198
341
43
199
198
6
141
312
107
31
36
189
77
164
49
39
84
21
56
79
84
120
89
2
30
43
95
48
19
70
19
125
18
107
109
166
74
148
63
107
5
88
219
64
32
91
33
187
87
19
15
396
54
122
5
146
166
103
1
50
47
99
22
48
5
14
80
154
109
214
99
162
1
140
68
29
81
4
171
101
75
77
9
193
179
120
199
48
5
15
215
4
100
71
2
73
79
18
54
5
97
53
6
211
83
8
135
72
45
229
183
18
54
65
241
60
210
268
19
24
66
53
58
694
194
31
220
56
7
90
78
108
88
41
204
82
15
18
33
60
182
29
111
55
152
6
4
151
61
504
55
11
151
163
295
143
109
54
11
97
141
19
11
8
22
24
205
29
13
653
116
145
386
57
207
159
56
334
10
66
12
167
126
207
46
118
44
39
135
117
2
36
78
289
27
61
30
37
320
131
8
98
43
118
26
115
96
4
25
48
248
116
70
116
314
291
55
159
68
358
1
75
95
13
437
155
96
251
77
17
77
106
121
99
27
11
130
411
176
29
94
222
147
145
115
54
29
156
80
71
100
14
24
102
57
68
166
187
11
108
179
107
148
192
198
52
92
110
12
2
163
52
35
20
8
47
90
63
238
9
182
144
49
46
164
23
166
211
308
201
134
7
42
44
9
41
104
41
295
115
191
3
75
7
31
244
16
207
5
20
139
85
72
25
110
24
18
55
37
32
122
14
11
56
80
122
29
60
71
28
3
101
487
103
133
10
71
90
279
72
19
41
86
89
79
122
32
91
25
429
172
307
31
317
313
31
124
80
114
211
325
122
67
9
92
35
331
280
165
52
5
32
61
233
34
14
3
271
36
147
207
112
21
28
113
38
6
138
5
35
27
22
65
59
1
80
45
268
104
215
77
147
92
98
88
16
49
204
44
125
20
20
254
9
73
11
63
199
261
52
176
99
62
29
47
158
14
10
201
154
81
16
82
118
22
96
1
130
54
48
96
18
195
17
40
117
218
38
61
5
59
483
3
25
45
146
67
14
10
368
168
196
98
154
13
4
240
12
54
29
89
69
180
74
8
33
97
75
100
81
1
375
72
73
75
31
137
128
524
80
2
166
10
46
189
343
130
212
238
49
7
7
196
65
268
176
42
60
52
12
11
132
46
143
292
146
325
24
19
45
113
23
38
278
12
148
181
65
79
127
76
95
20
45
84
65
97
164
157
54
33
12
26
204
20
55
15
89
155
36
329
32
3
132
59
62
462
118
144
158
1
391
8
136
72
45
45
9
121
191
79
53
104
47
46
3
131
167
67
118
5
305
302
6
167
70
14
92
127
55
144
146
323
188
56
24
124
115
49
26
45
14
33
83
40
330
60
9
46
100
19
35
42
152
2
11
21
120
271
4
48
51
53
176
3
151
177
42
227
7
288
16
27
133
3
203
282
23
46
215
79
149
65
155
25
14
487
130
128
192
236
31
130
126
100
55
21
26
107
198
23
20
63
68
86
46
30
136
128
1
121
57
45
57
15
4
49
369
6
103
21
20
46
249
65
45
28
123
262
257
127
51
38
284
106
222
109
29
119
113
148
43
88
22
28
34
18
54
66
104
23
80
266
252
301
38
94
222
112
59
62
161
89
38
30
167
3
5
19
5
36
21
49
17
46
62
17
93
95
96
80
128
180
7
20
41
35
242
98
56
128
119
172
150
240
10
19
57
288
136
117
106
35
64
27
142
110
162
20
10
106
12
30
10
58
51
19
52
61
45
16
162
152
110
17
182
13
94
20
126
123
83
598
41
18
416
58
235
323
15
47
78
94
35
40
112
55
53
134
117
137
21
5
63
317
20
99
22
1
61
51
163
110
44
36
4
128
43
191
209
77
15
3
19
198
48
3
15
21
797
118
71
39
99
131
3
173
43
81
19
54
95
397
22
25
110
59
123
105
243
434
356
28
163
116
39
18
58
383
555
69
76
57
56
46
15
119
63
2
26
242
390
85
358
5
147
237
99
71
91
4
94
44
27
11
93
49
74
27
114
107
66
148
26
81
209
42
39
84
31
118
115
54
26
66
132
121
167
111
111
93
494
61
53
115
45
308
145
58
139
100
91
1
373
31
24
22
197
95
416
17
124
115
119
31
167
4
45
11
54
144
140
59
85
34
130
102
40
20
143
151
12
753
152
173
290
42
188
236
12
92
59
31
231
284
51
31
101
8
99
41
72
7
366
71
40
45
120
9
44
246
22
240
1
108
4
227
31
114
3
163
78
117
276
109
42
6
110
179
44
80
7
40
30
81
511
32
66
63
5
4
14
21
344
272
220
66
13
28
15
196
32
155
116
10
99
338
63
38
166
145
17
73
144
53
23
78
60
11
63
16
481
15
48
37
9
99
106
36
53
120
2
10
28
164
60
67
111
94
116
83
6
90
125
13
93
102
64
157
58
306
162
207
235
245
15
23
63
75
14
53
35
1
401
17
56
248
15
16
10
157
82
152
39
6
18
48
6
72
18
7
153
51
348
215
30
57
1
52
193
112
153
38
156
51
201
5
30
136
143
40
23
56
153
140
111
40
111
25
31
277
16
119
180
15
12
9
170
98
158
4
4
30
302
120
73
51
69
36
71
64
5
124
27
27
371
135
95
71
162
186
35
37
42
231
4
117
17
2
5
88
4
17
189
69
46
124
60
71
4
70
119
15
34
6
72
194
2
210
84
106
44
211
169
60
96
132
57
5
34
46
3
107
84
21
103
19
53
47
75
29
28
26
476
258
72
19
38
156
137
114
163
51
156
59
178
60
80
48
58
30
109
68
222
315
42
23
66
20
2
42
153
41
36
186
27
22
320
153
22
163
14
304
196
14
8
118
30
146
28
201
6
5
898
99
27
140
102
543
2
101
51
123
24
410
6
167
2
322
63
162
119
91
96
32
94
80
4
15
125
34
9
141
2
50
110
196
304
25
72
18
84
17
11
39
4
99
132
3
389
69
146
85
54
5
15
7
11
27
4
20
85
33
177
154
47
41
228
100
233
47
16
75
75
219
723
55
105
6
162
45
155
53
96
177
377
13
25
87
65
175
272
19
1
19
112
116
337
22
68
45
48
38
6
108
303
112
25
60
86
38
4
225
67
184
35
149
110
148
48
98
140
4
130
88
176
2
169
514
259
337
3
221
61
35
16
97
85
33
99
10
7
29
278
96
38
12
98
36
144
177
200
68
29
5
66
18
4
87
46
139
50
5
43
119
76
66
93
2
131
173
67
17
54
115
47
45
11
113
180
47
4
137
136
19
2
30
108
11
89
17
75
359
14
36
6
98
93
21
73
24
64
47
31
91
132
108
123
113
68
471
378
83
13
148
112
151
15
76
153
2
214
22
35
22
130
122
190
35
19
70
75
14
292
52
1
7
185
83
77
182
40
302
151
47
75
65
116
133
300
240
48
9
277
83
25
2
59
21
44
181
90
12
56
43
177
151
7
58
77
189
69
136
43
203
65
127
159
39
92
117
28
36
9
36
66
136
29
77
114
140
20
220
15
39
7
117
22
29
65
63
21
89
233
21
59
10
73
173
286
132
92
313
39
275
14
271
227
16
20
29
166
20
11
67
134
19
183
80
293
146
56
52
112
160
125
35
37
195
232
246
94
21
25
40
213
36
63
61
65
14
189
78
11
43
224
11
21
7
119
135
10
318
195
28
82
136
25
125
60
48
31
67
103
2
22
114
35
66
48
230
50
107
25
187
77
67
28
4
21
116
33
216
53
137
83
72
50
505
37
178
23
127
170
8
67
16
41
35
22
30
129
4
41
14
27
96
52
12
131
246
114
1
194
95
154
75
107
148
65
156
112
38
166
152
8
20
54
73
42
26
11
173
9
34
116
57
50
140
5
335
243
15
2
105
44
215
27
2
39
500
38
182
4
67
5
7
62
133
91
6
55
208
101
5
372
2
78
25
9
534
52
167
12
270
502
55
154
8
70
120
56
172
35
16
89
67
195
82
48
75
199
117
86
10
33
135
96
228
11
264
145
77
34
14
32
309
386
95
1
22
5
42
186
53
181
24
28
38
53
63
27
5
125
128
127
488
178
282
68
97
73
37
116
161
61
23
80
43
35
183
399
124
45
283
47
134
9
302
244
50
23
36
73
320
156
140
142
25
106
35
289
40
9
49
6
121
215
35
5
388
2
34
33
20
190
67
3
373
151
3
337
61
73
55
4
74
110
33
189
35
277
55
48
69
22
71
87
117
22
11
381
38
20
9
166
33
33
110
108
5
7
152
278
29
43
137
183
174
1
429
39
17
332
43
47
13
20
20
24
89
91
10
94
167
42
253
59
64
27
94
150
44
109
82
10
228
148
232
69
10
140
69
72
44
30
36
391
148
47
39
62
45
52
18
44
17
71
42
62
208
382
77
314
23
134
284
43
126
406
143
67
117
103
77
109
27
8
118
115
110
192
1
153
161
110
193
13
227
29
44
11
56
56
3
177
67
20
123
71
89
3
16
49
2
8
255
122
155
75
17
43
221
367
49
67
63
12
125
172
11
9
147
160
26
188
33
20
11
80
58
160
6
3
177
1
24
112
41
38
45
104
18
118
188
116
15
110
220
105
37
134
51
71
119
101
105
120
9
67
5
95
286
40
46
32
64
16
4
49
6
13
152
77
203
33
117
69
81
142
115
79
10
38
25
16
17
84
170
3
378
88
23
93
57
79
94
72
115
69
174
59
3
347
37
181
102
30
145
7
53
22
100
7
140
355
344
302
81
37
151
56
187
109
100
129
150
38
21
6
17
41
28
24
1
16
241
39
37
174
162
58
6
156
57
177
86
116
196
234
215
87
99
70
51
52
19
258
69
11
38
227
21
391
108
8
79
114
38
132
4
20
163
21
151
67
71
47
85
453
248
219
94
121
24
299
203
110
73
79
71
151
38
262
433
35
43
42
160
137
139
5
32
88
186
39
18
387
56
35
9
195
64
73
17
16
116
90
6
7
41
24
51
28
69
85
38
202
282
127
394
36
41
1
106
58
3
213
249
94
250
62
286
175
189
81
82
45
8
225
67
6
81
220
183
98
52
13
80
25
20
3
80
175
40
72
56
13
31
43
127
29
5
23
166
235
58
6
21
49
42
131
7
10
23
3
11
11
34
1
2
258
87
1
23
182
345
15
7
48
14
29
17
125
44
123
92
14
61
137
40
25
17
66
149
3
84
26
68
1
211
111
12
308
95
8
88
49
29
20
45
205
255
178
111
63
9
109
83
84
107
39
6
37
102
263
84
221
66
36
261
168
182
145
115
83
196
20
195
70
96
88
174
109
79
70
86
65
29
155
224
39
101
74
5
82
18
98
75
43
338
35
195
20
53
89
400
81
167
179
492
38
21
102
8
253
96
5
9
120
27
148
57
71
67
53
222
25
282
7
219
319
100
26
25
181
85
7
9
70
218
45
25
62
293
204
5
29
69
16
17
163
208
8
56
37
9
77
38
56
36
44
94
268
184
318
1
8
312
112
96
110
48
85
60
19
11
117
34
60
61
67
75
76
35
85
4
24
6
163
60
18
215
116
162
93
307
157
84
237
25
286
20
217
7
16
24
57
19
294
4
7
38
4
63
417
122
74
9
130
26
60
22
4
27
41
51
90
18
155
31
27
101
62
200
166
82
69
202
51
6
7
15
36
443
133
110
37
115
18
198
48
97
210
41
337
15
90
26
199
46
75
44
20
186
65
249
37
1
32
17
125
72
50
16
52
258
164
72
37
7
67
60
155
27
128
481
101
576
67
52
149
426
106
9
82
273
2
4
68
31
266
76
19
166
74
103
183
39
5
70
6
58
356
7
37
296
66
120
88
63
4
421
195
34
176
42
36
121
50
128
62
94
55
108
100
56
48
40
138
11
5
117
151
137
33
47
166
74
127
69
170
213
51
120
419
363
14
143
264
129
116
26
141
47
120
55
386
46
11
180
81
117
6
12
154
56
23
31
138
134
45
28
52
42
170
29
125
137
26
154
122
68
285
4
129
23
444
107
51
137
186
84
35
166
35
11
13
44
71
47
62
8
229
38
15
64
89
46
28
126
163
424
67
65
203
143
320
154
59
283
18
12
248
87
4
253
17
47
18
121
10
33
9
179
68
8
15
92
19
35
71
165
118
289
99
35
187
215
13
61
91
53
124
204
42
113
65
25
81
234
108
388
149
103
66
96
67
39
88
339
146
105
805
87
215
336
149
57
45
14
101
15
15
43
104
2
72
191
3
153
44
179
5
57
13
88
60
53
52
49
33
51
13
42
168
544
148
63
61
49
22
33
13
87
177
38
19
77
510
145
165
146
7
259
175
68
23
36
22
226
88
24
3
101
109
38
94
76
160
65
143
99
59
26
26
12
67
78
163
215
410
60
65
97
255
119
54
105
3
611
128
10
20
15
63
88
36
44
68
200
97
150
161
499
265
54
59
28
11
20
98
133
5
17
27
32
100
7
35
109
132
26
275
98
147
8
19
37
246
85
69
20
17
85
18
336
92
77
69
14
160
620
63
37
3
80
8
84
183
71
46
1
120
3
9
107
334
41
11
66
218
52
32
58
143
73
79
46
114
143
32
129
52
26
14
102
131
348
174
61
13
132
19
5
123
9
34
95
226
91
65
14
335
313
39
198
12
139
12
10
101
250
55
6
17
75
51
3
78
248
2
150
362
96
4
26
115
106
84
429
46
26
141
45
171
15
43
6
69
27
91
2
1
50
166
33
200
117
12
18
52
42
15
243
211
83
312
83
45
49
29
88
58
169
100
15
232
7
239
13
18
30
417
65
54
41
156
252
186
425
9
329
470
151
119
98
219
22
167
67
118
158
1
105
286
98
67
39
66
135
227
39
69
68
379
123
8
96
24
90
33
92
13
36
8
245
88
381
24
1
52
16
202
122
113
44
44
45
41
8
208
311
10
5
89
122
21
258
158
75
17
5
96
41
272
235
65
4
75
121
10
319
302
62
122
7
222
50
370
29
49
18
26
212
76
19
29
11
21
65
95
4
323
55
25
1
139
37
52
96
116
161
269
120
233
28
5
117
132
3
53
94
18
84
146
148
226
180
37
247
232
97
250
9
6
223
158
128
32
361
111
81
53
161
93
14
15
7
41
98
105
16
268
106
262
9
334
377
351
75
41
33
79
42
9
52
233
142
64
163
89
112
9
53
2
27
36
131
75
212
35
14
219
379
77
120
332
180
154
1
165
152
31
59
386
65
92
48
144
41
107
3
24
41
373
188
225
44
12
59
31
63
7
111
158
52
328
27
29
281
78
145
42
224
30
8
136
236
1
152
114
261
160
100
82
142
30
200
112
185
146
17
48
8
68
345
15
92
54
62
349
226
53
124
19
300
4
112
416
97
12
161
322
61
174
156
118
1179
18
131
8
123
2
162
90
118
203
398
61
10
184
41
16
96
217
121
114
4
122
6
97
416
107
22
251
48
30
6
55
22
108
257
425
57
53
95
27
88
129
50
21
9
100
32
122
71
285
61
61
26
108
74
137
56
114
271
122
43
25
141
31
32
67
69
43
564
73
27
453
94
85
74
137
230
94
7
120
14
47
82
108
37
11
125
40
57
6
1
70
50
65
340
154
26
2
142
45
16
34
78
21
28
101
39
38
88
48
108
62
82
18
345
68
77
44
39
78
62
31
128
215
183
21
132
33
196
55
76
200
100
134
91
179
76
213
23
34
508
41
41
53
94
90
102
161
159
104
28
58
46
88
14
9
111
186
20
274
11
26
52
35
188
56
96
1
126
85
229
102
5
159
8
31
17
55
94
50
34
201
118
78
185
70
78
238
52
105
210
9
20
55
129
82
105
290
30
40
45
118
45
85
35
78
132
44
161
117
178
127
183
178
242
42
66
25
235
42
179
45
53
15
35
160
80
123
73
382
5
94
97
17
62
39
184
399
54
92
200
106
35
15
38
6
93
168
66
81
534
23
206
3
1
276
39
41
215
410
103
309
151
152
117
25
36
120
165
866
18
31
246
12
65
81
106
20
3
6
153
13
30
56
366
147
2
52
261
31
144
93
175
162
87
224
285
127
71
9
77
37
74
44
14
14
70
39
59
178
28
296
123
95
104
27
7
194
56
39
341
111
144
307
3
163
87
15
71
3
123
56
167
93
54
139
19
112
65
16
65
12
142
30
47
24
193
38
17
332
237
88
268
32
132
15
138
84
12
85
115
17
188
94
2
57
146
159
51
494
242
106
113
11
40
119
73
462
56
28
11
91
439
5
261
215
64
46
84
11
33
39
86
78
162
277
17
53
115
92
174
35
44
62
31
92
39
35
267
58
52
43
9
75
78
328
306
3
62
54
16
25
108
32
334
6
135
13
46
12
60
34
67
47
46
71
97
94
106
41
27
91
30
132
45
32
22
89
56
170
338
59
89
59
6
173
6
31
138
5
45
11
95
3
50
95
37
4
42
51
56
197
131
65
59
54
139
164
11
38
11
147
324
123
36
159
167
9
201
19
68
54
44
5
139
28
40
40
53
189
228
53
70
220
199
51
27
58
106
2
62
43
20
100
19
15
27
169
8
35
2
155
248
253
53
70
93
55
98
261
167
117
16
38
95
89
88
127
16
174
97
9
120
204
159
76
146
5
37
94
26
259
58
34
232
23
1
9
103
46
8
35
13
75
10
15
28
151
50
113
81
84
69
51
49
20
80
133
65
115
3
138
88
115
27
274
41
160
54
138
70
5
90
54
13
68
49
145
41
196
103
20
133
80
4
72
15
109
32
94
152
5
40
241
281
50
37
201
261
20
41
9
240
89
262
50
27
171
362
174
14
52
73
138
233
24
314
248
105
13
38
409
9
50
216
172
26
75
238
52
304
116
21
72
86
59
2
44
34
14
180
69
47
256
257
171
10
69
86
20
19
156
41
88
20
122
85
14
2
211
129
350
1
127
106
103
92
249
101
65
28
38
35
13
20
54
133
116
60
110
37
8
1
39
44
80
170
8
125
93
37
99
40
194
111
127
29
31
18
76
122
298
19
121
60
62
15
18
242
242
169
163
14
614
160
179
25
255
32
93
26
119
118
65
60
227
33
322
278
32
114
18
116
233
31
76
18
63
36
148
95
195
1
29
16
47
174
24
101
108
27
15
286
60
136
2
389
34
24
107
16
87
2
155
31
130
2
124
2
18
86
44
146
49
316
268
13
20
192
169
120
383
133
88
263
32
95
32
34
58
137
51
87
15
54
504
64
86
70
17
25
81
74
98
138
47
58
56
32
27
470
77
7
14
49
26
295
36
68
10
68
306
41
87
102
132
394
1
239
5
106
155
46
64
172
51
55
46
96
14
170
69
107
777
120
40
142
301
45
195
15
107
194
31
19
52
134
63
28
21
231
97
74
78
7
58
44
186
108
248
30
58
57
37
30
104
380
17
282
67
397
31
46
54
274
271
19
31
44
1
17
416
95
8
34
24
79
98
56
96
143
20
75
7
51
129
13
423
47
204
230
131
44
29
36
18
72
35
38
57
115
73
48
157
106
41
20
348
6
9
47
6
123
62
38
203
91
223
44
69
154
29
56
93
24
75
46
28
66
110
90
56
149
133
26
185
531
21
147
126
18
78
1
8
25
207
87
219
5
20
29
96
30
53
41
29
6
28
33
25
104
107
67
193
149
51
34
1
2
86
347
36
114
80
74
39
84
35
33
96
94
20
156
114
50
44
151
73
46
53
25
65
67
50
15
43
27
94
26
244
88
165
89
51
133
197
257
48
321
32
40
51
17
42
13
225
207
240
484
414
17
414
79
49
315
258
55
45
214
95
127
128
71
78
233
57
179
102
66
30
36
76
87
229
101
13
278
210
196
152
26
33
130
215
202
12
524
27
70
103
211
69
83
61
88
264
208
72
43
5
121
89
1
49
150
164
85
271
70
161
52
137
3
49
52
99
2
19
32
35
214
444
94
131
36
73
119
58
151
129
32
275
231
125
38
1
26
88
30
55
44
44
349
83
147
150
42
247
197
42
21
2
36
75
144
14
51
22
101
1
26
37
51
19
433
50
27
114
85
36
48
103
91
205
62
18
367
128
35
48
37
72
71
102
120
15
107
44
36
9
22
44
72
26
104
19
1
10
76
134
54
25
159
9
39
3
208
47
19
44
149
40
145
6
20
15
73
89
53
179
22
323
80
19
69
16
90
17
1
3
133
36
57
93
86
36
3
88
50
1
210
93
53
5
90
76
20
2
385
178
65
119
429
408
33
293
503
62
34
27
176
174
1
100
70
54
87
26
87
179
61
232
13
49
68
95
41
487
370
51
38
135
71
23
14
432
204
10
10
213
43
77
178
71
315
171
130
1
110
3
198
112
10
122
62
18
193
200
120
6
18
6
56
256
81
43
22
166
50
218
52
235
79
42
51
5
50
156
30
13
52
28
105
147
154
71
8
99
264
124
4
203
157
28
369
156
83
6
40
377
112
2
96
272
102
20
389
6
124
64
24
32
94
23
10
42
208
142
54
38
244
89
187
17
50
31
554
195
180
17
46
33
12
136
45
78
5
66
35
44
18
5
290
27
5
7
147
13
40
284
20
505
123
82
58
34
176
60
148
7
417
66
12
347
170
127
1
55
46
74
80
137
194
18
137
159
36
100
83
21
38
31
30
4
121
21
82
135
293
59
33
36
51
46
93
33
3
25
22
62
44
64
114
13
84
21
159
64
89
8
107
3
141
86
50
290
82
61
4
50
25
29
34
135
247
110
297
154
161
43
82
263
209
23
33
24
45
15
217
14
91
31
72
108
93
30
12
18
247
124
30
32
50
25
4
122
66
16
112
2
35
38
88
272
281
235
19
108
226
144
119
42
16
55
78
136
32
127
23
126
219
8
80
22
47
85
7
19
169
36
90
41
28
386
48
50
81
28
36
279
11
103
92
33
87
16
21
232
224
19
21
22
67
191
167
136
98
57
68
3
45
184
46
43
45
11
150
83
5
195
87
92
53
243
14
142
20
197
5
4
55
198
110
10
80
362
134
154
354
141
143
80
170
149
91
90
57
336
81
58
64
159
32
266
51
56
73
155
2
215
59
123
44
41
65
76
15
268
74
228
6
25
54
91
34
3
29
191
154
12
9
86
19
59
21
174
140
123
12
269
6
34
30
31
201
14
17
218
384
38
29
7
21
32
117
53
31
258
181
86
90
124
22
233
9
342
25
160
12
28
6
39
40
18
93
53
48
111
4
12
69
158
25
73
114
129
237
133
9
23
17
79
37
143
352
2
140
57
3
134
103
45
100
519
156
226
31
40
111
2
18
49
139
73
97
22
47
75
105
15
26
59
72
246
72
5
3
33
159
120
112
252
317
5
118
175
103
186
56
105
19
65
120
208
224
14
7
17
222
130
19
54
253
55
81
218
121
162
17
65
72
100
232
35
140
31
31
227
61
61
42
63
230
124
27
61
149
53
13
138
40
48
247
197
50
13
9
196
41
85
67
100
117
25
154
6
12
23
85
42
77
148
141
151
157
111
12
93
150
49
164
126
340
18
42
180
67
114
177
103
171
34
112
134
16
64
330
53
36
17
260
130
13
89
41
30
11
357
139
285
100
54
106
41
3
26
53
30
132
15
4
16
258
25
25
189
122
12
17
19
50
56
22
21
17
285
89
255
70
134
4
100
219
31
128
49
136
56
184
341
9
151
264
204
44
166
155
52
79
250
39
352
87
5
43
13
16
254
20
107
53
87
69
203
66
13
4
67
110
30
71
11
159
13
18
67
69
91
3
45
1
2
193
20
45
33
5
15
156
111
117
73
6
18
42
101
8
263
4
41
7
23
5
60
48
13
162
430
208
257
5
103
65
121
233
167
26
52
37
175
23
93
17
66
448
95
29
191
1
11
56
10
178
120
112
161
7
49
60
25
15
136
130
57
157
83
15
25
7
28
91
109
6
191
20
288
11
22
145
40
93
12
86
27
143
201
9
128
5
316
175
162
50
5
159
8
152
347
33
225
82
94
30
8
1
39
9
9
14
49
112
337
308
101
58
70
18
71
188
46
84
6
45
48
46
31
135
246
2
125
190
95
119
184
32
27
1
39
265
22
28
84
194
33
87
31
97
113
168
63
22
108
42
96
104
34
150
223
263
18
41
22
11
245
76
18
64
74
7
46
141
205
68
113
43
104
198
51
236
391
226
10
58
7
45
10
57
157
87
11
267
186
197
27
70
42
69
177
69
81
2
51
226
15
82
66
27
203
42
243
16
31
7
11
69
30
151
226
165
43
54
451
115
46
48
265
2
156
187
26
134
525
88
64
105
336
94
10
1
155
15
51
103
3
122
9
242
18
108
40
3
183
54
5
64
35
236
256
42
163
72
62
290
143
184
101
266
77
15
126
19
162
98
124
230
24
198
192
41
10
370
157
21
85
190
17
20
26
20
166
16
240
30
203
11
70
54
62
139
43
78
23
17
148
305
22
120
219
8
22
99
29
60
2
130
141
339
314
329
38
50
216
114
279
102
17
100
8
4
330
73
51
74
53
119
8
32
97
16
6
90
96
172
86
83
31
15
31
312
113
31
184
30
90
65
101
154
297
1
361
260
250
67
71
77
61
41
93
193
272
38
47
151
77
7
346
40
31
309
39
32
323
253
314
203
127
13
19
74
70
13
99
115
272
198
133
19
34
62
234
13
281
70
3
57
61
31
28
34
91
192
13
131
15
52
27
28
216
197
74
20
55
125
225
88
7
41
123
11
60
9
10
104
247
28
64
3
23
95
19
164
81
195
49
51
231
20
85
61
19
15
95
36
191
169
483
51
190
49
100
70
17
1
10
47
1
21
97
28
149
25
380
165
38
58
109
124
4
4
52
168
202
10
95
12
44
151
45
25
19
227
277
53
26
160
55
49
90
7
327
59
173
4
52
78
35
126
39
247
14
19
352
151
107
15
50
28
94
98
343
12
37
34
65
74
277
48
100
16
21
21
66
141
454
174
31
78
54
300
145
278
24
70
89
83
112
51
123
203
69
6
64
4
29
79
298
31
13
139
206
29
41
136
73
42
2
171
135
20
162
233
110
319
102
15
110
120
21
111
306
30
245
98
35
1
166
150
88
63
1
153
298
116
163
59
154
35
412
150
4
53
58
280
24
11
12
34
230
29
121
146
128
136
46
299
181
3
44
18
90
282
347
189
204
112
257
58
142
120
20
2
75
77
146
16
44
32
407
52
68
110
326
19
34
39
191
247
76
70
195
189
10
222
64
132
98
297
17
93
94
3
267
210
34
133
37
11
15
429
107
51
45
93
339
17
23
23
26
270
60
7
66
40
18
169
5
49
67
56
21
32
3
48
64
124
227
249
16
71
20
71
61
354
181
59
18
108
104
425
61
31
134
418
121
299
3
48
90
63
86
37
6
83
19
201
179
32
120
160
274
204
41
48
1
54
309
8
124
332
84
18
302
157
190
11
186
10
11
1
36
385
121
8
20
287
108
10
15
150
25
137
86
13
170
77
78
2
167
6
98
26
15
43
111
370
65
7
22
699
11
32
93
69
278
146
38
13
37
241
186
92
88
188
72
121
55
36
52
35
109
23
89
113
314
37
265
85
49
32
153
32
4
151
88
10
83
21
77
76
122
101
59
147
6
98
79
161
38
45
126
66
186
13
137
53
108
27
32
157
47
87
29
5
19
27
97
91
40
3
92
370
175
19
70
195
130
33
88
178
14
226
147
86
18
7
36
174
13
109
202
172
29
123
83
111
5
36
121
96
10
47
8
186
289
5
57
25
47
129
56
257
35
21
86
25
35
50
12
19
255
356
243
44
54
177
107
32
48
83
62
222
26
213
52
291
105
40
45
619
40
81
370
73
86
154
28
14
103
2
33
14
17
111
19
79
7
25
27
17
325
60
15
6
121
3
71
183
237
72
264
72
48
43
165
178
350
278
221
219
26
20
70
22
91
36
113
96
7
4
31
82
116
29
80
21
87
109
101
63
75
49
39
18
88
110
233
117
137
20
110
330
290
78
93
132
105
283
224
36
102
79
48
139
157
15
171
57
190
197
91
46
265
334
209
107
56
103
201
144
3
99
246
157
163
52
33
10
3
18
69
29
68
31
95
9
182
41
65
51
20
48
116
55
10
49
36
69
139
139
90
18
24
63
56
69
134
187
14
155
82
36
81
1
31
6
136
57
224
85
42
306
95
42
74
54
138
55
2
4
158
63
9
11
19
101
87
118
10
192
26
10
119
282
73
4
30
37
14
130
10
2
112
1
57
44
50
198
87
135
244
142
51
1
278
81
232
137
45
36
90
21
26
253
220
6
28
74
1064
274
25
125
40
133
40
205
79
34
114
160
72
182
1
129
107
11
45
309
125
26
43
378
41
6
73
44
237
66
35
196
42
27
24
101
15
58
173
18
29
37
67
19
29
194
87
66
23
34
60
73
58
32
55
151
90
462
34
64
53
39
20
88
7
128
355
280
46
20
14
126
145
68
202
136
258
15
10
189
115
26
218
5
51
261
10
2
22
264
20
70
372
115
6
23
216
46
131
68
177
33
180
22
184
70
184
29
152
49
18
12
40
65
42
80
26
83
52
32
18
34
87
95
25
127
320
67
82
14
596
12
175
6
400
98
75
95
71
26
165
16
48
25
243
5
124
8
104
76
40
87
98
76
167
72
55
50
177
78
33
152
145
46
74
122
21
45
78
21
52
4
63
21
10
64
79
19
174
8
124
156
38
260
152
11
83
88
104
72
238
143
29
77
129
209
19
139
2
56
24
88
22
250
24
99
115
81
20
114
17
63
135
125
38
89
20
128
77
291
150
153
51
8
18
8
25
4
156
14
81
158
17
4
49
82
24
124
91
30
238
122
490
44
86
31
46
172
14
131
79
59
221
56
18
190
141
3
81
16
19
363
162
29
30
18
63
78
124
51
28
38
78
217
85
81
55
13
97
204
4
176
155
31
20
12
72
23
131
4
32
20
50
58
19
91
31
32
127
60
85
151
93
50
108
34
17
15
79
263
117
120
11
49
7
522
17
503
51
46
2
79
114
67
70
85
127
59
21
204
155
39
28
9
125
12
46
1
82
168
1
32
249
69
125
361
28
49
56
90
76
57
27
54
72
68
147
58
101
2
37
23
104
67
220
270
7
91
33
5
221
11
315
97
156
143
45
363
8
72
68
29
30
146
1
259
178
84
49
4
222
168
41
31
22
196
77
87
80
83
3
24
122
60
132
87
420
101
48
207
15
178
5
65
29
181
21
367
6
324
31
154
139
96
133
18
102
40
21
133
45
19
151
139
17
228
1
19
103
61
330
51
23
54
50
36
37
188
114
47
270
297
67
28
50
13
10
263
142
40
3
348
113
203
95
453
93
273
8
75
56
231
6
116
142
24
81
231
99
51
210
77
102
24
194
290
409
26
91
9
138
128
25
334
34
21
16
1
40
91
189
174
100
255
60
99
235
104
297
47
6
66
12
3
4
151
83
73
69
74
205
150
14
64
113
167
16
79
67
239
95
9
2
35
312
76
129
85
38
195
19
21
163
25
90
32
25
248
140
36
25
20
23
9
166
27
263
80
328
279
56
330
101
26
77
110
103
78
251
39
40
60
382
242
5
155
23
26
30
61
223
63
61
33
133
71
236
81
10
86
317
286
7
128
90
15
18
147
86
20
47
82
196
278
134
180
122
79
59
15
107
164
22
218
103
99
277
108
43
23
219
55
18
123
39
62
38
81
29
36
60
17
17
37
231
31
266
5
243
30
100
24
16
18
289
16
93
98
19
74
125
156
80
19
28
93
34
87
46
28
11
84
345
55
349
120
6
193
104
13
120
11
153
295
47
53
26
91
80
377
144
20
360
349
119
124
35
31
111
32
10
94
22
81
7
21
97
178
171
56
25
36
9
61
4
32
29
80
28
103
147
127
148
84
508
20
59
89
92
263
4
9
7
399
129
67
199
51
46
112
42
139
13
49
26
26
91
14
233
12
49
93
204
13
34
255
117
10
143
251
61
152
89
218
144
19
1
39
87
8
151
16
114
8
152
145
201
12
14
133
112
13
65
198
178
139
21
8
85
110
50
7
154
49
38
38
27
89
2
72
422
67
39
203
13
96
36
194
53
232
36
16
329
275
74
23
58
17
38
389
207
250
52
17
242
134
113
4
125
121
125
15
94
36
178
42
73
24
115
181
25
115
75
163
17
30
10
10
22
191
520
92
130
96
323
277
55
57
98
28
192
27
3
29
137
215
94
15
13
5
16
159
194
177
49
239
89
421
17
41
220
17
28
127
9
91
23
23
117
112
46
8
25
138
188
201
129
104
161
2
89
45
141
370
95
53
115
44
357
49
158
70
92
131
188
320
15
169
164
288
370
276
22
35
61
87
8
107
6
87
48
13
59
84
2
85
221
44
2
52
53
306
1
179
110
25
7
137
127
172
63
116
4
3
50
49
435
69
123
98
125
15
45
562
24
272
5
76
39
58
57
41
91
17
6
21
204
70
73
241
32
7
47
144
14
100
95
27
87
20
103
23
55
89
41
222
73
151
171
30
4
36
31
80
67
76
77
124
92
41
90
26
93
82
23
112
166
18
567
247
5
110
102
90
32
234
16
10
152
47
88
101
36
55
41
97
80
16
56
154
70
64
190
32
84
26
15
209
19
15
198
2
39
24
203
140
16
30
6
235
48
45
47
71
101
79
21
12
118
26
9
64
165
69
118
51
174
77
125
98
156
98
216
19
37
275
49
29
18
34
125
97
212
149
74
167
184
130
13
4
27
34
27
95
64
70
61
402
7
19
74
2
70
17
14
94
18
56
32
52
90
20
73
109
112
48
91
19
13
110
55
47
31
203
16
6
184
74
57
61
161
168
17
52
96
34
73
78
55
65
261
154
1
31
97
76
110
23
222
1
103
81
12
81
72
6
63
16
4
14
48
135
361
150
16
322
35
60
108
22
19
16
144
136
5
21
3
222
142
49
242
172
42
103
194
60
20
124
52
130
8
292
120
2
92
108
535
78
142
62
28
30
65
11
201
98
131
278
5
132
118
330
84
3
35
7
19
66
71
249
48
293
24
9
112
244
57
20
4
125
215
49
74
2
36
175
105
67
66
62
87
47
162
259
48
167
9
181
119
29
78
110
129
117
167
42
306
253
94
102
108
25
232
71
2
59
47
208
7
18
32
1
5
11
225
24
99
46
4
38
76
30
16
230
9
32
53
157
65
52
24
232
123
48
16
12
58
27
89
135
45
294
12
69
71
37
18
1
344
119
83
92
192
187
170
222
36
8
63
193
85
59
60
21
150
84
41
291
6
296
92
89
48
104
8
23
1
4
75
254
50
6
48
6
3
165
177
61
106
322
69
291
110
57
11
47
249
119
44
402
210
68
258
18
93
40
109
58
22
13
61
83
84
277
194
16
278
53
29
5
262
143
63
25
30
64
159
36
174
49
3
96
62
46
117
27
24
1
146
18
4
219
53
19
61
266
78
325
186
37
35
23
125
110
92
22
54
2
20
59
18
229
60
132
35
5
13
99
273
45
2
25
4
14
169
77
158
543
20
25
85
60
58
11
410
188
74
68
42
99
90
34
58
24
48
33
104
147
100
70
36
43
93
123
1
163
125
3
38
303
137
43
140
270
94
60
126
235
52
62
215
48
3
163
53
156
102
55
1
63
1
144
110
30
321
132
40
7
272
371
22
66
174
282
128
64
92
187
22
11
14
32
268
30
418
12
31
98
183
11
3
455
69
26
110
15
105
78
321
25
57
104
11
7
106
106
2
163
15
541
477
89
15
53
430
6
9
16
172
90
31
50
76
74
13
108
113
24
44
328
286
31
38
154
149
71
174
19
73
230
28
175
82
323
76
181
35
111
189
239
57
40
117
5
40
15
10
14
89
94
104
154
309
103
145
32
116
125
6
158
29
120
1
33
211
37
273
268
2
13
24
87
312
7
55
27
1
70
13
240
20
75
159
116
4
33
25
41
27
164
4
70
29
383
199
21
55
51
23
215
85
101
48
52
67
83
115
25
130
111
27
70
75
82
13
31
33
3
56
154
35
123
51
184
73
108
31
4
64
61
45
76
77
62
87
113
72
32
26
19
3
17
45
212
29
407
21
130
14
400
153
40
13
170
190
81
77
92
37
142
482
114
373
77
32
150
92
117
176
119
131
31
8
1
222
108
18
12
4
69
74
115
294
79
122
44
192
68
29
149
51
87
176
173
37
146
173
105
8
30
55
65
68
4
53
1
33
220
17
136
73
23
81
11
346
26
40
110
130
3
78
366
130
28
14
304
163
34
72
66
314
28
162
136
121
1
227
28
104
177
37
60
13
147
45
32
21
62
32
253
42
67
81
65
33
178
58
87
32
46
587
11
132
14
35
77
491
298
90
114
2
2
41
150
271
13
206
75
29
11
78
14
110
77
80
170
50
66
100
16
74
115
22
85
45
75
404
27
47
189
101
201
19
83
107
26
143
62
22
1
150
8
5
12
328
12
227
15
141
433
16
21
51
3
350
102
30
49
3
41
35
33
28
17
218
58
207
77
237
89
14
17
96
43
179
67
111
213
58
285
4
38
131
19
56
62
20
58
31
111
352
280
135
241
298
1
51
126
56
2
27
7
123
53
267
38
170
112
82
72
193
116
93
87
209
48
99
173
13
45
195
39
245
304
11
62
61
90
5
43
155
33
249
4
94
137
27
4
126
7
154
124
262
96
49
55
233
187
161
48
21
18
166
214
49
200
267
12
14
13
44
124
17
57
38
134
104
82
143
9
45
154
67
16
183
2
39
45
177
35
89
31
71
19
42
396
77
5
54
349
105
76
19
219
191
137
28
10
25
180
192
84
9
37
130
35
40
193
104
347
118
225
37
6
30
6
97
122
34
152
52
221
20
28
66
150
512
51
89
669
145
43
4
26
46
19
116
95
14
546
76
17
501
1
31
45
51
48
120
13
139
27
24
62
85
152
212
171
3
68
27
70
170
51
58
147
519
42
176
23
105
3
183
72
147
148
739
103
29
8
41
224
38
20
145
82
97
62
21
4
258
179
8
27
167
56
118
33
82
48
61
117
25
3
10
10
27
238
38
26
111
49
39
30
61
262
29
7
177
92
8
21
87
3
91
71
3
24
130
67
410
78
184
2
17
138
34
76
134
70
485
26
105
14
105
125
57
126
123
55
185
18
127
263
99
53
5
144
66
9
97
124
101
227
28
112
82
17
7
8
16
117
21
133
82
69
11
132
228
82
139
52
175
71
146
20
58
15
86
41
107
8
82
117
81
46
41
84
32
53
48
144
189
126
44
65
8
4
268
24
247
65
14
6
28
94
366
118
6
96
11
15
9
48
110
90
64
51
276
170
181
58
98
1
41
33
132
3
448
15
253
281
73
61
40
87
282
19
139
60
108
79
300
38
111
2
132
84
22
8
2
130
92
113
113
4
10
68
265
97
293
105
6
170
175
31
34
1
23
52
71
105
93
212
164
16
102
24
305
93
5
1
28
28
174
95
78
105
40
219
139
131
176
49
1
92
28
175
31
13
163
53
103
68
129
3
199
8
28
39
61
185
141
165
47
27
174
176
94
25
145
24
137
21
74
188
21
10
25
158
4
166
9
55
136
26
128
79
131
31
12
28
43
61
52
42
63
231
15
177
81
99
73
7
5
49
136
15
360
189
47
8
130
9
211
7
68
13
49
13
1
121
76
34
301
247
282
463
369
25
53
93
88
25
174
29
35
107
38
23
92
190
92
93
60
73
65
108
116
128
91
78
116
40
6
26
91
30
47
80
12
69
60
86
248
11
41
31
105
226
13
42
21
95
58
38
64
191
5
354
10
289
92
119
39
115
25
68
20
1
169
10
109
127
156
14
25
26
164
181
242
346
107
399
32
219
104
40
45
476
244
58
46
58
9
69
21
174
177
14
50
9
133
25
98
105
193
57
14
140
19
222
51
97
86
77
86
151
91
112
167
7
13
8
81
29
82
534
113
343
332
87
34
163
41
113
3
18
9
18
11
37
326
124
15
102
516
13
62
14
18
105
92
98
118
162
50
105
217
222
4
201
70
247
33
41
128
104
117
6
83
53
74
343
87
1
116
71
73
35
112
18
15
133
129
28
18
19
83
289
508
75
21
41
136
36
26
43
22
34
33
28
111
67
84
61
58
6
110
229
66
125
40
68
4
116
119
155
99
16
531
125
31
26
102
268
43
11
53
346
191
93
117
291
144
52
119
177
168
102
87
28
137
