90
243
87
5
9
69
49
20
17
96
191
3
29
14
9
13
171
6
21
44
23
233
94
78
92
91
91
63
82
71
23
26
92
129
30
96
114
7
6
6
11
43
33
25
94
28
2
161
2
31
26
345
43
36
93
46
109
31
53
96
46
8
11
167
8
16
53
38
17
56
39
40
23
10
9
41
9
122
23
27
71
3
69
30
5
28
16
92
6
1
81
44
22
117
56
8
243
9
22
22
14
81
42
10
165
4
18
90
46
24
76
3
33
66
53
83
111
50
40
183
159
2
72
48
94
30
138
74
257
56
31
31
45
21
52
35
35
121
4
55
161
46
95
24
109
58
7
19
8
13
29
38
40
15
31
79
24
112
320
15
143
75
96
73
75
6
213
76
45
1
7
22
158
17
10
11
201
58
7
62
11
72
119
39
6
56
58
62
23
42
72
63
3
95
48
16
373
125
1
17
12
30
58
266
103
141
48
115
49
9
141
143
190
52
9
63
49
20
1
85
56
13
17
27
21
76
2
3
95
106
1
138
39
8
79
48
231
60
30
100
56
139
27
12
79
2
100
80
32
3
80
80
23
46
105
276
4
59
142
35
62
9
130
10
260
87
245
2
204
89
110
48
21
123
72
83
13
76
58
6
12
15
44
52
3
81
151
71
37
91
9
6
40
43
32
112
167
35
1
39
96
33
43
77
9
33
21
8
35
119
87
60
138
62
82
83
83
32
26
41
11
103
11
4
22
72
1
207
86
57
6
28
55
46
19
251
14
62
66
36
71
219
7
93
156
8
7
62
10
53
135
99
44
121
30
21
53
43
222
98
24
16
42
104
68
72
106
40
39
77
32
107
7
21
41
94
63
27
26
171
27
88
112
9
31
124
168
27
231
17
4
222
270
6
85
55
92
20
51
18
37
62
11
77
37
57
218
50
33
40
73
40
37
38
80
118
42
65
88
5
158
1
33
67
60
33
130
51
43
20
27
33
14
15
48
51
172
88
39
35
46
8
50
174
95
42
76
42
81
104
69
16
88
32
72
46
163
45
37
108
33
100
10
4
9
53
109
59
35
10
9
57
141
22
17
13
30
43
144
7
33
4
5
108
240
52
11
40
2
68
81
71
22
101
19
342
294
98
162
34
16
319
26
25
15
17
19
31
48
77
74
49
40
147
100
212
69
11
10
340
36
67
30
120
74
116
146
47
87
43
6
191
16
147
72
34
25
16
9
159
53
74
70
21
43
30
14
113
21
54
125
8
6
88
32
30
40
53
36
7
40
77
133
6
118
100
21
4
7
112
38
56
3
173
20
14
33
14
8
5
88
81
44
38
200
56
69
9
22
135
45
37
18
13
73
6
60
6
94
236
92
4
86
8
70
126
21
66
34
40
68
104
78
4
60
163
161
32
35
21
135
16
115
88
174
24
82
38
20
2
40
175
3
5
160
4
128
92
167
11
4
113
60
5
51
75
141
11
56
44
14
75
11
91
9
23
71
42
153
37
107
23
23
54
66
34
26
60
3
26
1
5
18
79
2
21
60
71
42
14
134
63
229
23
263
2
8
67
38
31
11
34
35
47
7
29
19
86
5
32
20
10
59
10
26
104
36
146
74
6
70
127
158
49
36
26
12
38
64
22
50
30
40
10
27
23
92
5
12
21
68
143
8
159
91
13
65
115
63
78
43
100
183
116
36
104
64
69
38
44
76
32
77
138
48
55
79
67
50
21
25
23
61
28
43
22
62
49
96
37
104
4
180
6
23
206
7
33
61
80
162
52
14
34
6
8
50
46
36
56
89
136
20
2
193
87
89
28
60
13
33
21
28
23
78
76
133
16
27
58
17
139
132
104
83
13
16
43
41
29
34
37
43
43
24
7
36
160
86
208
9
99
43
12
12
58
64
7
63
10
57
31
46
142
56
2
118
17
4
17
84
131
104
132
5
53
17
1
161
121
51
35
172
170
99
68
124
292
116
20
105
26
46
4
22
50
82
152
99
25
17
24
81
2
33
9
14
80
96
59
51
36
213
23
43
51
24
26
16
75
36
26
148
99
57
74
14
38
80
136
119
22
10
2
1
77
3
29
5
147
30
29
12
34
21
36
83
89
2
2
303
81
34
109
8
2
29
113
115
39
166
83
12
6
72
41
147
2
44
112
31
16
72
102
42
1
16
51
10
29
6
1
15
119
21
153
9
59
26
17
11
34
164
82
62
125
46
70
15
53
117
96
17
56
13
7
17
25
18
10
2
27
77
44
38
53
7
244
3
36
19
8
44
19
82
7
47
41
70
201
53
72
97
79
4
82
9
48
2
32
116
91
1
94
46
4
22
77
74
14
27
79
86
153
29
68
28
175
2
18
29
18
11
17
178
31
6
38
98
7
30
15
108
41
17
47
37
43
115
18
17
4
26
71
23
115
119
30
146
34
122
188
27
73
15
55
37
34
63
50
74
217
96
36
74
26
19
68
125
192
60
29
36
67
137
100
30
36
37
39
15
54
54
6
54
127
30
34
64
1
43
101
14
22
3
4
144
71
39
134
61
94
219
43
67
7
73
20
24
75
152
7
67
16
36
121
12
57
50
51
55
29
7
1
16
28
61
22
33
6
29
117
197
12
172
4
8
31
64
133
25
29
3
69
21
46
61
14
187
6
19
99
43
25
2
54
42
90
29
10
260
24
26
45
92
145
103
15
11
58
14
5
25
23
16
40
25
43
10
79
33
2
38
236
68
27
98
76
76
24
111
5
15
54
7
15
250
80
24
1
16
31
26
79
7
179
19
30
123
72
71
17
66
65
53
86
63
72
67
33
117
25
51
41
72
38
4
3
73
85
67
27
126
133
134
55
270
12
113
52
171
51
84
6
105
24
126
102
44
89
99
37
91
69
31
2
1
22
123
11
156
26
23
42
62
54
56
17
8
34
278
24
239
9
52
39
186
31
43
58
3
26
34
118
27
21
116
75
27
4
114
81
60
74
59
49
39
82
16
125
13
3
63
64
126
75
17
1
35
49
36
11
97
127
2
152
28
54
15
4
30
52
6
10
22
2
68
23
97
6
47
1
31
85
18
72
9
52
19
29
41
158
51
12
132
86
37
74
47
29
107
1
63
32
67
17
105
14
52
154
58
22
47
8
25
85
45
9
6
113
175
116
31
48
56
47
62
14
10
15
65
3
164
5
40
6
137
18
153
64
28
130
68
149
50
8
16
19
4
168
13
61
16
17
37
109
9
87
2
13
13
11
34
18
28
147
102
165
110
37
88
1
123
103
15
9
28
20
62
145
8
40
35
200
236
41
59
108
182
8
37
29
7
36
197
113
44
32
53
33
22
102
69
63
120
62
120
24
30
89
127
103
94
49
144
30
48
10
5
13
79
3
23
2
25
32
17
37
81
170
42
16
47
28
122
71
30
70
87
28
92
36
30
3
101
17
10
112
42
13
7
127
52
106
115
204
111
277
54
13
167
103
95
17
11
123
47
55
52
41
13
25
58
26
146
30
60
14
1
5
102
50
56
77
102
123
50
59
74
20
133
8
49
29
73
45
111
76
52
86
27
8
118
125
40
146
54
38
104
59
44
80
94
85
25
24
139
175
80
13
47
44
12
7
35
46
4
36
9
14
70
3
31
95
8
16
84
10
14
24
340
29
271
8
16
37
24
6
38
16
13
27
11
41
64
1
49
66
10
36
94
114
40
17
1
47
3
126
13
70
5
200
2
77
21
160
29
12
3
10
57
60
20
18
45
56
123
22
49
74
204
24
111
179
25
10
54
131
31
179
63
19
195
17
46
16
100
9
16
159
142
83
37
113
48
233
51
189
57
86
25
50
11
22
31
71
17
20
23
37
6
80
33
55
40
45
122
82
42
65
37
16
26
32
1
86
34
55
10
44
50
14
22
13
7
11
25
37
23
21
172
57
81
41
68
87
120
30
33
45
85
83
11
57
19
56
9
301
72
138
106
7
8
99
52
15
24
12
154
194
74
113
24
9
167
31
122
10
55
51
100
12
44
78
63
242
2
21
350
12
7
29
190
80
305
30
55
47
30
144
165
77
63
10
39
41
43
93
25
42
52
298
2
15
25
80
80
56
39
12
17
153
151
8
107
6
48
76
64
54
7
27
15
28
23
77
89
27
1
122
7
89
11
45
2
62
26
22
55
13
206
60
91
47
147
59
108
82
2
15
20
14
26
151
64
56
19
9
34
27
46
59
56
93
40
13
15
26
27
113
2
27
124
96
3
37
84
1
161
125
33
152
25
17
137
20
29
28
50
19
5
147
29
80
57
4
132
12
40
16
44
230
29
47
49
102
68
74
168
32
4
38
64
44
1
33
17
29
85
24
180
1
149
13
68
91
73
67
16
38
136
22
35
8
5
79
46
23
28
27
3
29
36
26
185
90
54
15
38
8
100
59
25
208
70
67
68
52
34
27
13
42
28
40
56
2
5
7
333
22
26
42
13
28
4
47
7
148
105
19
36
44
24
5
24
104
29
22
3
45
43
54
55
20
116
33
18
96
34
56
8
12
243
63
89
66
132
70
113
68
87
53
41
10
95
22
102
177
11
142
10
22
56
12
199
20
150
26
142
15
64
17
20
10
48
73
47
14
124
27
93
42
15
16
45
13
10
72
18
64
80
97
19
92
73
7
74
14
53
35
59
22
33
20
158
5
173
89
33
30
195
19
84
14
49
113
123
50
5
85
117
89
49
58
1
15
9
29
4
26
28
367
216
12
6
8
34
36
5
67
30
165
48
60
58
99
7
58
52
8
85
8
34
127
49
37
175
10
9
4
77
91
87
159
103
26
101
45
25
13
11
18
100
134
32
50
124
91
46
21
299
62
19
168
87
3
57
169
36
11
75
17
264
106
26
14
19
93
73
40
37
27
13
84
4
27
100
164
135
45
130
29
49
116
92
31
52
221
17
148
51
13
4
10
132
96
287
30
48
43
40
146
18
41
13
17
23
166
35
276
22
148
53
15
29
24
24
64
472
90
70
107
82
20
74
28
18
166
35
80
4
265
48
45
39
55
33
17
37
2
58
1
25
174
33
88
7
31
15
116
10
81
44
150
25
14
8
55
82
120
204
29
23
55
2
1
85
121
57
90
21
72
12
7
124
12
168
346
5
16
86
26
118
62
23
9
67
1
43
41
58
142
57
94
100
13
64
19
130
29
6
33
5
6
28
45
47
422
111
9
63
85
3
7
20
5
67
72
77
58
107
74
23
159
18
1
56
39
12
46
380
23
31
6
100
159
11
16
92
49
6
4
53
258
101
61
201
75
52
42
7
21
12
245
52
31
51
279
82
177
11
66
90
25
29
12
11
37
3
93
54
4
14
9
41
147
72
27
13
240
49
51
89
43
34
4
1
278
120
7
73
43
41
46
92
160
11
22
169
18
59
73
9
321
12
41
31
183
178
5
15
7
12
31
75
81
5
29
40
17
113
13
5
78
9
66
21
180
39
66
71
100
26
151
49
69
21
39
26
15
86
31
6
103
161
101
1
35
48
115
99
136
32
11
119
22
17
69
241
27
7
22
19
234
92
1
49
185
58
218
35
25
18
21
10
8
64
37
12
133
58
28
185
15
81
80
3
14
38
43
47
1
113
16
1
20
22
82
48
108
3
48
44
9
47
11
37
406
11
38
22
85
1
81
92
20
11
143
35
14
72
39
42
31
24
19
22
2
35
51
32
147
44
4
126
23
59
75
245
77
78
5
44
13
35
63
28
20
30
38
109
9
108
80
22
82
27
39
83
15
27
193
79
49
33
50
66
27
56
6
34
18
26
64
57
20
25
57
144
67
110
28
60
110
35
30
193
96
216
58
55
96
163
47
2
78
132
117
13
92
14
90
17
26
26
44
46
185
91
25
12
35
134
101
58
15
47
107
71
49
7
39
146
15
11
23
81
124
31
100
9
51
20
30
16
29
67
238
27
137
94
9
30
221
113
13
247
36
2
33
12
18
17
56
12
116
46
13
52
26
144
117
13
25
36
9
6
34
11
84
172
41
7
27
32
78
7
164
22
29
58
11
70
30
30
68
7
21
7
255
259
18
116
16
9
28
6
75
124
34
92
135
75
17
94
70
187
39
5
48
115
62
15
207
10
55
2
57
5
28
70
60
13
100
242
11
92
21
183
13
30
70
67
140
85
56
210
165
124
69
20
26
49
30
66
67
113
31
23
5
18
67
24
118
76
52
15
22
30
27
15
30
25
49
57
18
116
179
75
14
49
5
80
78
7
130
12
86
63
39
63
49
65
56
230
98
60
38
62
98
170
72
64
45
65
25
93
15
23
7
7
121
86
46
16
28
27
166
64
9
115
149
158
113
92
62
77
4
186
12
86
20
131
115
12
180
48
33
22
50
9
32
101
15
18
30
11
3
6
83
16
19
82
70
34
31
6
23
35
64
105
13
54
6
108
69
25
165
20
21
127
16
16
74
5
80
39
45
64
130
175
9
51
6
199
158
29
124
179
152
56
112
66
11
1
10
7
56
4
69
24
80
4
99
22
247
95
5
70
47
290
12
76
5
90
87
51
51
136
167
17
10
55
53
106
55
39
36
13
36
115
60
14
128
3
5
2
155
19
84
244
135
99
233
23
26
3
21
50
27
41
177
6
70
114
93
119
4
25
3
89
232
293
20
4
88
11
49
49
84
30
71
132
60
67
74
53
35
3
193
112
50
24
112
87
113
35
7
27
113
4
32
85
77
51
3
154
121
72
64
11
30
18
35
36
72
43
145
17
113
61
83
45
130
22
86
1
17
69
188
155
92
190
22
66
154
44
7
51
159
7
18
6
144
82
6
42
131
17
27
33
30
55
148
18
9
1
117
3
132
8
32
16
112
114
86
101
83
25
44
76
85
145
199
72
45
29
111
41
99
15
23
36
49
2
15
97
123
128
85
49
67
15
71
91
39
69
6
15
5
6
9
38
32
100
55
73
1
41
1
17
25
127
39
25
126
23
30
101
36
49
153
22
2
159
93
42
6
24
40
92
40
21
84
82
34
214
23
51
55
23
83
83
114
151
106
122
242
5
55
155
84
18
105
138
40
222
19
80
5
87
7
16
6
33
2
15
12
23
27
40
9
88
1
1
16
359
7
13
18
5
77
23
83
84
44
48
60
24
22
51
33
22
6
16
29
23
50
67
107
73
77
2
200
31
4
68
57
16
23
15
30
141
8
46
4
11
50
52
40
166
39
4
191
62
68
17
25
3
76
35
135
26
10
48
120
21
5
75
89
6
32
45
29
46
100
3
24
14
15
17
84
265
10
127
33
125
31
84
36
96
24
88
42
31
78
68
114
36
31
37
14
70
274
31
48
52
78
45
82
8
104
75
112
2
135
1
43
67
106
105
22
281
18
51
17
3
64
28
23
65
116
43
39
136
128
52
95
124
2
11
157
38
111
34
127
84
32
25
18
101
26
1
32
25
15
80
114
109
75
131
57
6
3
34
37
61
263
24
44
20
4
46
31
2
2
54
11
7
11
37
34
64
39
23
17
93
38
10
42
5
13
60
54
76
36
25
61
148
33
99
17
12
33
38
25
58
108
24
26
28
8
67
82
1
45
15
85
39
19
227
10
15
39
60
5
14
1
66
8
38
50
62
25
40
74
118
7
19
16
48
11
25
35
43
14
139
204
14
33
37
90
31
113
160
29
32
82
95
153
69
199
15
68
234
31
6
6
49
45
65
27
15
27
223
13
3
30
77
47
95
126
37
54
52
92
229
53
42
41
79
3
8
7
117
46
20
51
83
61
133
24
36
66
2
57
122
61
11
191
123
13
31
21
20
59
205
28
16
49
49
37
4
343
28
23
109
22
114
38
6
110
34
133
4
38
45
27
98
120
21
61
30
57
42
16
29
45
40
52
75
10
42
8
45
19
62
4
9
61
64
115
57
88
109
25
81
4
6
82
6
9
29
22
28
24
18
80
2
277
113
11
109
13
44
39
146
12
88
17
57
165
144
124
31
59
48
121
6
9
2
39
26
23
10
36
96
42
6
18
1
207
29
218
7
207
19
199
158
37
35
185
17
62
71
31
14
12
32
55
34
29
89
34
104
1
116
35
69
26
90
28
30
47
60
54
34
50
19
51
135
23
118
119
99
46
65
89
8
99
96
94
142
8
94
36
26
133
69
47
27
57
57
72
13
93
50
102
29
230
29
6
26
55
65
9
19
29
46
1
50
6
143
185
53
162
48
59
83
110
19
16
51
25
5
22
96
20
8
12
271
54
66
160
38
7
232
43
62
90
33
13
381
56
75
64
151
22
14
181
63
54
17
9
357
34
89
94
7
6
10
65
174
43
59
22
171
100
55
122
14
41
61
63
30
72
87
2
12
38
37
5
12
99
6
15
259
189
44
3
92
4
14
31
4
257
66
43
48
61
2
17
29
4
125
38
51
7
102
16
23
29
63
59
10
88
39
10
19
1
153
2
18
38
27
86
14
4
37
79
4
16
63
75
21
7
5
12
10
83
56
26
81
98
72
8
78
31
33
26
22
27
325
31
73
83
72
49
3
15
18
32
9
130
12
146
11
37
54
57
116
226
49
41
24
13
74
29
33
3
32
195
38
23
19
12
299
109
53
29
89
36
172
5
76
34
11
26
98
22
88
33
1
55
38
96
40
84
11
27
55
88
60
38
259
328
60
6
39
31
57
15
71
100
87
6
163
88
6
4
18
158
8
78
34
21
44
90
89
58
7
255
187
51
28
7
82
58
166
14
43
49
71
14
12
328
70
60
48
7
71
82
196
50
177
17
173
12
103
162
1
25
34
30
10
40
21
27
22
50
30
228
18
452
74
59
232
25
3
84
21
6
16
265
3
62
7
135
9
232
57
113
61
69
336
20
45
17
12
29
83
103
50
40
57
73
78
13
188
1
22
64
42
68
40
253
165
9
39
133
3
140
54
26
22
26
85
58
151
152
48
4
92
42
6
50
14
2
9
119
70
47
42
209
41
14
25
28
4
14
72
2
27
124
57
93
85
18
58
55
40
43
45
93
88
51
295
13
47
13
75
100
108
36
10
55
67
38
74
199
32
22
37
85
114
150
112
9
20
60
10
137
69
20
56
65
8
90
2
69
8
17
6
54
156
22
176
13
5
58
94
26
46
71
6
241
94
3
30
21
132
219
72
165
43
30
59
3
10
32
82
2
77
42
66
124
23
73
43
8
58
157
69
48
7
71
15
70
88
49
27
69
34
5
10
13
46
151
111
98
50
33
8
4
1
24
13
28
17
7
85
12
160
27
260
106
28
26
47
122
149
153
110
120
62
2
10
146
16
6
51
7
32
101
121
39
47
67
31
15
20
61
164
33
77
70
41
52
28
30
46
21
70
2
161
26
18
126
18
10
8
39
45
51
7
109
35
64
84
62
56
1
13
63
76
80
75
43
26
2
10
79
59
61
83
69
166
139
165
33
77
41
57
84
34
17
16
53
1
84
7
14
4
13
49
26
42
25
78
60
25
70
113
52
24
38
37
52
55
52
11
49
39
45
32
90
14
35
75
127
16
117
23
147
19
9
35
3
31
23
118
16
7
31
88
5
85
7
134
142
111
7
121
38
60
27
8
73
307
21
57
23
52
219
33
15
74
35
13
13
2
69
87
160
30
108
81
67
57
99
98
31
3
17
338
98
209
129
107
30
207
5
20
16
101
115
13
193
1
28
64
18
35
2
38
191
3
3
68
40
1
122
41
156
27
21
64
103
37
155
31
14
50
43
32
55
4
14
38
107
37
66
73
40
47
1
285
103
82
5
88
10
23
16
3
3
35
304
3
497
44
72
167
197
59
16
35
14
15
8
33
89
71
12
24
100
45
21
96
61
78
29
1
102
109
112
66
45
155
49
114
27
67
69
46
91
15
35
12
52
60
128
63
11
101
101
36
87
109
5
51
31
60
36
23
79
5
193
120
47
153
4
18
310
196
40
6
63
92
136
78
21
81
25
78
82
8
37
18
121
1
289
27
6
51
37
105
47
41
138
48
57
30
68
13
60
107
2
1
118
86
11
11
42
2
3
98
52
126
38
39
87
65
28
1
3
114
194
23
134
142
29
29
12
15
45
13
6
10
49
20
87
109
40
34
27
23
155
33
71
26
136
80
3
124
62
161
225
6
33
109
13
11
233
16
23
35
29
148
39
41
81
33
51
14
40
45
144
50
20
2
50
12
5
7
3
9
20
32
226
108
42
105
259
18
19
79
36
63
29
144
158
14
85
102
90
10
35
38
44
34
131
53
51
123
37
55
52
35
33
86
48
82
1
130
16
123
7
41
14
17
18
20
84
19
3
36
355
237
266
54
62
5
224
3
77
37
56
21
5
31
93
73
36
110
30
37
1
4
27
27
144
40
127
34
27
123
82
4
152
3
5
1
36
48
35
54
172
17
18
124
38
79
63
69
57
25
60
31
17
1
219
6
59
7
17
69
37
93
38
9
134
220
402
57
230
77
52
2
45
24
17
26
99
38
64
19
171
41
22
73
63
58
90
154
21
30
35
200
51
140
172
161
8
81
18
13
48
86
18
12
29
4
284
53
57
7
13
13
145
146
5
42
46
16
74
60
114
128
22
20
37
63
77
29
6
15
3
16
24
198
47
72
67
38
13
19
48
56
37
33
58
111
134
76
12
2
125
2
13
33
124
66
23
173
62
122
97
14
29
4
22
327
5
18
3
22
127
48
39
21
73
34
87
85
24
33
118
71
30
82
172
36
12
57
65
43
171
8
31
218
95
44
7
178
79
55
46
130
22
20
24
79
41
108
73
298
70
82
95
16
30
201
271
169
75
1
23
73
123
35
98
29
14
27
147
67
48
30
26
52
75
5
71
154
195
211
2
27
62
118
53
20
92
63
315
29
62
40
29
45
223
9
135
11
43
22
17
59
42
16
59
13
34
44
4
39
108
230
114
29
31
76
2
21
72
19
336
52
71
103
146
31
47
17
58
1
6
4
29
89
190
44
20
160
47
152
201
112
175
6
20
10
28
161
125
20
4
18
114
11
152
87
123
1
48
111
40
30
14
173
108
62
22
53
10
24
43
22
47
78
32
9
8
15
11
106
14
10
18
3
229
27
84
21
39
29
17
62
94
172
3
60
32
77
51
85
115
104
38
108
141
26
57
80
14
49
42
4
55
37
36
40
77
29
57
265
11
53
164
53
42
120
139
60
124
136
3
77
50
5
12
33
224
51
5
77
175
93
80
28
8
40
164
8
107
92
118
8
28
62
3
41
88
23
10
158
106
29
36
176
166
49
168
20
3
40
22
25
23
23
97
83
230
32
38
66
9
23
111
34
192
13
17
129
108
3
186
19
26
92
27
2
85
53
13
27
91
41
136
131
21
34
42
102
2
2
37
417
54
42
136
9
120
1
63
49
58
224
8
73
75
71
2
99
21
128
25
37
100
46
79
6
5
63
79
33
27
92
8
217
19
77
142
113
3
116
43
50
91
23
142
3
40
120
89
5
124
25
41
159
23
17
19
29
49
8
6
135
22
1
97
40
8
24
9
9
69
46
15
90
12
51
214
16
85
166
5
66
54
41
17
42
145
51
90
1
62
78
64
5
48
76
12
66
5
36
116
93
140
63
31
145
34
74
151
10
91
146
28
48
223
48
98
69
32
35
12
39
76
98
33
76
21
169
54
84
1
183
23
59
10
69
4
49
52
17
50
128
67
17
30
90
48
100
137
3
9
24
64
121
2
22
30
65
159
46
32
35
52
48
64
16
39
68
150
207
6
46
68
31
2
8
50
34
7
78
7
6
5
81
1
25
55
2
117
117
23
77
53
21
80
14
63
176
33
24
5
26
34
15
31
111
28
32
6
24
94
1
36
33
76
4
213
29
34
273
105
5
20
124
45
21
43
84
34
13
50
226
172
3
56
53
5
206
68
5
14
1
234
20
78
21
46
75
8
1
115
49
76
17
18
9
39
101
32
28
14
25
16
7
41
75
28
32
197
26
77
118
28
67
43
25
7
8
15
4
12
53
3
5
47
27
167
57
26
38
30
31
10
22
112
39
68
23
24
126
96
40
42
6
37
3
138
2
12
121
15
20
16
118
131
184
4
31
73
18
138
62
169
66
51
24
84
208
124
2
139
37
17
9
77
140
59
75
109
10
10
33
21
6
69
58
78
2
10
45
72
110
45
187
62
50
55
105
35
4
2
68
18
26
66
8
164
156
10
67
28
8
28
81
100
116
40
51
50
167
1
149
21
22
178
54
1
16
9
3
99
24
3
11
188
38
13
25
32
9
11
81
17
184
49
6
34
22
32
3
16
70
29
35
9
49
44
27
15
24
53
159
6
65
66
125
86
103
8
6
31
17
6
41
10
11
65
3
45
331
64
35
2
99
10
41
39
115
36
170
11
33
17
30
10
34
54
58
1
117
6
30
2
16
33
82
95
48
13
72
55
120
46
1
1
20
1
69
11
38
57
74
19
52
3
6
11
22
4
10
5
42
41
49
27
18
4
7
115
419
168
61
7
20
14
111
116
86
6
1
73
43
6
8
23
169
12
139
8
29
34
6
125
56
210
8
57
65
49
7
34
43
6
3
180
66
199
61
29
36
2
117
9
51
39
2
141
62
24
109
3
8
121
32
243
15
155
32
165
57
102
9
70
29
74
150
23
157
5
1
32
3
61
24
135
66
92
77
212
21
102
77
11
79
18
136
52
14
41
1
34
10
64
33
57
165
203
197
107
49
98
114
39
3
13
70
79
1
79
90
191
2
55
39
15
71
35
3
29
32
35
91
21
237
145
2
43
16
93
34
16
188
17
136
103
26
4
50
57
59
174
29
38
24
8
26
281
60
19
7
32
128
32
17
41
39
62
27
25
18
3
106
32
26
112
35
15
32
63
106
31
10
65
42
7
58
35
153
14
184
13
359
82
2
42
86
48
90
240
89
64
7
101
50
144
108
38
57
19
52
311
15
22
72
159
81
18
5
66
81
105
14
19
32
40
125
25
93
139
12
153
59
11
24
29
104
78
3
168
63
7
48
43
83
3
54
32
18
110
11
40
21
62
68
144
57
38
54
34
5
94
26
34
45
210
11
1
21
68
29
71
38
239
44
15
10
127
28
39
75
31
27
183
9
47
59
33
15
35
17
107
31
124
29
31
170
58
87
15
4
113
144
63
72
57
39
77
75
45
56
12
2
97
20
114
59
21
13
15
13
24
86
30
140
28
247
37
50
50
34
10
63
79
38
5
77
3
28
2
126
1
70
81
77
4
5
239
11
49
41
54
58
55
8
60
125
4
59
47
35
105
178
174
60
102
18
65
47
5
42
198
20
143
131
29
206
100
282
113
66
13
30
138
186
90
82
157
23
5
17
198
50
49
240
143
36
73
17
19
45
128
48
2
188
42
23
58
10
89
74
76
12
8
44
1
45
5
17
72
14
26
3
113
23
53
60
22
57
31
7
14
66
16
135
20
89
9
101
84
147
32
94
49
76
17
164
58
75
21
32
53
22
15
34
30
107
40
96
26
145
13
7
8
78
7
20
42
57
8
16
7
137
110
84
193
49
24
19
56
84
99
76
55
39
2
45
86
50
154
89
62
19
157
90
115
19
139
166
89
186
13
12
43
31
29
148
21
36
34
9
118
115
120
8
40
233
1
59
229
23
168
7
75
209
53
113
137
87
81
60
93
19
53
212
99
7
26
57
107
18
100
24
54
166
32
22
215
49
58
113
51
30
73
4
75
53
16
30
21
52
105
69
42
127
17
13
75
4
44
53
42
60
14
59
55
37
58
21
134
3
38
62
75
41
3
17
26
10
41
5
5
6
75
156
127
44
75
153
25
2
22
11
13
15
102
172
2
6
21
117
3
65
253
13
72
31
31
27
65
59
20
29
393
46
10
38
93
14
32
179
60
27
5
5
32
143
101
35
38
14
11
79
102
6
51
13
78
7
62
13
51
14
66
38
59
8
252
2
66
10
28
134
83
13
52
31
16
5
73
40
74
46
31
58
9
146
12
108
177
67
71
2
155
104
3
52
15
78
5
6
118
43
28
97
1
15
9
35
13
19
156
30
37
75
34
14
4
33
13
6
8
29
13
68
7
65
19
53
2
9
129
4
67
81
8
23
234
13
1
52
58
51
51
12
121
36
59
18
80
28
20
10
11
4
8
16
43
140
85
97
14
57
60
233
110
2
47
16
16
200
219
30
12
16
76
52
129
28
28
117
64
159
120
3
30
173
84
14
59
8
35
160
61
29
290
144
20
199
90
149
47
101
69
211
29
80
33
9
24
57
57
73
1
24
19
175
2
4
36
9
7
102
74
60
1
10
23
74
53
22
39
14
78
65
1
47
39
56
44
150
230
62
285
163
72
10
199
23
115
3
27
148
119
35
15
25
25
12
73
176
100
37
92
94
8
22
149
37
43
88
17
62
47
4
52
62
56
47
31
27
106
37
9
20
16
16
52
39
146
55
107
82
59
144
74
181
8
46
147
43
38
178
109
72
21
7
2
45
20
8
79
3
7
33
8
60
147
34
120
21
28
15
96
29
84
33
2
80
113
56
162
125
119
122
20
24
110
166
7
54
17
22
72
87
17
78
63
17
100
14
18
21
17
6
111
18
29
264
18
77
163
76
1
20
103
90
27
91
53
102
140
110
50
16
30
124
27
34
51
5
60
70
9
7
57
331
119
12
19
89
9
184
38
51
20
185
17
45
40
67
72
204
96
18
28
69
63
81
53
85
123
80
111
255
93
28
12
4
30
40
7
162
12
53
14
102
123
5
12
91
24
7
71
62
1
36
101
85
73
21
49
80
28
228
83
151
52
41
33
17
15
56
15
216
3
51
148
39
9
27
90
46
72
66
78
119
46
13
5
142
44
54
3
112
270
8
20
404
53
98
18
5
5
87
28
51
66
60
45
24
14
35
9
129
12
39
49
39
26
21
12
9
33
28
57
12
38
11
44
22
162
91
171
10
61
116
41
297
5
76
16
66
36
125
11
51
41
22
26
95
40
14
19
10
29
33
183
7
157
112
187
15
52
11
212
6
69
26
67
41
118
21
14
29
53
5
196
186
56
15
6
7
35
106
119
13
30
63
4
49
80
244
154
63
102
162
68
10
182
58
59
10
108
4
7
48
13
23
46
12
120
17
8
37
32
24
46
81
4
3
34
27
4
19
153
44
28
32
47
44
47
30
8
95
78
187
33
14
1
21
2
33
9
115
82
78
31
137
16
114
29
50
30
3
101
9
47
78
3
207
23
394
60
63
9
50
70
58
21
142
8
93
19
116
3
74
7
42
30
19
17
194
218
83
24
94
5
66
1
4
83
87
11
197
6
113
46
302
6
4
40
80
2
56
25
25
3
178
10
24
64
65
10
261
96
85
36
16
19
110
122
38
102
18
187
55
37
25
73
122
28
17
58
18
132
106
161
8
33
73
17
41
26
166
118
43
115
71
58
105
47
92
28
194
17
94
27
2
29
66
141
59
6
10
6
35
36
17
93
5
72
97
24
21
29
45
93
272
103
47
3
93
49
26
65
29
32
10
368
95
45
36
93
42
77
5
171
100
74
18
57
5
57
269
85
273
47
19
36
148
11
47
24
31
55
14
242
16
4
5
91
10
35
55
193
46
23
54
50
1
55
68
50
66
35
21
1
2
36
55
205
4
18
52
9
73
48
14
49
151
6
7
8
26
34
42
113
27
187
133
12
155
6
44
26
28
4
28
59
23
46
13
13
148
45
4
69
28
40
37
122
7
31
38
20
34
2
30
124
59
16
25
38
36
80
23
48
48
26
36
215
38
98
41
13
2
167
120
75
52
94
36
77
39
3
4
97
17
45
246
4
45
18
69
58
69
43
9
22
40
9
211
19
39
84
23
5
98
7
76
234
59
126
50
6
38
72
116
10
20
105
57
7
5
52
21
46
8
4
126
10
171
96
122
58
62
145
32
89
18
64
50
175
121
13
107
2
116
5
115
24
11
29
29
45
57
25
29
112
2
77
170
95
25
9
53
45
67
74
67
26
31
5
23
36
35
20
136
46
6
46
13
200
11
120
156
4
45
154
28
15
6
144
2
17
179
5
15
155
77
8
5
52
9
35
8
4
70
27
57
42
41
83
14
16
43
206
57
75
18
112
112
41
71
93
156
50
206
19
98
54
55
12
30
194
34
49
67
25
124
66
19
32
120
53
166
230
34
67
95
32
46
159
95
30
18
42
13
5
7
17
238
52
110
22
19
19
153
31
22
34
107
73
47
1
48
131
21
190
20
259
1
1
86
20
167
11
159
18
18
34
35
30
190
42
134
66
9
82
50
6
48
77
32
1
45
83
229
5
47
60
45
2
59
51
18
3
94
14
149
53
9
81
134
25
30
37
133
8
8
74
240
9
44
11
19
26
20
85
31
26
2
22
15
181
10
34
10
6
77
51
18
109
103
69
50
88
5
104
3
123
29
25
30
68
70
113
55
65
21
174
68
165
13
75
75
47
60
52
139
54
23
115
118
234
133
8
44
3
13
87
7
9
184
57
115
13
15
68
25
54
92
25
56
162
52
18
11
20
8
97
25
12
75
51
25
85
87
41
7
45
16
12
52
44
25
54
35
52
62
27
24
7
189
47
15
24
58
6
23
156
20
35
11
8
32
99
56
35
99
68
152
54
90
182
12
22
72
20
80
29
137
65
53
10
58
18
259
7
28
102
26
5
14
18
117
34
131
2
85
103
35
34
41
25
69
47
52
3
128
2
57
73
28
7
100
60
160
61
15
2
38
8
61
210
105
11
12
72
24
41
301
32
21
48
66
6
4
145
107
49
101
25
55
66
86
17
36
51
53
48
61
18
217
148
10
35
106
10
3
21
91
27
99
30
20
57
30
8
71
2
41
12
109
102
52
50
32
107
95
78
36
7
26
46
53
123
10
20
61
20
6
84
36
68
12
54
10
81
100
26
8
11
10
71
63
28
55
4
158
12
112
3
43
144
129
124
260
15
64
18
58
16
137
5
86
28
91
59
31
11
43
22
92
192
127
3
50
2
45
84
63
12
35
19
193
43
139
118
17
70
77
21
60
19
94
24
8
37
3
91
107
56
103
7
65
12
24
30
79
33
20
29
56
12
11
16
262
24
42
33
54
33
210
20
25
68
8
184
2
8
2
24
27
26
1
99
76
64
9
4
32
36
6
33
4
15
104
53
8
67
39
4
44
10
59
30
52
52
69
107
15
50
9
20
80
65
33
101
31
126
22
139
13
63
139
215
92
47
190
13
18
20
127
86
14
2
70
186
91
5
45
42
34
29
44
1
6
93
213
60
85
31
122
216
42
9
34
1
57
133
93
44
32
45
39
174
94
91
39
46
74
87
33
115
34
58
20
165
80
47
50
254
1
9
11
129
2
2
4
268
47
65
119
42
16
215
71
103
48
32
145
52
30
49
12
23
189
48
56
54
9
52
9
85
14
35
21
2
27
367
40
12
74
81
12
1
27
48
17
20
24
6
33
109
27
99
12
2
21
90
60
35
53
38
60
5
42
20
25
36
5
27
58
52
69
104
15
90
52
2
104
14
33
37
90
220
108
124
34
115
54
64
14
11
155
109
13
35
42
30
53
45
13
116
61
77
11
11
71
17
92
15
156
3
125
157
60
7
26
36
15
42
56
4
5
21
81
132
38
68
77
144
68
12
136
396
16
83
55
33
200
29
76
161
154
6
119
91
34
47
58
85
17
32
48
167
143
41
44
6
71
10
17
106
69
19
19
23
2
244
64
5
110
36
64
7
19
102
1
115
26
56
2
221
113
109
141
63
24
103
5
40
68
205
40
20
52
139
58
23
75
152
65
51
171
70
58
97
15
3
13
53
46
131
194
111
75
59
32
80
37
12
38
13
29
74
136
23
95
47
35
28
17
48
8
6
31
60
43
21
44
53
80
52
6
27
16
81
215
37
127
81
21
72
119
6
3
10
43
121
34
128
116
163
27
32
71
9
10
16
32
32
38
41
18
7
7
273
16
7
87
180
221
23
35
46
107
87
16
97
108
4
100
81
15
17
62
51
3
48
26
51
27
71
154
4
19
39
49
73
156
26
27
77
91
18
58
77
42
30
41
154
61
56
30
162
72
90
67
109
70
8
33
22
75
122
139
12
9
23
52
11
51
25
61
30
85
127
7
24
142
32
65
41
2
38
70
1
7
3
95
69
6
99
91
76
59
5
52
4
25
40
3
1
4
60
76
6
10
35
55
34
12
209
20
6
111
24
101
52
52
3
152
75
47
36
124
58
77
34
41
26
357
79
12
160
337
104
216
62
183
38
177
62
90
156
8
11
77
25
13
49
48
23
73
77
58
139
109
194
97
3
57
32
58
133
11
26
71
25
30
56
72
62
120
9
65
70
213
247
60
4
107
41
340
1
14
1
10
39
36
287
62
13
100
77
4
24
26
3
36
20
55
38
15
35
79
25
16
16
32
109
52
25
1
15
4
10
409
1
1
12
111
2
69
109
52
54
25
24
44
14
99
81
45
14
29
23
48
168
31
7
20
142
36
91
64
4
25
33
7
171
28
6
62
25
41
24
202
15
19
24
69
21
52
53
44
132
156
100
64
28
107
128
24
75
12
81
61
154
33
19
38
167
24
32
102
41
185
196
36
40
36
1
135
15
26
131
26
36
67
103
207
49
31
87
37
4
4
5
153
15
7
5
4
47
13
42
100
66
99
8
1
110
57
38
16
31
442
6
1
23
43
2
71
48
57
12
71
128
24
45
45
35
27
19
24
80
6
68
2
38
1
213
51
32
32
162
16
46
5
39
31
6
4
33
10
42
11
47
74
34
165
23
2
223
8
92
56
43
3
41
26
9
117
31
96
61
9
59
7
23
99
156
12
359
68
32
32
101
48
64
58
16
13
47
62
26
35
15
163
25
125
129
58
85
39
9
69
79
74
129
8
71
43
3
27
21
197
114
29
65
14
12
48
53
58
42
91
9
60
64
64
79
9
359
61
12
64
86
154
7
26
88
11
5
58
2
19
31
5
117
25
63
94
86
5
22
174
36
193
96
17
29
128
31
8
4
10
82
59
49
131
15
41
78
94
96
212
7
24
90
3
44
12
15
57
8
8
111
50
39
72
17
59
13
1
39
34
14
39
44
152
18
6
39
13
13
57
40
62
21
41
23
74
7
81
51
30
107
3
101
53
7
103
66
33
10
77
134
76
26
12
58
182
114
140
11
14
107
10
58
9
34
155
14
6
74
82
56
2
27
46
7
136
39
62
16
57
43
61
15
18
6
101
50
13
19
126
45
194
10
179
72
59
23
30
4
134
29
40
43
75
30
72
38
66
20
34
46
100
21
3
40
10
70
4
26
88
4
33
48
22
54
3
4
8
7
8
60
129
34
40
44
36
3
4
32
15
55
84
75
96
17
59
122
44
6
62
36
16
54
18
27
22
39
118
51
61
92
38
11
32
25
22
39
10
25
29
6
15
9
67
84
6
2
46
12
38
102
85
5
185
8
122
67
29
18
53
40
102
4
19
61
60
28
84
20
27
121
54
145
166
22
10
125
195
35
29
4
14
38
38
113
28
163
4
66
53
6
26
28
42
56
39
30
52
81
15
82
48
150
55
43
19
29
5
99
34
24
39
201
142
3
22
45
6
6
33
122
43
8
86
26
44
34
137
4
26
30
37
78
5
2
17
66
130
4
94
144
9
71
68
29
34
12
83
140
43
264
151
65
32
28
70
28
71
107
57
15
44
27
19
45
56
103
139
41
2
52
234
77
162
45
28
4
15
28
51
93
86
71
63
40
52
17
142
1
130
103
38
68
1
39
19
22
57
29
63
192
7
45
62
6
54
59
2
6
34
62
42
81
51
2
20
48
163
4
107
194
26
73
94
296
99
117
18
31
60
20
84
137
11
13
277
41
50
38
75
24
123
133
37
79
190
29
22
55
18
11
145
67
44
21
52
27
67
267
143
46
27
3
39
67
4
172
26
122
64
42
15
19
38
24
2
58
92
48
80
49
36
2
19
48
54
95
358
64
2
53
165
13
7
30
4
8
74
32
42
57
34
9
53
59
49
49
2
17
107
88
107
54
206
57
49
74
46
29
25
3
17
187
149
19
12
107
35
31
59
65
26
50
206
4
151
5
34
44
3
180
78
121
15
45
69
13
150
81
76
9
300
147
4
42
59
154
3
92
7
26
92
19
20
51
96
38
31
35
276
84
12
94
33
23
81
57
205
9
7
33
91
17
40
95
115
10
8
89
150
4
4
86
5
96
136
66
99
155
41
59
161
1
23
41
35
3
61
17
96
22
31
4
41
11
54
5
48
24
35
94
61
16
112
124
77
25
165
74
21
2
16
104
75
8
40
249
66
4
67
30
21
70
226
32
172
104
29
23
141
32
30
201
2
81
31
111
63
94
324
12
38
16
15
7
284
41
303
67
48
14
84
19
70
82
64
94
5
37
41
165
121
19
45
74
32
14
70
85
78
25
5
137
67
94
45
37
39
21
1
21
296
10
4
174
22
35
12
140
18
33
134
74
22
34
6
57
155
41
7
74
31
116
78
18
151
113
11
10
76
16
14
84
65
170
35
5
22
6
46
26
12
27
32
120
158
34
90
3
250
62
69
36
17
24
48
23
5
44
27
16
164
5
62
151
47
73
60
61
16
130
44
2
22
46
13
7
28
48
9
22
55
21
1
47
12
20
20
29
89
80
27
50
116
20
125
25
80
41
70
48
27
10
31
168
4
65
26
24
152
49
12
155
97
34
133
66
101
57
16
16
10
30
153
1
3
4
68
18
7
92
93
104
83
45
62
24
25
12
10
44
119
125
19
32
36
52
2
236
36
23
18
24
83
21
32
5
35
35
140
64
34
124
84
33
71
12
39
32
233
5
62
187
6
35
4
106
53
131
68
112
186
240
17
120
12
31
25
288
35
8
2
43
42
47
63
44
25
39
62
59
6
8
134
92
335
38
49
55
12
5
13
136
188
76
40
66
116
54
44
26
28
143
7
103
9
32
26
18
8
56
54
91
7
5
55
58
99
35
32
13
97
49
43
57
58
160
150
32
15
40
50
85
87
34
32
2
8
2
113
174
31
39
132
64
15
9
13
4
5
121
40
44
189
34
36
88
88
136
21
108
49
159
2
17
31
3
14
24
16
34
51
9
5
165
24
104
2
140
26
37
236
222
92
22
24
135
9
90
6
12
129
51
71
62
9
16
3
21
45
4
26
1
34
15
19
8
180
23
49
112
50
51
5
4
231
59
63
209
72
9
10
8
110
33
64
36
7
5
136
42
7
24
85
29
36
128
27
138
43
29
90
63
22
133
42
60
49
108
8
7
40
2
19
10
6
92
115
7
33
124
21
79
83
15
42
189
93
1
5
142
163
80
10
37
57
54
7
50
129
128
37
12
5
33
38
1
4
22
236
18
88
122
33
115
23
104
17
33
142
30
70
92
6
17
37
54
22
94
25
4
5
16
53
28
10
6
29
4
28
38
10
37
2
136
65
55
49
7
13
170
56
20
96
53
29
17
171
30
48
42
38
50
173
17
253
9
25
2
100
116
47
4
94
169
9
1
13
39
20
14
206
32
36
4
6
22
67
68
61
45
16
4
94
17
31
26
6
53
68
42
39
74
70
2
88
43
9
35
6
5
15
62
17
35
1
46
105
88
53
145
72
14
21
100
40
100
5
101
9
7
76
75
2
2
115
34
70
10
14
41
32
62
17
366
30
84
7
207
17
66
27
32
40
11
3
2
87
7
12
13
63
134
2
116
23
93
28
65
29
199
14
9
32
89
105
21
158
21
86
16
44
17
174
5
31
46
3
102
88
54
129
40
63
59
96
13
38
402
60
75
5
51
48
25
17
48
83
28
93
30
109
80
21
57
107
11
69
123
20
28
11
26
37
149
93
70
30
12
9
35
21
112
30
2
86
18
42
22
33
81
28
27
25
49
29
81
30
6
47
1
19
28
30
25
31
102
54
74
16
25
28
5
72
48
59
14
43
113
21
10
39
95
8
3
48
11
80
68
51
90
141
45
140
81
95
12
86
7
86
27
67
61
30
17
25
103
28
60
57
92
44
2
211
24
116
2
3
7
39
31
24
35
39
6
4
200
64
30
9
30
81
17
24
87
174
29
17
73
190
22
16
19
109
3
94
6
34
26
66
35
20
13
114
17
33
133
66
84
369
30
86
8
1
8
14
8
58
113
9
129
39
85
49
122
77
34
84
64
92
89
261
78
197
14
24
67
34
80
56
69
14
36
103
25
12
36
213
68
556
129
88
28
23
75
8
115
76
2
109
98
130
75
63
21
18
25
161
22
52
30
185
156
71
62
64
70
50
18
16
154
48
217
34
46
93
169
9
107
15
215
81
67
39
105
190
2
10
14
112
18
46
10
86
39
32
9
21
16
15
122
3
12
1
10
29
5
54
8
6
71
38
62
62
36
15
106
14
54
51
81
37
20
12
71
13
55
59
247
51
18
4
35
119
26
15
21
6
7
47
5
10
131
15
19
2
5
84
9
18
67
2
69
18
58
174
11
11
57
6
30
145
11
