204
3
50
85
23
94
27
6
79
35
74
113
90
87
11
11
30
18
23
5
105
39
6
172
106
9
158
82
14
90
24
122
171
7
4
14
17
56
3
45
47
54
8
5
17
15
31
86
22
24
69
49
31
39
206
40
12
24
17
105
95
87
53
27
7
21
47
15
433
16
102
159
105
6
48
186
61
33
5
66
44
111
5
3
48
5
59
41
74
17
182
92
316
74
59
305
12
15
201
26
240
5
36
53
73
476
85
167
105
62
19
3
28
7
108
5
26
53
97
45
6
26
89
5
20
162
113
14
231
20
56
114
26
1
136
9
46
27
32
55
49
32
6
3
10
326
11
49
147
65
5
69
1
86
177
7
52
58
47
14
65
3
64
208
219
320
162
190
126
39
204
134
54
19
25
56
197
127
1
57
137
163
23
14
70
311
4
29
139
2
27
38
166
144
39
49
26
47
211
29
79
1
40
3
15
30
9
78
25
221
42
101
38
2
36
4
224
188
111
27
147
81
19
36
50
24
64
37
52
12
36
207
16
23
66
9
2
109
76
26
52
46
108
47
95
152
54
37
34
10
6
35
20
49
151
7
109
54
111
2
126
92
117
85
135
37
94
70
23
69
92
8
14
22
9
25
53
5
15
29
9
74
20
25
263
77
75
47
59
92
4
111
92
84
128
13
33
15
143
73
123
154
170
80
97
86
367
154
21
159
91
44
138
50
243
74
135
34
355
43
97
159
63
39
42
3
21
25
64
83
13
30
166
143
158
8
84
86
15
256
59
57
116
133
132
68
54
62
228
82
34
6
329
142
31
8
16
28
96
185
90
197
30
79
50
143
145
81
29
21
33
220
97
123
34
55
49
49
248
138
123
233
16
23
84
9
32
69
90
20
29
47
167
18
99
39
66
316
63
54
9
6
57
149
3
77
87
59
11
143
62
4
4
156
130
49
47
40
8
8
100
19
169
198
115
20
84
107
29
54
13
49
31
66
28
130
45
166
176
57
2
15
46
33
101
48
77
18
35
53
185
85
17
47
8
6
13
6
14
157
19
55
58
90
3
52
32
59
25
17
25
44
135
3
2
255
4
44
169
38
105
59
24
51
124
66
6
123
66
51
65
60
39
18
78
46
126
4
96
6
69
8
137
24
29
63
70
41
120
30
58
116
262
3
66
55
164
165
2
83
44
67
48
2
46
37
52
61
32
31
6
106
78
105
2
14
7
101
83
69
6
12
26
17
44
82
15
19
120
40
27
60
83
9
25
34
38
29
39
14
49
26
46
164
69
59
51
7
94
351
25
67
87
17
13
81
20
16
9
18
8
101
3
233
49
95
142
13
136
90
29
17
89
19
4
124
215
12
271
3
23
121
207
39
32
131
21
226
65
139
46
130
1
32
112
37
107
38
12
86
153
20
24
37
71
9
65
85
26
55
73
119
16
35
49
26
33
31
5
41
24
16
131
56
271
12
172
10
110
60
90
107
38
14
95
13
85
19
229
8
19
87
24
31
33
112
40
79
22
91
25
29
5
2
55
27
11
38
12
38
36
17
18
148
40
1
93
87
18
9
9
141
15
64
55
98
1
13
100
39
5
52
210
15
101
209
65
42
11
42
3
19
103
25
7
39
2
6
9
92
154
73
18
63
72
259
6
21
167
135
152
14
8
18
79
9
5
168
1
225
111
5
42
122
13
12
11
12
89
23
239
32
1
9
7
26
120
8
69
17
31
25
9
2
34
21
68
156
26
114
7
11
55
41
70
84
45
44
6
8
54
71
27
26
9
85
39
152
3
110
85
19
21
36
27
39
85
32
128
6
40
1
130
140
119
293
5
118
32
92
355
35
22
32
229
236
49
57
45
100
57
3
20
35
28
4
66
25
138
1
4
148
7
45
79
35
92
35
139
26
84
11
36
10
3
27
71
140
30
10
91
10
265
27
110
55
8
30
129
33
52
170
210
159
37
37
17
3
142
35
22
35
23
19
61
35
152
41
50
30
79
28
33
19
2
18
3
17
84
30
40
132
11
192
102
203
37
20
162
35
24
114
31
54
61
27
2
9
42
107
109
47
74
8
62
91
8
120
5
83
36
148
44
299
23
113
57
83
15
104
54
93
41
42
38
14
21
194
13
17
58
47
319
16
8
21
211
51
153
20
120
86
17
17
30
71
3
20
36
263
55
72
64
34
37
108
6
10
87
85
297
4
47
58
179
101
107
179
152
36
46
11
21
61
38
32
36
16
59
41
2
135
30
29
157
9
98
22
60
68
26
39
57
114
147
50
200
23
25
43
25
10
61
60
70
57
171
185
64
31
26
70
74
2
261
76
1
9
60
72
16
70
15
4
70
7
65
11
12
7
6
90
12
47
74
10
143
25
3
10
8
73
135
9
54
71
26
2
37
71
21
65
66
15
22
120
83
62
73
123
112
126
29
215
217
13
93
25
65
27
38
54
4
57
10
91
76
158
171
73
49
11
24
34
33
41
31
87
107
113
59
32
45
41
180
95
60
41
131
29
63
3
126
55
177
30
2
9
94
16
43
57
2
28
12
379
29
321
5
35
182
207
74
64
86
132
2
21
286
102
78
7
27
6
11
203
56
99
55
284
61
114
239
14
6
3
6
167
49
47
54
32
34
7
12
32
95
64
138
63
105
33
31
176
36
135
37
90
48
117
18
10
32
48
95
44
43
60
165
104
50
26
170
40
70
57
1
52
13
310
105
98
55
37
45
69
286
91
2
3
201
7
17
48
11
81
540
204
11
57
15
126
100
255
128
36
3
142
209
98
53
7
224
107
5
66
38
105
193
229
53
57
119
13
18
5
74
4
294
14
42
12
64
29
236
53
14
55
1
13
20
10
93
12
68
25
58
25
5
1
29
8
48
39
61
82
46
184
30
65
198
43
11
8
108
11
143
15
231
26
265
11
89
31
56
157
105
233
55
190
11
41
8
12
64
153
14
99
40
9
6
96
213
10
61
56
90
222
68
49
29
17
3
62
7
31
23
48
7
55
36
3
126
31
25
227
43
10
51
17
70
58
12
4
52
1
35
12
291
192
74
67
35
19
14
119
121
33
20
25
175
45
12
23
5
19
64
29
58
45
72
28
30
140
46
93
6
105
9
165
19
59
12
95
67
21
337
37
75
19
77
16
43
32
229
58
34
24
79
7
71
60
15
80
18
24
1
135
17
133
59
6
120
39
18
71
43
230
83
213
11
50
122
37
104
24
39
51
27
155
27
12
65
195
37
54
49
67
8
72
135
86
88
35
6
83
13
31
27
45
11
18
25
247
13
66
74
100
31
264
43
15
145
65
12
10
105
179
79
96
20
112
8
23
62
18
3
2
55
7
173
51
37
40
15
137
200
35
61
74
270
108
43
45
25
114
133
16
30
42
116
44
56
129
3
34
133
76
60
8
11
32
56
3
73
108
55
132
47
3
9
50
30
66
22
10
42
12
5
56
19
63
52
111
3
34
64
35
21
90
36
41
60
50
122
76
22
288
39
8
190
15
26
34
79
279
98
9
73
212
34
139
9
46
130
136
47
13
2
17
88
37
9
35
86
20
33
55
9
238
69
75
22
55
38
51
65
66
368
15
49
263
28
14
28
41
90
96
38
30
131
74
32
32
71
125
40
31
65
443
9
60
127
116
13
13
8
168
48
32
21
25
90
77
147
249
134
19
11
42
2
57
226
12
15
87
2
38
34
12
109
7
16
7
14
111
36
6
24
56
85
50
29
187
72
4
15
1
1
17
215
25
42
55
25
268
31
8
17
6
45
15
20
135
18
4
87
20
91
56
308
77
140
163
81
25
193
35
7
27
28
6
176
182
26
126
38
2
5
162
51
97
96
120
154
69
2
19
77
15
101
59
236
8
51
62
66
34
39
43
75
57
59
3
90
20
5
45
21
286
364
156
41
4
127
14
96
27
22
108
109
121
20
73
87
61
198
12
52
18
94
145
111
45
37
30
29
161
266
94
171
99
95
5
106
25
79
55
39
26
38
8
68
58
103
56
66
5
188
8
53
21
178
170
34
269
25
36
26
43
25
133
119
1
55
99
155
11
41
45
93
50
14
198
19
10
48
2
96
95
31
142
68
84
61
124
12
157
173
143
15
65
53
51
18
58
37
10
71
7
52
66
20
56
83
72
112
30
34
54
98
117
92
14
351
157
129
24
8
322
43
90
161
1
188
75
23
179
28
19
31
4
94
1
78
4
4
18
110
14
57
73
58
146
89
44
90
59
11
18
25
94
75
58
290
56
160
78
40
175
92
30
77
121
120
286
69
12
73
12
49
5
126
287
18
11
235
24
4
98
35
51
23
51
85
36
89
28
144
59
14
49
5
189
12
128
113
73
14
43
7
87
61
5
7
197
1
54
34
40
103
7
19
104
102
106
55
65
110
3
61
3
95
10
98
105
82
54
116
42
23
12
33
54
42
27
42
19
20
4
259
33
77
125
86
53
185
139
18
250
47
18
30
96
140
152
20
42
16
7
189
56
113
59
12
132
6
5
34
54
295
13
98
21
48
24
13
52
287
124
36
68
104
88
9
42
107
19
38
110
156
16
99
106
18
52
12
125
160
4
72
44
21
192
51
300
18
16
16
8
127
35
14
47
6
25
7
62
6
45
157
25
66
8
126
92
52
59
23
31
17
52
212
21
101
45
37
95
1
51
112
48
60
48
11
12
43
34
53
42
52
5
263
55
30
22
50
28
58
5
36
13
115
12
1
7
41
149
31
159
193
3
91
139
58
60
261
23
23
76
54
125
182
79
8
71
71
47
2
73
21
197
5
34
9
9
133
25
22
211
141
82
63
101
19
15
24
39
106
122
123
40
113
22
86
13
10
21
96
208
70
13
36
25
135
73
45
27
21
13
52
145
45
88
124
179
10
33
4
202
45
34
3
15
94
18
41
28
47
49
17
138
142
26
168
19
234
15
252
48
7
10
112
15
3
53
31
15
17
142
27
37
129
3
21
19
13
123
106
5
60
88
100
75
7
9
85
6
83
18
128
46
4
8
32
16
49
85
69
34
30
162
18
7
64
175
20
180
11
15
9
137
1
28
135
165
134
82
170
38
24
317
79
5
33
233
99
9
81
74
25
47
62
21
11
20
94
19
108
23
6
38
1
65
69
87
24
10
34
142
164
23
42
60
36
11
10
218
193
19
128
14
152
19
2
41
64
96
102
33
21
61
10
35
280
139
2
21
135
26
26
21
26
12
22
5
75
6
29
4
28
6
33
39
18
15
18
34
37
222
5
24
6
7
56
66
277
27
43
56
84
29
410
20
26
152
125
92
26
34
3
34
7
424
17
119
141
50
89
62
149
55
37
164
45
61
94
107
75
18
56
115
16
115
131
44
138
72
170
8
25
136
51
42
388
101
15
7
23
28
30
21
67
57
108
118
96
48
134
142
51
97
36
52
123
2
33
38
3
64
9
75
171
10
24
82
31
112
74
102
155
7
12
9
53
19
31
11
52
50
108
34
210
9
146
211
159
35
52
122
25
29
17
9
106
26
62
46
9
6
4
334
38
77
3
58
129
55
81
77
47
238
37
61
145
95
191
28
64
28
51
77
88
32
34
68
36
12
137
134
67
39
75
45
116
48
149
86
91
25
140
60
14
161
39
153
19
30
321
22
161
71
30
49
135
152
58
19
27
41
47
65
115
185
4
69
185
79
30
28
4
158
24
44
28
10
45
104
1
25
2
52
26
30
72
5
32
40
47
167
28
16
76
46
200
128
19
86
178
36
36
42
81
158
81
104
52
72
201
79
48
56
10
224
2
91
113
7
50
17
1
4
9
132
13
120
18
171
13
52
111
27
40
45
29
46
91
10
297
18
109
5
62
47
55
341
179
72
34
3
48
77
137
37
51
8
87
69
35
6
420
88
141
170
16
48
46
35
61
95
318
173
10
14
44
194
195
90
32
47
39
30
61
3
38
2
102
77
114
54
19
32
51
49
10
92
67
20
139
27
85
20
15
155
40
21
94
90
19
1
29
147
61
91
38
48
4
115
13
5
272
131
2
101
143
51
40
184
14
44
95
23
194
56
128
81
11
167
3
63
179
108
51
49
31
37
7
71
8
88
11
49
17
144
39
53
37
513
39
7
8
19
21
217
23
16
38
136
24
43
14
188
44
132
130
7
4
33
54
16
57
5
5
113
5
106
13
66
29
51
7
9
21
220
14
13
44
51
164
67
39
84
304
14
30
50
200
7
54
93
123
275
176
31
160
3
40
98
18
105
73
90
126
7
29
30
144
13
18
260
134
44
199
251
85
101
72
113
55
72
137
20
34
85
8
22
222
29
154
18
86
340
149
22
62
19
36
44
220
86
45
77
32
25
77
23
53
69
54
88
35
22
147
10
56
140
16
65
72
51
220
87
101
38
3
59
55
48
69
197
214
25
27
33
6
62
105
9
123
28
69
105
4
19
32
21
174
27
74
15
51
95
126
194
121
10
64
99
48
132
28
95
70
69
111
12
30
126
167
40
92
401
26
167
118
13
81
50
17
26
76
48
45
72
89
99
46
217
20
60
47
133
27
21
36
142
42
29
49
107
28
34
75
14
34
11
246
26
94
48
58
57
20
79
56
73
86
168
81
156
94
114
36
51
30
1
4
56
3
4
17
97
113
31
36
30
30
180
101
114
6
2
82
19
18
19
59
10
7
157
30
213
4
4
57
224
518
207
14
104
6
24
35
156
189
364
50
176
38
38
7
19
99
37
8
24
65
26
84
60
79
9
180
43
20
241
89
71
40
10
8
106
56
31
3
48
29
45
11
78
46
136
68
60
43
19
17
29
64
1
3
24
83
49
61
57
117
12
32
123
3
60
133
50
21
7
30
11
175
240
37
32
30
210
4
159
16
46
73
114
123
3
19
107
69
50
88
125
154
29
55
105
6
6
18
105
29
81
144
22
60
3
8
14
148
56
37
105
78
236
76
37
78
9
7
5
3
10
28
18
166
45
153
11
107
17
156
9
25
22
62
126
19
53
91
129
4
34
39
64
159
89
35
122
33
7
22
12
226
205
26
96
111
41
28
365
73
25
159
241
11
60
213
17
54
78
113
3
7
27
33
9
31
136
35
92
6
18
17
14
188
3
102
10
55
15
165
55
35
242
2
174
71
27
166
27
47
40
17
80
95
88
3
25
86
30
97
10
95
34
31
38
13
203
48
59
91
84
58
33
258
8
1
136
1
26
44
68
8
46
105
127
35
4
34
82
45
23
17
61
12
10
164
15
123
6
156
248
68
41
58
71
75
101
85
59
34
2
76
3
210
21
12
14
63
184
58
88
74
103
192
4
32
4
66
103
41
8
89
55
14
148
118
5
51
74
31
188
145
51
15
104
85
152
99
4
49
53
18
21
77
120
30
48
101
25
23
110
183
154
212
22
27
44
79
84
23
3
72
119
71
65
4
32
182
39
106
89
10
87
104
14
287
47
15
171
6
109
111
37
12
176
81
57
102
64
211
3
63
16
5
59
65
59
422
38
65
32
38
105
61
3
8
207
255
159
57
46
18
41
55
157
17
77
111
30
206
123
167
233
129
8
31
44
6
46
12
47
17
5
42
83
26
101
99
41
15
9
15
124
125
15
104
151
61
91
38
29
46
18
369
66
22
48
21
122
139
47
12
32
29
52
11
71
96
98
8
82
8
63
35
101
128
70
75
31
24
23
55
22
26
126
31
85
6
6
125
119
14
32
146
28
14
92
38
17
56
21
49
50
98
28
39
133
131
46
23
109
37
280
2
25
74
53
42
45
104
41
61
29
58
12
22
191
73
66
59
76
26
106
65
109
29
181
47
88
91
27
50
14
138
20
69
122
3
69
84
72
94
31
90
26
34
160
12
179
21
11
29
16
15
41
29
36
37
20
28
95
115
257
16
63
2
77
59
112
97
147
42
61
10
10
167
10
32
113
35
9
60
159
77
32
59
122
59
96
120
148
53
73
29
101
71
399
4
97
28
85
20
5
63
98
52
278
18
76
34
49
101
10
43
32
70
63
36
163
8
64
100
8
32
12
45
34
149
14
69
111
104
48
14
84
60
390
14
9
45
64
40
9
46
76
100
79
141
13
10
226
105
16
7
21
110
7
142
138
30
68
24
54
46
74
42
41
227
110
54
107
81
181
2
256
109
7
85
21
43
18
42
37
14
82
82
104
178
12
107
78
43
8
9
178
119
44
41
11
36
21
45
46
180
95
14
178
37
81
3
149
169
28
29
24
83
11
200
25
8
173
183
38
34
63
52
61
111
125
199
87
11
17
53
158
24
7
63
110
61
34
4
85
60
42
28
1
15
16
52
71
106
50
82
30
60
46
100
111
50
33
162
10
173
81
45
27
193
6
40
5
32
13
42
56
58
27
50
65
27
12
2
41
57
113
29
73
378
30
41
5
61
20
68
4
33
43
4
68
34
159
8
91
47
14
12
40
73
2
50
63
1
188
12
11
21
17
402
24
106
38
120
71
36
75
130
19
105
44
35
29
78
56
96
16
107
45
41
2
25
17
7
91
256
30
28
111
56
94
14
108
44
10
42
28
52
72
38
24
194
124
1
144
22
110
19
79
67
11
5
5
57
308
28
8
54
266
23
56
46
82
190
8
153
25
2
108
2
25
12
60
65
146
73
98
21
1
44
214
5
158
138
125
59
23
24
80
10
77
27
149
81
22
129
18
53
75
393
15
25
119
173
27
9
283
104
39
13
45
9
59
93
43
5
12
24
3
34
121
3
261
7
32
147
31
19
29
192
100
16
17
62
17
46
17
189
72
35
141
126
46
62
4
93
40
25
32
59
53
41
180
91
44
126
45
21
133
157
192
107
84
42
21
44
22
22
70
16
81
28
36
17
155
57
22
37
54
29
38
2
46
51
41
43
124
69
2
34
123
6
10
255
269
70
13
41
2
33
40
92
8
11
8
80
276
19
132
12
14
12
107
125
7
79
43
35
57
643
14
36
84
39
14
251
69
78
39
25
146
194
191
26
12
80
26
33
102
38
16
82
38
5
99
137
116
19
1
102
110
28
82
10
23
38
24
131
3
8
2
135
35
217
55
2
9
1
6
26
10
19
57
18
109
223
59
34
68
5
17
58
40
6
60
26
89
4
11
17
61
64
80
220
153
24
5
84
41
70
8
153
93
57
21
3
117
11
4
6
67
45
51
39
97
43
22
88
263
30
101
17
106
25
35
50
50
9
6
31
75
3
70
216
80
50
12
67
20
60
37
166
35
26
51
23
46
42
70
72
68
142
130
59
200
163
21
33
15
40
18
59
59
22
25
63
16
207
33
42
74
170
234
89
66
133
31
14
81
83
32
2
25
18
15
108
51
2
74
22
26
28
67
100
20
80
110
185
119
82
44
122
58
66
20
104
82
73
177
49
5
85
229
63
74
99
217
19
22
25
25
9
22
4
26
109
29
106
86
37
52
12
6
91
81
46
9
84
10
21
34
206
60
59
156
19
15
59
5
6
23
28
41
16
46
26
278
127
25
82
198
56
64
40
81
172
29
41
15
50
128
21
74
62
34
14
41
64
29
101
14
9
31
54
4
25
3
13
115
54
127
28
13
88
38
39
8
31
123
15
45
52
16
11
73
104
30
35
82
33
75
10
101
78
19
89
37
34
4
140
8
149
37
56
56
125
30
75
79
90
42
27
5
33
12
56
18
21
101
90
31
65
52
60
19
14
125
12
13
175
17
105
12
3
44
133
49
182
1
2
64
40
307
15
131
18
5
83
45
3
23
13
14
12
41
4
35
12
203
5
133
6
55
31
23
136
117
109
59
124
9
6
55
55
65
47
166
105
129
71
41
6
44
88
138
146
26
101
6
96
5
29
107
13
491
12
55
170
24
66
17
70
205
27
108
84
58
125
5
129
127
12
148
9
52
9
26
225
48
29
26
65
21
151
47
122
37
44
141
46
203
404
22
108
63
74
23
112
55
3
16
38
1
38
88
114
48
18
199
64
8
26
15
16
76
15
110
69
24
82
167
23
11
60
64
5
158
11
157
33
133
8
29
9
6
12
185
150
7
12
40
13
60
13
24
18
7
7
12
123
77
83
49
27
87
74
130
6
58
104
81
70
70
124
101
5
74
51
33
101
114
154
55
32
345
26
241
5
119
21
120
94
1
28
61
33
130
42
45
76
55
108
37
288
15
125
99
249
115
160
8
68
121
126
20
146
144
36
65
12
192
78
1
173
5
28
33
23
76
19
18
62
13
8
11
33
134
42
23
53
62
29
79
6
15
17
33
96
13
7
200
68
51
45
135
36
96
40
7
88
1
31
60
3
43
23
30
311
29
37
233
162
55
38
108
77
38
18
19
32
32
16
73
26
44
63
33
58
31
59
269
20
174
11
8
37
112
7
95
69
155
5
27
94
99
31
164
130
11
129
9
102
184
320
52
50
8
54
3
8
66
1
14
103
74
31
63
106
29
36
22
24
33
28
96
17
41
61
40
93
78
102
220
7
44
45
268
59
8
2
227
44
58
141
37
89
281
11
165
151
287
102
39
31
4
23
49
123
19
63
24
213
47
64
56
7
229
88
33
11
45
42
32
58
350
22
11
27
28
35
25
167
15
9
5
42
122
42
20
20
100
36
169
60
281
166
8
7
58
46
23
19
15
306
31
35
8
49
23
3
80
87
44
156
37
80
125
42
27
123
2
27
1
51
4
52
58
354
211
77
28
229
170
35
46
53
20
93
137
48
30
250
27
14
13
28
26
90
19
11
108
123
38
45
11
27
52
191
57
78
42
11
30
51
48
26
63
288
66
51
18
105
3
107
16
142
53
6
13
104
86
33
51
49
48
35
210
13
9
180
11
31
85
24
115
138
72
16
23
185
9
7
238
86
29
16
4
15
85
28
11
14
38
103
7
6
3
3
128
50
45
71
65
74
30
20
35
20
1
47
105
10
38
73
98
12
77
117
57
89
31
23
75
13
144
54
11
49
11
1
46
47
158
41
11
29
127
319
143
69
75
31
110
76
79
20
28
29
64
8
11
72
121
379
23
72
52
37
35
9
73
84
1
66
10
97
18
16
417
6
146
112
20
96
66
1
63
212
19
432
29
7
78
34
10
66
10
251
36
4
99
65
41
9
58
21
40
261
39
175
3
21
15
17
57
19
109
28
37
25
130
29
118
68
23
54
33
246
7
44
109
27
3
199
34
49
68
145
527
148
8
57
30
21
21
82
72
111
180
37
72
171
128
111
107
93
71
30
78
13
23
311
43
6
22
16
34
4
102
55
18
21
119
54
33
57
12
29
230
64
42
242
73
23
18
61
53
13
54
58
84
9
115
48
31
82
39
20
244
217
215
9
1
3
29
21
69
47
5
57
60
4
106
10
85
199
12
160
25
23
299
10
225
54
186
38
19
10
176
33
6
40
86
26
65
29
88
35
29
36
102
16
54
196
123
15
6
15
10
39
71
127
7
51
25
1
105
20
47
77
3
159
105
71
41
97
32
111
26
42
168
10
2
68
7
33
65
187
7
234
8
70
163
97
20
119
151
16
26
31
153
51
63
7
83
35
143
35
108
95
480
179
207
20
72
61
3
69
101
2
31
126
35
1
37
50
82
47
91
61
15
142
97
92
138
70
156
14
47
25
44
52
89
3
10
30
41
69
22
75
37
71
33
31
2
42
140
37
200
23
88
4
33
13
78
83
25
55
78
15
17
120
16
1
164
62
123
16
31
16
113
4
20
70
128
272
37
1
121
43
22
11
105
40
12
21
225
49
61
154
35
309
286
1
120
3
47
168
78
88
82
38
126
30
66
66
65
26
23
64
157
25
6
19
107
25
132
32
3
83
5
157
98
40
86
165
119
107
19
43
6
6
100
32
101
117
275
63
54
4
78
45
24
52
124
52
38
19
64
135
53
105
34
134
191
86
23
105
11
104
74
150
16
46
19
10
185
97
222
21
12
1
26
440
3
7
75
42
16
79
14
120
70
43
2
31
160
22
304
56
1
42
8
152
25
13
145
9
484
20
53
147
60
47
59
110
16
245
56
103
6
17
147
203
90
2
227
69
22
69
30
42
50
2
34
8
196
8
155
56
77
82
45
64
36
75
16
16
9
148
19
19
19
84
124
69
58
5
111
38
163
13
92
226
172
161
23
28
17
11
31
117
118
10
157
135
5
121
75
104
71
102
25
85
12
10
34
41
10
124
164
21
7
12
132
37
60
114
28
7
77
112
15
108
39
41
323
180
16
52
75
2
52
59
91
57
37
87
27
133
25
157
51
138
3
15
26
35
132
30
119
38
105
11
30
50
81
24
126
36
46
109
130
26
35
14
50
244
16
16
218
113
55
6
38
68
8
111
18
172
30
37
9
51
23
53
35
5
9
38
6
31
17
112
24
4
147
51
14
15
14
18
5
93
178
29
103
31
13
22
38
73
57
51
164
49
48
45
115
59
114
264
30
25
117
36
102
28
29
6
16
84
183
26
83
92
32
7
21
9
133
14
200
97
52
31
12
251
14
99
191
101
59
89
92
2
48
30
157
211
66
25
6
16
6
92
65
67
59
45
134
272
8
19
165
22
35
80
44
23
14
190
60
50
65
15
4
65
29
52
164
257
51
25
23
40
41
24
129
33
8
50
126
156
117
30
111
13
143
7
89
143
159
40
126
156
20
29
24
69
149
77
54
120
51
36
53
188
20
28
3
17
147
74
37
54
2
125
15
31
63
34
128
35
118
44
21
42
156
16
217
41
14
405
45
8
142
54
44
55
2
116
185
66
44
139
52
83
42
59
55
268
91
72
64
117
16
25
86
71
89
176
77
215
31
46
204
20
51
5
18
7
15
49
85
103
51
28
54
102
10
86
55
33
33
44
19
1
71
21
38
90
96
77
22
11
4
53
97
97
56
14
5
61
100
7
108
107
14
175
58
168
11
47
53
43
16
16
125
10
1
51
49
164
13
106
58
161
5
29
43
10
1
34
27
110
43
37
2
23
41
45
2
96
38
112
377
85
7
66
38
43
28
137
62
48
142
30
11
9
125
252
79
108
23
42
5
25
16
4
20
20
27
1
43
14
84
61
289
16
81
71
8
18
12
145
33
40
11
1
165
38
26
17
92
126
79
110
115
3
1
84
66
11
93
89
12
106
113
23
34
4
46
52
57
10
277
15
21
41
22
22
17
5
185
66
73
162
60
111
79
27
50
110
39
68
115
165
111
18
61
37
12
40
183
72
7
100
134
58
70
32
298
130
49
386
29
100
41
64
6
10
19
28
22
20
95
99
34
44
14
4
100
35
34
43
10
118
3
156
6
17
75
61
22
59
117
34
36
4
101
29
160
59
97
2
1
25
5
38
76
10
22
65
22
29
77
72
127
62
43
12
71
110
21
89
21
6
32
78
1
84
107
102
3
54
37
1
60
4
12
75
20
220
100
170
70
296
108
65
40
28
70
3
15
46
5
133
16
34
60
13
310
96
4
12
90
8
54
53
30
42
20
47
89
49
51
258
288
13
86
13
96
213
61
23
216
25
232
5
36
198
106
2
19
20
89
104
111
43
93
3
20
10
30
121
26
4
22
138
6
12
66
8
164
58
185
27
81
39
48
15
13
11
59
21
54
29
117
90
145
496
197
77
79
25
30
28
144
173
10
56
62
28
52
64
14
41
47
123
54
39
270
33
226
72
42
34
99
6
22
116
44
75
11
80
28
52
206
86
40
21
234
63
176
73
31
23
51
77
38
174
28
13
7
36
31
78
37
99
66
2
31
62
153
44
54
17
32
45
113
27
21
41
31
27
11
5
125
139
23
3
77
66
48
130
105
43
118
56
33
94
11
42
125
34
8
38
129
114
198
182
20
81
8
11
69
28
107
252
130
44
30
4
24
32
121
21
27
54
32
29
194
118
74
66
3
71
37
166
148
208
159
227
181
4
53
148
18
57
128
31
99
36
175
22
63
90
101
24
23
21
25
47
216
82
42
26
25
14
12
11
26
114
19
12
82
13
77
51
96
98
19
66
116
218
38
18
1
84
148
119
218
42
15
35
107
84
13
7
21
131
120
3
144
84
84
6
64
2
55
46
71
67
155
34
31
5
17
284
35
3
53
65
38
159
15
3
3
54
32
7
15
108
198
59
15
20
27
114
90
44
5
34
6
106
162
83
32
124
7
181
55
33
38
4
12
2
94
31
57
86
123
121
120
52
51
74
52
37
97
214
54
5
65
16
15
63
106
4
19
59
50
45
38
4
44
7
85
119
150
40
109
123
69
44
23
116
36
134
47
35
26
114
48
7
318
5
15
58
56
30
41
12
28
88
28
21
56
26
44
131
79
90
48
170
4
18
5
24
77
14
4
8
63
28
68
95
19
85
46
24
31
90
31
7
128
41
3
83
1
2
99
184
39
78
57
100
92
62
3
27
79
50
5
97
52
38
132
31
118
72
194
31
28
16
66
15
22
19
299
84
5
155
38
69
82
15
30
14
85
32
40
233
191
5
28
120
150
106
47
27
7
10
49
29
73
30
30
7
32
144
41
275
346
115
12
10
18
88
38
35
142
37
55
17
5
12
79
114
28
57
28
28
14
31
119
19
29
64
55
74
218
93
371
8
28
102
102
21
20
100
198
11
54
73
31
68
2
39
28
9
2
109
28
93
20
112
17
153
9
7
67
125
36
22
41
18
20
54
143
29
73
4
113
84
71
32
11
245
15
37
132
91
7
13
115
41
15
21
12
67
12
11
58
38
23
14
64
235
59
49
34
43
19
39
26
95
144
12
71
12
28
64
93
34
44
64
74
55
8
83
93
13
28
42
45
46
170
5
71
117
158
83
35
46
74
3
19
63
93
427
331
29
30
118
62
141
49
148
47
2
9
141
73
30
20
68
59
55
47
131
42
27
136
11
311
124
270
24
51
106
149
9
1
94
17
98
183
39
19
65
22
7
131
119
41
62
28
102
52
66
30
132
61
94
43
1
81
20
92
221
48
72
32
53
40
73
51
84
290
218
99
199
57
7
32
5
25
15
55
1
35
58
24
83
128
10
70
21
428
8
17
40
51
33
12
39
5
18
33
121
28
81
165
111
16
69
13
191
37
11
39
173
60
62
118
137
99
130
16
33
304
109
1
7
23
78
15
128
20
2
14
20
55
42
4
42
48
6
156
145
79
26
25
109
4
50
27
272
81
406
11
8
10
3
11
45
65
39
3
28
112
112
6
27
12
34
20
4
81
35
97
30
15
137
55
3
66
102
32
15
20
107
90
96
22
126
76
77
49
88
271
81
316
91
28
132
31
18
84
55
89
32
121
180
134
2
31
295
136
36
105
48
27
28
53
123
31
84
58
20
80
121
65
24
79
6
165
337
172
27
59
4
99
12
44
30
244
11
87
123
7
24
5
24
25
39
44
10
9
67
16
211
11
7
87
69
40
17
144
52
94
93
55
1
26
4
32
69
99
10
48
201
46
64
21
24
32
41
23
110
113
68
78
35
10
16
81
52
1
14
1
220
13
108
64
30
15
12
26
72
75
9
80
16
12
5
158
170
14
30
75
62
15
73
109
20
4
25
12
424
29
73
223
75
27
104
120
98
36
228
46
50
110
1
107
58
2
104
105
99
67
97
14
54
39
27
31
82
37
217
7
16
156
46
220
12
182
87
89
71
114
163
94
90
221
30
75
19
96
98
39
49
23
102
25
35
103
112
78
3
52
31
86
20
5
5
136
19
93
179
30
41
7
1
22
19
23
9
7
39
162
94
4
15
41
161
121
82
1
81
71
90
97
145
74
11
120
220
132
58
49
83
13
164
24
21
27
8
88
27
93
79
22
37
32
137
89
233
188
32
3
53
44
40
146
96
20
7
73
52
8
15
42
3
53
101
170
102
127
8
128
14
24
99
80
13
31
3
9
180
73
62
14
59
57
24
16
79
23
114
23
85
47
100
59
21
5
3
83
62
246
63
6
43
218
14
30
18
8
33
85
135
103
50
50
36
42
43
21
60
7
97
22
64
6
21
33
34
8
99
49
33
109
144
180
30
1
89
219
7
55
70
71
50
402
4
58
96
31
21
50
3
5
42
160
105
36
1
71
345
109
48
214
122
52
228
56
3
38
127
21
26
79
133
44
2
55
73
75
27
30
73
15
198
48
65
16
43
36
59
41
19
122
11
45
176
75
178
33
87
48
145
124
54
8
57
69
121
57
94
5
19
8
55
136
56
34
201
44
16
26
82
59
16
14
27
8
8
70
51
21
102
2
240
51
2
101
26
33
58
43
152
3
136
194
21
90
259
73
89
13
1
96
59
170
134
70
71
20
208
225
5
48
14
4
16
6
96
148
91
6
46
33
1
23
99
16
92
30
39
1
6
2
156
23
92
4
43
15
136
203
22
140
19
90
33
10
25
252
31
30
79
297
7
62
3
69
15
16
199
78
19
92
78
7
16
15
6
3
153
247
133
56
18
37
82
61
26
94
46
54
181
25
135
152
87
67
69
233
60
24
27
91
83
25
35
225
260
47
5
34
37
12
54
22
78
12
106
156
127
107
46
2
7
43
40
82
80
48
25
178
32
120
98
26
28
142
28
55
92
115
20
44
128
26
133
104
293
21
120
33
77
53
17
142
4
37
50
17
22
7
35
4
26
311
108
52
1
9
40
18
45
8
65
9
9
28
19
110
98
33
6
99
58
213
25
136
45
19
64
17
19
141
35
24
19
209
25
47
3
143
72
49
10
27
37
3
128
8
24
193
69
74
25
5
43
10
22
39
66
132
57
26
33
109
45
59
110
76
41
22
185
89
44
187
27
4
8
162
5
32
88
157
61
107
94
25
44
88
30
74
13
19
19
32
38
5
247
93
129
31
105
32
35
14
103
55
93
38
99
137
31
137
122
60
20
82
36
128
16
15
184
55
80
141
4
32
13
96
45
26
184
67
176
25
155
400
72
11
206
59
13
30
99
7
11
29
52
190
113
37
40
157
59
19
63
12
8
3
8
23
13
116
127
65
84
54
58
127
11
11
114
76
59
82
30
135
67
50
83
45
62
143
10
8
20
120
23
3
85
74
125
128
60
61
35
5
101
63
5
68
35
54
5
245
73
43
134
29
1
17
6
124
8
25
88
57
23
17
30
29
35
5
126
88
12
23
46
278
9
114
89
6
5
37
60
27
126
11
193
112
3
8
105
112
176
16
10
137
95
28
158
83
114
107
1
20
3
12
30
18
49
18
84
143
10
23
45
455
198
196
17
14
69
123
122
94
94
20
115
207
46
42
53
149
12
14
3
18
1
64
4
102
140
1
14
32
178
127
69
13
224
16
12
2
83
19
24
36
43
64
177
53
517
50
12
59
308
13
73
111
86
11
73
62
43
11
9
52
20
86
51
84
27
36
216
19
48
295
46
189
79
25
50
88
38
10
55
154
61
28
31
38
56
9
40
35
82
43
73
109
34
84
191
47
97
36
43
49
27
48
71
30
164
8
79
22
25
3
65
26
84
41
1
97
24
76
25
29
42
26
73
432
151
78
48
144
86
41
144
152
138
242
75
32
43
129
172
128
79
77
12
2
1
34
86
24
23
12
202
2
57
10
19
52
51
106
205
27
45
67
6
89
86
5
2
162
70
20
92
25
53
131
14
109
52
55
219
27
76
166
10
433
46
32
16
16
73
58
7
76
2
4
114
27
249
14
30
49
40
4
123
35
15
36
49
90
4
14
56
3
230
28
29
17
35
66
108
221
22
90
24
298
120
9
10
26
43
2
19
22
94
19
4
155
35
29
18
69
66
152
32
19
51
55
57
92
3
14
30
84
61
212
128
19
285
61
50
5
49
35
134
79
37
57
18
13
1
114
14
73
23
27
76
6
2
100
10
157
161
18
8
66
2
63
17
16
32
78
13
252
313
72
38
75
74
12
32
69
93
43
16
22
31
339
148
27
117
88
20
95
263
58
51
67
14
35
100
49
86
72
62
11
85
16
57
50
91
12
9
56
2
5
37
14
80
62
35
13
5
32
66
7
37
81
63
50
105
27
41
97
313
167
68
1
49
53
30
18
238
11
130
80
169
75
11
9
139
133
42
27
161
50
25
2
97
89
18
1
127
23
2
69
31
4
41
66
58
64
17
19
63
23
75
41
55
39
4
38
22
233
1
29
8
84
29
51
152
9
74
52
22
75
13
27
60
6
26
12
1
38
1
21
121
89
2
48
47
25
65
186
14
3
11
41
309
41
208
8
11
19
102
79
115
52
71
78
22
37
24
36
53
34
67
12
34
82
26
93
24
242
13
10
24
42
45
3
75
66
36
82
182
158
197
2
91
54
87
27
28
112
73
15
43
26
29
13
13
24
22
183
7
40
195
85
12
101
158
52
190
115
419
76
158
17
178
35
67
27
57
125
65
57
15
87
40
15
76
79
70
127
144
30
96
77
124
57
32
265
11
33
97
50
183
12
12
58
72
105
33
220
29
27
143
42
55
17
135
3
91
9
157
10
114
41
174
50
18
75
36
34
43
1
25
9
240
126
70
52
6
40
190
2
127
10
8
72
12
3
4
369
35
330
40
101
189
44
45
36
67
2
4
48
82
59
89
79
128
30
54
3
143
10
46
57
30
69
22
126
100
135
2
68
105
41
31
26
43
30
84
34
63
49
67
238
23
29
24
16
198
35
14
20
132
163
409
29
19
38
5
75
8
36
59
55
81
22
107
19
48
62
88
150
118
5
20
25
125
14
13
206
1
47
65
7
126
77
9
47
30
43
78
57
90
1
11
182
37
83
79
170
51
4
98
118
15
26
19
92
1
210
19
7
16
70
7
309
23
81
1
52
146
5
43
62
38
85
20
23
88
126
77
170
31
48
7
6
121
124
76
96
57
240
45
84
70
22
32
24
24
161
22
84
7
9
264
35
231
13
184
127
7
46
82
35
33
88
26
13
75
8
17
77
19
1
19
12
64
4
101
42
18
55
47
10
169
31
42
65
17
120
7
180
29
46
8
63
66
31
71
27
146
34
39
74
9
45
59
17
128
26
37
59
33
52
145
42
7
9
29
184
23
14
38
174
230
46
50
179
22
105
18
10
5
52
54
157
23
79
22
11
87
43
6
9
45
47
175
25
11
72
66
11
19
44
12
83
13
7
124
200
62
8
12
21
11
101
17
20
9
12
8
8
29
39
71
107
13
13
2
63
27
86
6
105
262
164
3
4
89
250
19
4
59
35
71
4
64
40
41
135
89
2
51
128
53
51
2
29
93
18
169
119
144
3
80
63
86
183
80
9
59
443
78
13
145
140
41
10
30
24
27
127
74
58
8
114
109
56
18
213
23
55
10
33
4
27
85
211
33
73
142
32
42
77
69
14
5
33
20
128
3
16
91
35
112
28
14
26
18
68
199
34
24
26
81
28
106
280
14
36
38
157
50
59
3
164
59
21
102
50
103
22
32
15
59
40
50
61
30
36
23
49
2
384
24
52
18
170
57
32
16
153
32
109
34
27
13
96
22
204
19
94
6
7
82
99
6
54
109
7
36
208
106
44
36
110
115
95
51
13
72
80
104
70
196
17
25
16
51
37
58
111
45
61
129
56
40
129
27
55
56
87
139
38
70
36
67
8
6
18
8
15
129
162
21
39
67
24
16
93
38
67
31
266
142
117
62
35
28
57
27
25
94
193
111
15
1
18
104
51
88
25
90
68
32
31
66
26
13
53
49
39
312
57
93
65
167
211
151
31
9
83
50
11
33
47
39
69
81
18
47
39
56
107
16
75
135
2
59
91
26
6
1
469
17
151
53
7
133
81
237
6
69
35
10
25
12
62
107
25
35
98
59
130
159
35
23
2
105
1
35
44
157
40
324
9
9
124
18
9
23
132
167
54
41
69
76
16
69
26
134
80
4
54
204
11
268
40
26
6
12
10
126
20
70
86
79
19
14
39
54
93
31
55
78
77
68
154
105
26
21
92
44
7
37
205
58
46
78
50
126
43
126
16
14
40
238
54
103
119
178
19
37
16
37
56
34
61
67
37
9
32
37
66
15
41
53
123
58
26
61
138
100
86
25
45
116
112
3
158
120
38
27
15
143
263
2
20
87
9
303
3
4
16
56
6
126
152
140
10
7
71
48
106
128
31
2
16
22
93
64
54
41
7
5
2
64
26
135
195
49
47
127
27
100
7
43
41
15
68
183
11
27
22
149
14
68
58
95
27
178
18
4
36
189
20
76
10
48
172
119
27
52
42
50
87
4
123
31
12
12
11
5
15
18
28
301
37
105
33
12
16
7
31
42
5
2
24
17
3
10
34
93
92
252
201
34
9
36
46
20
4
15
231
51
134
56
41
144
47
53
35
134
458
109
10
14
79
93
63
136
47
25
20
33
15
139
105
122
7
71
13
78
8
9
144
187
76
34
1
107
30
35
31
139
4
6
9
145
18
31
48
184
85
15
144
54
25
34
71
282
43
112
84
5
5
31
15
283
45
57
105
25
70
30
187
99
76
39
57
56
18
103
41
30
33
229
23
268
144
90
102
47
116
58
77
272
82
89
30
27
120
34
201
167
62
32
26
33
33
1
158
43
3
76
7
11
44
344
31
23
120
3
43
138
68
26
73
73
19
16
127
92
35
37
99
47
29
28
19
386
82
96
66
29
150
80
87
12
98
56
44
22
47
90
8
21
23
355
77
82
125
82
136
6
49
327
18
373
6
147
95
85
56
38
70
51
200
159
53
106
22
49
17
38
9
38
102
85
91
16
108
84
49
19
118
46
5
28
18
48
75
87
237
13
5
338
78
11
23
12
77
156
17
40
131
53
84
85
29
181
86
31
131
11
2
56
10
152
48
11
152
260
261
3
128
127
200
10
52
43
42
52
83
46
2
54
108
62
100
4
17
102
82
15
49
41
60
211
17
142
76
141
16
28
6
55
91
35
31
15
58
59
31
37
4
43
109
59
17
37
81
121
38
10
30
439
16
190
16
37
161
3
143
27
37
303
8
127
31
21
141
270
1
218
52
74
48
159
7
41
23
89
2
35
115
33
29
106
59
13
31
12
279
62
56
116
99
71
112
99
61
107
42
103
5
129
27
69
83
99
6
180
110
63
62
129
218
22
56
13
85
50
26
60
6
85
65
2
150
74
31
48
33
28
36
94
2
26
11
5
95
121
17
87
71
54
31
122
148
64
8
12
386
208
24
23
203
35
168
237
98
76
380
470
73
27
73
45
177
27
11
54
134
15
161
109
41
102
2
208
3
27
19
40
94
119
82
106
11
124
44
53
63
86
77
281
64
40
155
32
270
50
71
234
45
10
97
29
161
49
2
22
25
52
100
163
187
8
6
5
4
206
64
106
47
26
3
150
248
11
6
118
74
134
133
28
96
6
13
12
21
66
20
209
5
34
27
13
7
51
20
150
153
32
25
73
64
243
25
23
59
125
3
40
41
35
55
156
72
29
5
42
109
84
175
17
167
122
31
39
5
75
33
46
96
59
3
53
5
65
89
45
66
32
79
43
270
24
126
103
19
140
54
10
5
30
2
36
4
75
9
81
186
20
22
169
7
38
28
162
111
4
33
36
64
226
19
36
16
45
231
178
140
17
66
7
34
96
25
53
247
92
85
68
16
78
44
17
9
77
62
10
14
154
157
14
8
68
68
21
32
19
25
191
193
52
159
195
121
64
100
205
118
133
48
103
28
19
105
36
45
14
23
103
225
247
38
102
35
123
29
62
60
110
164
16
144
41
100
7
13
6
55
17
74
44
61
10
167
94
121
117
188
5
95
96
3
19
7
70
112
44
370
8
8
105
137
30
18
62
6
21
32
22
74
21
84
33
64
49
16
53
229
80
3
35
120
30
40
36
75
89
6
1
39
73
151
57
65
22
103
114
3
18
31
8
32
48
3
106
29
114
121
6
11
141
49
17
13
87
37
13
17
4
104
45
162
33
71
79
191
15
291
52
178
68
147
113
133
34
122
26
120
19
36
19
3
5
25
8
33
191
19
10
23
5
22
63
23
44
57
14
15
67
212
40
13
12
9
39
79
109
6
15
16
77
5
37
96
149
83
34
74
10
9
191
116
31
89
121
29
40
95
39
34
8
38
18
17
73
66
224
1
13
35
129
51
41
68
33
29
7
23
2
73
44
222
300
10
96
44
41
5
139
119
216
18
22
10
100
11
121
10
40
9
8
5
78
136
58
10
75
57
40
54
10
4
93
176
4
76
39
1
58
73
29
46
16
53
10
157
41
20
153
261
12
9
151
82
22
189
9
53
51
14
38
3
96
92
77
70
51
78
17
5
12
162
21
89
42
96
86
5
101
42
87
8
45
53
10
107
129
50
36
126
57
191
13
63
8
113
41
8
15
102
51
253
124
10
45
82
3
57
106
21
2
46
12
111
110
36
22
167
31
301
152
124
27
21
75
78
120
4
25
183
74
76
108
193
8
88
22
38
46
56
42
18
118
103
307
64
4
142
8
82
61
52
59
17
47
52
233
79
29
87
21
10
8
13
176
27
41
9
31
12
34
2
45
69
54
113
55
74
126
31
29
56
69
89
39
72
96
169
31
167
10
27
3
193
8
123
