124
16 1
17 1
17 2
18 2
18 3
19 3
19 4
20 4
20 5
21 5
21 6
22 6
22 7
23 7
23 8
24 8
24 9
25 9
25 10
26 10
26 11
27 11
27 12
28 12
28 13
29 13
29 14
30 14
30 15
31 15
31 16
32 16
32 17
31 17
31 18
30 18
30 19
29 19
29 20
28 20
28 21
27 21
27 22
26 22
26 23
25 23
25 24
24 24
24 25
23 25
23 26
22 26
22 27
21 27
21 28
20 28
20 29
19 29
19 30
18 30
18 31
17 31
17 32
16 32
16 31
15 31
15 30
14 30
14 29
13 29
13 28
12 28
12 27
11 27
11 26
10 26
10 25
9 25
9 24
8 24
8 23
7 23
7 22
6 22
6 21
5 21
5 20
4 20
4 19
3 19
3 18
2 18
2 17
1 17
1 16
2 16
2 15
3 15
3 14
4 14
4 13
5 13
5 12
6 12
6 11
7 11
7 10
8 10
8 9
9 9
9 8
10 8
10 7
11 7
11 6
12 6
12 5
13 5
13 4
14 4
14 3
15 3
15 2
16 2
