508
64 1
65 1
65 2
66 2
66 3
67 3
67 4
68 4
68 5
69 5
69 6
70 6
70 7
71 7
71 8
72 8
72 9
73 9
73 10
74 10
74 11
75 11
75 12
76 12
76 13
77 13
77 14
78 14
78 15
79 15
79 16
80 16
80 17
81 17
81 18
82 18
82 19
83 19
83 20
84 20
84 21
85 21
85 22
86 22
86 23
87 23
87 24
88 24
88 25
89 25
89 26
90 26
90 27
91 27
91 28
92 28
92 29
93 29
93 30
94 30
94 31
95 31
95 32
96 32
96 33
97 33
97 34
98 34
98 35
99 35
99 36
100 36
100 37
101 37
101 38
102 38
102 39
103 39
103 40
104 40
104 41
105 41
105 42
106 42
106 43
107 43
107 44
108 44
108 45
109 45
109 46
110 46
110 47
111 47
111 48
112 48
112 49
113 49
113 50
114 50
114 51
115 51
115 52
116 52
116 53
117 53
117 54
118 54
118 55
119 55
119 56
120 56
120 57
121 57
121 58
122 58
122 59
123 59
123 60
124 60
124 61
125 61
125 62
126 62
126 63
127 63
127 64
128 64
128 65
127 65
127 66
126 66
126 67
125 67
125 68
124 68
124 69
123 69
123 70
122 70
122 71
121 71
121 72
120 72
120 73
119 73
119 74
118 74
118 75
117 75
117 76
116 76
116 77
115 77
115 78
114 78
114 79
113 79
113 80
112 80
112 81
111 81
111 82
110 82
110 83
109 83
109 84
108 84
108 85
107 85
107 86
106 86
106 87
105 87
105 88
104 88
104 89
103 89
103 90
102 90
102 91
101 91
101 92
100 92
100 93
99 93
99 94
98 94
98 95
97 95
97 96
96 96
96 97
95 97
95 98
94 98
94 99
93 99
93 100
92 100
92 101
91 101
91 102
90 102
90 103
89 103
89 104
88 104
88 105
87 105
87 106
86 106
86 107
85 107
85 108
84 108
84 109
83 109
83 110
82 110
82 111
81 111
81 112
80 112
80 113
79 113
79 114
78 114
78 115
77 115
77 116
76 116
76 117
75 117
75 118
74 118
74 119
73 119
73 120
72 120
72 121
71 121
71 122
70 122
70 123
69 123
69 124
68 124
68 125
67 125
67 126
66 126
66 127
65 127
65 128
64 128
64 127
63 127
63 126
62 126
62 125
61 125
61 124
60 124
60 123
59 123
59 122
58 122
58 121
57 121
57 120
56 120
56 119
55 119
55 118
54 118
54 117
53 117
53 116
52 116
52 115
51 115
51 114
50 114
50 113
49 113
49 112
48 112
48 111
47 111
47 110
46 110
46 109
45 109
45 108
44 108
44 107
43 107
43 106
42 106
42 105
41 105
41 104
40 104
40 103
39 103
39 102
38 102
38 101
37 101
37 100
36 100
36 99
35 99
35 98
34 98
34 97
33 97
33 96
32 96
32 95
31 95
31 94
30 94
30 93
29 93
29 92
28 92
28 91
27 91
27 90
26 90
26 89
25 89
25 88
24 88
24 87
23 87
23 86
22 86
22 85
21 85
21 84
20 84
20 83
19 83
19 82
18 82
18 81
17 81
17 80
16 80
16 79
15 79
15 78
14 78
14 77
13 77
13 76
12 76
12 75
11 75
11 74
10 74
10 73
9 73
9 72
8 72
8 71
7 71
7 70
6 70
6 69
5 69
5 68
4 68
4 67
3 67
3 66
2 66
2 65
1 65
1 64
2 64
2 63
3 63
3 62
4 62
4 61
5 61
5 60
6 60
6 59
7 59
7 58
8 58
8 57
9 57
9 56
10 56
10 55
11 55
11 54
12 54
12 53
13 53
13 52
14 52
14 51
15 51
15 50
16 50
16 49
17 49
17 48
18 48
18 47
19 47
19 46
20 46
20 45
21 45
21 44
22 44
22 43
23 43
23 42
24 42
24 41
25 41
25 40
26 40
26 39
27 39
27 38
28 38
28 37
29 37
29 36
30 36
30 35
31 35
31 34
32 34
32 33
33 33
33 32
34 32
34 31
35 31
35 30
36 30
36 29
37 29
37 28
38 28
38 27
39 27
39 26
40 26
40 25
41 25
41 24
42 24
42 23
43 23
43 22
44 22
44 21
45 21
45 20
46 20
46 19
47 19
47 18
48 18
48 17
49 17
49 16
50 16
50 15
51 15
51 14
52 14
52 13
53 13
53 12
54 12
54 11
55 11
55 10
56 10
56 9
57 9
57 8
58 8
58 7
59 7
59 6
60 6
60 5
61 5
61 4
62 4
62 3
63 3
63 2
64 2
