2996
375 1
376 1
376 2
377 2
377 3
378 3
378 4
379 4
379 5
380 5
380 6
381 6
381 7
382 7
382 8
383 8
383 9
384 9
384 10
385 10
385 11
386 11
386 12
387 12
387 13
388 13
388 14
389 14
389 15
390 15
390 16
391 16
391 17
392 17
392 18
393 18
393 19
394 19
394 20
395 20
395 21
396 21
396 22
397 22
397 23
398 23
398 24
399 24
399 25
400 25
400 26
401 26
401 27
402 27
402 28
403 28
403 29
404 29
404 30
405 30
405 31
406 31
406 32
407 32
407 33
408 33
408 34
409 34
409 35
410 35
410 36
411 36
411 37
412 37
412 38
413 38
413 39
414 39
414 40
415 40
415 41
416 41
416 42
417 42
417 43
418 43
418 44
419 44
419 45
420 45
420 46
421 46
421 47
422 47
422 48
423 48
423 49
424 49
424 50
425 50
425 51
426 51
426 52
427 52
427 53
428 53
428 54
429 54
429 55
430 55
430 56
431 56
431 57
432 57
432 58
433 58
433 59
434 59
434 60
435 60
435 61
436 61
436 62
437 62
437 63
438 63
438 64
439 64
439 65
440 65
440 66
441 66
441 67
442 67
442 68
443 68
443 69
444 69
444 70
445 70
445 71
446 71
446 72
447 72
447 73
448 73
448 74
449 74
449 75
450 75
450 76
451 76
451 77
452 77
452 78
453 78
453 79
454 79
454 80
455 80
455 81
456 81
456 82
457 82
457 83
458 83
458 84
459 84
459 85
460 85
460 86
461 86
461 87
462 87
462 88
463 88
463 89
464 89
464 90
465 90
465 91
466 91
466 92
467 92
467 93
468 93
468 94
469 94
469 95
470 95
470 96
471 96
471 97
472 97
472 98
473 98
473 99
474 99
474 100
475 100
475 101
476 101
476 102
477 102
477 103
478 103
478 104
479 104
479 105
480 105
480 106
481 106
481 107
482 107
482 108
483 108
483 109
484 109
484 110
485 110
485 111
486 111
486 112
487 112
487 113
488 113
488 114
489 114
489 115
490 115
490 116
491 116
491 117
492 117
492 118
493 118
493 119
494 119
494 120
495 120
495 121
496 121
496 122
497 122
497 123
498 123
498 124
499 124
499 125
500 125
500 126
501 126
501 127
502 127
502 128
503 128
503 129
504 129
504 130
505 130
505 131
506 131
506 132
507 132
507 133
508 133
508 134
509 134
509 135
510 135
510 136
511 136
511 137
512 137
512 138
513 138
513 139
514 139
514 140
515 140
515 141
516 141
516 142
517 142
517 143
518 143
518 144
519 144
519 145
520 145
520 146
521 146
521 147
522 147
522 148
523 148
523 149
524 149
524 150
525 150
525 151
526 151
526 152
527 152
527 153
528 153
528 154
529 154
529 155
530 155
530 156
531 156
531 157
532 157
532 158
533 158
533 159
534 159
534 160
535 160
535 161
536 161
536 162
537 162
537 163
538 163
538 164
539 164
539 165
540 165
540 166
541 166
541 167
542 167
542 168
543 168
543 169
544 169
544 170
545 170
545 171
546 171
546 172
547 172
547 173
548 173
548 174
549 174
549 175
550 175
550 176
551 176
551 177
552 177
552 178
553 178
553 179
554 179
554 180
555 180
555 181
556 181
556 182
557 182
557 183
558 183
558 184
559 184
559 185
560 185
560 186
561 186
561 187
562 187
562 188
563 188
563 189
564 189
564 190
565 190
565 191
566 191
566 192
567 192
567 193
568 193
568 194
569 194
569 195
570 195
570 196
571 196
571 197
572 197
572 198
573 198
573 199
574 199
574 200
575 200
575 201
576 201
576 202
577 202
577 203
578 203
578 204
579 204
579 205
580 205
580 206
581 206
581 207
582 207
582 208
583 208
583 209
584 209
584 210
585 210
585 211
586 211
586 212
587 212
587 213
588 213
588 214
589 214
589 215
590 215
590 216
591 216
591 217
592 217
592 218
593 218
593 219
594 219
594 220
595 220
595 221
596 221
596 222
597 222
597 223
598 223
598 224
599 224
599 225
600 225
600 226
601 226
601 227
602 227
602 228
603 228
603 229
604 229
604 230
605 230
605 231
606 231
606 232
607 232
607 233
608 233
608 234
609 234
609 235
610 235
610 236
611 236
611 237
612 237
612 238
613 238
613 239
614 239
614 240
615 240
615 241
616 241
616 242
617 242
617 243
618 243
618 244
619 244
619 245
620 245
620 246
621 246
621 247
622 247
622 248
623 248
623 249
624 249
624 250
625 250
625 251
626 251
626 252
627 252
627 253
628 253
628 254
629 254
629 255
630 255
630 256
631 256
631 257
632 257
632 258
633 258
633 259
634 259
634 260
635 260
635 261
636 261
636 262
637 262
637 263
638 263
638 264
639 264
639 265
640 265
640 266
641 266
641 267
642 267
642 268
643 268
643 269
644 269
644 270
645 270
645 271
646 271
646 272
647 272
647 273
648 273
648 274
649 274
649 275
650 275
650 276
651 276
651 277
652 277
652 278
653 278
653 279
654 279
654 280
655 280
655 281
656 281
656 282
657 282
657 283
658 283
658 284
659 284
659 285
660 285
660 286
661 286
661 287
662 287
662 288
663 288
663 289
664 289
664 290
665 290
665 291
666 291
666 292
667 292
667 293
668 293
668 294
669 294
669 295
670 295
670 296
671 296
671 297
672 297
672 298
673 298
673 299
674 299
674 300
675 300
675 301
676 301
676 302
677 302
677 303
678 303
678 304
679 304
679 305
680 305
680 306
681 306
681 307
682 307
682 308
683 308
683 309
684 309
684 310
685 310
685 311
686 311
686 312
687 312
687 313
688 313
688 314
689 314
689 315
690 315
690 316
691 316
691 317
692 317
692 318
693 318
693 319
694 319
694 320
695 320
695 321
696 321
696 322
697 322
697 323
698 323
698 324
699 324
699 325
700 325
700 326
701 326
701 327
702 327
702 328
703 328
703 329
704 329
704 330
705 330
705 331
706 331
706 332
707 332
707 333
708 333
708 334
709 334
709 335
710 335
710 336
711 336
711 337
712 337
712 338
713 338
713 339
714 339
714 340
715 340
715 341
716 341
716 342
717 342
717 343
718 343
718 344
719 344
719 345
720 345
720 346
721 346
721 347
722 347
722 348
723 348
723 349
724 349
724 350
725 350
725 351
726 351
726 352
727 352
727 353
728 353
728 354
729 354
729 355
730 355
730 356
731 356
731 357
732 357
732 358
733 358
733 359
734 359
734 360
735 360
735 361
736 361
736 362
737 362
737 363
738 363
738 364
739 364
739 365
740 365
740 366
741 366
741 367
742 367
742 368
743 368
743 369
744 369
744 370
745 370
745 371
746 371
746 372
747 372
747 373
748 373
748 374
749 374
749 375
750 375
750 376
749 376
749 377
748 377
748 378
747 378
747 379
746 379
746 380
745 380
745 381
744 381
744 382
743 382
743 383
742 383
742 384
741 384
741 385
740 385
740 386
739 386
739 387
738 387
738 388
737 388
737 389
736 389
736 390
735 390
735 391
734 391
734 392
733 392
733 393
732 393
732 394
731 394
731 395
730 395
730 396
729 396
729 397
728 397
728 398
727 398
727 399
726 399
726 400
725 400
725 401
724 401
724 402
723 402
723 403
722 403
722 404
721 404
721 405
720 405
720 406
719 406
719 407
718 407
718 408
717 408
717 409
716 409
716 410
715 410
715 411
714 411
714 412
713 412
713 413
712 413
712 414
711 414
711 415
710 415
710 416
709 416
709 417
708 417
708 418
707 418
707 419
706 419
706 420
705 420
705 421
704 421
704 422
703 422
703 423
702 423
702 424
701 424
701 425
700 425
700 426
699 426
699 427
698 427
698 428
697 428
697 429
696 429
696 430
695 430
695 431
694 431
694 432
693 432
693 433
692 433
692 434
691 434
691 435
690 435
690 436
689 436
689 437
688 437
688 438
687 438
687 439
686 439
686 440
685 440
685 441
684 441
684 442
683 442
683 443
682 443
682 444
681 444
681 445
680 445
680 446
679 446
679 447
678 447
678 448
677 448
677 449
676 449
676 450
675 450
675 451
674 451
674 452
673 452
673 453
672 453
672 454
671 454
671 455
670 455
670 456
669 456
669 457
668 457
668 458
667 458
667 459
666 459
666 460
665 460
665 461
664 461
664 462
663 462
663 463
662 463
662 464
661 464
661 465
660 465
660 466
659 466
659 467
658 467
658 468
657 468
657 469
656 469
656 470
655 470
655 471
654 471
654 472
653 472
653 473
652 473
652 474
651 474
651 475
650 475
650 476
649 476
649 477
648 477
648 478
647 478
647 479
646 479
646 480
645 480
645 481
644 481
644 482
643 482
643 483
642 483
642 484
641 484
641 485
640 485
640 486
639 486
639 487
638 487
638 488
637 488
637 489
636 489
636 490
635 490
635 491
634 491
634 492
633 492
633 493
632 493
632 494
631 494
631 495
630 495
630 496
629 496
629 497
628 497
628 498
627 498
627 499
626 499
626 500
625 500
625 501
624 501
624 502
623 502
623 503
622 503
622 504
621 504
621 505
620 505
620 506
619 506
619 507
618 507
618 508
617 508
617 509
616 509
616 510
615 510
615 511
614 511
614 512
613 512
613 513
612 513
612 514
611 514
611 515
610 515
610 516
609 516
609 517
608 517
608 518
607 518
607 519
606 519
606 520
605 520
605 521
604 521
604 522
603 522
603 523
602 523
602 524
601 524
601 525
600 525
600 526
599 526
599 527
598 527
598 528
597 528
597 529
596 529
596 530
595 530
595 531
594 531
594 532
593 532
593 533
592 533
592 534
591 534
591 535
590 535
590 536
589 536
589 537
588 537
588 538
587 538
587 539
586 539
586 540
585 540
585 541
584 541
584 542
583 542
583 543
582 543
582 544
581 544
581 545
580 545
580 546
579 546
579 547
578 547
578 548
577 548
577 549
576 549
576 550
575 550
575 551
574 551
574 552
573 552
573 553
572 553
572 554
571 554
571 555
570 555
570 556
569 556
569 557
568 557
568 558
567 558
567 559
566 559
566 560
565 560
565 561
564 561
564 562
563 562
563 563
562 563
562 564
561 564
561 565
560 565
560 566
559 566
559 567
558 567
558 568
557 568
557 569
556 569
556 570
555 570
555 571
554 571
554 572
553 572
553 573
552 573
552 574
551 574
551 575
550 575
550 576
549 576
549 577
548 577
548 578
547 578
547 579
546 579
546 580
545 580
545 581
544 581
544 582
543 582
543 583
542 583
542 584
541 584
541 585
540 585
540 586
539 586
539 587
538 587
538 588
537 588
537 589
536 589
536 590
535 590
535 591
534 591
534 592
533 592
533 593
532 593
532 594
531 594
531 595
530 595
530 596
529 596
529 597
528 597
528 598
527 598
527 599
526 599
526 600
525 600
525 601
524 601
524 602
523 602
523 603
522 603
522 604
521 604
521 605
520 605
520 606
519 606
519 607
518 607
518 608
517 608
517 609
516 609
516 610
515 610
515 611
514 611
514 612
513 612
513 613
512 613
512 614
511 614
511 615
510 615
510 616
509 616
509 617
508 617
508 618
507 618
507 619
506 619
506 620
505 620
505 621
504 621
504 622
503 622
503 623
502 623
502 624
501 624
501 625
500 625
500 626
499 626
499 627
498 627
498 628
497 628
497 629
496 629
496 630
495 630
495 631
494 631
494 632
493 632
493 633
492 633
492 634
491 634
491 635
490 635
490 636
489 636
489 637
488 637
488 638
487 638
487 639
486 639
486 640
485 640
485 641
484 641
484 642
483 642
483 643
482 643
482 644
481 644
481 645
480 645
480 646
479 646
479 647
478 647
478 648
477 648
477 649
476 649
476 650
475 650
475 651
474 651
474 652
473 652
473 653
472 653
472 654
471 654
471 655
470 655
470 656
469 656
469 657
468 657
468 658
467 658
467 659
466 659
466 660
465 660
465 661
464 661
464 662
463 662
463 663
462 663
462 664
461 664
461 665
460 665
460 666
459 666
459 667
458 667
458 668
457 668
457 669
456 669
456 670
455 670
455 671
454 671
454 672
453 672
453 673
452 673
452 674
451 674
451 675
450 675
450 676
449 676
449 677
448 677
448 678
447 678
447 679
446 679
446 680
445 680
445 681
444 681
444 682
443 682
443 683
442 683
442 684
441 684
441 685
440 685
440 686
439 686
439 687
438 687
438 688
437 688
437 689
436 689
436 690
435 690
435 691
434 691
434 692
433 692
433 693
432 693
432 694
431 694
431 695
430 695
430 696
429 696
429 697
428 697
428 698
427 698
427 699
426 699
426 700
425 700
425 701
424 701
424 702
423 702
423 703
422 703
422 704
421 704
421 705
420 705
420 706
419 706
419 707
418 707
418 708
417 708
417 709
416 709
416 710
415 710
415 711
414 711
414 712
413 712
413 713
412 713
412 714
411 714
411 715
410 715
410 716
409 716
409 717
408 717
408 718
407 718
407 719
406 719
406 720
405 720
405 721
404 721
404 722
403 722
403 723
402 723
402 724
401 724
401 725
400 725
400 726
399 726
399 727
398 727
398 728
397 728
397 729
396 729
396 730
395 730
395 731
394 731
394 732
393 732
393 733
392 733
392 734
391 734
391 735
390 735
390 736
389 736
389 737
388 737
388 738
387 738
387 739
386 739
386 740
385 740
385 741
384 741
384 742
383 742
383 743
382 743
382 744
381 744
381 745
380 745
380 746
379 746
379 747
378 747
378 748
377 748
377 749
376 749
376 750
375 750
375 749
374 749
374 748
373 748
373 747
372 747
372 746
371 746
371 745
370 745
370 744
369 744
369 743
368 743
368 742
367 742
367 741
366 741
366 740
365 740
365 739
364 739
364 738
363 738
363 737
362 737
362 736
361 736
361 735
360 735
360 734
359 734
359 733
358 733
358 732
357 732
357 731
356 731
356 730
355 730
355 729
354 729
354 728
353 728
353 727
352 727
352 726
351 726
351 725
350 725
350 724
349 724
349 723
348 723
348 722
347 722
347 721
346 721
346 720
345 720
345 719
344 719
344 718
343 718
343 717
342 717
342 716
341 716
341 715
340 715
340 714
339 714
339 713
338 713
338 712
337 712
337 711
336 711
336 710
335 710
335 709
334 709
334 708
333 708
333 707
332 707
332 706
331 706
331 705
330 705
330 704
329 704
329 703
328 703
328 702
327 702
327 701
326 701
326 700
325 700
325 699
324 699
324 698
323 698
323 697
322 697
322 696
321 696
321 695
320 695
320 694
319 694
319 693
318 693
318 692
317 692
317 691
316 691
316 690
315 690
315 689
314 689
314 688
313 688
313 687
312 687
312 686
311 686
311 685
310 685
310 684
309 684
309 683
308 683
308 682
307 682
307 681
306 681
306 680
305 680
305 679
304 679
304 678
303 678
303 677
302 677
302 676
301 676
301 675
300 675
300 674
299 674
299 673
298 673
298 672
297 672
297 671
296 671
296 670
295 670
295 669
294 669
294 668
293 668
293 667
292 667
292 666
291 666
291 665
290 665
290 664
289 664
289 663
288 663
288 662
287 662
287 661
286 661
286 660
285 660
285 659
284 659
284 658
283 658
283 657
282 657
282 656
281 656
281 655
280 655
280 654
279 654
279 653
278 653
278 652
277 652
277 651
276 651
276 650
275 650
275 649
274 649
274 648
273 648
273 647
272 647
272 646
271 646
271 645
270 645
270 644
269 644
269 643
268 643
268 642
267 642
267 641
266 641
266 640
265 640
265 639
264 639
264 638
263 638
263 637
262 637
262 636
261 636
261 635
260 635
260 634
259 634
259 633
258 633
258 632
257 632
257 631
256 631
256 630
255 630
255 629
254 629
254 628
253 628
253 627
252 627
252 626
251 626
251 625
250 625
250 624
249 624
249 623
248 623
248 622
247 622
247 621
246 621
246 620
245 620
245 619
244 619
244 618
243 618
243 617
242 617
242 616
241 616
241 615
240 615
240 614
239 614
239 613
238 613
238 612
237 612
237 611
236 611
236 610
235 610
235 609
234 609
234 608
233 608
233 607
232 607
232 606
231 606
231 605
230 605
230 604
229 604
229 603
228 603
228 602
227 602
227 601
226 601
226 600
225 600
225 599
224 599
224 598
223 598
223 597
222 597
222 596
221 596
221 595
220 595
220 594
219 594
219 593
218 593
218 592
217 592
217 591
216 591
216 590
215 590
215 589
214 589
214 588
213 588
213 587
212 587
212 586
211 586
211 585
210 585
210 584
209 584
209 583
208 583
208 582
207 582
207 581
206 581
206 580
205 580
205 579
204 579
204 578
203 578
203 577
202 577
202 576
201 576
201 575
200 575
200 574
199 574
199 573
198 573
198 572
197 572
197 571
196 571
196 570
195 570
195 569
194 569
194 568
193 568
193 567
192 567
192 566
191 566
191 565
190 565
190 564
189 564
189 563
188 563
188 562
187 562
187 561
186 561
186 560
185 560
185 559
184 559
184 558
183 558
183 557
182 557
182 556
181 556
181 555
180 555
180 554
179 554
179 553
178 553
178 552
177 552
177 551
176 551
176 550
175 550
175 549
174 549
174 548
173 548
173 547
172 547
172 546
171 546
171 545
170 545
170 544
169 544
169 543
168 543
168 542
167 542
167 541
166 541
166 540
165 540
165 539
164 539
164 538
163 538
163 537
162 537
162 536
161 536
161 535
160 535
160 534
159 534
159 533
158 533
158 532
157 532
157 531
156 531
156 530
155 530
155 529
154 529
154 528
153 528
153 527
152 527
152 526
151 526
151 525
150 525
150 524
149 524
149 523
148 523
148 522
147 522
147 521
146 521
146 520
145 520
145 519
144 519
144 518
143 518
143 517
142 517
142 516
141 516
141 515
140 515
140 514
139 514
139 513
138 513
138 512
137 512
137 511
136 511
136 510
135 510
135 509
134 509
134 508
133 508
133 507
132 507
132 506
131 506
131 505
130 505
130 504
129 504
129 503
128 503
128 502
127 502
127 501
126 501
126 500
125 500
125 499
124 499
124 498
123 498
123 497
122 497
122 496
121 496
121 495
120 495
120 494
119 494
119 493
118 493
118 492
117 492
117 491
116 491
116 490
115 490
115 489
114 489
114 488
113 488
113 487
112 487
112 486
111 486
111 485
110 485
110 484
109 484
109 483
108 483
108 482
107 482
107 481
106 481
106 480
105 480
105 479
104 479
104 478
103 478
103 477
102 477
102 476
101 476
101 475
100 475
100 474
99 474
99 473
98 473
98 472
97 472
97 471
96 471
96 470
95 470
95 469
94 469
94 468
93 468
93 467
92 467
92 466
91 466
91 465
90 465
90 464
89 464
89 463
88 463
88 462
87 462
87 461
86 461
86 460
85 460
85 459
84 459
84 458
83 458
83 457
82 457
82 456
81 456
81 455
80 455
80 454
79 454
79 453
78 453
78 452
77 452
77 451
76 451
76 450
75 450
75 449
74 449
74 448
73 448
73 447
72 447
72 446
71 446
71 445
70 445
70 444
69 444
69 443
68 443
68 442
67 442
67 441
66 441
66 440
65 440
65 439
64 439
64 438
63 438
63 437
62 437
62 436
61 436
61 435
60 435
60 434
59 434
59 433
58 433
58 432
57 432
57 431
56 431
56 430
55 430
55 429
54 429
54 428
53 428
53 427
52 427
52 426
51 426
51 425
50 425
50 424
49 424
49 423
48 423
48 422
47 422
47 421
46 421
46 420
45 420
45 419
44 419
44 418
43 418
43 417
42 417
42 416
41 416
41 415
40 415
40 414
39 414
39 413
38 413
38 412
37 412
37 411
36 411
36 410
35 410
35 409
34 409
34 408
33 408
33 407
32 407
32 406
31 406
31 405
30 405
30 404
29 404
29 403
28 403
28 402
27 402
27 401
26 401
26 400
25 400
25 399
24 399
24 398
23 398
23 397
22 397
22 396
21 396
21 395
20 395
20 394
19 394
19 393
18 393
18 392
17 392
17 391
16 391
16 390
15 390
15 389
14 389
14 388
13 388
13 387
12 387
12 386
11 386
11 385
10 385
10 384
9 384
9 383
8 383
8 382
7 382
7 381
6 381
6 380
5 380
5 379
4 379
4 378
3 378
3 377
2 377
2 376
1 376
1 375
2 375
2 374
3 374
3 373
4 373
4 372
5 372
5 371
6 371
6 370
7 370
7 369
8 369
8 368
9 368
9 367
10 367
10 366
11 366
11 365
12 365
12 364
13 364
13 363
14 363
14 362
15 362
15 361
16 361
16 360
17 360
17 359
18 359
18 358
19 358
19 357
20 357
20 356
21 356
21 355
22 355
22 354
23 354
23 353
24 353
24 352
25 352
25 351
26 351
26 350
27 350
27 349
28 349
28 348
29 348
29 347
30 347
30 346
31 346
31 345
32 345
32 344
33 344
33 343
34 343
34 342
35 342
35 341
36 341
36 340
37 340
37 339
38 339
38 338
39 338
39 337
40 337
40 336
41 336
41 335
42 335
42 334
43 334
43 333
44 333
44 332
45 332
45 331
46 331
46 330
47 330
47 329
48 329
48 328
49 328
49 327
50 327
50 326
51 326
51 325
52 325
52 324
53 324
53 323
54 323
54 322
55 322
55 321
56 321
56 320
57 320
57 319
58 319
58 318
59 318
59 317
60 317
60 316
61 316
61 315
62 315
62 314
63 314
63 313
64 313
64 312
65 312
65 311
66 311
66 310
67 310
67 309
68 309
68 308
69 308
69 307
70 307
70 306
71 306
71 305
72 305
72 304
73 304
73 303
74 303
74 302
75 302
75 301
76 301
76 300
77 300
77 299
78 299
78 298
79 298
79 297
80 297
80 296
81 296
81 295
82 295
82 294
83 294
83 293
84 293
84 292
85 292
85 291
86 291
86 290
87 290
87 289
88 289
88 288
89 288
89 287
90 287
90 286
91 286
91 285
92 285
92 284
93 284
93 283
94 283
94 282
95 282
95 281
96 281
96 280
97 280
97 279
98 279
98 278
99 278
99 277
100 277
100 276
101 276
101 275
102 275
102 274
103 274
103 273
104 273
104 272
105 272
105 271
106 271
106 270
107 270
107 269
108 269
108 268
109 268
109 267
110 267
110 266
111 266
111 265
112 265
112 264
113 264
113 263
114 263
114 262
115 262
115 261
116 261
116 260
117 260
117 259
118 259
118 258
119 258
119 257
120 257
120 256
121 256
121 255
122 255
122 254
123 254
123 253
124 253
124 252
125 252
125 251
126 251
126 250
127 250
127 249
128 249
128 248
129 248
129 247
130 247
130 246
131 246
131 245
132 245
132 244
133 244
133 243
134 243
134 242
135 242
135 241
136 241
136 240
137 240
137 239
138 239
138 238
139 238
139 237
140 237
140 236
141 236
141 235
142 235
142 234
143 234
143 233
144 233
144 232
145 232
145 231
146 231
146 230
147 230
147 229
148 229
148 228
149 228
149 227
150 227
150 226
151 226
151 225
152 225
152 224
153 224
153 223
154 223
154 222
155 222
155 221
156 221
156 220
157 220
157 219
158 219
158 218
159 218
159 217
160 217
160 216
161 216
161 215
162 215
162 214
163 214
163 213
164 213
164 212
165 212
165 211
166 211
166 210
167 210
167 209
168 209
168 208
169 208
169 207
170 207
170 206
171 206
171 205
172 205
172 204
173 204
173 203
174 203
174 202
175 202
175 201
176 201
176 200
177 200
177 199
178 199
178 198
179 198
179 197
180 197
180 196
181 196
181 195
182 195
182 194
183 194
183 193
184 193
184 192
185 192
185 191
186 191
186 190
187 190
187 189
188 189
188 188
189 188
189 187
190 187
190 186
191 186
191 185
192 185
192 184
193 184
193 183
194 183
194 182
195 182
195 181
196 181
196 180
197 180
197 179
198 179
198 178
199 178
199 177
200 177
200 176
201 176
201 175
202 175
202 174
203 174
203 173
204 173
204 172
205 172
205 171
206 171
206 170
207 170
207 169
208 169
208 168
209 168
209 167
210 167
210 166
211 166
211 165
212 165
212 164
213 164
213 163
214 163
214 162
215 162
215 161
216 161
216 160
217 160
217 159
218 159
218 158
219 158
219 157
220 157
220 156
221 156
221 155
222 155
222 154
223 154
223 153
224 153
224 152
225 152
225 151
226 151
226 150
227 150
227 149
228 149
228 148
229 148
229 147
230 147
230 146
231 146
231 145
232 145
232 144
233 144
233 143
234 143
234 142
235 142
235 141
236 141
236 140
237 140
237 139
238 139
238 138
239 138
239 137
240 137
240 136
241 136
241 135
242 135
242 134
243 134
243 133
244 133
244 132
245 132
245 131
246 131
246 130
247 130
247 129
248 129
248 128
249 128
249 127
250 127
250 126
251 126
251 125
252 125
252 124
253 124
253 123
254 123
254 122
255 122
255 121
256 121
256 120
257 120
257 119
258 119
258 118
259 118
259 117
260 117
260 116
261 116
261 115
262 115
262 114
263 114
263 113
264 113
264 112
265 112
265 111
266 111
266 110
267 110
267 109
268 109
268 108
269 108
269 107
270 107
270 106
271 106
271 105
272 105
272 104
273 104
273 103
274 103
274 102
275 102
275 101
276 101
276 100
277 100
277 99
278 99
278 98
279 98
279 97
280 97
280 96
281 96
281 95
282 95
282 94
283 94
283 93
284 93
284 92
285 92
285 91
286 91
286 90
287 90
287 89
288 89
288 88
289 88
289 87
290 87
290 86
291 86
291 85
292 85
292 84
293 84
293 83
294 83
294 82
295 82
295 81
296 81
296 80
297 80
297 79
298 79
298 78
299 78
299 77
300 77
300 76
301 76
301 75
302 75
302 74
303 74
303 73
304 73
304 72
305 72
305 71
306 71
306 70
307 70
307 69
308 69
308 68
309 68
309 67
310 67
310 66
311 66
311 65
312 65
312 64
313 64
313 63
314 63
314 62
315 62
315 61
316 61
316 60
317 60
317 59
318 59
318 58
319 58
319 57
320 57
320 56
321 56
321 55
322 55
322 54
323 54
323 53
324 53
324 52
325 52
325 51
326 51
326 50
327 50
327 49
328 49
328 48
329 48
329 47
330 47
330 46
331 46
331 45
332 45
332 44
333 44
333 43
334 43
334 42
335 42
335 41
336 41
336 40
337 40
337 39
338 39
338 38
339 38
339 37
340 37
340 36
341 36
341 35
342 35
342 34
343 34
343 33
344 33
344 32
345 32
345 31
346 31
346 30
347 30
347 29
348 29
348 28
349 28
349 27
350 27
350 26
351 26
351 25
352 25
352 24
353 24
353 23
354 23
354 22
355 22
355 21
356 21
356 20
357 20
357 19
358 19
358 18
359 18
359 17
360 17
360 16
361 16
361 15
362 15
362 14
363 14
363 13
364 13
364 12
365 12
365 11
366 11
366 10
367 10
367 9
368 9
368 8
369 8
369 7
370 7
370 6
371 6
371 5
372 5
372 4
373 4
373 3
374 3
374 2
375 2
