256
1 1
2 1
2 2
3 2
3 3
4 3
4 4
5 4
5 5
6 5
6 6
7 6
7 7
8 7
8 8
9 8
9 9
10 9
10 10
11 10
11 11
12 11
12 12
13 12
13 13
14 13
14 14
15 14
15 15
16 15
16 16
17 16
17 17
18 17
18 18
19 18
19 19
20 19
20 20
21 20
21 21
22 21
22 22
23 22
23 23
24 23
24 24
25 24
25 25
26 25
26 26
27 26
27 27
28 27
28 28
29 28
29 29
30 29
30 30
31 30
31 31
32 31
32 32
33 32
33 33
34 33
34 34
35 34
35 35
36 35
36 36
37 36
37 37
38 37
38 38
39 38
39 39
40 39
40 40
41 40
41 41
42 41
42 42
43 42
43 43
44 43
44 44
45 44
45 45
46 45
46 46
47 46
47 47
48 47
48 48
49 48
49 49
50 49
50 50
51 50
51 51
52 51
52 52
53 52
53 53
54 53
54 54
55 54
55 55
56 55
56 56
57 56
57 57
58 57
58 58
59 58
59 59
60 59
60 60
61 60
61 61
62 61
62 62
63 62
63 63
64 63
64 64
65 64
65 127
64 127
64 126
63 126
63 125
62 125
62 124
61 124
61 123
60 123
60 122
59 122
59 121
58 121
58 120
57 120
57 119
56 119
56 118
55 118
55 117
54 117
54 116
53 116
53 115
52 115
52 114
51 114
51 113
50 113
50 112
49 112
49 111
48 111
48 110
47 110
47 109
46 109
46 108
45 108
45 107
44 107
44 106
43 106
43 105
42 105
42 104
41 104
41 103
40 103
40 102
39 102
39 101
38 101
38 100
37 100
37 99
36 99
36 98
35 98
35 97
34 97
34 96
33 96
33 95
32 95
32 94
31 94
31 93
30 93
30 92
29 92
29 91
28 91
28 90
27 90
27 89
26 89
26 88
25 88
25 87
24 87
24 86
23 86
23 85
22 85
22 84
21 84
21 83
20 83
20 82
19 82
19 81
18 81
18 80
17 80
17 79
16 79
16 78
15 78
15 77
14 77
14 76
13 76
13 75
12 75
12 74
11 74
11 73
10 73
10 72
9 72
9 71
8 71
8 70
7 70
7 69
6 69
6 68
5 68
5 67
4 67
4 66
3 66
3 65
2 65
2 64
1 64
