2048
1 1
2 1
2 2
3 2
3 3
4 3
4 4
5 4
5 5
6 5
6 6
7 6
7 7
8 7
8 8
9 8
9 9
10 9
10 10
11 10
11 11
12 11
12 12
13 12
13 13
14 13
14 14
15 14
15 15
16 15
16 16
17 16
17 17
18 17
18 18
19 18
19 19
20 19
20 20
21 20
21 21
22 21
22 22
23 22
23 23
24 23
24 24
25 24
25 25
26 25
26 26
27 26
27 27
28 27
28 28
29 28
29 29
30 29
30 30
31 30
31 31
32 31
32 32
33 32
33 33
34 33
34 34
35 34
35 35
36 35
36 36
37 36
37 37
38 37
38 38
39 38
39 39
40 39
40 40
41 40
41 41
42 41
42 42
43 42
43 43
44 43
44 44
45 44
45 45
46 45
46 46
47 46
47 47
48 47
48 48
49 48
49 49
50 49
50 50
51 50
51 51
52 51
52 52
53 52
53 53
54 53
54 54
55 54
55 55
56 55
56 56
57 56
57 57
58 57
58 58
59 58
59 59
60 59
60 60
61 60
61 61
62 61
62 62
63 62
63 63
64 63
64 64
65 64
65 65
66 65
66 66
67 66
67 67
68 67
68 68
69 68
69 69
70 69
70 70
71 70
71 71
72 71
72 72
73 72
73 73
74 73
74 74
75 74
75 75
76 75
76 76
77 76
77 77
78 77
78 78
79 78
79 79
80 79
80 80
81 80
81 81
82 81
82 82
83 82
83 83
84 83
84 84
85 84
85 85
86 85
86 86
87 86
87 87
88 87
88 88
89 88
89 89
90 89
90 90
91 90
91 91
92 91
92 92
93 92
93 93
94 93
94 94
95 94
95 95
96 95
96 96
97 96
97 97
98 97
98 98
99 98
99 99
100 99
100 100
101 100
101 101
102 101
102 102
103 102
103 103
104 103
104 104
105 104
105 105
106 105
106 106
107 106
107 107
108 107
108 108
109 108
109 109
110 109
110 110
111 110
111 111
112 111
112 112
113 112
113 113
114 113
114 114
115 114
115 115
116 115
116 116
117 116
117 117
118 117
118 118
119 118
119 119
120 119
120 120
121 120
121 121
122 121
122 122
123 122
123 123
124 123
124 124
125 124
125 125
126 125
126 126
127 126
127 127
128 127
128 128
129 128
129 129
130 129
130 130
131 130
131 131
132 131
132 132
133 132
133 133
134 133
134 134
135 134
135 135
136 135
136 136
137 136
137 137
138 137
138 138
139 138
139 139
140 139
140 140
141 140
141 141
142 141
142 142
143 142
143 143
144 143
144 144
145 144
145 145
146 145
146 146
147 146
147 147
148 147
148 148
149 148
149 149
150 149
150 150
151 150
151 151
152 151
152 152
153 152
153 153
154 153
154 154
155 154
155 155
156 155
156 156
157 156
157 157
158 157
158 158
159 158
159 159
160 159
160 160
161 160
161 161
162 161
162 162
163 162
163 163
164 163
164 164
165 164
165 165
166 165
166 166
167 166
167 167
168 167
168 168
169 168
169 169
170 169
170 170
171 170
171 171
172 171
172 172
173 172
173 173
174 173
174 174
175 174
175 175
176 175
176 176
177 176
177 177
178 177
178 178
179 178
179 179
180 179
180 180
181 180
181 181
182 181
182 182
183 182
183 183
184 183
184 184
185 184
185 185
186 185
186 186
187 186
187 187
188 187
188 188
189 188
189 189
190 189
190 190
191 190
191 191
192 191
192 192
193 192
193 193
194 193
194 194
195 194
195 195
196 195
196 196
197 196
197 197
198 197
198 198
199 198
199 199
200 199
200 200
201 200
201 201
202 201
202 202
203 202
203 203
204 203
204 204
205 204
205 205
206 205
206 206
207 206
207 207
208 207
208 208
209 208
209 209
210 209
210 210
211 210
211 211
212 211
212 212
213 212
213 213
214 213
214 214
215 214
215 215
216 215
216 216
217 216
217 217
218 217
218 218
219 218
219 219
220 219
220 220
221 220
221 221
222 221
222 222
223 222
223 223
224 223
224 224
225 224
225 225
226 225
226 226
227 226
227 227
228 227
228 228
229 228
229 229
230 229
230 230
231 230
231 231
232 231
232 232
233 232
233 233
234 233
234 234
235 234
235 235
236 235
236 236
237 236
237 237
238 237
238 238
239 238
239 239
240 239
240 240
241 240
241 241
242 241
242 242
243 242
243 243
244 243
244 244
245 244
245 245
246 245
246 246
247 246
247 247
248 247
248 248
249 248
249 249
250 249
250 250
251 250
251 251
252 251
252 252
253 252
253 253
254 253
254 254
255 254
255 255
256 255
256 256
257 256
257 257
258 257
258 258
259 258
259 259
260 259
260 260
261 260
261 261
262 261
262 262
263 262
263 263
264 263
264 264
265 264
265 265
266 265
266 266
267 266
267 267
268 267
268 268
269 268
269 269
270 269
270 270
271 270
271 271
272 271
272 272
273 272
273 273
274 273
274 274
275 274
275 275
276 275
276 276
277 276
277 277
278 277
278 278
279 278
279 279
280 279
280 280
281 280
281 281
282 281
282 282
283 282
283 283
284 283
284 284
285 284
285 285
286 285
286 286
287 286
287 287
288 287
288 288
289 288
289 289
290 289
290 290
291 290
291 291
292 291
292 292
293 292
293 293
294 293
294 294
295 294
295 295
296 295
296 296
297 296
297 297
298 297
298 298
299 298
299 299
300 299
300 300
301 300
301 301
302 301
302 302
303 302
303 303
304 303
304 304
305 304
305 305
306 305
306 306
307 306
307 307
308 307
308 308
309 308
309 309
310 309
310 310
311 310
311 311
312 311
312 312
313 312
313 313
314 313
314 314
315 314
315 315
316 315
316 316
317 316
317 317
318 317
318 318
319 318
319 319
320 319
320 320
321 320
321 321
322 321
322 322
323 322
323 323
324 323
324 324
325 324
325 325
326 325
326 326
327 326
327 327
328 327
328 328
329 328
329 329
330 329
330 330
331 330
331 331
332 331
332 332
333 332
333 333
334 333
334 334
335 334
335 335
336 335
336 336
337 336
337 337
338 337
338 338
339 338
339 339
340 339
340 340
341 340
341 341
342 341
342 342
343 342
343 343
344 343
344 344
345 344
345 345
346 345
346 346
347 346
347 347
348 347
348 348
349 348
349 349
350 349
350 350
351 350
351 351
352 351
352 352
353 352
353 353
354 353
354 354
355 354
355 355
356 355
356 356
357 356
357 357
358 357
358 358
359 358
359 359
360 359
360 360
361 360
361 361
362 361
362 362
363 362
363 363
364 363
364 364
365 364
365 365
366 365
366 366
367 366
367 367
368 367
368 368
369 368
369 369
370 369
370 370
371 370
371 371
372 371
372 372
373 372
373 373
374 373
374 374
375 374
375 375
376 375
376 376
377 376
377 377
378 377
378 378
379 378
379 379
380 379
380 380
381 380
381 381
382 381
382 382
383 382
383 383
384 383
384 384
385 384
385 385
386 385
386 386
387 386
387 387
388 387
388 388
389 388
389 389
390 389
390 390
391 390
391 391
392 391
392 392
393 392
393 393
394 393
394 394
395 394
395 395
396 395
396 396
397 396
397 397
398 397
398 398
399 398
399 399
400 399
400 400
401 400
401 401
402 401
402 402
403 402
403 403
404 403
404 404
405 404
405 405
406 405
406 406
407 406
407 407
408 407
408 408
409 408
409 409
410 409
410 410
411 410
411 411
412 411
412 412
413 412
413 413
414 413
414 414
415 414
415 415
416 415
416 416
417 416
417 417
418 417
418 418
419 418
419 419
420 419
420 420
421 420
421 421
422 421
422 422
423 422
423 423
424 423
424 424
425 424
425 425
426 425
426 426
427 426
427 427
428 427
428 428
429 428
429 429
430 429
430 430
431 430
431 431
432 431
432 432
433 432
433 433
434 433
434 434
435 434
435 435
436 435
436 436
437 436
437 437
438 437
438 438
439 438
439 439
440 439
440 440
441 440
441 441
442 441
442 442
443 442
443 443
444 443
444 444
445 444
445 445
446 445
446 446
447 446
447 447
448 447
448 448
449 448
449 449
450 449
450 450
451 450
451 451
452 451
452 452
453 452
453 453
454 453
454 454
455 454
455 455
456 455
456 456
457 456
457 457
458 457
458 458
459 458
459 459
460 459
460 460
461 460
461 461
462 461
462 462
463 462
463 463
464 463
464 464
465 464
465 465
466 465
466 466
467 466
467 467
468 467
468 468
469 468
469 469
470 469
470 470
471 470
471 471
472 471
472 472
473 472
473 473
474 473
474 474
475 474
475 475
476 475
476 476
477 476
477 477
478 477
478 478
479 478
479 479
480 479
480 480
481 480
481 481
482 481
482 482
483 482
483 483
484 483
484 484
485 484
485 485
486 485
486 486
487 486
487 487
488 487
488 488
489 488
489 489
490 489
490 490
491 490
491 491
492 491
492 492
493 492
493 493
494 493
494 494
495 494
495 495
496 495
496 496
497 496
497 497
498 497
498 498
499 498
499 499
500 499
500 500
501 500
501 501
502 501
502 502
503 502
503 503
504 503
504 504
505 504
505 505
506 505
506 506
507 506
507 507
508 507
508 508
509 508
509 509
510 509
510 510
511 510
511 511
512 511
512 512
513 512
513 1023
512 1023
512 1022
511 1022
511 1021
510 1021
510 1020
509 1020
509 1019
508 1019
508 1018
507 1018
507 1017
506 1017
506 1016
505 1016
505 1015
504 1015
504 1014
503 1014
503 1013
502 1013
502 1012
501 1012
501 1011
500 1011
500 1010
499 1010
499 1009
498 1009
498 1008
497 1008
497 1007
496 1007
496 1006
495 1006
495 1005
494 1005
494 1004
493 1004
493 1003
492 1003
492 1002
491 1002
491 1001
490 1001
490 1000
489 1000
489 999
488 999
488 998
487 998
487 997
486 997
486 996
485 996
485 995
484 995
484 994
483 994
483 993
482 993
482 992
481 992
481 991
480 991
480 990
479 990
479 989
478 989
478 988
477 988
477 987
476 987
476 986
475 986
475 985
474 985
474 984
473 984
473 983
472 983
472 982
471 982
471 981
470 981
470 980
469 980
469 979
468 979
468 978
467 978
467 977
466 977
466 976
465 976
465 975
464 975
464 974
463 974
463 973
462 973
462 972
461 972
461 971
460 971
460 970
459 970
459 969
458 969
458 968
457 968
457 967
456 967
456 966
455 966
455 965
454 965
454 964
453 964
453 963
452 963
452 962
451 962
451 961
450 961
450 960
449 960
449 959
448 959
448 958
447 958
447 957
446 957
446 956
445 956
445 955
444 955
444 954
443 954
443 953
442 953
442 952
441 952
441 951
440 951
440 950
439 950
439 949
438 949
438 948
437 948
437 947
436 947
436 946
435 946
435 945
434 945
434 944
433 944
433 943
432 943
432 942
431 942
431 941
430 941
430 940
429 940
429 939
428 939
428 938
427 938
427 937
426 937
426 936
425 936
425 935
424 935
424 934
423 934
423 933
422 933
422 932
421 932
421 931
420 931
420 930
419 930
419 929
418 929
418 928
417 928
417 927
416 927
416 926
415 926
415 925
414 925
414 924
413 924
413 923
412 923
412 922
411 922
411 921
410 921
410 920
409 920
409 919
408 919
408 918
407 918
407 917
406 917
406 916
405 916
405 915
404 915
404 914
403 914
403 913
402 913
402 912
401 912
401 911
400 911
400 910
399 910
399 909
398 909
398 908
397 908
397 907
396 907
396 906
395 906
395 905
394 905
394 904
393 904
393 903
392 903
392 902
391 902
391 901
390 901
390 900
389 900
389 899
388 899
388 898
387 898
387 897
386 897
386 896
385 896
385 895
384 895
384 894
383 894
383 893
382 893
382 892
381 892
381 891
380 891
380 890
379 890
379 889
378 889
378 888
377 888
377 887
376 887
376 886
375 886
375 885
374 885
374 884
373 884
373 883
372 883
372 882
371 882
371 881
370 881
370 880
369 880
369 879
368 879
368 878
367 878
367 877
366 877
366 876
365 876
365 875
364 875
364 874
363 874
363 873
362 873
362 872
361 872
361 871
360 871
360 870
359 870
359 869
358 869
358 868
357 868
357 867
356 867
356 866
355 866
355 865
354 865
354 864
353 864
353 863
352 863
352 862
351 862
351 861
350 861
350 860
349 860
349 859
348 859
348 858
347 858
347 857
346 857
346 856
345 856
345 855
344 855
344 854
343 854
343 853
342 853
342 852
341 852
341 851
340 851
340 850
339 850
339 849
338 849
338 848
337 848
337 847
336 847
336 846
335 846
335 845
334 845
334 844
333 844
333 843
332 843
332 842
331 842
331 841
330 841
330 840
329 840
329 839
328 839
328 838
327 838
327 837
326 837
326 836
325 836
325 835
324 835
324 834
323 834
323 833
322 833
322 832
321 832
321 831
320 831
320 830
319 830
319 829
318 829
318 828
317 828
317 827
316 827
316 826
315 826
315 825
314 825
314 824
313 824
313 823
312 823
312 822
311 822
311 821
310 821
310 820
309 820
309 819
308 819
308 818
307 818
307 817
306 817
306 816
305 816
305 815
304 815
304 814
303 814
303 813
302 813
302 812
301 812
301 811
300 811
300 810
299 810
299 809
298 809
298 808
297 808
297 807
296 807
296 806
295 806
295 805
294 805
294 804
293 804
293 803
292 803
292 802
291 802
291 801
290 801
290 800
289 800
289 799
288 799
288 798
287 798
287 797
286 797
286 796
285 796
285 795
284 795
284 794
283 794
283 793
282 793
282 792
281 792
281 791
280 791
280 790
279 790
279 789
278 789
278 788
277 788
277 787
276 787
276 786
275 786
275 785
274 785
274 784
273 784
273 783
272 783
272 782
271 782
271 781
270 781
270 780
269 780
269 779
268 779
268 778
267 778
267 777
266 777
266 776
265 776
265 775
264 775
264 774
263 774
263 773
262 773
262 772
261 772
261 771
260 771
260 770
259 770
259 769
258 769
258 768
257 768
257 767
256 767
256 766
255 766
255 765
254 765
254 764
253 764
253 763
252 763
252 762
251 762
251 761
250 761
250 760
249 760
249 759
248 759
248 758
247 758
247 757
246 757
246 756
245 756
245 755
244 755
244 754
243 754
243 753
242 753
242 752
241 752
241 751
240 751
240 750
239 750
239 749
238 749
238 748
237 748
237 747
236 747
236 746
235 746
235 745
234 745
234 744
233 744
233 743
232 743
232 742
231 742
231 741
230 741
230 740
229 740
229 739
228 739
228 738
227 738
227 737
226 737
226 736
225 736
225 735
224 735
224 734
223 734
223 733
222 733
222 732
221 732
221 731
220 731
220 730
219 730
219 729
218 729
218 728
217 728
217 727
216 727
216 726
215 726
215 725
214 725
214 724
213 724
213 723
212 723
212 722
211 722
211 721
210 721
210 720
209 720
209 719
208 719
208 718
207 718
207 717
206 717
206 716
205 716
205 715
204 715
204 714
203 714
203 713
202 713
202 712
201 712
201 711
200 711
200 710
199 710
199 709
198 709
198 708
197 708
197 707
196 707
196 706
195 706
195 705
194 705
194 704
193 704
193 703
192 703
192 702
191 702
191 701
190 701
190 700
189 700
189 699
188 699
188 698
187 698
187 697
186 697
186 696
185 696
185 695
184 695
184 694
183 694
183 693
182 693
182 692
181 692
181 691
180 691
180 690
179 690
179 689
178 689
178 688
177 688
177 687
176 687
176 686
175 686
175 685
174 685
174 684
173 684
173 683
172 683
172 682
171 682
171 681
170 681
170 680
169 680
169 679
168 679
168 678
167 678
167 677
166 677
166 676
165 676
165 675
164 675
164 674
163 674
163 673
162 673
162 672
161 672
161 671
160 671
160 670
159 670
159 669
158 669
158 668
157 668
157 667
156 667
156 666
155 666
155 665
154 665
154 664
153 664
153 663
152 663
152 662
151 662
151 661
150 661
150 660
149 660
149 659
148 659
148 658
147 658
147 657
146 657
146 656
145 656
145 655
144 655
144 654
143 654
143 653
142 653
142 652
141 652
141 651
140 651
140 650
139 650
139 649
138 649
138 648
137 648
137 647
136 647
136 646
135 646
135 645
134 645
134 644
133 644
133 643
132 643
132 642
131 642
131 641
130 641
130 640
129 640
129 639
128 639
128 638
127 638
127 637
126 637
126 636
125 636
125 635
124 635
124 634
123 634
123 633
122 633
122 632
121 632
121 631
120 631
120 630
119 630
119 629
118 629
118 628
117 628
117 627
116 627
116 626
115 626
115 625
114 625
114 624
113 624
113 623
112 623
112 622
111 622
111 621
110 621
110 620
109 620
109 619
108 619
108 618
107 618
107 617
106 617
106 616
105 616
105 615
104 615
104 614
103 614
103 613
102 613
102 612
101 612
101 611
100 611
100 610
99 610
99 609
98 609
98 608
97 608
97 607
96 607
96 606
95 606
95 605
94 605
94 604
93 604
93 603
92 603
92 602
91 602
91 601
90 601
90 600
89 600
89 599
88 599
88 598
87 598
87 597
86 597
86 596
85 596
85 595
84 595
84 594
83 594
83 593
82 593
82 592
81 592
81 591
80 591
80 590
79 590
79 589
78 589
78 588
77 588
77 587
76 587
76 586
75 586
75 585
74 585
74 584
73 584
73 583
72 583
72 582
71 582
71 581
70 581
70 580
69 580
69 579
68 579
68 578
67 578
67 577
66 577
66 576
65 576
65 575
64 575
64 574
63 574
63 573
62 573
62 572
61 572
61 571
60 571
60 570
59 570
59 569
58 569
58 568
57 568
57 567
56 567
56 566
55 566
55 565
54 565
54 564
53 564
53 563
52 563
52 562
51 562
51 561
50 561
50 560
49 560
49 559
48 559
48 558
47 558
47 557
46 557
46 556
45 556
45 555
44 555
44 554
43 554
43 553
42 553
42 552
41 552
41 551
40 551
40 550
39 550
39 549
38 549
38 548
37 548
37 547
36 547
36 546
35 546
35 545
34 545
34 544
33 544
33 543
32 543
32 542
31 542
31 541
30 541
30 540
29 540
29 539
28 539
28 538
27 538
27 537
26 537
26 536
25 536
25 535
24 535
24 534
23 534
23 533
22 533
22 532
21 532
21 531
20 531
20 530
19 530
19 529
18 529
18 528
17 528
17 527
16 527
16 526
15 526
15 525
14 525
14 524
13 524
13 523
12 523
12 522
11 522
11 521
10 521
10 520
9 520
9 519
8 519
8 518
7 518
7 517
6 517
6 516
5 516
5 515
4 515
4 514
3 514
3 513
2 513
2 512
1 512
