3000
1 1
2 1
2 2
3 2
3 3
4 3
4 4
5 4
5 5
6 5
6 6
7 6
7 7
8 7
8 8
9 8
9 9
10 9
10 10
11 10
11 11
12 11
12 12
13 12
13 13
14 13
14 14
15 14
15 15
16 15
16 16
17 16
17 17
18 17
18 18
19 18
19 19
20 19
20 20
21 20
21 21
22 21
22 22
23 22
23 23
24 23
24 24
25 24
25 25
26 25
26 26
27 26
27 27
28 27
28 28
29 28
29 29
30 29
30 30
31 30
31 31
32 31
32 32
33 32
33 33
34 33
34 34
35 34
35 35
36 35
36 36
37 36
37 37
38 37
38 38
39 38
39 39
40 39
40 40
41 40
41 41
42 41
42 42
43 42
43 43
44 43
44 44
45 44
45 45
46 45
46 46
47 46
47 47
48 47
48 48
49 48
49 49
50 49
50 50
51 50
51 51
52 51
52 52
53 52
53 53
54 53
54 54
55 54
55 55
56 55
56 56
57 56
57 57
58 57
58 58
59 58
59 59
60 59
60 60
61 60
61 61
62 61
62 62
63 62
63 63
64 63
64 64
65 64
65 65
66 65
66 66
67 66
67 67
68 67
68 68
69 68
69 69
70 69
70 70
71 70
71 71
72 71
72 72
73 72
73 73
74 73
74 74
75 74
75 75
76 75
76 76
77 76
77 77
78 77
78 78
79 78
79 79
80 79
80 80
81 80
81 81
82 81
82 82
83 82
83 83
84 83
84 84
85 84
85 85
86 85
86 86
87 86
87 87
88 87
88 88
89 88
89 89
90 89
90 90
91 90
91 91
92 91
92 92
93 92
93 93
94 93
94 94
95 94
95 95
96 95
96 96
97 96
97 97
98 97
98 98
99 98
99 99
100 99
100 100
101 100
101 101
102 101
102 102
103 102
103 103
104 103
104 104
105 104
105 105
106 105
106 106
107 106
107 107
108 107
108 108
109 108
109 109
110 109
110 110
111 110
111 111
112 111
112 112
113 112
113 113
114 113
114 114
115 114
115 115
116 115
116 116
117 116
117 117
118 117
118 118
119 118
119 119
120 119
120 120
121 120
121 121
122 121
122 122
123 122
123 123
124 123
124 124
125 124
125 125
126 125
126 126
127 126
127 127
128 127
128 128
129 128
129 129
130 129
130 130
131 130
131 131
132 131
132 132
133 132
133 133
134 133
134 134
135 134
135 135
136 135
136 136
137 136
137 137
138 137
138 138
139 138
139 139
140 139
140 140
141 140
141 141
142 141
142 142
143 142
143 143
144 143
144 144
145 144
145 145
146 145
146 146
147 146
147 147
148 147
148 148
149 148
149 149
150 149
150 150
151 150
151 151
152 151
152 152
153 152
153 153
154 153
154 154
155 154
155 155
156 155
156 156
157 156
157 157
158 157
158 158
159 158
159 159
160 159
160 160
161 160
161 161
162 161
162 162
163 162
163 163
164 163
164 164
165 164
165 165
166 165
166 166
167 166
167 167
168 167
168 168
169 168
169 169
170 169
170 170
171 170
171 171
172 171
172 172
173 172
173 173
174 173
174 174
175 174
175 175
176 175
176 176
177 176
177 177
178 177
178 178
179 178
179 179
180 179
180 180
181 180
181 181
182 181
182 182
183 182
183 183
184 183
184 184
185 184
185 185
186 185
186 186
187 186
187 187
188 187
188 188
189 188
189 189
190 189
190 190
191 190
191 191
192 191
192 192
193 192
193 193
194 193
194 194
195 194
195 195
196 195
196 196
197 196
197 197
198 197
198 198
199 198
199 199
200 199
200 200
201 200
201 201
202 201
202 202
203 202
203 203
204 203
204 204
205 204
205 205
206 205
206 206
207 206
207 207
208 207
208 208
209 208
209 209
210 209
210 210
211 210
211 211
212 211
212 212
213 212
213 213
214 213
214 214
215 214
215 215
216 215
216 216
217 216
217 217
218 217
218 218
219 218
219 219
220 219
220 220
221 220
221 221
222 221
222 222
223 222
223 223
224 223
224 224
225 224
225 225
226 225
226 226
227 226
227 227
228 227
228 228
229 228
229 229
230 229
230 230
231 230
231 231
232 231
232 232
233 232
233 233
234 233
234 234
235 234
235 235
236 235
236 236
237 236
237 237
238 237
238 238
239 238
239 239
240 239
240 240
241 240
241 241
242 241
242 242
243 242
243 243
244 243
244 244
245 244
245 245
246 245
246 246
247 246
247 247
248 247
248 248
249 248
249 249
250 249
250 250
251 250
251 251
252 251
252 252
253 252
253 253
254 253
254 254
255 254
255 255
256 255
256 256
257 256
257 257
258 257
258 258
259 258
259 259
260 259
260 260
261 260
261 261
262 261
262 262
263 262
263 263
264 263
264 264
265 264
265 265
266 265
266 266
267 266
267 267
268 267
268 268
269 268
269 269
270 269
270 270
271 270
271 271
272 271
272 272
273 272
273 273
274 273
274 274
275 274
275 275
276 275
276 276
277 276
277 277
278 277
278 278
279 278
279 279
280 279
280 280
281 280
281 281
282 281
282 282
283 282
283 283
284 283
284 284
285 284
285 285
286 285
286 286
287 286
287 287
288 287
288 288
289 288
289 289
290 289
290 290
291 290
291 291
292 291
292 292
293 292
293 293
294 293
294 294
295 294
295 295
296 295
296 296
297 296
297 297
298 297
298 298
299 298
299 299
300 299
300 300
301 300
301 301
302 301
302 302
303 302
303 303
304 303
304 304
305 304
305 305
306 305
306 306
307 306
307 307
308 307
308 308
309 308
309 309
310 309
310 310
311 310
311 311
312 311
312 312
313 312
313 313
314 313
314 314
315 314
315 315
316 315
316 316
317 316
317 317
318 317
318 318
319 318
319 319
320 319
320 320
321 320
321 321
322 321
322 322
323 322
323 323
324 323
324 324
325 324
325 325
326 325
326 326
327 326
327 327
328 327
328 328
329 328
329 329
330 329
330 330
331 330
331 331
332 331
332 332
333 332
333 333
334 333
334 334
335 334
335 335
336 335
336 336
337 336
337 337
338 337
338 338
339 338
339 339
340 339
340 340
341 340
341 341
342 341
342 342
343 342
343 343
344 343
344 344
345 344
345 345
346 345
346 346
347 346
347 347
348 347
348 348
349 348
349 349
350 349
350 350
351 350
351 351
352 351
352 352
353 352
353 353
354 353
354 354
355 354
355 355
356 355
356 356
357 356
357 357
358 357
358 358
359 358
359 359
360 359
360 360
361 360
361 361
362 361
362 362
363 362
363 363
364 363
364 364
365 364
365 365
366 365
366 366
367 366
367 367
368 367
368 368
369 368
369 369
370 369
370 370
371 370
371 371
372 371
372 372
373 372
373 373
374 373
374 374
375 374
375 375
376 375
376 376
377 376
377 377
378 377
378 378
379 378
379 379
380 379
380 380
381 380
381 381
382 381
382 382
383 382
383 383
384 383
384 384
385 384
385 385
386 385
386 386
387 386
387 387
388 387
388 388
389 388
389 389
390 389
390 390
391 390
391 391
392 391
392 392
393 392
393 393
394 393
394 394
395 394
395 395
396 395
396 396
397 396
397 397
398 397
398 398
399 398
399 399
400 399
400 400
401 400
401 401
402 401
402 402
403 402
403 403
404 403
404 404
405 404
405 405
406 405
406 406
407 406
407 407
408 407
408 408
409 408
409 409
410 409
410 410
411 410
411 411
412 411
412 412
413 412
413 413
414 413
414 414
415 414
415 415
416 415
416 416
417 416
417 417
418 417
418 418
419 418
419 419
420 419
420 420
421 420
421 421
422 421
422 422
423 422
423 423
424 423
424 424
425 424
425 425
426 425
426 426
427 426
427 427
428 427
428 428
429 428
429 429
430 429
430 430
431 430
431 431
432 431
432 432
433 432
433 433
434 433
434 434
435 434
435 435
436 435
436 436
437 436
437 437
438 437
438 438
439 438
439 439
440 439
440 440
441 440
441 441
442 441
442 442
443 442
443 443
444 443
444 444
445 444
445 445
446 445
446 446
447 446
447 447
448 447
448 448
449 448
449 449
450 449
450 450
451 450
451 451
452 451
452 452
453 452
453 453
454 453
454 454
455 454
455 455
456 455
456 456
457 456
457 457
458 457
458 458
459 458
459 459
460 459
460 460
461 460
461 461
462 461
462 462
463 462
463 463
464 463
464 464
465 464
465 465
466 465
466 466
467 466
467 467
468 467
468 468
469 468
469 469
470 469
470 470
471 470
471 471
472 471
472 472
473 472
473 473
474 473
474 474
475 474
475 475
476 475
476 476
477 476
477 477
478 477
478 478
479 478
479 479
480 479
480 480
481 480
481 481
482 481
482 482
483 482
483 483
484 483
484 484
485 484
485 485
486 485
486 486
487 486
487 487
488 487
488 488
489 488
489 489
490 489
490 490
491 490
491 491
492 491
492 492
493 492
493 493
494 493
494 494
495 494
495 495
496 495
496 496
497 496
497 497
498 497
498 498
499 498
499 499
500 499
500 500
501 500
501 501
502 501
502 502
503 502
503 503
504 503
504 504
505 504
505 505
506 505
506 506
507 506
507 507
508 507
508 508
509 508
509 509
510 509
510 510
511 510
511 511
512 511
512 512
513 512
513 513
514 513
514 514
515 514
515 515
516 515
516 516
517 516
517 517
518 517
518 518
519 518
519 519
520 519
520 520
521 520
521 521
522 521
522 522
523 522
523 523
524 523
524 524
525 524
525 525
526 525
526 526
527 526
527 527
528 527
528 528
529 528
529 529
530 529
530 530
531 530
531 531
532 531
532 532
533 532
533 533
534 533
534 534
535 534
535 535
536 535
536 536
537 536
537 537
538 537
538 538
539 538
539 539
540 539
540 540
541 540
541 541
542 541
542 542
543 542
543 543
544 543
544 544
545 544
545 545
546 545
546 546
547 546
547 547
548 547
548 548
549 548
549 549
550 549
550 550
551 550
551 551
552 551
552 552
553 552
553 553
554 553
554 554
555 554
555 555
556 555
556 556
557 556
557 557
558 557
558 558
559 558
559 559
560 559
560 560
561 560
561 561
562 561
562 562
563 562
563 563
564 563
564 564
565 564
565 565
566 565
566 566
567 566
567 567
568 567
568 568
569 568
569 569
570 569
570 570
571 570
571 571
572 571
572 572
573 572
573 573
574 573
574 574
575 574
575 575
576 575
576 576
577 576
577 577
578 577
578 578
579 578
579 579
580 579
580 580
581 580
581 581
582 581
582 582
583 582
583 583
584 583
584 584
585 584
585 585
586 585
586 586
587 586
587 587
588 587
588 588
589 588
589 589
590 589
590 590
591 590
591 591
592 591
592 592
593 592
593 593
594 593
594 594
595 594
595 595
596 595
596 596
597 596
597 597
598 597
598 598
599 598
599 599
600 599
600 600
601 600
601 601
602 601
602 602
603 602
603 603
604 603
604 604
605 604
605 605
606 605
606 606
607 606
607 607
608 607
608 608
609 608
609 609
610 609
610 610
611 610
611 611
612 611
612 612
613 612
613 613
614 613
614 614
615 614
615 615
616 615
616 616
617 616
617 617
618 617
618 618
619 618
619 619
620 619
620 620
621 620
621 621
622 621
622 622
623 622
623 623
624 623
624 624
625 624
625 625
626 625
626 626
627 626
627 627
628 627
628 628
629 628
629 629
630 629
630 630
631 630
631 631
632 631
632 632
633 632
633 633
634 633
634 634
635 634
635 635
636 635
636 636
637 636
637 637
638 637
638 638
639 638
639 639
640 639
640 640
641 640
641 641
642 641
642 642
643 642
643 643
644 643
644 644
645 644
645 645
646 645
646 646
647 646
647 647
648 647
648 648
649 648
649 649
650 649
650 650
651 650
651 651
652 651
652 652
653 652
653 653
654 653
654 654
655 654
655 655
656 655
656 656
657 656
657 657
658 657
658 658
659 658
659 659
660 659
660 660
661 660
661 661
662 661
662 662
663 662
663 663
664 663
664 664
665 664
665 665
666 665
666 666
667 666
667 667
668 667
668 668
669 668
669 669
670 669
670 670
671 670
671 671
672 671
672 672
673 672
673 673
674 673
674 674
675 674
675 675
676 675
676 676
677 676
677 677
678 677
678 678
679 678
679 679
680 679
680 680
681 680
681 681
682 681
682 682
683 682
683 683
684 683
684 684
685 684
685 685
686 685
686 686
687 686
687 687
688 687
688 688
689 688
689 689
690 689
690 690
691 690
691 691
692 691
692 692
693 692
693 693
694 693
694 694
695 694
695 695
696 695
696 696
697 696
697 697
698 697
698 698
699 698
699 699
700 699
700 700
701 700
701 701
702 701
702 702
703 702
703 703
704 703
704 704
705 704
705 705
706 705
706 706
707 706
707 707
708 707
708 708
709 708
709 709
710 709
710 710
711 710
711 711
712 711
712 712
713 712
713 713
714 713
714 714
715 714
715 715
716 715
716 716
717 716
717 717
718 717
718 718
719 718
719 719
720 719
720 720
721 720
721 721
722 721
722 722
723 722
723 723
724 723
724 724
725 724
725 725
726 725
726 726
727 726
727 727
728 727
728 728
729 728
729 729
730 729
730 730
731 730
731 731
732 731
732 732
733 732
733 733
734 733
734 734
735 734
735 735
736 735
736 736
737 736
737 737
738 737
738 738
739 738
739 739
740 739
740 740
741 740
741 741
742 741
742 742
743 742
743 743
744 743
744 744
745 744
745 745
746 745
746 746
747 746
747 747
748 747
748 748
749 748
749 749
750 749
750 750
751 750
751 1499
750 1499
750 1498
749 1498
749 1497
748 1497
748 1496
747 1496
747 1495
746 1495
746 1494
745 1494
745 1493
744 1493
744 1492
743 1492
743 1491
742 1491
742 1490
741 1490
741 1489
740 1489
740 1488
739 1488
739 1487
738 1487
738 1486
737 1486
737 1485
736 1485
736 1484
735 1484
735 1483
734 1483
734 1482
733 1482
733 1481
732 1481
732 1480
731 1480
731 1479
730 1479
730 1478
729 1478
729 1477
728 1477
728 1476
727 1476
727 1475
726 1475
726 1474
725 1474
725 1473
724 1473
724 1472
723 1472
723 1471
722 1471
722 1470
721 1470
721 1469
720 1469
720 1468
719 1468
719 1467
718 1467
718 1466
717 1466
717 1465
716 1465
716 1464
715 1464
715 1463
714 1463
714 1462
713 1462
713 1461
712 1461
712 1460
711 1460
711 1459
710 1459
710 1458
709 1458
709 1457
708 1457
708 1456
707 1456
707 1455
706 1455
706 1454
705 1454
705 1453
704 1453
704 1452
703 1452
703 1451
702 1451
702 1450
701 1450
701 1449
700 1449
700 1448
699 1448
699 1447
698 1447
698 1446
697 1446
697 1445
696 1445
696 1444
695 1444
695 1443
694 1443
694 1442
693 1442
693 1441
692 1441
692 1440
691 1440
691 1439
690 1439
690 1438
689 1438
689 1437
688 1437
688 1436
687 1436
687 1435
686 1435
686 1434
685 1434
685 1433
684 1433
684 1432
683 1432
683 1431
682 1431
682 1430
681 1430
681 1429
680 1429
680 1428
679 1428
679 1427
678 1427
678 1426
677 1426
677 1425
676 1425
676 1424
675 1424
675 1423
674 1423
674 1422
673 1422
673 1421
672 1421
672 1420
671 1420
671 1419
670 1419
670 1418
669 1418
669 1417
668 1417
668 1416
667 1416
667 1415
666 1415
666 1414
665 1414
665 1413
664 1413
664 1412
663 1412
663 1411
662 1411
662 1410
661 1410
661 1409
660 1409
660 1408
659 1408
659 1407
658 1407
658 1406
657 1406
657 1405
656 1405
656 1404
655 1404
655 1403
654 1403
654 1402
653 1402
653 1401
652 1401
652 1400
651 1400
651 1399
650 1399
650 1398
649 1398
649 1397
648 1397
648 1396
647 1396
647 1395
646 1395
646 1394
645 1394
645 1393
644 1393
644 1392
643 1392
643 1391
642 1391
642 1390
641 1390
641 1389
640 1389
640 1388
639 1388
639 1387
638 1387
638 1386
637 1386
637 1385
636 1385
636 1384
635 1384
635 1383
634 1383
634 1382
633 1382
633 1381
632 1381
632 1380
631 1380
631 1379
630 1379
630 1378
629 1378
629 1377
628 1377
628 1376
627 1376
627 1375
626 1375
626 1374
625 1374
625 1373
624 1373
624 1372
623 1372
623 1371
622 1371
622 1370
621 1370
621 1369
620 1369
620 1368
619 1368
619 1367
618 1367
618 1366
617 1366
617 1365
616 1365
616 1364
615 1364
615 1363
614 1363
614 1362
613 1362
613 1361
612 1361
612 1360
611 1360
611 1359
610 1359
610 1358
609 1358
609 1357
608 1357
608 1356
607 1356
607 1355
606 1355
606 1354
605 1354
605 1353
604 1353
604 1352
603 1352
603 1351
602 1351
602 1350
601 1350
601 1349
600 1349
600 1348
599 1348
599 1347
598 1347
598 1346
597 1346
597 1345
596 1345
596 1344
595 1344
595 1343
594 1343
594 1342
593 1342
593 1341
592 1341
592 1340
591 1340
591 1339
590 1339
590 1338
589 1338
589 1337
588 1337
588 1336
587 1336
587 1335
586 1335
586 1334
585 1334
585 1333
584 1333
584 1332
583 1332
583 1331
582 1331
582 1330
581 1330
581 1329
580 1329
580 1328
579 1328
579 1327
578 1327
578 1326
577 1326
577 1325
576 1325
576 1324
575 1324
575 1323
574 1323
574 1322
573 1322
573 1321
572 1321
572 1320
571 1320
571 1319
570 1319
570 1318
569 1318
569 1317
568 1317
568 1316
567 1316
567 1315
566 1315
566 1314
565 1314
565 1313
564 1313
564 1312
563 1312
563 1311
562 1311
562 1310
561 1310
561 1309
560 1309
560 1308
559 1308
559 1307
558 1307
558 1306
557 1306
557 1305
556 1305
556 1304
555 1304
555 1303
554 1303
554 1302
553 1302
553 1301
552 1301
552 1300
551 1300
551 1299
550 1299
550 1298
549 1298
549 1297
548 1297
548 1296
547 1296
547 1295
546 1295
546 1294
545 1294
545 1293
544 1293
544 1292
543 1292
543 1291
542 1291
542 1290
541 1290
541 1289
540 1289
540 1288
539 1288
539 1287
538 1287
538 1286
537 1286
537 1285
536 1285
536 1284
535 1284
535 1283
534 1283
534 1282
533 1282
533 1281
532 1281
532 1280
531 1280
531 1279
530 1279
530 1278
529 1278
529 1277
528 1277
528 1276
527 1276
527 1275
526 1275
526 1274
525 1274
525 1273
524 1273
524 1272
523 1272
523 1271
522 1271
522 1270
521 1270
521 1269
520 1269
520 1268
519 1268
519 1267
518 1267
518 1266
517 1266
517 1265
516 1265
516 1264
515 1264
515 1263
514 1263
514 1262
513 1262
513 1261
512 1261
512 1260
511 1260
511 1259
510 1259
510 1258
509 1258
509 1257
508 1257
508 1256
507 1256
507 1255
506 1255
506 1254
505 1254
505 1253
504 1253
504 1252
503 1252
503 1251
502 1251
502 1250
501 1250
501 1249
500 1249
500 1248
499 1248
499 1247
498 1247
498 1246
497 1246
497 1245
496 1245
496 1244
495 1244
495 1243
494 1243
494 1242
493 1242
493 1241
492 1241
492 1240
491 1240
491 1239
490 1239
490 1238
489 1238
489 1237
488 1237
488 1236
487 1236
487 1235
486 1235
486 1234
485 1234
485 1233
484 1233
484 1232
483 1232
483 1231
482 1231
482 1230
481 1230
481 1229
480 1229
480 1228
479 1228
479 1227
478 1227
478 1226
477 1226
477 1225
476 1225
476 1224
475 1224
475 1223
474 1223
474 1222
473 1222
473 1221
472 1221
472 1220
471 1220
471 1219
470 1219
470 1218
469 1218
469 1217
468 1217
468 1216
467 1216
467 1215
466 1215
466 1214
465 1214
465 1213
464 1213
464 1212
463 1212
463 1211
462 1211
462 1210
461 1210
461 1209
460 1209
460 1208
459 1208
459 1207
458 1207
458 1206
457 1206
457 1205
456 1205
456 1204
455 1204
455 1203
454 1203
454 1202
453 1202
453 1201
452 1201
452 1200
451 1200
451 1199
450 1199
450 1198
449 1198
449 1197
448 1197
448 1196
447 1196
447 1195
446 1195
446 1194
445 1194
445 1193
444 1193
444 1192
443 1192
443 1191
442 1191
442 1190
441 1190
441 1189
440 1189
440 1188
439 1188
439 1187
438 1187
438 1186
437 1186
437 1185
436 1185
436 1184
435 1184
435 1183
434 1183
434 1182
433 1182
433 1181
432 1181
432 1180
431 1180
431 1179
430 1179
430 1178
429 1178
429 1177
428 1177
428 1176
427 1176
427 1175
426 1175
426 1174
425 1174
425 1173
424 1173
424 1172
423 1172
423 1171
422 1171
422 1170
421 1170
421 1169
420 1169
420 1168
419 1168
419 1167
418 1167
418 1166
417 1166
417 1165
416 1165
416 1164
415 1164
415 1163
414 1163
414 1162
413 1162
413 1161
412 1161
412 1160
411 1160
411 1159
410 1159
410 1158
409 1158
409 1157
408 1157
408 1156
407 1156
407 1155
406 1155
406 1154
405 1154
405 1153
404 1153
404 1152
403 1152
403 1151
402 1151
402 1150
401 1150
401 1149
400 1149
400 1148
399 1148
399 1147
398 1147
398 1146
397 1146
397 1145
396 1145
396 1144
395 1144
395 1143
394 1143
394 1142
393 1142
393 1141
392 1141
392 1140
391 1140
391 1139
390 1139
390 1138
389 1138
389 1137
388 1137
388 1136
387 1136
387 1135
386 1135
386 1134
385 1134
385 1133
384 1133
384 1132
383 1132
383 1131
382 1131
382 1130
381 1130
381 1129
380 1129
380 1128
379 1128
379 1127
378 1127
378 1126
377 1126
377 1125
376 1125
376 1124
375 1124
375 1123
374 1123
374 1122
373 1122
373 1121
372 1121
372 1120
371 1120
371 1119
370 1119
370 1118
369 1118
369 1117
368 1117
368 1116
367 1116
367 1115
366 1115
366 1114
365 1114
365 1113
364 1113
364 1112
363 1112
363 1111
362 1111
362 1110
361 1110
361 1109
360 1109
360 1108
359 1108
359 1107
358 1107
358 1106
357 1106
357 1105
356 1105
356 1104
355 1104
355 1103
354 1103
354 1102
353 1102
353 1101
352 1101
352 1100
351 1100
351 1099
350 1099
350 1098
349 1098
349 1097
348 1097
348 1096
347 1096
347 1095
346 1095
346 1094
345 1094
345 1093
344 1093
344 1092
343 1092
343 1091
342 1091
342 1090
341 1090
341 1089
340 1089
340 1088
339 1088
339 1087
338 1087
338 1086
337 1086
337 1085
336 1085
336 1084
335 1084
335 1083
334 1083
334 1082
333 1082
333 1081
332 1081
332 1080
331 1080
331 1079
330 1079
330 1078
329 1078
329 1077
328 1077
328 1076
327 1076
327 1075
326 1075
326 1074
325 1074
325 1073
324 1073
324 1072
323 1072
323 1071
322 1071
322 1070
321 1070
321 1069
320 1069
320 1068
319 1068
319 1067
318 1067
318 1066
317 1066
317 1065
316 1065
316 1064
315 1064
315 1063
314 1063
314 1062
313 1062
313 1061
312 1061
312 1060
311 1060
311 1059
310 1059
310 1058
309 1058
309 1057
308 1057
308 1056
307 1056
307 1055
306 1055
306 1054
305 1054
305 1053
304 1053
304 1052
303 1052
303 1051
302 1051
302 1050
301 1050
301 1049
300 1049
300 1048
299 1048
299 1047
298 1047
298 1046
297 1046
297 1045
296 1045
296 1044
295 1044
295 1043
294 1043
294 1042
293 1042
293 1041
292 1041
292 1040
291 1040
291 1039
290 1039
290 1038
289 1038
289 1037
288 1037
288 1036
287 1036
287 1035
286 1035
286 1034
285 1034
285 1033
284 1033
284 1032
283 1032
283 1031
282 1031
282 1030
281 1030
281 1029
280 1029
280 1028
279 1028
279 1027
278 1027
278 1026
277 1026
277 1025
276 1025
276 1024
275 1024
275 1023
274 1023
274 1022
273 1022
273 1021
272 1021
272 1020
271 1020
271 1019
270 1019
270 1018
269 1018
269 1017
268 1017
268 1016
267 1016
267 1015
266 1015
266 1014
265 1014
265 1013
264 1013
264 1012
263 1012
263 1011
262 1011
262 1010
261 1010
261 1009
260 1009
260 1008
259 1008
259 1007
258 1007
258 1006
257 1006
257 1005
256 1005
256 1004
255 1004
255 1003
254 1003
254 1002
253 1002
253 1001
252 1001
252 1000
251 1000
251 999
250 999
250 998
249 998
249 997
248 997
248 996
247 996
247 995
246 995
246 994
245 994
245 993
244 993
244 992
243 992
243 991
242 991
242 990
241 990
241 989
240 989
240 988
239 988
239 987
238 987
238 986
237 986
237 985
236 985
236 984
235 984
235 983
234 983
234 982
233 982
233 981
232 981
232 980
231 980
231 979
230 979
230 978
229 978
229 977
228 977
228 976
227 976
227 975
226 975
226 974
225 974
225 973
224 973
224 972
223 972
223 971
222 971
222 970
221 970
221 969
220 969
220 968
219 968
219 967
218 967
218 966
217 966
217 965
216 965
216 964
215 964
215 963
214 963
214 962
213 962
213 961
212 961
212 960
211 960
211 959
210 959
210 958
209 958
209 957
208 957
208 956
207 956
207 955
206 955
206 954
205 954
205 953
204 953
204 952
203 952
203 951
202 951
202 950
201 950
201 949
200 949
200 948
199 948
199 947
198 947
198 946
197 946
197 945
196 945
196 944
195 944
195 943
194 943
194 942
193 942
193 941
192 941
192 940
191 940
191 939
190 939
190 938
189 938
189 937
188 937
188 936
187 936
187 935
186 935
186 934
185 934
185 933
184 933
184 932
183 932
183 931
182 931
182 930
181 930
181 929
180 929
180 928
179 928
179 927
178 927
178 926
177 926
177 925
176 925
176 924
175 924
175 923
174 923
174 922
173 922
173 921
172 921
172 920
171 920
171 919
170 919
170 918
169 918
169 917
168 917
168 916
167 916
167 915
166 915
166 914
165 914
165 913
164 913
164 912
163 912
163 911
162 911
162 910
161 910
161 909
160 909
160 908
159 908
159 907
158 907
158 906
157 906
157 905
156 905
156 904
155 904
155 903
154 903
154 902
153 902
153 901
152 901
152 900
151 900
151 899
150 899
150 898
149 898
149 897
148 897
148 896
147 896
147 895
146 895
146 894
145 894
145 893
144 893
144 892
143 892
143 891
142 891
142 890
141 890
141 889
140 889
140 888
139 888
139 887
138 887
138 886
137 886
137 885
136 885
136 884
135 884
135 883
134 883
134 882
133 882
133 881
132 881
132 880
131 880
131 879
130 879
130 878
129 878
129 877
128 877
128 876
127 876
127 875
126 875
126 874
125 874
125 873
124 873
124 872
123 872
123 871
122 871
122 870
121 870
121 869
120 869
120 868
119 868
119 867
118 867
118 866
117 866
117 865
116 865
116 864
115 864
115 863
114 863
114 862
113 862
113 861
112 861
112 860
111 860
111 859
110 859
110 858
109 858
109 857
108 857
108 856
107 856
107 855
106 855
106 854
105 854
105 853
104 853
104 852
103 852
103 851
102 851
102 850
101 850
101 849
100 849
100 848
99 848
99 847
98 847
98 846
97 846
97 845
96 845
96 844
95 844
95 843
94 843
94 842
93 842
93 841
92 841
92 840
91 840
91 839
90 839
90 838
89 838
89 837
88 837
88 836
87 836
87 835
86 835
86 834
85 834
85 833
84 833
84 832
83 832
83 831
82 831
82 830
81 830
81 829
80 829
80 828
79 828
79 827
78 827
78 826
77 826
77 825
76 825
76 824
75 824
75 823
74 823
74 822
73 822
73 821
72 821
72 820
71 820
71 819
70 819
70 818
69 818
69 817
68 817
68 816
67 816
67 815
66 815
66 814
65 814
65 813
64 813
64 812
63 812
63 811
62 811
62 810
61 810
61 809
60 809
60 808
59 808
59 807
58 807
58 806
57 806
57 805
56 805
56 804
55 804
55 803
54 803
54 802
53 802
53 801
52 801
52 800
51 800
51 799
50 799
50 798
49 798
49 797
48 797
48 796
47 796
47 795
46 795
46 794
45 794
45 793
44 793
44 792
43 792
43 791
42 791
42 790
41 790
41 789
40 789
40 788
39 788
39 787
38 787
38 786
37 786
37 785
36 785
36 784
35 784
35 783
34 783
34 782
33 782
33 781
32 781
32 780
31 780
31 779
30 779
30 778
29 778
29 777
28 777
28 776
27 776
27 775
26 775
26 774
25 774
25 773
24 773
24 772
23 772
23 771
22 771
22 770
21 770
21 769
20 769
20 768
19 768
19 767
18 767
18 766
17 766
17 765
16 765
16 764
15 764
15 763
14 763
14 762
13 762
13 761
12 761
12 760
11 760
11 759
10 759
10 758
9 758
9 757
8 757
8 756
7 756
7 755
6 755
6 754
5 754
5 753
4 753
4 752
3 752
3 751
2 751
2 750
1 750
