470
1 1
6 1
6 2
4 2
4 3
6 3
6 4
4 4
4 5
7 5
7 3
8 3
8 5
9 5
9 2
7 2
7 1
12 1
12 2
10 2
10 3
13 3
13 1
14 1
14 4
10 4
10 6
8 6
8 8
7 8
7 6
4 6
4 7
6 7
6 9
9 9
9 7
11 7
11 5
12 5
12 7
14 7
14 9
16 9
16 11
17 11
17 4
16 4
16 8
15 8
15 6
13 6
13 5
15 5
15 3
17 3
17 2
15 2
15 1
18 1
18 9
19 9
19 7
20 7
20 9
21 9
21 6
19 6
19 5
21 5
21 3
23 3
23 2
20 2
20 4
19 4
19 1
24 1
24 3
25 3
25 1
28 1
28 3
29 3
29 1
30 1
30 3
31 3
31 1
32 1
32 4
30 4
30 5
32 5
32 8
31 8
31 6
27 6
27 5
29 5
29 4
27 4
27 2
26 2
26 6
23 6
23 5
25 5
25 4
22 4
22 7
28 7
28 8
26 8
26 10
25 10
25 8
22 8
22 9
24 9
24 11
28 11
28 12
21 12
21 11
23 11
23 10
20 10
20 12
19 12
19 10
18 10
18 15
21 15
21 14
19 14
19 13
29 13
29 10
27 10
27 9
29 9
29 7
30 7
30 9
32 9
32 10
30 10
30 11
32 11
32 12
30 12
30 13
32 13
32 14
28 14
28 15
32 15
32 16
30 16
30 17
32 17
32 18
30 18
30 19
32 19
32 20
30 20
30 21
32 21
32 26
31 26
31 22
30 22
30 24
29 24
29 16
28 16
28 18
27 18
27 16
25 16
25 15
27 15
27 14
22 14
22 16
20 16
20 19
21 19
21 17
23 17
23 15
24 15
24 17
26 17
26 20
25 20
25 18
22 18
22 19
24 19
24 23
26 23
26 25
27 25
27 22
25 22
25 21
27 21
27 19
28 19
28 25
30 25
30 28
29 28
29 26
28 26
28 28
27 28
27 26
26 26
26 29
30 29
30 30
28 30
28 31
31 31
31 27
32 27
32 32
27 32
27 30
25 30
25 26
22 26
22 27
24 27
24 28
22 28
22 29
24 29
24 31
26 31
26 32
19 32
19 31
23 31
23 30
19 30
19 29
21 29
21 28
19 28
19 27
21 27
21 25
25 25
25 24
23 24
23 20
22 20
22 24
19 24
19 23
21 23
21 20
20 20
20 22
16 22
16 23
18 23
18 24
15 24
15 21
19 21
19 16
18 16
18 18
16 18
16 19
18 19
18 20
15 20
15 18
14 18
14 20
12 20
12 21
14 21
14 22
12 22
12 23
14 23
14 24
12 24
12 27
13 27
13 25
16 25
16 27
17 27
17 25
20 25
20 26
18 26
18 32
13 32
13 31
15 31
15 29
16 29
16 31
17 31
17 28
15 28
15 26
14 26
14 28
12 28
12 29
14 29
14 30
12 30
12 32
7 32
7 31
11 31
11 19
13 19
13 17
17 17
17 12
16 12
16 16
13 16
13 15
15 15
15 14
13 14
13 13
15 13
15 12
12 12
12 16
10 16
10 17
12 17
12 18
10 18
10 22
9 22
9 16
8 16
8 18
6 18
6 19
8 19
8 22
7 22
7 20
4 20
4 21
6 21
6 23
10 23
10 24
8 24
8 25
10 25
10 30
7 30
7 29
9 29
9 28
6 28
6 32
3 32
3 31
5 31
5 30
3 30
3 29
5 29
5 27
9 27
9 26
4 26
4 28
3 28
3 24
2 24
2 32
1 32
1 23
4 23
4 25
7 25
7 24
5 24
5 22
3 22
3 20
2 20
2 22
1 22
1 19
5 19
5 18
1 18
1 13
2 13
2 17
3 17
3 13
4 13
4 15
6 15
6 16
4 16
4 17
7 17
7 15
9 15
9 11
10 11
10 15
11 15
11 11
15 11
15 10
13 10
13 8
12 8
12 10
11 10
11 8
10 8
10 10
8 10
8 14
7 14
7 12
6 12
6 14
5 14
5 11
7 11
7 10
5 10
5 8
4 8
4 12
1 12
1 11
3 11
3 8
2 8
2 10
1 10
1 7
3 7
3 6
1 6
1 5
3 5
3 2
2 2
2 4
1 4
