1800
2 3
5 3
5 1
8 1
8 2
6 2
6 3
9 3
9 1
12 1
12 3
13 3
13 1
14 1
14 3
17 3
17 2
15 2
15 1
22 1
22 2
18 2
18 5
19 5
19 3
25 3
25 2
23 2
23 1
30 1
30 2
26 2
26 3
30 3
30 5
31 5
31 1
46 1
46 3
47 3
47 1
48 1
48 3
49 3
49 1
50 1
50 4
48 4
48 6
46 6
46 7
50 7
50 9
51 9
51 6
49 6
49 5
51 5
51 1
52 1
52 7
56 7
56 10
55 10
55 8
52 8
52 9
54 9
54 11
56 11
56 13
57 13
57 11
58 11
58 13
59 13
59 11
61 11
61 8
59 8
59 4
57 4
57 2
56 2
56 5
58 5
58 9
60 9
60 10
57 10
57 6
53 6
53 5
55 5
55 4
53 4
53 1
54 1
54 3
55 3
55 1
60 1
60 2
58 2
58 3
61 3
61 1
64 1
64 2
62 2
62 4
60 4
60 5
63 5
63 3
64 3
64 6
60 6
60 7
64 7
64 10
63 10
63 8
62 8
62 11
64 11
64 14
62 14
62 15
64 15
64 16
62 16
62 18
59 18
59 15
60 15
60 17
61 17
61 13
63 13
63 12
60 12
60 14
58 14
58 16
57 16
57 14
56 14
56 17
58 17
58 19
62 19
62 20
60 20
60 21
62 21
62 23
63 23
63 17
64 17
64 24
62 24
62 25
64 25
64 26
62 26
62 27
64 27
64 30
62 30
62 32
61 32
61 29
63 29
63 28
61 28
61 26
58 26
58 29
59 29
59 27
60 27
60 30
58 30
58 31
60 31
60 33
63 33
63 31
64 31
64 34
60 34
60 35
64 35
64 44
63 44
63 38
61 38
61 37
63 37
63 36
60 36
60 39
62 39
62 44
58 44
58 45
60 45
60 46
58 46
58 47
61 47
61 45
64 45
64 46
62 46
62 47
64 47
64 50
63 50
63 48
58 48
58 51
59 51
59 49
62 49
62 52
61 52
61 50
60 50
60 52
58 52
58 53
60 53
60 59
61 59
61 57
63 57
63 56
61 56
61 55
63 55
63 54
61 54
61 53
63 53
63 51
64 51
64 60
63 60
63 58
62 58
62 61
64 61
64 64
61 64
61 63
63 63
63 62
61 62
61 60
59 60
59 54
55 54
55 53
57 53
57 46
56 46
56 52
54 52
54 56
50 56
50 57
52 57
52 58
50 58
50 59
52 59
52 61
54 61
54 63
55 63
55 61
57 61
57 60
53 60
53 57
55 57
55 55
58 55
58 56
56 56
56 57
58 57
58 58
54 58
54 59
58 59
58 62
56 62
56 63
59 63
59 61
60 61
60 64
53 64
53 62
51 62
51 60
46 60
46 62
44 62
44 63
47 63
47 61
48 61
48 63
49 63
49 61
50 61
50 63
52 63
52 64
43 64
43 62
39 62
39 61
41 61
41 60
38 60
38 62
37 62
37 60
34 60
34 63
35 63
35 61
36 61
36 63
42 63
42 64
33 64
33 60
31 60
31 59
37 59
37 56
36 56
36 58
35 58
35 56
34 56
34 58
31 58
31 57
33 57
33 56
31 56
31 55
35 55
35 54
33 54
33 53
35 53
35 51
37 51
37 50
34 50
34 52
33 52
33 50
32 50
32 54
31 54
31 52
29 52
29 50
28 50
28 52
27 52
27 50
26 50
26 53
30 53
30 61
32 61
32 64
29 64
29 63
31 63
31 62
29 62
29 56
28 56
28 58
27 58
27 56
26 56
26 63
27 63
27 59
28 59
28 64
25 64
25 58
24 58
24 64
21 64
21 62
20 62
20 64
19 64
19 62
18 62
18 64
13 64
13 62
12 62
12 64
11 64
11 62
10 62
10 64
9 64
9 62
8 62
8 64
5 64
5 63
7 63
7 60
6 60
6 62
4 62
4 64
3 64
3 62
2 62
2 64
1 64
1 61
5 61
5 58
2 58
2 59
4 59
4 60
1 60
1 57
3 57
3 56
1 56
1 45
2 45
2 47
5 47
5 46
3 46
3 43
6 43
6 44
4 44
4 45
9 45
9 44
7 44
7 41
8 41
8 43
10 43
10 46
6 46
6 47
10 47
10 50
9 50
9 48
8 48
8 50
7 50
7 48
6 48
6 50
5 50
5 48
2 48
2 49
4 49
4 51
6 51
6 52
3 52
3 50
2 50
2 53
6 53
6 56
5 56
5 54
2 54
2 55
4 55
4 57
6 57
6 59
7 59
7 57
8 57
8 61
9 61
9 59
10 59
10 61
11 61
11 58
9 58
9 56
7 56
7 55
9 55
9 54
7 54
7 53
10 53
10 57
11 57
11 55
12 55
12 59
16 59
16 60
12 60
12 61
14 61
14 63
17 63
17 62
15 62
15 61
17 61
17 59
19 59
19 57
20 57
20 60
18 60
18 61
22 61
22 63
23 63
23 60
21 60
21 59
23 59
23 58
21 58
21 55
23 55
23 53
24 53
24 56
22 56
22 57
25 57
25 55
29 55
29 54
25 54
25 52
19 52
19 50
18 50
18 55
19 55
19 53
22 53
22 54
20 54
20 56
18 56
18 58
13 58
13 55
14 55
14 57
15 57
15 55
16 55
16 57
17 57
17 48
16 48
16 54
15 54
15 50
14 50
14 52
13 52
13 50
12 50
12 53
14 53
14 54
11 54
11 52
7 52
7 51
11 51
11 49
15 49
15 48
13 48
13 47
19 47
19 46
15 46
15 45
17 45
17 44
15 44
15 43
18 43
18 45
19 45
19 43
20 43
20 45
21 45
21 42
17 42
17 41
19 41
19 38
16 38
16 39
18 39
18 40
16 40
16 42
15 42
15 40
14 40
14 44
12 44
12 45
14 45
14 46
12 46
12 48
11 48
11 43
13 43
13 42
9 42
9 41
13 41
13 40
11 40
11 38
10 38
10 40
7 40
7 39
9 39
9 35
12 35
12 36
10 36
10 37
14 37
14 38
12 38
12 39
15 39
15 35
16 35
16 37
17 37
17 35
19 35
19 34
15 34
15 33
19 33
19 32
13 32
13 31
15 31
15 30
13 30
13 27
14 27
14 29
16 29
16 31
20 31
20 35
21 35
21 29
23 29
23 27
24 27
24 29
25 29
25 25
28 25
28 26
26 26
26 29
28 29
28 30
24 30
24 32
23 32
23 30
22 30
22 36
18 36
18 37
22 37
22 40
21 40
21 38
20 38
20 41
23 41
23 39
24 39
24 42
22 42
22 43
25 43
25 39
26 39
26 43
28 43
28 45
30 45
30 46
27 46
27 44
24 44
24 45
26 45
26 46
24 46
24 47
26 47
26 48
23 48
23 44
22 44
22 46
20 46
20 48
18 48
18 49
20 49
20 51
21 51
21 47
22 47
22 51
25 51
25 50
23 50
23 49
27 49
27 47
36 47
36 48
28 48
28 49
30 49
30 51
31 51
31 49
37 49
37 47
38 47
38 52
36 52
36 53
40 53
40 56
39 56
39 54
36 54
36 55
38 55
38 59
39 59
39 57
40 57
40 59
44 59
44 60
42 60
42 61
45 61
45 58
41 58
41 57
43 57
43 56
41 56
41 51
42 51
42 55
43 55
43 51
44 51
44 57
45 57
45 51
48 51
48 52
46 52
46 59
49 59
49 58
47 58
47 57
49 57
49 56
47 56
47 55
49 55
49 54
47 54
47 53
50 53
50 55
53 55
53 52
52 52
52 54
51 54
51 51
53 51
53 49
54 49
54 51
55 51
55 45
57 45
57 44
54 44
54 48
53 48
53 43
59 43
59 41
60 41
60 43
61 43
61 40
56 40
56 41
58 41
58 42
55 42
55 40
54 40
54 42
52 42
52 46
50 46
50 47
52 47
52 50
51 50
51 48
50 48
50 52
49 52
49 45
51 45
51 42
50 42
50 44
49 44
49 42
48 42
48 48
47 48
47 44
44 44
44 45
46 45
46 46
43 46
43 43
45 43
45 42
42 42
42 46
41 46
41 40
40 40
40 42
39 42
39 40
38 40
38 43
40 43
40 44
38 44
38 45
40 45
40 47
44 47
44 49
45 49
45 47
46 47
46 49
48 49
48 50
43 50
43 48
40 48
40 49
42 49
42 50
40 50
40 52
39 52
39 46
31 46
31 45
33 45
33 44
29 44
29 42
27 42
27 41
31 41
31 40
27 40
27 37
28 37
28 39
31 39
31 38
29 38
29 37
31 37
31 35
32 35
32 42
30 42
30 43
34 43
34 45
35 45
35 43
36 43
36 45
37 45
37 40
34 40
34 41
36 41
36 42
33 42
33 39
41 39
41 38
39 38
39 36
38 36
38 38
33 38
33 37
37 37
37 36
33 36
33 34
29 34
29 32
28 32
28 34
24 34
24 35
30 35
30 36
24 36
24 37
26 37
26 38
23 38
23 33
25 33
25 31
26 31
26 33
27 33
27 31
29 31
29 29
30 29
30 33
31 33
31 31
33 31
33 30
31 30
31 27
32 27
32 29
34 29
34 32
32 32
32 33
34 33
34 35
35 35
35 33
36 33
36 35
37 35
37 32
35 32
35 31
38 31
38 33
39 33
39 31
41 31
41 30
35 30
35 29
41 29
41 28
39 28
39 26
37 26
37 21
38 21
38 25
40 25
40 27
41 27
41 25
42 25
42 27
46 27
46 29
47 29
47 25
50 25
50 28
49 28
49 26
48 26
48 29
50 29
50 32
47 32
47 31
49 31
49 30
45 30
45 28
42 28
42 29
44 29
44 30
42 30
42 32
40 32
40 34
38 34
38 35
40 35
40 37
41 37
41 35
42 35
42 41
46 41
46 43
47 43
47 40
45 40
45 38
44 38
44 40
43 40
43 37
45 37
45 36
43 36
43 34
41 34
41 33
43 33
43 31
46 31
46 34
45 34
45 32
44 32
44 35
46 35
46 39
48 39
48 41
49 41
49 39
50 39
50 41
53 41
53 40
51 40
51 38
47 38
47 33
50 33
50 34
48 34
48 35
50 35
50 36
48 36
48 37
51 37
51 31
52 31
52 33
54 33
54 34
52 34
52 39
57 39
57 38
53 38
53 35
54 35
54 37
55 37
55 32
53 32
53 29
56 29
56 30
54 30
54 31
56 31
56 37
58 37
58 39
59 39
59 36
57 36
57 33
58 33
58 35
59 35
59 32
57 32
57 28
55 28
55 26
54 26
54 28
52 28
52 30
51 30
51 24
49 24
49 23
52 23
52 27
53 27
53 22
49 22
49 19
50 19
50 21
54 21
54 25
56 25
56 27
57 27
57 25
61 25
61 24
57 24
57 21
58 21
58 23
61 23
61 22
59 22
59 20
56 20
56 24
55 24
55 20
53 20
53 16
52 16
52 20
51 20
51 16
50 16
50 18
49 18
49 15
51 15
51 14
49 14
49 13
52 13
52 15
54 15
54 19
57 19
57 18
55 18
55 12
54 12
54 14
53 14
53 12
51 12
51 11
53 11
53 10
50 10
50 12
47 12
47 9
48 9
48 11
49 11
49 8
44 8
44 9
46 9
46 10
44 10
44 11
46 11
46 12
42 12
42 13
46 13
46 15
47 15
47 13
48 13
48 24
47 24
47 16
46 16
46 18
43 18
43 17
45 17
45 14
44 14
44 16
43 16
43 14
42 14
42 20
40 20
40 21
43 21
43 19
44 19
44 21
45 21
45 19
46 19
46 22
44 22
44 23
46 23
46 24
44 24
44 25
46 25
46 26
43 26
43 24
39 24
39 23
43 23
43 22
39 22
39 20
37 20
37 19
39 19
39 17
40 17
40 19
41 19
41 11
43 11
43 10
40 10
40 16
38 16
38 18
37 18
37 16
32 16
32 17
36 17
36 18
32 18
32 19
36 19
36 20
31 20
31 18
29 18
29 17
31 17
31 14
30 14
30 16
28 16
28 18
26 18
26 19
30 19
30 20
28 20
28 22
25 22
25 21
27 21
27 20
23 20
23 18
22 18
22 22
20 22
20 23
22 23
22 25
23 25
23 21
24 21
24 23
29 23
29 21
36 21
36 22
30 22
30 23
36 23
36 27
38 27
38 28
33 28
33 26
30 26
30 28
27 28
27 27
29 27
29 25
34 25
34 27
35 27
35 24
24 24
24 26
22 26
22 28
21 28
21 24
20 24
20 30
19 30
19 28
18 28
18 30
17 30
17 27
19 27
19 26
16 26
16 28
15 28
15 26
13 26
13 22
12 22
12 24
11 24
11 22
10 22
10 25
12 25
12 26
9 26
9 22
8 22
8 26
7 26
7 22
5 22
5 20
4 20
4 22
3 22
3 20
2 20
2 23
6 23
6 24
2 24
2 25
6 25
6 26
4 26
4 27
12 27
12 28
10 28
10 29
12 29
12 33
14 33
14 36
13 36
13 34
9 34
9 33
11 33
11 30
7 30
7 29
9 29
9 28
6 28
6 33
7 33
7 31
10 31
10 32
8 32
8 38
7 38
7 34
4 34
4 35
6 35
6 36
4 36
4 39
5 39
5 37
6 37
6 40
4 40
4 41
6 41
6 42
3 42
3 38
2 38
2 44
1 44
1 37
3 37
3 36
1 36
1 33
2 33
2 35
3 35
3 32
1 32
1 29
4 29
4 30
2 30
2 31
4 31
4 33
5 33
5 28
1 28
1 27
3 27
3 26
1 26
1 19
3 19
3 18
1 18
1 17
5 17
5 16
1 16
1 11
4 11
4 12
2 12
2 15
3 15
3 13
4 13
4 15
6 15
6 18
4 18
4 19
6 19
6 21
15 21
15 20
11 20
11 19
16 19
16 22
14 22
14 23
16 23
16 24
14 24
14 25
19 25
19 22
18 22
18 24
17 24
17 21
21 21
21 15
22 15
22 17
23 17
23 13
24 13
24 19
25 19
25 17
27 17
27 14
26 14
26 16
25 16
25 12
23 12
23 11
25 11
25 10
23 10
23 9
26 9
26 13
28 13
28 15
29 15
29 12
27 12
27 9
28 9
28 11
29 11
29 9
30 9
30 11
31 11
31 9
32 9
32 12
30 12
30 13
32 13
32 15
39 15
39 14
37 14
37 11
38 11
38 13
39 13
39 8
38 8
38 10
36 10
36 14
33 14
33 13
35 13
35 10
34 10
34 12
33 12
33 9
35 9
35 7
36 7
36 9
37 9
37 6
35 6
35 3
40 3
40 6
39 6
39 4
36 4
36 5
38 5
38 7
40 7
40 9
43 9
43 8
41 8
41 3
42 3
42 7
45 7
45 5
47 5
47 4
44 4
44 6
43 6
43 3
45 3
45 2
34 2
34 4
33 4
33 2
32 2
32 5
34 5
34 8
33 8
33 6
32 6
32 8
27 8
27 6
25 6
25 5
28 5
28 7
31 7
31 6
29 6
29 4
22 4
22 5
24 5
24 7
26 7
26 8
23 8
23 6
21 6
21 4
20 4
20 6
17 6
17 4
16 4
16 7
22 7
22 8
20 8
20 9
22 9
22 14
20 14
20 20
19 20
19 18
18 18
18 20
17 20
17 18
15 18
15 15
16 15
16 17
17 17
17 15
18 15
18 17
19 17
19 14
14 14
14 18
13 18
13 14
12 14
12 18
11 18
11 10
10 10
10 18
9 18
9 16
8 16
8 19
10 19
10 20
7 20
7 15
9 15
9 10
8 10
8 14
5 14
5 13
7 13
7 10
6 10
6 12
5 12
5 10
3 10
3 9
11 9
11 7
12 7
12 9
13 9
13 7
14 7
14 9
16 9
16 12
15 12
15 10
12 10
12 13
13 13
13 11
14 11
14 13
19 13
19 11
20 11
20 13
21 13
21 10
19 10
19 8
18 8
18 12
17 12
17 8
15 8
15 4
14 4
14 6
13 6
13 4
11 4
11 2
10 2
10 5
12 5
12 6
10 6
10 8
9 8
9 4
6 4
6 5
8 5
8 6
6 6
6 7
8 7
8 8
5 8
5 4
2 4
2 5
4 5
4 8
2 8
2 10
1 10
1 7
3 7
3 6
1 6
1 1
4 1
4 2
2 2
