2910
2 3
4 3
4 4
2 4
2 5
6 5
6 9
7 9
7 5
11 5
11 1
12 1
12 3
13 3
13 1
14 1
14 3
16 3
16 4
14 4
14 5
18 5
18 6
13 6
13 4
12 4
12 6
8 6
8 7
14 7
14 8
8 8
8 9
10 9
10 10
6 10
6 11
8 11
8 12
5 12
5 10
4 10
4 13
9 13
9 11
12 11
12 12
10 12
10 13
15 13
15 12
13 12
13 11
15 11
15 10
11 10
11 9
18 9
18 10
16 10
16 13
17 13
17 11
21 11
21 8
20 8
20 10
19 10
19 8
15 8
15 7
22 7
22 11
23 11
23 9
29 9
29 4
28 4
28 8
27 8
27 4
26 4
26 8
23 8
23 2
22 2
22 6
21 6
21 2
18 2
18 3
20 3
20 6
19 6
19 4
17 4
17 2
15 2
15 1
26 1
26 2
24 2
24 7
25 7
25 3
27 3
27 1
32 1
32 2
28 2
28 3
32 3
32 9
35 9
35 8
33 8
33 1
36 1
36 2
34 2
34 3
36 3
36 4
34 4
34 7
35 7
35 5
36 5
36 9
37 9
37 7
39 7
39 6
37 6
37 5
39 5
39 4
37 4
37 1
38 1
38 3
40 3
40 5
41 5
41 2
39 2
39 1
42 1
42 5
45 5
45 3
49 3
49 2
44 2
44 4
43 4
43 1
52 1
52 4
51 4
51 2
50 2
50 4
48 4
48 5
50 5
50 7
51 7
51 5
52 5
52 7
54 7
54 8
47 8
47 7
49 7
49 6
47 6
47 4
46 4
46 6
44 6
44 9
45 9
45 7
46 7
46 11
47 11
47 9
50 9
50 10
48 10
48 12
45 12
45 10
44 10
44 12
43 12
43 10
42 10
42 13
44 13
44 16
43 16
43 14
40 14
40 15
42 15
42 16
40 16
40 17
42 17
42 18
38 18
38 19
40 19
40 23
41 23
41 21
43 21
43 20
41 20
41 19
43 19
43 17
44 17
44 22
42 22
42 23
44 23
44 24
39 24
39 20
38 20
38 24
34 24
34 25
36 25
36 26
33 26
33 23
37 23
37 22
33 22
33 21
37 21
37 16
35 16
35 13
38 13
38 14
36 14
36 15
38 15
38 17
39 17
39 12
37 12
37 11
40 11
40 13
41 13
41 7
42 7
42 9
43 9
43 6
40 6
40 8
38 8
38 9
40 9
40 10
36 10
36 12
34 12
34 19
35 19
35 17
36 17
36 20
33 20
33 14
32 14
32 16
31 16
31 14
29 14
29 11
30 11
30 13
31 13
31 11
32 11
32 13
33 13
33 11
35 11
35 10
31 10
31 4
30 4
30 10
28 10
28 15
30 15
30 16
28 16
28 17
32 17
32 20
29 20
29 19
31 19
31 18
28 18
28 24
27 24
27 22
26 22
26 25
28 25
28 27
30 27
30 28
28 28
28 31
30 31
30 32
27 32
27 26
26 26
26 28
25 28
25 22
22 22
22 23
24 23
24 29
26 29
26 33
30 33
30 35
31 35
31 33
32 33
32 40
31 40
31 36
30 36
30 41
32 41
32 43
33 43
33 35
37 35
37 34
33 34
33 33
37 33
37 31
39 31
39 30
34 30
34 31
36 31
36 32
33 32
33 30
32 30
32 32
31 32
31 30
29 30
29 29
31 29
31 26
29 26
29 21
32 21
32 24
31 24
31 22
30 22
30 25
32 25
32 27
34 27
34 28
32 28
32 29
35 29
35 27
37 27
37 25
46 25
46 26
42 26
42 28
41 28
41 26
40 26
40 28
39 28
39 26
38 26
38 28
36 28
36 29
43 29
43 27
44 27
44 29
47 29
47 28
45 28
45 27
47 27
47 25
51 25
51 24
45 24
45 23
47 23
47 22
45 22
45 21
47 21
47 20
45 20
45 13
46 13
46 17
48 17
48 18
46 18
46 19
48 19
48 21
49 21
49 16
47 16
47 15
52 15
52 16
50 16
50 22
48 22
48 23
51 23
51 21
53 21
53 20
51 20
51 17
59 17
59 16
53 16
53 14
47 14
47 13
49 13
49 11
52 11
52 12
50 12
50 13
53 13
53 10
51 10
51 9
54 9
54 13
56 13
56 14
54 14
54 15
59 15
59 14
57 14
57 13
59 13
59 12
57 12
57 10
56 10
56 12
55 12
55 7
56 7
56 9
59 9
59 8
57 8
57 7
60 7
60 10
58 10
58 11
60 11
60 13
61 13
61 7
62 7
62 9
64 9
64 10
62 10
62 11
64 11
64 12
62 12
62 13
64 13
64 14
62 14
62 17
63 17
63 15
65 15
65 4
62 4
62 5
64 5
64 8
63 8
63 6
61 6
61 4
60 4
60 6
57 6
57 5
59 5
59 4
56 4
56 6
55 6
55 4
54 4
54 6
53 6
53 3
55 3
55 2
53 2
53 1
58 1
58 2
56 2
56 3
59 3
59 1
62 1
62 2
60 2
60 3
63 3
63 1
64 1
64 3
67 3
67 2
65 2
65 1
68 1
68 3
70 3
70 4
68 4
68 5
70 5
70 8
69 8
69 6
68 6
68 8
67 8
67 4
66 4
66 9
70 9
70 10
66 10
66 11
68 11
68 12
66 12
66 13
69 13
69 11
70 11
70 14
66 14
66 15
71 15
71 9
73 9
73 5
77 5
77 4
73 4
73 3
77 3
77 2
72 2
72 8
71 8
71 2
69 2
69 1
82 1
82 2
78 2
78 3
82 3
82 4
80 4
80 7
81 7
81 5
82 5
82 10
81 10
81 8
79 8
79 4
78 4
78 6
74 6
74 7
76 7
76 8
74 8
74 9
77 9
77 7
78 7
78 9
80 9
80 13
81 13
81 11
82 11
82 14
79 14
79 12
77 12
77 11
79 11
79 10
76 10
76 12
75 12
75 10
74 10
74 12
73 12
73 10
72 10
72 15
73 15
73 13
74 13
74 15
75 15
75 13
78 13
78 14
76 14
76 15
78 15
78 17
81 17
81 16
79 16
79 15
82 15
82 22
81 22
81 18
78 18
78 20
76 20
76 21
78 21
78 25
79 25
79 19
80 19
80 25
81 25
81 23
82 23
82 30
81 30
81 28
80 28
80 30
79 30
79 28
77 28
77 27
81 27
81 26
76 26
76 28
75 28
75 24
74 24
74 28
73 28
73 26
72 26
72 28
69 28
69 25
70 25
70 27
71 27
71 23
72 23
72 25
73 25
73 23
76 23
76 25
77 25
77 22
75 22
75 20
74 20
74 22
73 22
73 19
77 19
77 16
74 16
74 17
76 17
76 18
69 18
69 17
73 17
73 16
68 16
68 20
67 20
67 16
64 16
64 17
66 17
66 20
65 20
65 18
64 18
64 21
69 21
69 19
72 19
72 20
70 20
70 21
72 21
72 22
70 22
70 24
69 24
69 22
66 22
66 23
68 23
68 24
65 24
65 22
63 22
63 18
62 18
62 22
61 22
61 14
60 14
60 20
55 20
55 19
59 19
59 18
52 18
52 19
54 19
54 23
55 23
55 21
56 21
56 23
58 23
58 24
56 24
56 25
58 25
58 30
57 30
57 26
55 26
55 24
54 24
54 26
53 26
53 22
52 22
52 26
50 26
50 27
52 27
52 29
55 29
55 28
53 28
53 27
56 27
56 31
59 31
59 22
57 22
57 21
60 21
60 25
61 25
61 23
62 23
62 25
63 25
63 23
64 23
64 26
62 26
62 27
64 27
64 28
61 28
61 26
60 26
60 31
61 31
61 29
64 29
64 30
62 30
62 31
64 31
64 32
58 32
58 33
60 33
60 34
58 34
58 38
57 38
57 34
56 34
56 36
53 36
53 33
54 33
54 35
55 35
55 33
57 33
57 32
55 32
55 30
54 30
54 32
53 32
53 30
51 30
51 28
49 28
49 26
48 26
48 29
50 29
50 30
46 30
46 32
45 32
45 30
42 30
42 31
44 31
44 34
43 34
43 32
41 32
41 30
40 30
40 33
42 33
42 34
40 34
40 35
45 35
45 33
46 33
46 35
47 35
47 31
50 31
50 32
48 32
48 37
49 37
49 33
51 33
51 31
52 31
52 34
50 34
50 35
52 35
52 36
50 36
50 37
52 37
52 38
50 38
50 39
53 39
53 37
56 37
56 38
54 38
54 39
56 39
56 40
54 40
54 43
59 43
59 42
55 42
55 41
57 41
57 39
60 39
60 40
58 40
58 41
60 41
60 44
58 44
58 49
60 49
60 50
57 50
57 46
56 46
56 48
54 48
54 49
56 49
56 55
57 55
57 53
60 53
60 54
58 54
58 61
59 61
59 55
63 55
63 54
61 54
61 53
64 53
64 56
60 56
60 57
66 57
66 61
67 61
67 56
65 56
65 55
67 55
67 54
65 54
65 53
67 53
67 52
63 52
63 49
67 49
67 48
63 48
63 47
65 47
65 42
64 42
64 46
62 46
62 52
57 52
57 51
61 51
61 46
60 46
60 48
59 48
59 45
61 45
61 43
62 43
62 45
63 45
63 41
67 41
67 40
63 40
63 38
62 38
62 42
61 42
61 37
64 37
64 39
65 39
65 37
66 37
66 39
67 39
67 36
60 36
60 38
59 38
59 35
63 35
63 34
61 34
61 33
64 33
64 35
69 35
69 34
65 34
65 31
67 31
67 30
65 30
65 25
68 25
68 28
67 28
67 26
66 26
66 29
78 29
78 30
68 30
68 32
66 32
66 33
71 33
71 32
69 32
69 31
78 31
78 34
77 34
77 32
72 32
72 34
70 34
70 36
68 36
68 41
69 41
69 37
70 37
70 41
71 41
71 37
72 37
72 39
75 39
75 38
73 38
73 37
75 37
75 36
71 36
71 35
73 35
73 33
74 33
74 35
75 35
75 33
76 33
76 37
77 37
77 35
80 35
80 36
78 36
78 38
76 38
76 39
81 39
81 38
79 38
79 37
81 37
81 34
79 34
79 31
80 31
80 33
81 33
81 31
82 31
82 62
81 62
81 50
77 50
77 49
81 49
81 40
78 40
78 41
80 41
80 42
76 42
76 43
78 43
78 45
79 45
79 43
80 43
80 48
76 48
76 50
75 50
75 48
74 48
74 50
73 50
73 46
71 46
71 45
74 45
74 47
79 47
79 46
75 46
75 45
77 45
77 44
73 44
73 43
75 43
75 41
77 41
77 40
72 40
72 41
74 41
74 42
72 42
72 44
67 44
67 43
71 43
71 42
66 42
66 47
69 47
69 46
67 46
67 45
70 45
70 48
68 48
68 49
70 49
70 50
64 50
64 51
68 51
68 53
69 53
69 51
70 51
70 53
71 53
71 47
72 47
72 51
74 51
74 52
72 52
72 55
75 55
75 54
73 54
73 53
75 53
75 51
80 51
80 54
79 54
79 52
76 52
76 53
78 53
78 55
80 55
80 56
78 56
78 57
80 57
80 60
79 60
79 58
78 58
78 60
77 60
77 58
74 58
74 59
76 59
76 60
74 60
74 62
71 62
71 59
72 59
72 61
73 61
73 57
77 57
77 54
76 54
76 56
71 56
71 54
70 54
70 56
69 56
69 54
68 54
68 59
69 59
69 57
72 57
72 58
70 58
70 60
68 60
68 63
69 63
69 61
70 61
70 63
75 63
75 61
80 61
80 62
76 62
76 63
82 63
82 70
77 70
77 69
81 69
81 66
80 66
80 68
79 68
79 65
81 65
81 64
68 64
68 65
70 65
70 66
68 66
68 67
71 67
71 65
76 65
76 66
72 66
72 67
77 67
77 65
78 65
78 68
74 68
74 70
73 70
73 68
70 68
70 70
68 70
68 71
70 71
70 72
68 72
68 75
69 75
69 73
73 73
73 72
71 72
71 69
72 69
72 71
75 71
75 69
76 69
76 72
74 72
74 74
72 74
72 75
78 75
78 76
72 76
72 77
79 77
79 73
80 73
80 75
81 75
81 72
78 72
78 74
75 74
75 73
77 73
77 71
82 71
82 78
81 78
81 76
80 76
80 78
78 78
78 79
82 79
82 82
81 82
81 80
77 80
77 78
74 78
74 79
76 79
76 81
80 81
80 82
75 82
75 80
74 80
74 82
71 82
71 81
73 81
73 78
71 78
71 74
70 74
70 79
72 79
72 80
70 80
70 82
65 82
65 81
69 81
69 80
64 80
64 82
59 82
59 79
62 79
62 80
60 80
60 81
63 81
63 79
69 79
69 78
67 78
67 77
69 77
69 76
67 76
67 72
66 72
66 74
61 74
61 73
65 73
65 72
61 72
61 71
67 71
67 69
69 69
69 68
64 68
64 69
66 69
66 70
60 70
60 75
62 75
62 76
60 76
60 77
65 77
65 76
63 76
63 75
66 75
66 78
59 78
59 69
63 69
63 68
61 68
61 67
63 67
63 65
64 65
64 67
67 67
67 64
66 64
66 66
65 66
65 63
67 63
67 62
65 62
65 58
64 58
64 60
63 60
63 58
60 58
60 59
62 59
62 60
60 60
60 63
61 63
61 61
64 61
64 62
62 62
62 63
64 63
64 64
60 64
60 65
62 65
62 66
59 66
59 62
58 62
58 66
56 66
56 67
60 67
60 68
58 68
58 70
57 70
57 68
56 68
56 71
58 71
58 72
54 72
54 73
56 73
56 75
57 75
57 73
58 73
58 76
56 76
56 77
58 77
58 78
56 78
56 79
58 79
58 82
53 82
53 81
57 81
57 80
55 80
55 78
54 78
54 80
52 80
52 82
49 82
49 81
51 81
51 78
50 78
50 80
49 80
49 77
52 77
52 79
53 79
53 77
55 77
55 74
54 74
54 76
49 76
49 73
50 73
50 75
53 75
53 74
51 74
51 72
49 72
49 71
52 71
52 73
53 73
53 71
55 71
55 70
51 70
51 69
55 69
55 68
53 68
53 65
54 65
54 67
55 67
55 65
57 65
57 64
53 64
53 61
54 61
54 63
57 63
57 60
56 60
56 62
55 62
55 60
53 60
53 57
54 57
54 59
55 59
55 57
56 57
56 59
57 59
57 56
55 56
55 54
54 54
54 56
53 56
53 51
54 51
54 53
55 53
55 50
53 50
53 47
55 47
55 45
57 45
57 44
53 44
53 42
50 42
50 43
52 43
52 45
54 45
54 46
50 46
50 47
52 47
52 50
51 50
51 48
49 48
49 45
51 45
51 44
48 44
48 46
47 46
47 43
49 43
49 41
53 41
53 40
48 40
48 42
47 42
47 39
49 39
49 38
46 38
46 42
45 42
45 40
43 40
43 39
45 39
45 37
47 37
47 36
42 36
42 37
44 37
44 38
42 38
42 40
40 40
40 42
38 42
38 43
41 43
41 41
44 41
44 42
42 42
42 50
40 50
40 51
42 51
42 53
43 53
43 51
44 51
44 54
42 54
42 57
43 57
43 55
44 55
44 57
45 57
45 50
43 50
43 43
44 43
44 49
45 49
45 43
46 43
46 47
48 47
48 49
50 49
50 52
49 52
49 50
48 50
48 52
47 52
47 48
46 48
46 53
51 53
51 51
52 51
52 62
51 62
51 58
49 58
49 55
50 55
50 57
51 57
51 54
48 54
48 60
45 60
45 59
47 59
47 54
46 54
46 58
44 58
44 61
48 61
48 62
46 62
46 64
43 64
43 63
45 63
45 62
43 62
43 60
42 60
42 66
40 66
40 67
42 67
42 69
44 69
44 71
46 71
46 73
47 73
47 70
45 70
45 69
47 69
47 68
43 68
43 65
44 65
44 67
48 67
48 69
49 69
49 66
45 66
45 65
47 65
47 63
48 63
48 65
49 65
49 59
50 59
50 63
52 63
52 64
50 64
50 65
52 65
52 68
51 68
51 66
50 66
50 70
48 70
48 78
47 78
47 74
46 74
46 76
45 76
45 72
42 72
42 73
44 73
44 74
42 74
42 75
44 75
44 79
45 79
45 77
46 77
46 79
48 79
48 80
44 80
44 81
48 81
48 82
41 82
41 81
43 81
43 76
42 76
42 78
40 78
40 79
42 79
42 80
40 80
40 82
35 82
35 81
37 81
37 77
38 77
38 81
39 81
39 77
41 77
41 76
39 76
39 70
37 70
37 69
40 69
40 75
41 75
41 71
43 71
43 70
41 70
41 68
39 68
39 64
38 64
38 68
36 68
36 71
38 71
38 72
36 72
36 74
35 74
35 70
33 70
33 67
34 67
34 69
35 69
35 67
37 67
37 66
35 66
35 65
37 65
37 61
40 61
40 62
38 62
38 63
40 63
40 65
41 65
41 60
37 60
37 58
35 58
35 56
34 56
34 59
36 59
36 62
35 62
35 60
33 60
33 56
32 56
32 61
34 61
34 62
31 62
31 60
30 60
30 63
36 63
36 64
30 64
30 65
34 65
34 66
30 66
30 68
27 68
27 66
26 66
26 74
25 74
25 72
24 72
24 74
22 74
22 76
20 76
20 77
23 77
23 75
26 75
26 77
27 77
27 69
31 69
31 67
32 67
32 70
28 70
28 71
34 71
34 74
31 74
31 73
33 73
33 72
28 72
28 73
30 73
30 75
37 75
37 73
38 73
38 76
36 76
36 78
34 78
34 79
36 79
36 80
34 80
34 82
33 82
33 80
31 80
31 79
33 79
33 78
31 78
31 77
35 77
35 76
30 76
30 78
29 78
29 74
28 74
28 79
30 79
30 80
28 80
28 81
32 81
32 82
25 82
25 80
23 80
23 79
26 79
26 81
27 81
27 78
25 78
25 76
24 76
24 78
22 78
22 80
21 80
21 78
20 78
20 81
24 81
24 82
17 82
17 80
15 80
15 79
18 79
18 81
19 81
19 78
17 78
17 75
18 75
18 77
19 77
19 75
21 75
21 73
23 73
23 70
22 70
22 72
21 72
21 70
19 70
19 69
23 69
23 68
17 68
17 67
23 67
23 64
22 64
22 66
14 66
14 67
16 67
16 69
18 69
18 71
20 71
20 74
14 74
14 75
16 75
16 76
14 76
14 77
16 77
16 78
14 78
14 81
16 81
16 82
13 82
13 78
11 78
11 77
13 77
13 76
10 76
10 79
12 79
12 82
11 82
11 80
10 80
10 82
5 82
5 80
4 80
4 82
3 82
3 80
2 80
2 82
1 82
1 79
5 79
5 78
1 78
1 77
5 77
5 74
4 74
4 76
1 76
1 73
2 73
2 75
3 75
3 73
5 73
5 72
3 72
3 71
6 71
6 73
8 73
8 74
6 74
6 81
9 81
9 80
7 80
7 75
8 75
8 79
9 79
9 73
10 73
10 75
11 75
11 73
12 73
12 75
13 75
13 72
11 72
11 69
12 69
12 71
13 71
13 69
14 69
14 73
19 73
19 72
15 72
15 71
17 71
17 70
15 70
15 68
10 68
10 72
9 72
9 70
8 70
8 72
7 72
7 69
9 69
9 68
6 68
6 70
3 70
3 67
4 67
4 69
5 69
5 64
4 64
4 66
3 66
3 64
2 64
2 72
1 72
1 61
2 61
2 63
6 63
6 67
7 67
7 65
8 65
8 67
9 67
9 65
10 65
10 67
11 67
11 65
12 65
12 67
13 67
13 65
19 65
19 64
17 64
17 63
19 63
19 62
16 62
16 64
13 64
13 61
14 61
14 63
15 63
15 61
19 61
19 58
18 58
18 60
17 60
17 53
18 53
18 57
20 57
20 59
21 59
21 56
19 56
19 55
22 55
22 57
23 57
23 55
26 55
26 56
24 56
24 60
23 60
23 58
22 58
22 60
20 60
20 65
21 65
21 61
24 61
24 62
22 62
22 63
24 63
24 71
25 71
25 61
26 61
26 65
28 65
28 67
29 67
29 64
27 64
27 61
28 61
28 63
29 63
29 59
31 59
31 56
28 56
28 57
30 57
30 58
26 58
26 59
28 59
28 60
25 60
25 57
27 57
27 55
31 55
31 54
23 54
23 52
20 52
20 53
22 53
22 54
19 54
19 44
14 44
14 45
16 45
16 50
14 50
14 51
17 51
17 45
18 45
18 52
12 52
12 53
16 53
16 56
14 56
14 57
16 57
16 60
13 60
13 59
15 59
15 58
13 58
13 55
15 55
15 54
11 54
11 51
13 51
13 50
9 50
9 49
15 49
15 48
13 48
13 47
15 47
15 46
13 46
13 44
12 44
12 48
8 48
8 51
10 51
10 57
11 57
11 55
12 55
12 58
10 58
10 59
12 59
12 60
10 60
10 63
11 63
11 61
12 61
12 64
9 64
9 62
8 62
8 64
7 64
7 62
5 62
5 61
9 61
9 56
8 56
8 58
7 58
7 56
6 56
6 59
8 59
8 60
4 60
4 62
3 62
3 59
5 59
5 56
4 56
4 58
2 58
2 60
1 60
1 57
3 57
3 56
1 56
1 45
2 45
2 47
4 47
4 48
2 48
2 49
4 49
4 52
3 52
3 50
2 50
2 53
8 53
8 54
2 54
2 55
9 55
9 52
7 52
7 50
6 50
6 52
5 52
5 49
7 49
7 48
5 48
5 43
10 43
10 44
8 44
8 46
7 46
7 44
6 44
6 47
9 47
9 45
10 45
10 47
11 47
11 42
7 42
7 40
6 40
6 42
5 42
5 40
4 40
4 42
3 42
3 40
2 40
2 43
4 43
4 46
3 46
3 44
1 44
1 37
4 37
4 38
2 38
2 39
7 39
7 38
5 38
5 36
1 36
1 33
2 33
2 35
9 35
9 33
10 33
10 35
13 35
13 34
11 34
11 31
12 31
12 33
13 33
13 27
14 27
14 31
16 31
16 34
15 34
15 32
14 32
14 35
16 35
16 36
14 36
14 42
13 42
13 40
9 40
9 37
10 37
10 39
13 39
13 36
12 36
12 38
11 38
11 36
6 36
6 37
8 37
8 41
12 41
12 43
15 43
15 37
17 37
17 35
18 35
18 37
22 37
22 40
21 40
21 38
18 38
18 39
20 39
20 40
17 40
17 38
16 38
16 41
18 41
18 42
16 42
16 43
19 43
19 41
20 41
20 43
21 43
21 41
26 41
26 42
22 42
22 44
20 44
20 45
23 45
23 43
26 43
26 44
24 44
24 45
26 45
26 47
30 47
30 48
25 48
25 46
22 46
22 47
24 47
24 48
21 48
21 46
20 46
20 51
21 51
21 49
22 49
22 51
23 51
23 49
24 49
24 53
25 53
25 51
27 51
27 50
25 50
25 49
30 49
30 50
28 50
28 51
30 51
30 52
26 52
26 53
31 53
31 51
32 51
32 55
33 55
33 48
32 48
32 50
31 50
31 47
33 47
33 45
34 45
34 47
36 47
36 48
34 48
34 51
35 51
35 49
36 49
36 52
34 52
34 55
35 55
35 53
36 53
36 55
39 55
39 54
37 54
37 51
38 51
38 53
40 53
40 58
39 58
39 56
36 56
36 57
38 57
38 59
43 59
43 58
41 58
41 52
39 52
39 49
41 49
41 48
38 48
38 50
37 50
37 47
41 47
41 46
39 46
39 45
41 45
41 44
36 44
36 45
38 45
38 46
35 46
35 41
36 41
36 43
37 43
37 41
39 41
39 40
35 40
35 39
41 39
41 36
40 36
40 38
39 38
39 32
38 32
38 36
34 36
34 37
38 37
38 38
34 38
34 44
31 44
31 42
30 42
30 44
28 44
28 45
32 45
32 46
27 46
27 43
29 43
29 40
28 40
28 42
27 42
27 39
29 39
29 36
27 36
27 35
29 35
29 34
26 34
26 36
24 36
24 37
28 37
28 38
26 38
26 40
23 40
23 39
25 39
25 38
23 38
23 33
24 33
24 35
25 35
25 32
23 32
23 31
25 31
25 30
22 30
22 32
21 32
21 29
23 29
23 28
19 28
19 27
21 27
21 25
22 25
22 27
23 27
23 24
21 24
21 22
19 22
19 19
20 19
20 21
23 21
23 20
21 20
21 18
17 18
17 17
22 17
22 19
23 19
23 17
26 17
26 18
24 18
24 21
25 21
25 19
26 19
26 21
27 21
27 16
25 16
25 15
27 15
27 14
25 14
25 13
27 13
27 10
24 10
24 11
26 11
26 12
22 12
22 13
24 13
24 16
23 16
23 14
20 14
20 15
22 15
22 16
19 16
19 13
21 13
21 12
18 12
18 16
17 16
17 14
14 14
14 15
16 15
16 16
14 16
14 17
16 17
16 18
14 18
14 19
16 19
16 20
14 20
14 21
17 21
17 19
18 19
18 22
16 22
16 25
17 25
17 23
20 23
20 24
18 24
18 25
20 25
20 26
18 26
18 31
19 31
19 29
20 29
20 35
21 35
21 33
22 33
22 36
19 36
19 34
17 34
17 33
19 33
19 32
17 32
17 30
15 30
15 29
17 29
17 28
15 28
15 27
17 27
17 26
13 26
13 25
15 25
15 22
14 22
14 24
13 24
13 18
12 18
12 20
11 20
11 18
9 18
9 17
13 17
13 14
12 14
12 16
11 16
11 14
10 14
10 16
9 16
9 14
8 14
8 16
7 16
7 14
4 14
4 15
6 15
6 17
8 17
8 18
6 18
6 19
8 19
8 20
5 20
5 18
4 18
4 21
9 21
9 19
10 19
10 21
12 21
12 30
11 30
11 28
7 28
7 27
11 27
11 26
4 26
4 27
6 27
6 29
10 29
10 32
8 32
8 34
7 34
7 32
6 32
6 34
3 34
3 33
5 33
5 31
9 31
9 30
4 30
4 32
3 32
3 29
5 29
5 28
3 28
3 26
2 26
2 32
1 32
1 19
2 19
2 25
7 25
7 24
3 24
3 23
8 23
8 25
11 25
11 22
10 22
10 24
9 24
9 22
3 22
3 17
5 17
5 16
2 16
2 18
1 18
1 13
2 13
2 15
3 15
3 12
1 12
1 11
3 11
3 8
2 8
2 10
1 10
1 7
4 7
4 9
5 9
5 6
1 6
1 1
10 1
10 2
8 2
8 3
10 3
10 4
7 4
7 2
6 2
6 4
5 4
5 2
2 2
