1996
1000003 1000003
1001997 1000003
1001997 1001003
1001995 1001003
1001995 1000005
1001993 1000005
1001993 1001003
1001991 1001003
1001991 1000005
1001989 1000005
1001989 1001003
1001987 1001003
1001987 1000005
1001985 1000005
1001985 1001003
1001983 1001003
1001983 1000005
1001981 1000005
1001981 1001003
1001979 1001003
1001979 1000005
1001977 1000005
1001977 1001003
1001975 1001003
1001975 1000005
1001973 1000005
1001973 1001003
1001971 1001003
1001971 1000005
1001969 1000005
1001969 1001003
1001967 1001003
1001967 1000005
1001965 1000005
1001965 1001003
1001963 1001003
1001963 1000005
1001961 1000005
1001961 1001003
1001959 1001003
1001959 1000005
1001957 1000005
1001957 1001003
1001955 1001003
1001955 1000005
1001953 1000005
1001953 1001003
1001951 1001003
1001951 1000005
1001949 1000005
1001949 1001003
1001947 1001003
1001947 1000005
1001945 1000005
1001945 1001003
1001943 1001003
1001943 1000005
1001941 1000005
1001941 1001003
1001939 1001003
1001939 1000005
1001937 1000005
1001937 1001003
1001935 1001003
1001935 1000005
1001933 1000005
1001933 1001003
1001931 1001003
1001931 1000005
1001929 1000005
1001929 1001003
1001927 1001003
1001927 1000005
1001925 1000005
1001925 1001003
1001923 1001003
1001923 1000005
1001921 1000005
1001921 1001003
1001919 1001003
1001919 1000005
1001917 1000005
1001917 1001003
1001915 1001003
1001915 1000005
1001913 1000005
1001913 1001003
1001911 1001003
1001911 1000005
1001909 1000005
1001909 1001003
1001907 1001003
1001907 1000005
1001905 1000005
1001905 1001003
1001903 1001003
1001903 1000005
1001901 1000005
1001901 1001003
1001899 1001003
1001899 1000005
1001897 1000005
1001897 1001003
1001895 1001003
1001895 1000005
1001893 1000005
1001893 1001003
1001891 1001003
1001891 1000005
1001889 1000005
1001889 1001003
1001887 1001003
1001887 1000005
1001885 1000005
1001885 1001003
1001883 1001003
1001883 1000005
1001881 1000005
1001881 1001003
1001879 1001003
1001879 1000005
1001877 1000005
1001877 1001003
1001875 1001003
1001875 1000005
1001873 1000005
1001873 1001003
1001871 1001003
1001871 1000005
1001869 1000005
1001869 1001003
1001867 1001003
1001867 1000005
1001865 1000005
1001865 1001003
1001863 1001003
1001863 1000005
1001861 1000005
1001861 1001003
1001859 1001003
1001859 1000005
1001857 1000005
1001857 1001003
1001855 1001003
1001855 1000005
1001853 1000005
1001853 1001003
1001851 1001003
1001851 1000005
1001849 1000005
1001849 1001003
1001847 1001003
1001847 1000005
1001845 1000005
1001845 1001003
1001843 1001003
1001843 1000005
1001841 1000005
1001841 1001003
1001839 1001003
1001839 1000005
1001837 1000005
1001837 1001003
1001835 1001003
1001835 1000005
1001833 1000005
1001833 1001003
1001831 1001003
1001831 1000005
1001829 1000005
1001829 1001003
1001827 1001003
1001827 1000005
1001825 1000005
1001825 1001003
1001823 1001003
1001823 1000005
1001821 1000005
1001821 1001003
1001819 1001003
1001819 1000005
1001817 1000005
1001817 1001003
1001815 1001003
1001815 1000005
1001813 1000005
1001813 1001003
1001811 1001003
1001811 1000005
1001809 1000005
1001809 1001003
1001807 1001003
1001807 1000005
1001805 1000005
1001805 1001003
1001803 1001003
1001803 1000005
1001801 1000005
1001801 1001003
1001799 1001003
1001799 1000005
1001797 1000005
1001797 1001003
1001795 1001003
1001795 1000005
1001793 1000005
1001793 1001003
1001791 1001003
1001791 1000005
1001789 1000005
1001789 1001003
1001787 1001003
1001787 1000005
1001785 1000005
1001785 1001003
1001783 1001003
1001783 1000005
1001781 1000005
1001781 1001003
1001779 1001003
1001779 1000005
1001777 1000005
1001777 1001003
1001775 1001003
1001775 1000005
1001773 1000005
1001773 1001003
1001771 1001003
1001771 1000005
1001769 1000005
1001769 1001003
1001767 1001003
1001767 1000005
1001765 1000005
1001765 1001003
1001763 1001003
1001763 1000005
1001761 1000005
1001761 1001003
1001759 1001003
1001759 1000005
1001757 1000005
1001757 1001003
1001755 1001003
1001755 1000005
1001753 1000005
1001753 1001003
1001751 1001003
1001751 1000005
1001749 1000005
1001749 1001003
1001747 1001003
1001747 1000005
1001745 1000005
1001745 1001003
1001743 1001003
1001743 1000005
1001741 1000005
1001741 1001003
1001739 1001003
1001739 1000005
1001737 1000005
1001737 1001003
1001735 1001003
1001735 1000005
1001733 1000005
1001733 1001003
1001731 1001003
1001731 1000005
1001729 1000005
1001729 1001003
1001727 1001003
1001727 1000005
1001725 1000005
1001725 1001003
1001723 1001003
1001723 1000005
1001721 1000005
1001721 1001003
1001719 1001003
1001719 1000005
1001717 1000005
1001717 1001003
1001715 1001003
1001715 1000005
1001713 1000005
1001713 1001003
1001711 1001003
1001711 1000005
1001709 1000005
1001709 1001003
1001707 1001003
1001707 1000005
1001705 1000005
1001705 1001003
1001703 1001003
1001703 1000005
1001701 1000005
1001701 1001003
1001699 1001003
1001699 1000005
1001697 1000005
1001697 1001003
1001695 1001003
1001695 1000005
1001693 1000005
1001693 1001003
1001691 1001003
1001691 1000005
1001689 1000005
1001689 1001003
1001687 1001003
1001687 1000005
1001685 1000005
1001685 1001003
1001683 1001003
1001683 1000005
1001681 1000005
1001681 1001003
1001679 1001003
1001679 1000005
1001677 1000005
1001677 1001003
1001675 1001003
1001675 1000005
1001673 1000005
1001673 1001003
1001671 1001003
1001671 1000005
1001669 1000005
1001669 1001003
1001667 1001003
1001667 1000005
1001665 1000005
1001665 1001003
1001663 1001003
1001663 1000005
1001661 1000005
1001661 1001003
1001659 1001003
1001659 1000005
1001657 1000005
1001657 1001003
1001655 1001003
1001655 1000005
1001653 1000005
1001653 1001003
1001651 1001003
1001651 1000005
1001649 1000005
1001649 1001003
1001647 1001003
1001647 1000005
1001645 1000005
1001645 1001003
1001643 1001003
1001643 1000005
1001641 1000005
1001641 1001003
1001639 1001003
1001639 1000005
1001637 1000005
1001637 1001003
1001635 1001003
1001635 1000005
1001633 1000005
1001633 1001003
1001631 1001003
1001631 1000005
1001629 1000005
1001629 1001003
1001627 1001003
1001627 1000005
1001625 1000005
1001625 1001003
1001623 1001003
1001623 1000005
1001621 1000005
1001621 1001003
1001619 1001003
1001619 1000005
1001617 1000005
1001617 1001003
1001615 1001003
1001615 1000005
1001613 1000005
1001613 1001003
1001611 1001003
1001611 1000005
1001609 1000005
1001609 1001003
1001607 1001003
1001607 1000005
1001605 1000005
1001605 1001003
1001603 1001003
1001603 1000005
1001601 1000005
1001601 1001003
1001599 1001003
1001599 1000005
1001597 1000005
1001597 1001003
1001595 1001003
1001595 1000005
1001593 1000005
1001593 1001003
1001591 1001003
1001591 1000005
1001589 1000005
1001589 1001003
1001587 1001003
1001587 1000005
1001585 1000005
1001585 1001003
1001583 1001003
1001583 1000005
1001581 1000005
1001581 1001003
1001579 1001003
1001579 1000005
1001577 1000005
1001577 1001003
1001575 1001003
1001575 1000005
1001573 1000005
1001573 1001003
1001571 1001003
1001571 1000005
1001569 1000005
1001569 1001003
1001567 1001003
1001567 1000005
1001565 1000005
1001565 1001003
1001563 1001003
1001563 1000005
1001561 1000005
1001561 1001003
1001559 1001003
1001559 1000005
1001557 1000005
1001557 1001003
1001555 1001003
1001555 1000005
1001553 1000005
1001553 1001003
1001551 1001003
1001551 1000005
1001549 1000005
1001549 1001003
1001547 1001003
1001547 1000005
1001545 1000005
1001545 1001003
1001543 1001003
1001543 1000005
1001541 1000005
1001541 1001003
1001539 1001003
1001539 1000005
1001537 1000005
1001537 1001003
1001535 1001003
1001535 1000005
1001533 1000005
1001533 1001003
1001531 1001003
1001531 1000005
1001529 1000005
1001529 1001003
1001527 1001003
1001527 1000005
1001525 1000005
1001525 1001003
1001523 1001003
1001523 1000005
1001521 1000005
1001521 1001003
1001519 1001003
1001519 1000005
1001517 1000005
1001517 1001003
1001515 1001003
1001515 1000005
1001513 1000005
1001513 1001003
1001511 1001003
1001511 1000005
1001509 1000005
1001509 1001003
1001507 1001003
1001507 1000005
1001505 1000005
1001505 1001003
1001503 1001003
1001503 1000005
1001501 1000005
1001501 1001003
1001499 1001003
1001499 1000005
1001497 1000005
1001497 1001003
1001495 1001003
1001495 1000005
1001493 1000005
1001493 1001003
1001491 1001003
1001491 1000005
1001489 1000005
1001489 1001003
1001487 1001003
1001487 1000005
1001485 1000005
1001485 1001003
1001483 1001003
1001483 1000005
1001481 1000005
1001481 1001003
1001479 1001003
1001479 1000005
1001477 1000005
1001477 1001003
1001475 1001003
1001475 1000005
1001473 1000005
1001473 1001003
1001471 1001003
1001471 1000005
1001469 1000005
1001469 1001003
1001467 1001003
1001467 1000005
1001465 1000005
1001465 1001003
1001463 1001003
1001463 1000005
1001461 1000005
1001461 1001003
1001459 1001003
1001459 1000005
1001457 1000005
1001457 1001003
1001455 1001003
1001455 1000005
1001453 1000005
1001453 1001003
1001451 1001003
1001451 1000005
1001449 1000005
1001449 1001003
1001447 1001003
1001447 1000005
1001445 1000005
1001445 1001003
1001443 1001003
1001443 1000005
1001441 1000005
1001441 1001003
1001439 1001003
1001439 1000005
1001437 1000005
1001437 1001003
1001435 1001003
1001435 1000005
1001433 1000005
1001433 1001003
1001431 1001003
1001431 1000005
1001429 1000005
1001429 1001003
1001427 1001003
1001427 1000005
1001425 1000005
1001425 1001003
1001423 1001003
1001423 1000005
1001421 1000005
1001421 1001003
1001419 1001003
1001419 1000005
1001417 1000005
1001417 1001003
1001415 1001003
1001415 1000005
1001413 1000005
1001413 1001003
1001411 1001003
1001411 1000005
1001409 1000005
1001409 1001003
1001407 1001003
1001407 1000005
1001405 1000005
1001405 1001003
1001403 1001003
1001403 1000005
1001401 1000005
1001401 1001003
1001399 1001003
1001399 1000005
1001397 1000005
1001397 1001003
1001395 1001003
1001395 1000005
1001393 1000005
1001393 1001003
1001391 1001003
1001391 1000005
1001389 1000005
1001389 1001003
1001387 1001003
1001387 1000005
1001385 1000005
1001385 1001003
1001383 1001003
1001383 1000005
1001381 1000005
1001381 1001003
1001379 1001003
1001379 1000005
1001377 1000005
1001377 1001003
1001375 1001003
1001375 1000005
1001373 1000005
1001373 1001003
1001371 1001003
1001371 1000005
1001369 1000005
1001369 1001003
1001367 1001003
1001367 1000005
1001365 1000005
1001365 1001003
1001363 1001003
1001363 1000005
1001361 1000005
1001361 1001003
1001359 1001003
1001359 1000005
1001357 1000005
1001357 1001003
1001355 1001003
1001355 1000005
1001353 1000005
1001353 1001003
1001351 1001003
1001351 1000005
1001349 1000005
1001349 1001003
1001347 1001003
1001347 1000005
1001345 1000005
1001345 1001003
1001343 1001003
1001343 1000005
1001341 1000005
1001341 1001003
1001339 1001003
1001339 1000005
1001337 1000005
1001337 1001003
1001335 1001003
1001335 1000005
1001333 1000005
1001333 1001003
1001331 1001003
1001331 1000005
1001329 1000005
1001329 1001003
1001327 1001003
1001327 1000005
1001325 1000005
1001325 1001003
1001323 1001003
1001323 1000005
1001321 1000005
1001321 1001003
1001319 1001003
1001319 1000005
1001317 1000005
1001317 1001003
1001315 1001003
1001315 1000005
1001313 1000005
1001313 1001003
1001311 1001003
1001311 1000005
1001309 1000005
1001309 1001003
1001307 1001003
1001307 1000005
1001305 1000005
1001305 1001003
1001303 1001003
1001303 1000005
1001301 1000005
1001301 1001003
1001299 1001003
1001299 1000005
1001297 1000005
1001297 1001003
1001295 1001003
1001295 1000005
1001293 1000005
1001293 1001003
1001291 1001003
1001291 1000005
1001289 1000005
1001289 1001003
1001287 1001003
1001287 1000005
1001285 1000005
1001285 1001003
1001283 1001003
1001283 1000005
1001281 1000005
1001281 1001003
1001279 1001003
1001279 1000005
1001277 1000005
1001277 1001003
1001275 1001003
1001275 1000005
1001273 1000005
1001273 1001003
1001271 1001003
1001271 1000005
1001269 1000005
1001269 1001003
1001267 1001003
1001267 1000005
1001265 1000005
1001265 1001003
1001263 1001003
1001263 1000005
1001261 1000005
1001261 1001003
1001259 1001003
1001259 1000005
1001257 1000005
1001257 1001003
1001255 1001003
1001255 1000005
1001253 1000005
1001253 1001003
1001251 1001003
1001251 1000005
1001249 1000005
1001249 1001003
1001247 1001003
1001247 1000005
1001245 1000005
1001245 1001003
1001243 1001003
1001243 1000005
1001241 1000005
1001241 1001003
1001239 1001003
1001239 1000005
1001237 1000005
1001237 1001003
1001235 1001003
1001235 1000005
1001233 1000005
1001233 1001003
1001231 1001003
1001231 1000005
1001229 1000005
1001229 1001003
1001227 1001003
1001227 1000005
1001225 1000005
1001225 1001003
1001223 1001003
1001223 1000005
1001221 1000005
1001221 1001003
1001219 1001003
1001219 1000005
1001217 1000005
1001217 1001003
1001215 1001003
1001215 1000005
1001213 1000005
1001213 1001003
1001211 1001003
1001211 1000005
1001209 1000005
1001209 1001003
1001207 1001003
1001207 1000005
1001205 1000005
1001205 1001003
1001203 1001003
1001203 1000005
1001201 1000005
1001201 1001003
1001199 1001003
1001199 1000005
1001197 1000005
1001197 1001003
1001195 1001003
1001195 1000005
1001193 1000005
1001193 1001003
1001191 1001003
1001191 1000005
1001189 1000005
1001189 1001003
1001187 1001003
1001187 1000005
1001185 1000005
1001185 1001003
1001183 1001003
1001183 1000005
1001181 1000005
1001181 1001003
1001179 1001003
1001179 1000005
1001177 1000005
1001177 1001003
1001175 1001003
1001175 1000005
1001173 1000005
1001173 1001003
1001171 1001003
1001171 1000005
1001169 1000005
1001169 1001003
1001167 1001003
1001167 1000005
1001165 1000005
1001165 1001003
1001163 1001003
1001163 1000005
1001161 1000005
1001161 1001003
1001159 1001003
1001159 1000005
1001157 1000005
1001157 1001003
1001155 1001003
1001155 1000005
1001153 1000005
1001153 1001003
1001151 1001003
1001151 1000005
1001149 1000005
1001149 1001003
1001147 1001003
1001147 1000005
1001145 1000005
1001145 1001003
1001143 1001003
1001143 1000005
1001141 1000005
1001141 1001003
1001139 1001003
1001139 1000005
1001137 1000005
1001137 1001003
1001135 1001003
1001135 1000005
1001133 1000005
1001133 1001003
1001131 1001003
1001131 1000005
1001129 1000005
1001129 1001003
1001127 1001003
1001127 1000005
1001125 1000005
1001125 1001003
1001123 1001003
1001123 1000005
1001121 1000005
1001121 1001003
1001119 1001003
1001119 1000005
1001117 1000005
1001117 1001003
1001115 1001003
1001115 1000005
1001113 1000005
1001113 1001003
1001111 1001003
1001111 1000005
1001109 1000005
1001109 1001003
1001107 1001003
1001107 1000005
1001105 1000005
1001105 1001003
1001103 1001003
1001103 1000005
1001101 1000005
1001101 1001003
1001099 1001003
1001099 1000005
1001097 1000005
1001097 1001003
1001095 1001003
1001095 1000005
1001093 1000005
1001093 1001003
1001091 1001003
1001091 1000005
1001089 1000005
1001089 1001003
1001087 1001003
1001087 1000005
1001085 1000005
1001085 1001003
1001083 1001003
1001083 1000005
1001081 1000005
1001081 1001003
1001079 1001003
1001079 1000005
1001077 1000005
1001077 1001003
1001075 1001003
1001075 1000005
1001073 1000005
1001073 1001003
1001071 1001003
1001071 1000005
1001069 1000005
1001069 1001003
1001067 1001003
1001067 1000005
1001065 1000005
1001065 1001003
1001063 1001003
1001063 1000005
1001061 1000005
1001061 1001003
1001059 1001003
1001059 1000005
1001057 1000005
1001057 1001003
1001055 1001003
1001055 1000005
1001053 1000005
1001053 1001003
1001051 1001003
1001051 1000005
1001049 1000005
1001049 1001003
1001047 1001003
1001047 1000005
1001045 1000005
1001045 1001003
1001043 1001003
1001043 1000005
1001041 1000005
1001041 1001003
1001039 1001003
1001039 1000005
1001037 1000005
1001037 1001003
1001035 1001003
1001035 1000005
1001033 1000005
1001033 1001003
1001031 1001003
1001031 1000005
1001029 1000005
1001029 1001003
1001027 1001003
1001027 1000005
1001025 1000005
1001025 1001003
1001023 1001003
1001023 1000005
1001021 1000005
1001021 1001003
1001019 1001003
1001019 1000005
1001017 1000005
1001017 1001003
1001015 1001003
1001015 1000005
1001013 1000005
1001013 1001003
1001011 1001003
1001011 1000005
1001009 1000005
1001009 1001003
1001007 1001003
1001007 1000005
1001005 1000005
1001005 1001003
1001003 1001003
1001003 1000005
1001001 1000005
1001001 1001003
1000999 1001003
1000999 1000005
1000997 1000005
1000997 1001003
1000995 1001003
1000995 1000005
1000993 1000005
1000993 1001003
1000991 1001003
1000991 1000005
1000989 1000005
1000989 1001003
1000987 1001003
1000987 1000005
1000985 1000005
1000985 1001003
1000983 1001003
1000983 1000005
1000981 1000005
1000981 1001003
1000979 1001003
1000979 1000005
1000977 1000005
1000977 1001003
1000975 1001003
1000975 1000005
1000973 1000005
1000973 1001003
1000971 1001003
1000971 1000005
1000969 1000005
1000969 1001003
1000967 1001003
1000967 1000005
1000965 1000005
1000965 1001003
1000963 1001003
1000963 1000005
1000961 1000005
1000961 1001003
1000959 1001003
1000959 1000005
1000957 1000005
1000957 1001003
1000955 1001003
1000955 1000005
1000953 1000005
1000953 1001003
1000951 1001003
1000951 1000005
1000949 1000005
1000949 1001003
1000947 1001003
1000947 1000005
1000945 1000005
1000945 1001003
1000943 1001003
1000943 1000005
1000941 1000005
1000941 1001003
1000939 1001003
1000939 1000005
1000937 1000005
1000937 1001003
1000935 1001003
1000935 1000005
1000933 1000005
1000933 1001003
1000931 1001003
1000931 1000005
1000929 1000005
1000929 1001003
1000927 1001003
1000927 1000005
1000925 1000005
1000925 1001003
1000923 1001003
1000923 1000005
1000921 1000005
1000921 1001003
1000919 1001003
1000919 1000005
1000917 1000005
1000917 1001003
1000915 1001003
1000915 1000005
1000913 1000005
1000913 1001003
1000911 1001003
1000911 1000005
1000909 1000005
1000909 1001003
1000907 1001003
1000907 1000005
1000905 1000005
1000905 1001003
1000903 1001003
1000903 1000005
1000901 1000005
1000901 1001003
1000899 1001003
1000899 1000005
1000897 1000005
1000897 1001003
1000895 1001003
1000895 1000005
1000893 1000005
1000893 1001003
1000891 1001003
1000891 1000005
1000889 1000005
1000889 1001003
1000887 1001003
1000887 1000005
1000885 1000005
1000885 1001003
1000883 1001003
1000883 1000005
1000881 1000005
1000881 1001003
1000879 1001003
1000879 1000005
1000877 1000005
1000877 1001003
1000875 1001003
1000875 1000005
1000873 1000005
1000873 1001003
1000871 1001003
1000871 1000005
1000869 1000005
1000869 1001003
1000867 1001003
1000867 1000005
1000865 1000005
1000865 1001003
1000863 1001003
1000863 1000005
1000861 1000005
1000861 1001003
1000859 1001003
1000859 1000005
1000857 1000005
1000857 1001003
1000855 1001003
1000855 1000005
1000853 1000005
1000853 1001003
1000851 1001003
1000851 1000005
1000849 1000005
1000849 1001003
1000847 1001003
1000847 1000005
1000845 1000005
1000845 1001003
1000843 1001003
1000843 1000005
1000841 1000005
1000841 1001003
1000839 1001003
1000839 1000005
1000837 1000005
1000837 1001003
1000835 1001003
1000835 1000005
1000833 1000005
1000833 1001003
1000831 1001003
1000831 1000005
1000829 1000005
1000829 1001003
1000827 1001003
1000827 1000005
1000825 1000005
1000825 1001003
1000823 1001003
1000823 1000005
1000821 1000005
1000821 1001003
1000819 1001003
1000819 1000005
1000817 1000005
1000817 1001003
1000815 1001003
1000815 1000005
1000813 1000005
1000813 1001003
1000811 1001003
1000811 1000005
1000809 1000005
1000809 1001003
1000807 1001003
1000807 1000005
1000805 1000005
1000805 1001003
1000803 1001003
1000803 1000005
1000801 1000005
1000801 1001003
1000799 1001003
1000799 1000005
1000797 1000005
1000797 1001003
1000795 1001003
1000795 1000005
1000793 1000005
1000793 1001003
1000791 1001003
1000791 1000005
1000789 1000005
1000789 1001003
1000787 1001003
1000787 1000005
1000785 1000005
1000785 1001003
1000783 1001003
1000783 1000005
1000781 1000005
1000781 1001003
1000779 1001003
1000779 1000005
1000777 1000005
1000777 1001003
1000775 1001003
1000775 1000005
1000773 1000005
1000773 1001003
1000771 1001003
1000771 1000005
1000769 1000005
1000769 1001003
1000767 1001003
1000767 1000005
1000765 1000005
1000765 1001003
1000763 1001003
1000763 1000005
1000761 1000005
1000761 1001003
1000759 1001003
1000759 1000005
1000757 1000005
1000757 1001003
1000755 1001003
1000755 1000005
1000753 1000005
1000753 1001003
1000751 1001003
1000751 1000005
1000749 1000005
1000749 1001003
1000747 1001003
1000747 1000005
1000745 1000005
1000745 1001003
1000743 1001003
1000743 1000005
1000741 1000005
1000741 1001003
1000739 1001003
1000739 1000005
1000737 1000005
1000737 1001003
1000735 1001003
1000735 1000005
1000733 1000005
1000733 1001003
1000731 1001003
1000731 1000005
1000729 1000005
1000729 1001003
1000727 1001003
1000727 1000005
1000725 1000005
1000725 1001003
1000723 1001003
1000723 1000005
1000721 1000005
1000721 1001003
1000719 1001003
1000719 1000005
1000717 1000005
1000717 1001003
1000715 1001003
1000715 1000005
1000713 1000005
1000713 1001003
1000711 1001003
1000711 1000005
1000709 1000005
1000709 1001003
1000707 1001003
1000707 1000005
1000705 1000005
1000705 1001003
1000703 1001003
1000703 1000005
1000701 1000005
1000701 1001003
1000699 1001003
1000699 1000005
1000697 1000005
1000697 1001003
1000695 1001003
1000695 1000005
1000693 1000005
1000693 1001003
1000691 1001003
1000691 1000005
1000689 1000005
1000689 1001003
1000687 1001003
1000687 1000005
1000685 1000005
1000685 1001003
1000683 1001003
1000683 1000005
1000681 1000005
1000681 1001003
1000679 1001003
1000679 1000005
1000677 1000005
1000677 1001003
1000675 1001003
1000675 1000005
1000673 1000005
1000673 1001003
1000671 1001003
1000671 1000005
1000669 1000005
1000669 1001003
1000667 1001003
1000667 1000005
1000665 1000005
1000665 1001003
1000663 1001003
1000663 1000005
1000661 1000005
1000661 1001003
1000659 1001003
1000659 1000005
1000657 1000005
1000657 1001003
1000655 1001003
1000655 1000005
1000653 1000005
1000653 1001003
1000651 1001003
1000651 1000005
1000649 1000005
1000649 1001003
1000647 1001003
1000647 1000005
1000645 1000005
1000645 1001003
1000643 1001003
1000643 1000005
1000641 1000005
1000641 1001003
1000639 1001003
1000639 1000005
1000637 1000005
1000637 1001003
1000635 1001003
1000635 1000005
1000633 1000005
1000633 1001003
1000631 1001003
1000631 1000005
1000629 1000005
1000629 1001003
1000627 1001003
1000627 1000005
1000625 1000005
1000625 1001003
1000623 1001003
1000623 1000005
1000621 1000005
1000621 1001003
1000619 1001003
1000619 1000005
1000617 1000005
1000617 1001003
1000615 1001003
1000615 1000005
1000613 1000005
1000613 1001003
1000611 1001003
1000611 1000005
1000609 1000005
1000609 1001003
1000607 1001003
1000607 1000005
1000605 1000005
1000605 1001003
1000603 1001003
1000603 1000005
1000601 1000005
1000601 1001003
1000599 1001003
1000599 1000005
1000597 1000005
1000597 1001003
1000595 1001003
1000595 1000005
1000593 1000005
1000593 1001003
1000591 1001003
1000591 1000005
1000589 1000005
1000589 1001003
1000587 1001003
1000587 1000005
1000585 1000005
1000585 1001003
1000583 1001003
1000583 1000005
1000581 1000005
1000581 1001003
1000579 1001003
1000579 1000005
1000577 1000005
1000577 1001003
1000575 1001003
1000575 1000005
1000573 1000005
1000573 1001003
1000571 1001003
1000571 1000005
1000569 1000005
1000569 1001003
1000567 1001003
1000567 1000005
1000565 1000005
1000565 1001003
1000563 1001003
1000563 1000005
1000561 1000005
1000561 1001003
1000559 1001003
1000559 1000005
1000557 1000005
1000557 1001003
1000555 1001003
1000555 1000005
1000553 1000005
1000553 1001003
1000551 1001003
1000551 1000005
1000549 1000005
1000549 1001003
1000547 1001003
1000547 1000005
1000545 1000005
1000545 1001003
1000543 1001003
1000543 1000005
1000541 1000005
1000541 1001003
1000539 1001003
1000539 1000005
1000537 1000005
1000537 1001003
1000535 1001003
1000535 1000005
1000533 1000005
1000533 1001003
1000531 1001003
1000531 1000005
1000529 1000005
1000529 1001003
1000527 1001003
1000527 1000005
1000525 1000005
1000525 1001003
1000523 1001003
1000523 1000005
1000521 1000005
1000521 1001003
1000519 1001003
1000519 1000005
1000517 1000005
1000517 1001003
1000515 1001003
1000515 1000005
1000513 1000005
1000513 1001003
1000511 1001003
1000511 1000005
1000509 1000005
1000509 1001003
1000507 1001003
1000507 1000005
1000505 1000005
1000505 1001003
1000503 1001003
1000503 1000005
1000501 1000005
1000501 1001003
1000499 1001003
1000499 1000005
1000497 1000005
1000497 1001003
1000495 1001003
1000495 1000005
1000493 1000005
1000493 1001003
1000491 1001003
1000491 1000005
1000489 1000005
1000489 1001003
1000487 1001003
1000487 1000005
1000485 1000005
1000485 1001003
1000483 1001003
1000483 1000005
1000481 1000005
1000481 1001003
1000479 1001003
1000479 1000005
1000477 1000005
1000477 1001003
1000475 1001003
1000475 1000005
1000473 1000005
1000473 1001003
1000471 1001003
1000471 1000005
1000469 1000005
1000469 1001003
1000467 1001003
1000467 1000005
1000465 1000005
1000465 1001003
1000463 1001003
1000463 1000005
1000461 1000005
1000461 1001003
1000459 1001003
1000459 1000005
1000457 1000005
1000457 1001003
1000455 1001003
1000455 1000005
1000453 1000005
1000453 1001003
1000451 1001003
1000451 1000005
1000449 1000005
1000449 1001003
1000447 1001003
1000447 1000005
1000445 1000005
1000445 1001003
1000443 1001003
1000443 1000005
1000441 1000005
1000441 1001003
1000439 1001003
1000439 1000005
1000437 1000005
1000437 1001003
1000435 1001003
1000435 1000005
1000433 1000005
1000433 1001003
1000431 1001003
1000431 1000005
1000429 1000005
1000429 1001003
1000427 1001003
1000427 1000005
1000425 1000005
1000425 1001003
1000423 1001003
1000423 1000005
1000421 1000005
1000421 1001003
1000419 1001003
1000419 1000005
1000417 1000005
1000417 1001003
1000415 1001003
1000415 1000005
1000413 1000005
1000413 1001003
1000411 1001003
1000411 1000005
1000409 1000005
1000409 1001003
1000407 1001003
1000407 1000005
1000405 1000005
1000405 1001003
1000403 1001003
1000403 1000005
1000401 1000005
1000401 1001003
1000399 1001003
1000399 1000005
1000397 1000005
1000397 1001003
1000395 1001003
1000395 1000005
1000393 1000005
1000393 1001003
1000391 1001003
1000391 1000005
1000389 1000005
1000389 1001003
1000387 1001003
1000387 1000005
1000385 1000005
1000385 1001003
1000383 1001003
1000383 1000005
1000381 1000005
1000381 1001003
1000379 1001003
1000379 1000005
1000377 1000005
1000377 1001003
1000375 1001003
1000375 1000005
1000373 1000005
1000373 1001003
1000371 1001003
1000371 1000005
1000369 1000005
1000369 1001003
1000367 1001003
1000367 1000005
1000365 1000005
1000365 1001003
1000363 1001003
1000363 1000005
1000361 1000005
1000361 1001003
1000359 1001003
1000359 1000005
1000357 1000005
1000357 1001003
1000355 1001003
1000355 1000005
1000353 1000005
1000353 1001003
1000351 1001003
1000351 1000005
1000349 1000005
1000349 1001003
1000347 1001003
1000347 1000005
1000345 1000005
1000345 1001003
1000343 1001003
1000343 1000005
1000341 1000005
1000341 1001003
1000339 1001003
1000339 1000005
1000337 1000005
1000337 1001003
1000335 1001003
1000335 1000005
1000333 1000005
1000333 1001003
1000331 1001003
1000331 1000005
1000329 1000005
1000329 1001003
1000327 1001003
1000327 1000005
1000325 1000005
1000325 1001003
1000323 1001003
1000323 1000005
1000321 1000005
1000321 1001003
1000319 1001003
1000319 1000005
1000317 1000005
1000317 1001003
1000315 1001003
1000315 1000005
1000313 1000005
1000313 1001003
1000311 1001003
1000311 1000005
1000309 1000005
1000309 1001003
1000307 1001003
1000307 1000005
1000305 1000005
1000305 1001003
1000303 1001003
1000303 1000005
1000301 1000005
1000301 1001003
1000299 1001003
1000299 1000005
1000297 1000005
1000297 1001003
1000295 1001003
1000295 1000005
1000293 1000005
1000293 1001003
1000291 1001003
1000291 1000005
1000289 1000005
1000289 1001003
1000287 1001003
1000287 1000005
1000285 1000005
1000285 1001003
1000283 1001003
1000283 1000005
1000281 1000005
1000281 1001003
1000279 1001003
1000279 1000005
1000277 1000005
1000277 1001003
1000275 1001003
1000275 1000005
1000273 1000005
1000273 1001003
1000271 1001003
1000271 1000005
1000269 1000005
1000269 1001003
1000267 1001003
1000267 1000005
1000265 1000005
1000265 1001003
1000263 1001003
1000263 1000005
1000261 1000005
1000261 1001003
1000259 1001003
1000259 1000005
1000257 1000005
1000257 1001003
1000255 1001003
1000255 1000005
1000253 1000005
1000253 1001003
1000251 1001003
1000251 1000005
1000249 1000005
1000249 1001003
1000247 1001003
1000247 1000005
1000245 1000005
1000245 1001003
1000243 1001003
1000243 1000005
1000241 1000005
1000241 1001003
1000239 1001003
1000239 1000005
1000237 1000005
1000237 1001003
1000235 1001003
1000235 1000005
1000233 1000005
1000233 1001003
1000231 1001003
1000231 1000005
1000229 1000005
1000229 1001003
1000227 1001003
1000227 1000005
1000225 1000005
1000225 1001003
1000223 1001003
1000223 1000005
1000221 1000005
1000221 1001003
1000219 1001003
1000219 1000005
1000217 1000005
1000217 1001003
1000215 1001003
1000215 1000005
1000213 1000005
1000213 1001003
1000211 1001003
1000211 1000005
1000209 1000005
1000209 1001003
1000207 1001003
1000207 1000005
1000205 1000005
1000205 1001003
1000203 1001003
1000203 1000005
1000201 1000005
1000201 1001003
1000199 1001003
1000199 1000005
1000197 1000005
1000197 1001003
1000195 1001003
1000195 1000005
1000193 1000005
1000193 1001003
1000191 1001003
1000191 1000005
1000189 1000005
1000189 1001003
1000187 1001003
1000187 1000005
1000185 1000005
1000185 1001003
1000183 1001003
1000183 1000005
1000181 1000005
1000181 1001003
1000179 1001003
1000179 1000005
1000177 1000005
1000177 1001003
1000175 1001003
1000175 1000005
1000173 1000005
1000173 1001003
1000171 1001003
1000171 1000005
1000169 1000005
1000169 1001003
1000167 1001003
1000167 1000005
1000165 1000005
1000165 1001003
1000163 1001003
1000163 1000005
1000161 1000005
1000161 1001003
1000159 1001003
1000159 1000005
1000157 1000005
1000157 1001003
1000155 1001003
1000155 1000005
1000153 1000005
1000153 1001003
1000151 1001003
1000151 1000005
1000149 1000005
1000149 1001003
1000147 1001003
1000147 1000005
1000145 1000005
1000145 1001003
1000143 1001003
1000143 1000005
1000141 1000005
1000141 1001003
1000139 1001003
1000139 1000005
1000137 1000005
1000137 1001003
1000135 1001003
1000135 1000005
1000133 1000005
1000133 1001003
1000131 1001003
1000131 1000005
1000129 1000005
1000129 1001003
1000127 1001003
1000127 1000005
1000125 1000005
1000125 1001003
1000123 1001003
1000123 1000005
1000121 1000005
1000121 1001003
1000119 1001003
1000119 1000005
1000117 1000005
1000117 1001003
1000115 1001003
1000115 1000005
1000113 1000005
1000113 1001003
1000111 1001003
1000111 1000005
1000109 1000005
1000109 1001003
1000107 1001003
1000107 1000005
1000105 1000005
1000105 1001003
1000103 1001003
1000103 1000005
1000101 1000005
1000101 1001003
1000099 1001003
1000099 1000005
1000097 1000005
1000097 1001003
1000095 1001003
1000095 1000005
1000093 1000005
1000093 1001003
1000091 1001003
1000091 1000005
1000089 1000005
1000089 1001003
1000087 1001003
1000087 1000005
1000085 1000005
1000085 1001003
1000083 1001003
1000083 1000005
1000081 1000005
1000081 1001003
1000079 1001003
1000079 1000005
1000077 1000005
1000077 1001003
1000075 1001003
1000075 1000005
1000073 1000005
1000073 1001003
1000071 1001003
1000071 1000005
1000069 1000005
1000069 1001003
1000067 1001003
1000067 1000005
1000065 1000005
1000065 1001003
1000063 1001003
1000063 1000005
1000061 1000005
1000061 1001003
1000059 1001003
1000059 1000005
1000057 1000005
1000057 1001003
1000055 1001003
1000055 1000005
1000053 1000005
1000053 1001003
1000051 1001003
1000051 1000005
1000049 1000005
1000049 1001003
1000047 1001003
1000047 1000005
1000045 1000005
1000045 1001003
1000043 1001003
1000043 1000005
1000041 1000005
1000041 1001003
1000039 1001003
1000039 1000005
1000037 1000005
1000037 1001003
1000035 1001003
1000035 1000005
1000033 1000005
1000033 1001003
1000031 1001003
1000031 1000005
1000029 1000005
1000029 1001003
1000027 1001003
1000027 1000005
1000025 1000005
1000025 1001003
1000023 1001003
1000023 1000005
1000021 1000005
1000021 1001003
1000019 1001003
1000019 1000005
1000017 1000005
1000017 1001003
1000015 1001003
1000015 1000005
1000013 1000005
1000013 1001003
1000011 1001003
1000011 1000005
1000009 1000005
1000009 1001003
1000007 1001003
1000007 1000005
1000005 1000005
1000005 1001003
1000003 1001003
