3000
1000003 1000003
1003001 1000003
1003001 1000007
1002999 1000007
1002999 1000005
1002997 1000005
1002997 1000007
1002995 1000007
1002995 1000005
1002993 1000005
1002993 1000007
1002991 1000007
1002991 1000005
1002989 1000005
1002989 1000007
1002987 1000007
1002987 1000005
1002985 1000005
1002985 1000007
1002983 1000007
1002983 1000005
1002981 1000005
1002981 1000007
1002979 1000007
1002979 1000005
1002977 1000005
1002977 1000007
1002975 1000007
1002975 1000005
1002973 1000005
1002973 1000007
1002971 1000007
1002971 1000005
1002969 1000005
1002969 1000007
1002967 1000007
1002967 1000005
1002965 1000005
1002965 1000007
1002963 1000007
1002963 1000005
1002961 1000005
1002961 1000007
1002959 1000007
1002959 1000005
1002957 1000005
1002957 1000007
1002955 1000007
1002955 1000005
1002953 1000005
1002953 1000007
1002951 1000007
1002951 1000005
1002949 1000005
1002949 1000007
1002947 1000007
1002947 1000005
1002945 1000005
1002945 1000007
1002943 1000007
1002943 1000005
1002941 1000005
1002941 1000007
1002939 1000007
1002939 1000005
1002937 1000005
1002937 1000007
1002935 1000007
1002935 1000005
1002933 1000005
1002933 1000007
1002931 1000007
1002931 1000005
1002929 1000005
1002929 1000007
1002927 1000007
1002927 1000005
1002925 1000005
1002925 1000007
1002923 1000007
1002923 1000005
1002921 1000005
1002921 1000007
1002919 1000007
1002919 1000005
1002917 1000005
1002917 1000007
1002915 1000007
1002915 1000005
1002913 1000005
1002913 1000007
1002911 1000007
1002911 1000005
1002909 1000005
1002909 1000007
1002907 1000007
1002907 1000005
1002905 1000005
1002905 1000007
1002903 1000007
1002903 1000005
1002901 1000005
1002901 1000007
1002899 1000007
1002899 1000005
1002897 1000005
1002897 1000007
1002895 1000007
1002895 1000005
1002893 1000005
1002893 1000007
1002891 1000007
1002891 1000005
1002889 1000005
1002889 1000007
1002887 1000007
1002887 1000005
1002885 1000005
1002885 1000007
1002883 1000007
1002883 1000005
1002881 1000005
1002881 1000007
1002879 1000007
1002879 1000005
1002877 1000005
1002877 1000007
1002875 1000007
1002875 1000005
1002873 1000005
1002873 1000007
1002871 1000007
1002871 1000005
1002869 1000005
1002869 1000007
1002867 1000007
1002867 1000005
1002865 1000005
1002865 1000007
1002863 1000007
1002863 1000005
1002861 1000005
1002861 1000007
1002859 1000007
1002859 1000005
1002857 1000005
1002857 1000007
1002855 1000007
1002855 1000005
1002853 1000005
1002853 1000007
1002851 1000007
1002851 1000005
1002849 1000005
1002849 1000007
1002847 1000007
1002847 1000005
1002845 1000005
1002845 1000007
1002843 1000007
1002843 1000005
1002841 1000005
1002841 1000007
1002839 1000007
1002839 1000005
1002837 1000005
1002837 1000007
1002835 1000007
1002835 1000005
1002833 1000005
1002833 1000007
1002831 1000007
1002831 1000005
1002829 1000005
1002829 1000007
1002827 1000007
1002827 1000005
1002825 1000005
1002825 1000007
1002823 1000007
1002823 1000005
1002821 1000005
1002821 1000007
1002819 1000007
1002819 1000005
1002817 1000005
1002817 1000007
1002815 1000007
1002815 1000005
1002813 1000005
1002813 1000007
1002811 1000007
1002811 1000005
1002809 1000005
1002809 1000007
1002807 1000007
1002807 1000005
1002805 1000005
1002805 1000007
1002803 1000007
1002803 1000005
1002801 1000005
1002801 1000007
1002799 1000007
1002799 1000005
1002797 1000005
1002797 1000007
1002795 1000007
1002795 1000005
1002793 1000005
1002793 1000007
1002791 1000007
1002791 1000005
1002789 1000005
1002789 1000007
1002787 1000007
1002787 1000005
1002785 1000005
1002785 1000007
1002783 1000007
1002783 1000005
1002781 1000005
1002781 1000007
1002779 1000007
1002779 1000005
1002777 1000005
1002777 1000007
1002775 1000007
1002775 1000005
1002773 1000005
1002773 1000007
1002771 1000007
1002771 1000005
1002769 1000005
1002769 1000007
1002767 1000007
1002767 1000005
1002765 1000005
1002765 1000007
1002763 1000007
1002763 1000005
1002761 1000005
1002761 1000007
1002759 1000007
1002759 1000005
1002757 1000005
1002757 1000007
1002755 1000007
1002755 1000005
1002753 1000005
1002753 1000007
1002751 1000007
1002751 1000005
1002749 1000005
1002749 1000007
1002747 1000007
1002747 1000005
1002745 1000005
1002745 1000007
1002743 1000007
1002743 1000005
1002741 1000005
1002741 1000007
1002739 1000007
1002739 1000005
1002737 1000005
1002737 1000007
1002735 1000007
1002735 1000005
1002733 1000005
1002733 1000007
1002731 1000007
1002731 1000005
1002729 1000005
1002729 1000007
1002727 1000007
1002727 1000005
1002725 1000005
1002725 1000007
1002723 1000007
1002723 1000005
1002721 1000005
1002721 1000007
1002719 1000007
1002719 1000005
1002717 1000005
1002717 1000007
1002715 1000007
1002715 1000005
1002713 1000005
1002713 1000007
1002711 1000007
1002711 1000005
1002709 1000005
1002709 1000007
1002707 1000007
1002707 1000005
1002705 1000005
1002705 1000007
1002703 1000007
1002703 1000005
1002701 1000005
1002701 1000007
1002699 1000007
1002699 1000005
1002697 1000005
1002697 1000007
1002695 1000007
1002695 1000005
1002693 1000005
1002693 1000007
1002691 1000007
1002691 1000005
1002689 1000005
1002689 1000007
1002687 1000007
1002687 1000005
1002685 1000005
1002685 1000007
1002683 1000007
1002683 1000005
1002681 1000005
1002681 1000007
1002679 1000007
1002679 1000005
1002677 1000005
1002677 1000007
1002675 1000007
1002675 1000005
1002673 1000005
1002673 1000007
1002671 1000007
1002671 1000005
1002669 1000005
1002669 1000007
1002667 1000007
1002667 1000005
1002665 1000005
1002665 1000007
1002663 1000007
1002663 1000005
1002661 1000005
1002661 1000007
1002659 1000007
1002659 1000005
1002657 1000005
1002657 1000007
1002655 1000007
1002655 1000005
1002653 1000005
1002653 1000007
1002651 1000007
1002651 1000005
1002649 1000005
1002649 1000007
1002647 1000007
1002647 1000005
1002645 1000005
1002645 1000007
1002643 1000007
1002643 1000005
1002641 1000005
1002641 1000007
1002639 1000007
1002639 1000005
1002637 1000005
1002637 1000007
1002635 1000007
1002635 1000005
1002633 1000005
1002633 1000007
1002631 1000007
1002631 1000005
1002629 1000005
1002629 1000007
1002627 1000007
1002627 1000005
1002625 1000005
1002625 1000007
1002623 1000007
1002623 1000005
1002621 1000005
1002621 1000007
1002619 1000007
1002619 1000005
1002617 1000005
1002617 1000007
1002615 1000007
1002615 1000005
1002613 1000005
1002613 1000007
1002611 1000007
1002611 1000005
1002609 1000005
1002609 1000007
1002607 1000007
1002607 1000005
1002605 1000005
1002605 1000007
1002603 1000007
1002603 1000005
1002601 1000005
1002601 1000007
1002599 1000007
1002599 1000005
1002597 1000005
1002597 1000007
1002595 1000007
1002595 1000005
1002593 1000005
1002593 1000007
1002591 1000007
1002591 1000005
1002589 1000005
1002589 1000007
1002587 1000007
1002587 1000005
1002585 1000005
1002585 1000007
1002583 1000007
1002583 1000005
1002581 1000005
1002581 1000007
1002579 1000007
1002579 1000005
1002577 1000005
1002577 1000007
1002575 1000007
1002575 1000005
1002573 1000005
1002573 1000007
1002571 1000007
1002571 1000005
1002569 1000005
1002569 1000007
1002567 1000007
1002567 1000005
1002565 1000005
1002565 1000007
1002563 1000007
1002563 1000005
1002561 1000005
1002561 1000007
1002559 1000007
1002559 1000005
1002557 1000005
1002557 1000007
1002555 1000007
1002555 1000005
1002553 1000005
1002553 1000007
1002551 1000007
1002551 1000005
1002549 1000005
1002549 1000007
1002547 1000007
1002547 1000005
1002545 1000005
1002545 1000007
1002543 1000007
1002543 1000005
1002541 1000005
1002541 1000007
1002539 1000007
1002539 1000005
1002537 1000005
1002537 1000007
1002535 1000007
1002535 1000005
1002533 1000005
1002533 1000007
1002531 1000007
1002531 1000005
1002529 1000005
1002529 1000007
1002527 1000007
1002527 1000005
1002525 1000005
1002525 1000007
1002523 1000007
1002523 1000005
1002521 1000005
1002521 1000007
1002519 1000007
1002519 1000005
1002517 1000005
1002517 1000007
1002515 1000007
1002515 1000005
1002513 1000005
1002513 1000007
1002511 1000007
1002511 1000005
1002509 1000005
1002509 1000007
1002507 1000007
1002507 1000005
1002505 1000005
1002505 1000007
1002503 1000007
1002503 1000005
1002501 1000005
1002501 1000007
1002499 1000007
1002499 1000005
1002497 1000005
1002497 1000007
1002495 1000007
1002495 1000005
1002493 1000005
1002493 1000007
1002491 1000007
1002491 1000005
1002489 1000005
1002489 1000007
1002487 1000007
1002487 1000005
1002485 1000005
1002485 1000007
1002483 1000007
1002483 1000005
1002481 1000005
1002481 1000007
1002479 1000007
1002479 1000005
1002477 1000005
1002477 1000007
1002475 1000007
1002475 1000005
1002473 1000005
1002473 1000007
1002471 1000007
1002471 1000005
1002469 1000005
1002469 1000007
1002467 1000007
1002467 1000005
1002465 1000005
1002465 1000007
1002463 1000007
1002463 1000005
1002461 1000005
1002461 1000007
1002459 1000007
1002459 1000005
1002457 1000005
1002457 1000007
1002455 1000007
1002455 1000005
1002453 1000005
1002453 1000007
1002451 1000007
1002451 1000005
1002449 1000005
1002449 1000007
1002447 1000007
1002447 1000005
1002445 1000005
1002445 1000007
1002443 1000007
1002443 1000005
1002441 1000005
1002441 1000007
1002439 1000007
1002439 1000005
1002437 1000005
1002437 1000007
1002435 1000007
1002435 1000005
1002433 1000005
1002433 1000007
1002431 1000007
1002431 1000005
1002429 1000005
1002429 1000007
1002427 1000007
1002427 1000005
1002425 1000005
1002425 1000007
1002423 1000007
1002423 1000005
1002421 1000005
1002421 1000007
1002419 1000007
1002419 1000005
1002417 1000005
1002417 1000007
1002415 1000007
1002415 1000005
1002413 1000005
1002413 1000007
1002411 1000007
1002411 1000005
1002409 1000005
1002409 1000007
1002407 1000007
1002407 1000005
1002405 1000005
1002405 1000007
1002403 1000007
1002403 1000005
1002401 1000005
1002401 1000007
1002399 1000007
1002399 1000005
1002397 1000005
1002397 1000007
1002395 1000007
1002395 1000005
1002393 1000005
1002393 1000007
1002391 1000007
1002391 1000005
1002389 1000005
1002389 1000007
1002387 1000007
1002387 1000005
1002385 1000005
1002385 1000007
1002383 1000007
1002383 1000005
1002381 1000005
1002381 1000007
1002379 1000007
1002379 1000005
1002377 1000005
1002377 1000007
1002375 1000007
1002375 1000005
1002373 1000005
1002373 1000007
1002371 1000007
1002371 1000005
1002369 1000005
1002369 1000007
1002367 1000007
1002367 1000005
1002365 1000005
1002365 1000007
1002363 1000007
1002363 1000005
1002361 1000005
1002361 1000007
1002359 1000007
1002359 1000005
1002357 1000005
1002357 1000007
1002355 1000007
1002355 1000005
1002353 1000005
1002353 1000007
1002351 1000007
1002351 1000005
1002349 1000005
1002349 1000007
1002347 1000007
1002347 1000005
1002345 1000005
1002345 1000007
1002343 1000007
1002343 1000005
1002341 1000005
1002341 1000007
1002339 1000007
1002339 1000005
1002337 1000005
1002337 1000007
1002335 1000007
1002335 1000005
1002333 1000005
1002333 1000007
1002331 1000007
1002331 1000005
1002329 1000005
1002329 1000007
1002327 1000007
1002327 1000005
1002325 1000005
1002325 1000007
1002323 1000007
1002323 1000005
1002321 1000005
1002321 1000007
1002319 1000007
1002319 1000005
1002317 1000005
1002317 1000007
1002315 1000007
1002315 1000005
1002313 1000005
1002313 1000007
1002311 1000007
1002311 1000005
1002309 1000005
1002309 1000007
1002307 1000007
1002307 1000005
1002305 1000005
1002305 1000007
1002303 1000007
1002303 1000005
1002301 1000005
1002301 1000007
1002299 1000007
1002299 1000005
1002297 1000005
1002297 1000007
1002295 1000007
1002295 1000005
1002293 1000005
1002293 1000007
1002291 1000007
1002291 1000005
1002289 1000005
1002289 1000007
1002287 1000007
1002287 1000005
1002285 1000005
1002285 1000007
1002283 1000007
1002283 1000005
1002281 1000005
1002281 1000007
1002279 1000007
1002279 1000005
1002277 1000005
1002277 1000007
1002275 1000007
1002275 1000005
1002273 1000005
1002273 1000007
1002271 1000007
1002271 1000005
1002269 1000005
1002269 1000007
1002267 1000007
1002267 1000005
1002265 1000005
1002265 1000007
1002263 1000007
1002263 1000005
1002261 1000005
1002261 1000007
1002259 1000007
1002259 1000005
1002257 1000005
1002257 1000007
1002255 1000007
1002255 1000005
1002253 1000005
1002253 1000007
1002251 1000007
1002251 1000005
1002249 1000005
1002249 1000007
1002247 1000007
1002247 1000005
1002245 1000005
1002245 1000007
1002243 1000007
1002243 1000005
1002241 1000005
1002241 1000007
1002239 1000007
1002239 1000005
1002237 1000005
1002237 1000007
1002235 1000007
1002235 1000005
1002233 1000005
1002233 1000007
1002231 1000007
1002231 1000005
1002229 1000005
1002229 1000007
1002227 1000007
1002227 1000005
1002225 1000005
1002225 1000007
1002223 1000007
1002223 1000005
1002221 1000005
1002221 1000007
1002219 1000007
1002219 1000005
1002217 1000005
1002217 1000007
1002215 1000007
1002215 1000005
1002213 1000005
1002213 1000007
1002211 1000007
1002211 1000005
1002209 1000005
1002209 1000007
1002207 1000007
1002207 1000005
1002205 1000005
1002205 1000007
1002203 1000007
1002203 1000005
1002201 1000005
1002201 1000007
1002199 1000007
1002199 1000005
1002197 1000005
1002197 1000007
1002195 1000007
1002195 1000005
1002193 1000005
1002193 1000007
1002191 1000007
1002191 1000005
1002189 1000005
1002189 1000007
1002187 1000007
1002187 1000005
1002185 1000005
1002185 1000007
1002183 1000007
1002183 1000005
1002181 1000005
1002181 1000007
1002179 1000007
1002179 1000005
1002177 1000005
1002177 1000007
1002175 1000007
1002175 1000005
1002173 1000005
1002173 1000007
1002171 1000007
1002171 1000005
1002169 1000005
1002169 1000007
1002167 1000007
1002167 1000005
1002165 1000005
1002165 1000007
1002163 1000007
1002163 1000005
1002161 1000005
1002161 1000007
1002159 1000007
1002159 1000005
1002157 1000005
1002157 1000007
1002155 1000007
1002155 1000005
1002153 1000005
1002153 1000007
1002151 1000007
1002151 1000005
1002149 1000005
1002149 1000007
1002147 1000007
1002147 1000005
1002145 1000005
1002145 1000007
1002143 1000007
1002143 1000005
1002141 1000005
1002141 1000007
1002139 1000007
1002139 1000005
1002137 1000005
1002137 1000007
1002135 1000007
1002135 1000005
1002133 1000005
1002133 1000007
1002131 1000007
1002131 1000005
1002129 1000005
1002129 1000007
1002127 1000007
1002127 1000005
1002125 1000005
1002125 1000007
1002123 1000007
1002123 1000005
1002121 1000005
1002121 1000007
1002119 1000007
1002119 1000005
1002117 1000005
1002117 1000007
1002115 1000007
1002115 1000005
1002113 1000005
1002113 1000007
1002111 1000007
1002111 1000005
1002109 1000005
1002109 1000007
1002107 1000007
1002107 1000005
1002105 1000005
1002105 1000007
1002103 1000007
1002103 1000005
1002101 1000005
1002101 1000007
1002099 1000007
1002099 1000005
1002097 1000005
1002097 1000007
1002095 1000007
1002095 1000005
1002093 1000005
1002093 1000007
1002091 1000007
1002091 1000005
1002089 1000005
1002089 1000007
1002087 1000007
1002087 1000005
1002085 1000005
1002085 1000007
1002083 1000007
1002083 1000005
1002081 1000005
1002081 1000007
1002079 1000007
1002079 1000005
1002077 1000005
1002077 1000007
1002075 1000007
1002075 1000005
1002073 1000005
1002073 1000007
1002071 1000007
1002071 1000005
1002069 1000005
1002069 1000007
1002067 1000007
1002067 1000005
1002065 1000005
1002065 1000007
1002063 1000007
1002063 1000005
1002061 1000005
1002061 1000007
1002059 1000007
1002059 1000005
1002057 1000005
1002057 1000007
1002055 1000007
1002055 1000005
1002053 1000005
1002053 1000007
1002051 1000007
1002051 1000005
1002049 1000005
1002049 1000007
1002047 1000007
1002047 1000005
1002045 1000005
1002045 1000007
1002043 1000007
1002043 1000005
1002041 1000005
1002041 1000007
1002039 1000007
1002039 1000005
1002037 1000005
1002037 1000007
1002035 1000007
1002035 1000005
1002033 1000005
1002033 1000007
1002031 1000007
1002031 1000005
1002029 1000005
1002029 1000007
1002027 1000007
1002027 1000005
1002025 1000005
1002025 1000007
1002023 1000007
1002023 1000005
1002021 1000005
1002021 1000007
1002019 1000007
1002019 1000005
1002017 1000005
1002017 1000007
1002015 1000007
1002015 1000005
1002013 1000005
1002013 1000007
1002011 1000007
1002011 1000005
1002009 1000005
1002009 1000007
1002007 1000007
1002007 1000005
1002005 1000005
1002005 1000007
1002003 1000007
1002003 1000005
1002001 1000005
1002001 1000007
1001999 1000007
1001999 1000005
1001997 1000005
1001997 1000007
1001995 1000007
1001995 1000005
1001993 1000005
1001993 1000007
1001991 1000007
1001991 1000005
1001989 1000005
1001989 1000007
1001987 1000007
1001987 1000005
1001985 1000005
1001985 1000007
1001983 1000007
1001983 1000005
1001981 1000005
1001981 1000007
1001979 1000007
1001979 1000005
1001977 1000005
1001977 1000007
1001975 1000007
1001975 1000005
1001973 1000005
1001973 1000007
1001971 1000007
1001971 1000005
1001969 1000005
1001969 1000007
1001967 1000007
1001967 1000005
1001965 1000005
1001965 1000007
1001963 1000007
1001963 1000005
1001961 1000005
1001961 1000007
1001959 1000007
1001959 1000005
1001957 1000005
1001957 1000007
1001955 1000007
1001955 1000005
1001953 1000005
1001953 1000007
1001951 1000007
1001951 1000005
1001949 1000005
1001949 1000007
1001947 1000007
1001947 1000005
1001945 1000005
1001945 1000007
1001943 1000007
1001943 1000005
1001941 1000005
1001941 1000007
1001939 1000007
1001939 1000005
1001937 1000005
1001937 1000007
1001935 1000007
1001935 1000005
1001933 1000005
1001933 1000007
1001931 1000007
1001931 1000005
1001929 1000005
1001929 1000007
1001927 1000007
1001927 1000005
1001925 1000005
1001925 1000007
1001923 1000007
1001923 1000005
1001921 1000005
1001921 1000007
1001919 1000007
1001919 1000005
1001917 1000005
1001917 1000007
1001915 1000007
1001915 1000005
1001913 1000005
1001913 1000007
1001911 1000007
1001911 1000005
1001909 1000005
1001909 1000007
1001907 1000007
1001907 1000005
1001905 1000005
1001905 1000007
1001903 1000007
1001903 1000005
1001901 1000005
1001901 1000007
1001899 1000007
1001899 1000005
1001897 1000005
1001897 1000007
1001895 1000007
1001895 1000005
1001893 1000005
1001893 1000007
1001891 1000007
1001891 1000005
1001889 1000005
1001889 1000007
1001887 1000007
1001887 1000005
1001885 1000005
1001885 1000007
1001883 1000007
1001883 1000005
1001881 1000005
1001881 1000007
1001879 1000007
1001879 1000005
1001877 1000005
1001877 1000007
1001875 1000007
1001875 1000005
1001873 1000005
1001873 1000007
1001871 1000007
1001871 1000005
1001869 1000005
1001869 1000007
1001867 1000007
1001867 1000005
1001865 1000005
1001865 1000007
1001863 1000007
1001863 1000005
1001861 1000005
1001861 1000007
1001859 1000007
1001859 1000005
1001857 1000005
1001857 1000007
1001855 1000007
1001855 1000005
1001853 1000005
1001853 1000007
1001851 1000007
1001851 1000005
1001849 1000005
1001849 1000007
1001847 1000007
1001847 1000005
1001845 1000005
1001845 1000007
1001843 1000007
1001843 1000005
1001841 1000005
1001841 1000007
1001839 1000007
1001839 1000005
1001837 1000005
1001837 1000007
1001835 1000007
1001835 1000005
1001833 1000005
1001833 1000007
1001831 1000007
1001831 1000005
1001829 1000005
1001829 1000007
1001827 1000007
1001827 1000005
1001825 1000005
1001825 1000007
1001823 1000007
1001823 1000005
1001821 1000005
1001821 1000007
1001819 1000007
1001819 1000005
1001817 1000005
1001817 1000007
1001815 1000007
1001815 1000005
1001813 1000005
1001813 1000007
1001811 1000007
1001811 1000005
1001809 1000005
1001809 1000007
1001807 1000007
1001807 1000005
1001805 1000005
1001805 1000007
1001803 1000007
1001803 1000005
1001801 1000005
1001801 1000007
1001799 1000007
1001799 1000005
1001797 1000005
1001797 1000007
1001795 1000007
1001795 1000005
1001793 1000005
1001793 1000007
1001791 1000007
1001791 1000005
1001789 1000005
1001789 1000007
1001787 1000007
1001787 1000005
1001785 1000005
1001785 1000007
1001783 1000007
1001783 1000005
1001781 1000005
1001781 1000007
1001779 1000007
1001779 1000005
1001777 1000005
1001777 1000007
1001775 1000007
1001775 1000005
1001773 1000005
1001773 1000007
1001771 1000007
1001771 1000005
1001769 1000005
1001769 1000007
1001767 1000007
1001767 1000005
1001765 1000005
1001765 1000007
1001763 1000007
1001763 1000005
1001761 1000005
1001761 1000007
1001759 1000007
1001759 1000005
1001757 1000005
1001757 1000007
1001755 1000007
1001755 1000005
1001753 1000005
1001753 1000007
1001751 1000007
1001751 1000005
1001749 1000005
1001749 1000007
1001747 1000007
1001747 1000005
1001745 1000005
1001745 1000007
1001743 1000007
1001743 1000005
1001741 1000005
1001741 1000007
1001739 1000007
1001739 1000005
1001737 1000005
1001737 1000007
1001735 1000007
1001735 1000005
1001733 1000005
1001733 1000007
1001731 1000007
1001731 1000005
1001729 1000005
1001729 1000007
1001727 1000007
1001727 1000005
1001725 1000005
1001725 1000007
1001723 1000007
1001723 1000005
1001721 1000005
1001721 1000007
1001719 1000007
1001719 1000005
1001717 1000005
1001717 1000007
1001715 1000007
1001715 1000005
1001713 1000005
1001713 1000007
1001711 1000007
1001711 1000005
1001709 1000005
1001709 1000007
1001707 1000007
1001707 1000005
1001705 1000005
1001705 1000007
1001703 1000007
1001703 1000005
1001701 1000005
1001701 1000007
1001699 1000007
1001699 1000005
1001697 1000005
1001697 1000007
1001695 1000007
1001695 1000005
1001693 1000005
1001693 1000007
1001691 1000007
1001691 1000005
1001689 1000005
1001689 1000007
1001687 1000007
1001687 1000005
1001685 1000005
1001685 1000007
1001683 1000007
1001683 1000005
1001681 1000005
1001681 1000007
1001679 1000007
1001679 1000005
1001677 1000005
1001677 1000007
1001675 1000007
1001675 1000005
1001673 1000005
1001673 1000007
1001671 1000007
1001671 1000005
1001669 1000005
1001669 1000007
1001667 1000007
1001667 1000005
1001665 1000005
1001665 1000007
1001663 1000007
1001663 1000005
1001661 1000005
1001661 1000007
1001659 1000007
1001659 1000005
1001657 1000005
1001657 1000007
1001655 1000007
1001655 1000005
1001653 1000005
1001653 1000007
1001651 1000007
1001651 1000005
1001649 1000005
1001649 1000007
1001647 1000007
1001647 1000005
1001645 1000005
1001645 1000007
1001643 1000007
1001643 1000005
1001641 1000005
1001641 1000007
1001639 1000007
1001639 1000005
1001637 1000005
1001637 1000007
1001635 1000007
1001635 1000005
1001633 1000005
1001633 1000007
1001631 1000007
1001631 1000005
1001629 1000005
1001629 1000007
1001627 1000007
1001627 1000005
1001625 1000005
1001625 1000007
1001623 1000007
1001623 1000005
1001621 1000005
1001621 1000007
1001619 1000007
1001619 1000005
1001617 1000005
1001617 1000007
1001615 1000007
1001615 1000005
1001613 1000005
1001613 1000007
1001611 1000007
1001611 1000005
1001609 1000005
1001609 1000007
1001607 1000007
1001607 1000005
1001605 1000005
1001605 1000007
1001603 1000007
1001603 1000005
1001601 1000005
1001601 1000007
1001599 1000007
1001599 1000005
1001597 1000005
1001597 1000007
1001595 1000007
1001595 1000005
1001593 1000005
1001593 1000007
1001591 1000007
1001591 1000005
1001589 1000005
1001589 1000007
1001587 1000007
1001587 1000005
1001585 1000005
1001585 1000007
1001583 1000007
1001583 1000005
1001581 1000005
1001581 1000007
1001579 1000007
1001579 1000005
1001577 1000005
1001577 1000007
1001575 1000007
1001575 1000005
1001573 1000005
1001573 1000007
1001571 1000007
1001571 1000005
1001569 1000005
1001569 1000007
1001567 1000007
1001567 1000005
1001565 1000005
1001565 1000007
1001563 1000007
1001563 1000005
1001561 1000005
1001561 1000007
1001559 1000007
1001559 1000005
1001557 1000005
1001557 1000007
1001555 1000007
1001555 1000005
1001553 1000005
1001553 1000007
1001551 1000007
1001551 1000005
1001549 1000005
1001549 1000007
1001547 1000007
1001547 1000005
1001545 1000005
1001545 1000007
1001543 1000007
1001543 1000005
1001541 1000005
1001541 1000007
1001539 1000007
1001539 1000005
1001537 1000005
1001537 1000007
1001535 1000007
1001535 1000005
1001533 1000005
1001533 1000007
1001531 1000007
1001531 1000005
1001529 1000005
1001529 1000007
1001527 1000007
1001527 1000005
1001525 1000005
1001525 1000007
1001523 1000007
1001523 1000005
1001521 1000005
1001521 1000007
1001519 1000007
1001519 1000005
1001517 1000005
1001517 1000007
1001515 1000007
1001515 1000005
1001513 1000005
1001513 1000007
1001511 1000007
1001511 1000005
1001509 1000005
1001509 1000007
1001507 1000007
1001507 1000005
1001505 1000005
1001505 1000007
1001503 1000007
1001503 1000005
1001501 1000005
1001501 1000007
1001499 1000007
1001499 1000005
1001497 1000005
1001497 1000007
1001495 1000007
1001495 1000005
1001493 1000005
1001493 1000007
1001491 1000007
1001491 1000005
1001489 1000005
1001489 1000007
1001487 1000007
1001487 1000005
1001485 1000005
1001485 1000007
1001483 1000007
1001483 1000005
1001481 1000005
1001481 1000007
1001479 1000007
1001479 1000005
1001477 1000005
1001477 1000007
1001475 1000007
1001475 1000005
1001473 1000005
1001473 1000007
1001471 1000007
1001471 1000005
1001469 1000005
1001469 1000007
1001467 1000007
1001467 1000005
1001465 1000005
1001465 1000007
1001463 1000007
1001463 1000005
1001461 1000005
1001461 1000007
1001459 1000007
1001459 1000005
1001457 1000005
1001457 1000007
1001455 1000007
1001455 1000005
1001453 1000005
1001453 1000007
1001451 1000007
1001451 1000005
1001449 1000005
1001449 1000007
1001447 1000007
1001447 1000005
1001445 1000005
1001445 1000007
1001443 1000007
1001443 1000005
1001441 1000005
1001441 1000007
1001439 1000007
1001439 1000005
1001437 1000005
1001437 1000007
1001435 1000007
1001435 1000005
1001433 1000005
1001433 1000007
1001431 1000007
1001431 1000005
1001429 1000005
1001429 1000007
1001427 1000007
1001427 1000005
1001425 1000005
1001425 1000007
1001423 1000007
1001423 1000005
1001421 1000005
1001421 1000007
1001419 1000007
1001419 1000005
1001417 1000005
1001417 1000007
1001415 1000007
1001415 1000005
1001413 1000005
1001413 1000007
1001411 1000007
1001411 1000005
1001409 1000005
1001409 1000007
1001407 1000007
1001407 1000005
1001405 1000005
1001405 1000007
1001403 1000007
1001403 1000005
1001401 1000005
1001401 1000007
1001399 1000007
1001399 1000005
1001397 1000005
1001397 1000007
1001395 1000007
1001395 1000005
1001393 1000005
1001393 1000007
1001391 1000007
1001391 1000005
1001389 1000005
1001389 1000007
1001387 1000007
1001387 1000005
1001385 1000005
1001385 1000007
1001383 1000007
1001383 1000005
1001381 1000005
1001381 1000007
1001379 1000007
1001379 1000005
1001377 1000005
1001377 1000007
1001375 1000007
1001375 1000005
1001373 1000005
1001373 1000007
1001371 1000007
1001371 1000005
1001369 1000005
1001369 1000007
1001367 1000007
1001367 1000005
1001365 1000005
1001365 1000007
1001363 1000007
1001363 1000005
1001361 1000005
1001361 1000007
1001359 1000007
1001359 1000005
1001357 1000005
1001357 1000007
1001355 1000007
1001355 1000005
1001353 1000005
1001353 1000007
1001351 1000007
1001351 1000005
1001349 1000005
1001349 1000007
1001347 1000007
1001347 1000005
1001345 1000005
1001345 1000007
1001343 1000007
1001343 1000005
1001341 1000005
1001341 1000007
1001339 1000007
1001339 1000005
1001337 1000005
1001337 1000007
1001335 1000007
1001335 1000005
1001333 1000005
1001333 1000007
1001331 1000007
1001331 1000005
1001329 1000005
1001329 1000007
1001327 1000007
1001327 1000005
1001325 1000005
1001325 1000007
1001323 1000007
1001323 1000005
1001321 1000005
1001321 1000007
1001319 1000007
1001319 1000005
1001317 1000005
1001317 1000007
1001315 1000007
1001315 1000005
1001313 1000005
1001313 1000007
1001311 1000007
1001311 1000005
1001309 1000005
1001309 1000007
1001307 1000007
1001307 1000005
1001305 1000005
1001305 1000007
1001303 1000007
1001303 1000005
1001301 1000005
1001301 1000007
1001299 1000007
1001299 1000005
1001297 1000005
1001297 1000007
1001295 1000007
1001295 1000005
1001293 1000005
1001293 1000007
1001291 1000007
1001291 1000005
1001289 1000005
1001289 1000007
1001287 1000007
1001287 1000005
1001285 1000005
1001285 1000007
1001283 1000007
1001283 1000005
1001281 1000005
1001281 1000007
1001279 1000007
1001279 1000005
1001277 1000005
1001277 1000007
1001275 1000007
1001275 1000005
1001273 1000005
1001273 1000007
1001271 1000007
1001271 1000005
1001269 1000005
1001269 1000007
1001267 1000007
1001267 1000005
1001265 1000005
1001265 1000007
1001263 1000007
1001263 1000005
1001261 1000005
1001261 1000007
1001259 1000007
1001259 1000005
1001257 1000005
1001257 1000007
1001255 1000007
1001255 1000005
1001253 1000005
1001253 1000007
1001251 1000007
1001251 1000005
1001249 1000005
1001249 1000007
1001247 1000007
1001247 1000005
1001245 1000005
1001245 1000007
1001243 1000007
1001243 1000005
1001241 1000005
1001241 1000007
1001239 1000007
1001239 1000005
1001237 1000005
1001237 1000007
1001235 1000007
1001235 1000005
1001233 1000005
1001233 1000007
1001231 1000007
1001231 1000005
1001229 1000005
1001229 1000007
1001227 1000007
1001227 1000005
1001225 1000005
1001225 1000007
1001223 1000007
1001223 1000005
1001221 1000005
1001221 1000007
1001219 1000007
1001219 1000005
1001217 1000005
1001217 1000007
1001215 1000007
1001215 1000005
1001213 1000005
1001213 1000007
1001211 1000007
1001211 1000005
1001209 1000005
1001209 1000007
1001207 1000007
1001207 1000005
1001205 1000005
1001205 1000007
1001203 1000007
1001203 1000005
1001201 1000005
1001201 1000007
1001199 1000007
1001199 1000005
1001197 1000005
1001197 1000007
1001195 1000007
1001195 1000005
1001193 1000005
1001193 1000007
1001191 1000007
1001191 1000005
1001189 1000005
1001189 1000007
1001187 1000007
1001187 1000005
1001185 1000005
1001185 1000007
1001183 1000007
1001183 1000005
1001181 1000005
1001181 1000007
1001179 1000007
1001179 1000005
1001177 1000005
1001177 1000007
1001175 1000007
1001175 1000005
1001173 1000005
1001173 1000007
1001171 1000007
1001171 1000005
1001169 1000005
1001169 1000007
1001167 1000007
1001167 1000005
1001165 1000005
1001165 1000007
1001163 1000007
1001163 1000005
1001161 1000005
1001161 1000007
1001159 1000007
1001159 1000005
1001157 1000005
1001157 1000007
1001155 1000007
1001155 1000005
1001153 1000005
1001153 1000007
1001151 1000007
1001151 1000005
1001149 1000005
1001149 1000007
1001147 1000007
1001147 1000005
1001145 1000005
1001145 1000007
1001143 1000007
1001143 1000005
1001141 1000005
1001141 1000007
1001139 1000007
1001139 1000005
1001137 1000005
1001137 1000007
1001135 1000007
1001135 1000005
1001133 1000005
1001133 1000007
1001131 1000007
1001131 1000005
1001129 1000005
1001129 1000007
1001127 1000007
1001127 1000005
1001125 1000005
1001125 1000007
1001123 1000007
1001123 1000005
1001121 1000005
1001121 1000007
1001119 1000007
1001119 1000005
1001117 1000005
1001117 1000007
1001115 1000007
1001115 1000005
1001113 1000005
1001113 1000007
1001111 1000007
1001111 1000005
1001109 1000005
1001109 1000007
1001107 1000007
1001107 1000005
1001105 1000005
1001105 1000007
1001103 1000007
1001103 1000005
1001101 1000005
1001101 1000007
1001099 1000007
1001099 1000005
1001097 1000005
1001097 1000007
1001095 1000007
1001095 1000005
1001093 1000005
1001093 1000007
1001091 1000007
1001091 1000005
1001089 1000005
1001089 1000007
1001087 1000007
1001087 1000005
1001085 1000005
1001085 1000007
1001083 1000007
1001083 1000005
1001081 1000005
1001081 1000007
1001079 1000007
1001079 1000005
1001077 1000005
1001077 1000007
1001075 1000007
1001075 1000005
1001073 1000005
1001073 1000007
1001071 1000007
1001071 1000005
1001069 1000005
1001069 1000007
1001067 1000007
1001067 1000005
1001065 1000005
1001065 1000007
1001063 1000007
1001063 1000005
1001061 1000005
1001061 1000007
1001059 1000007
1001059 1000005
1001057 1000005
1001057 1000007
1001055 1000007
1001055 1000005
1001053 1000005
1001053 1000007
1001051 1000007
1001051 1000005
1001049 1000005
1001049 1000007
1001047 1000007
1001047 1000005
1001045 1000005
1001045 1000007
1001043 1000007
1001043 1000005
1001041 1000005
1001041 1000007
1001039 1000007
1001039 1000005
1001037 1000005
1001037 1000007
1001035 1000007
1001035 1000005
1001033 1000005
1001033 1000007
1001031 1000007
1001031 1000005
1001029 1000005
1001029 1000007
1001027 1000007
1001027 1000005
1001025 1000005
1001025 1000007
1001023 1000007
1001023 1000005
1001021 1000005
1001021 1000007
1001019 1000007
1001019 1000005
1001017 1000005
1001017 1000007
1001015 1000007
1001015 1000005
1001013 1000005
1001013 1000007
1001011 1000007
1001011 1000005
1001009 1000005
1001009 1000007
1001007 1000007
1001007 1000005
1001005 1000005
1001005 1000007
1001003 1000007
1001003 1000005
1001001 1000005
1001001 1000007
1000999 1000007
1000999 1000005
1000997 1000005
1000997 1000007
1000995 1000007
1000995 1000005
1000993 1000005
1000993 1000007
1000991 1000007
1000991 1000005
1000989 1000005
1000989 1000007
1000987 1000007
1000987 1000005
1000985 1000005
1000985 1000007
1000983 1000007
1000983 1000005
1000981 1000005
1000981 1000007
1000979 1000007
1000979 1000005
1000977 1000005
1000977 1000007
1000975 1000007
1000975 1000005
1000973 1000005
1000973 1000007
1000971 1000007
1000971 1000005
1000969 1000005
1000969 1000007
1000967 1000007
1000967 1000005
1000965 1000005
1000965 1000007
1000963 1000007
1000963 1000005
1000961 1000005
1000961 1000007
1000959 1000007
1000959 1000005
1000957 1000005
1000957 1000007
1000955 1000007
1000955 1000005
1000953 1000005
1000953 1000007
1000951 1000007
1000951 1000005
1000949 1000005
1000949 1000007
1000947 1000007
1000947 1000005
1000945 1000005
1000945 1000007
1000943 1000007
1000943 1000005
1000941 1000005
1000941 1000007
1000939 1000007
1000939 1000005
1000937 1000005
1000937 1000007
1000935 1000007
1000935 1000005
1000933 1000005
1000933 1000007
1000931 1000007
1000931 1000005
1000929 1000005
1000929 1000007
1000927 1000007
1000927 1000005
1000925 1000005
1000925 1000007
1000923 1000007
1000923 1000005
1000921 1000005
1000921 1000007
1000919 1000007
1000919 1000005
1000917 1000005
1000917 1000007
1000915 1000007
1000915 1000005
1000913 1000005
1000913 1000007
1000911 1000007
1000911 1000005
1000909 1000005
1000909 1000007
1000907 1000007
1000907 1000005
1000905 1000005
1000905 1000007
1000903 1000007
1000903 1000005
1000901 1000005
1000901 1000007
1000899 1000007
1000899 1000005
1000897 1000005
1000897 1000007
1000895 1000007
1000895 1000005
1000893 1000005
1000893 1000007
1000891 1000007
1000891 1000005
1000889 1000005
1000889 1000007
1000887 1000007
1000887 1000005
1000885 1000005
1000885 1000007
1000883 1000007
1000883 1000005
1000881 1000005
1000881 1000007
1000879 1000007
1000879 1000005
1000877 1000005
1000877 1000007
1000875 1000007
1000875 1000005
1000873 1000005
1000873 1000007
1000871 1000007
1000871 1000005
1000869 1000005
1000869 1000007
1000867 1000007
1000867 1000005
1000865 1000005
1000865 1000007
1000863 1000007
1000863 1000005
1000861 1000005
1000861 1000007
1000859 1000007
1000859 1000005
1000857 1000005
1000857 1000007
1000855 1000007
1000855 1000005
1000853 1000005
1000853 1000007
1000851 1000007
1000851 1000005
1000849 1000005
1000849 1000007
1000847 1000007
1000847 1000005
1000845 1000005
1000845 1000007
1000843 1000007
1000843 1000005
1000841 1000005
1000841 1000007
1000839 1000007
1000839 1000005
1000837 1000005
1000837 1000007
1000835 1000007
1000835 1000005
1000833 1000005
1000833 1000007
1000831 1000007
1000831 1000005
1000829 1000005
1000829 1000007
1000827 1000007
1000827 1000005
1000825 1000005
1000825 1000007
1000823 1000007
1000823 1000005
1000821 1000005
1000821 1000007
1000819 1000007
1000819 1000005
1000817 1000005
1000817 1000007
1000815 1000007
1000815 1000005
1000813 1000005
1000813 1000007
1000811 1000007
1000811 1000005
1000809 1000005
1000809 1000007
1000807 1000007
1000807 1000005
1000805 1000005
1000805 1000007
1000803 1000007
1000803 1000005
1000801 1000005
1000801 1000007
1000799 1000007
1000799 1000005
1000797 1000005
1000797 1000007
1000795 1000007
1000795 1000005
1000793 1000005
1000793 1000007
1000791 1000007
1000791 1000005
1000789 1000005
1000789 1000007
1000787 1000007
1000787 1000005
1000785 1000005
1000785 1000007
1000783 1000007
1000783 1000005
1000781 1000005
1000781 1000007
1000779 1000007
1000779 1000005
1000777 1000005
1000777 1000007
1000775 1000007
1000775 1000005
1000773 1000005
1000773 1000007
1000771 1000007
1000771 1000005
1000769 1000005
1000769 1000007
1000767 1000007
1000767 1000005
1000765 1000005
1000765 1000007
1000763 1000007
1000763 1000005
1000761 1000005
1000761 1000007
1000759 1000007
1000759 1000005
1000757 1000005
1000757 1000007
1000755 1000007
1000755 1000005
1000753 1000005
1000753 1000007
1000751 1000007
1000751 1000005
1000749 1000005
1000749 1000007
1000747 1000007
1000747 1000005
1000745 1000005
1000745 1000007
1000743 1000007
1000743 1000005
1000741 1000005
1000741 1000007
1000739 1000007
1000739 1000005
1000737 1000005
1000737 1000007
1000735 1000007
1000735 1000005
1000733 1000005
1000733 1000007
1000731 1000007
1000731 1000005
1000729 1000005
1000729 1000007
1000727 1000007
1000727 1000005
1000725 1000005
1000725 1000007
1000723 1000007
1000723 1000005
1000721 1000005
1000721 1000007
1000719 1000007
1000719 1000005
1000717 1000005
1000717 1000007
1000715 1000007
1000715 1000005
1000713 1000005
1000713 1000007
1000711 1000007
1000711 1000005
1000709 1000005
1000709 1000007
1000707 1000007
1000707 1000005
1000705 1000005
1000705 1000007
1000703 1000007
1000703 1000005
1000701 1000005
1000701 1000007
1000699 1000007
1000699 1000005
1000697 1000005
1000697 1000007
1000695 1000007
1000695 1000005
1000693 1000005
1000693 1000007
1000691 1000007
1000691 1000005
1000689 1000005
1000689 1000007
1000687 1000007
1000687 1000005
1000685 1000005
1000685 1000007
1000683 1000007
1000683 1000005
1000681 1000005
1000681 1000007
1000679 1000007
1000679 1000005
1000677 1000005
1000677 1000007
1000675 1000007
1000675 1000005
1000673 1000005
1000673 1000007
1000671 1000007
1000671 1000005
1000669 1000005
1000669 1000007
1000667 1000007
1000667 1000005
1000665 1000005
1000665 1000007
1000663 1000007
1000663 1000005
1000661 1000005
1000661 1000007
1000659 1000007
1000659 1000005
1000657 1000005
1000657 1000007
1000655 1000007
1000655 1000005
1000653 1000005
1000653 1000007
1000651 1000007
1000651 1000005
1000649 1000005
1000649 1000007
1000647 1000007
1000647 1000005
1000645 1000005
1000645 1000007
1000643 1000007
1000643 1000005
1000641 1000005
1000641 1000007
1000639 1000007
1000639 1000005
1000637 1000005
1000637 1000007
1000635 1000007
1000635 1000005
1000633 1000005
1000633 1000007
1000631 1000007
1000631 1000005
1000629 1000005
1000629 1000007
1000627 1000007
1000627 1000005
1000625 1000005
1000625 1000007
1000623 1000007
1000623 1000005
1000621 1000005
1000621 1000007
1000619 1000007
1000619 1000005
1000617 1000005
1000617 1000007
1000615 1000007
1000615 1000005
1000613 1000005
1000613 1000007
1000611 1000007
1000611 1000005
1000609 1000005
1000609 1000007
1000607 1000007
1000607 1000005
1000605 1000005
1000605 1000007
1000603 1000007
1000603 1000005
1000601 1000005
1000601 1000007
1000599 1000007
1000599 1000005
1000597 1000005
1000597 1000007
1000595 1000007
1000595 1000005
1000593 1000005
1000593 1000007
1000591 1000007
1000591 1000005
1000589 1000005
1000589 1000007
1000587 1000007
1000587 1000005
1000585 1000005
1000585 1000007
1000583 1000007
1000583 1000005
1000581 1000005
1000581 1000007
1000579 1000007
1000579 1000005
1000577 1000005
1000577 1000007
1000575 1000007
1000575 1000005
1000573 1000005
1000573 1000007
1000571 1000007
1000571 1000005
1000569 1000005
1000569 1000007
1000567 1000007
1000567 1000005
1000565 1000005
1000565 1000007
1000563 1000007
1000563 1000005
1000561 1000005
1000561 1000007
1000559 1000007
1000559 1000005
1000557 1000005
1000557 1000007
1000555 1000007
1000555 1000005
1000553 1000005
1000553 1000007
1000551 1000007
1000551 1000005
1000549 1000005
1000549 1000007
1000547 1000007
1000547 1000005
1000545 1000005
1000545 1000007
1000543 1000007
1000543 1000005
1000541 1000005
1000541 1000007
1000539 1000007
1000539 1000005
1000537 1000005
1000537 1000007
1000535 1000007
1000535 1000005
1000533 1000005
1000533 1000007
1000531 1000007
1000531 1000005
1000529 1000005
1000529 1000007
1000527 1000007
1000527 1000005
1000525 1000005
1000525 1000007
1000523 1000007
1000523 1000005
1000521 1000005
1000521 1000007
1000519 1000007
1000519 1000005
1000517 1000005
1000517 1000007
1000515 1000007
1000515 1000005
1000513 1000005
1000513 1000007
1000511 1000007
1000511 1000005
1000509 1000005
1000509 1000007
1000507 1000007
1000507 1000005
1000505 1000005
1000505 1000007
1000503 1000007
1000503 1000005
1000501 1000005
1000501 1000007
1000499 1000007
1000499 1000005
1000497 1000005
1000497 1000007
1000495 1000007
1000495 1000005
1000493 1000005
1000493 1000007
1000491 1000007
1000491 1000005
1000489 1000005
1000489 1000007
1000487 1000007
1000487 1000005
1000485 1000005
1000485 1000007
1000483 1000007
1000483 1000005
1000481 1000005
1000481 1000007
1000479 1000007
1000479 1000005
1000477 1000005
1000477 1000007
1000475 1000007
1000475 1000005
1000473 1000005
1000473 1000007
1000471 1000007
1000471 1000005
1000469 1000005
1000469 1000007
1000467 1000007
1000467 1000005
1000465 1000005
1000465 1000007
1000463 1000007
1000463 1000005
1000461 1000005
1000461 1000007
1000459 1000007
1000459 1000005
1000457 1000005
1000457 1000007
1000455 1000007
1000455 1000005
1000453 1000005
1000453 1000007
1000451 1000007
1000451 1000005
1000449 1000005
1000449 1000007
1000447 1000007
1000447 1000005
1000445 1000005
1000445 1000007
1000443 1000007
1000443 1000005
1000441 1000005
1000441 1000007
1000439 1000007
1000439 1000005
1000437 1000005
1000437 1000007
1000435 1000007
1000435 1000005
1000433 1000005
1000433 1000007
1000431 1000007
1000431 1000005
1000429 1000005
1000429 1000007
1000427 1000007
1000427 1000005
1000425 1000005
1000425 1000007
1000423 1000007
1000423 1000005
1000421 1000005
1000421 1000007
1000419 1000007
1000419 1000005
1000417 1000005
1000417 1000007
1000415 1000007
1000415 1000005
1000413 1000005
1000413 1000007
1000411 1000007
1000411 1000005
1000409 1000005
1000409 1000007
1000407 1000007
1000407 1000005
1000405 1000005
1000405 1000007
1000403 1000007
1000403 1000005
1000401 1000005
1000401 1000007
1000399 1000007
1000399 1000005
1000397 1000005
1000397 1000007
1000395 1000007
1000395 1000005
1000393 1000005
1000393 1000007
1000391 1000007
1000391 1000005
1000389 1000005
1000389 1000007
1000387 1000007
1000387 1000005
1000385 1000005
1000385 1000007
1000383 1000007
1000383 1000005
1000381 1000005
1000381 1000007
1000379 1000007
1000379 1000005
1000377 1000005
1000377 1000007
1000375 1000007
1000375 1000005
1000373 1000005
1000373 1000007
1000371 1000007
1000371 1000005
1000369 1000005
1000369 1000007
1000367 1000007
1000367 1000005
1000365 1000005
1000365 1000007
1000363 1000007
1000363 1000005
1000361 1000005
1000361 1000007
1000359 1000007
1000359 1000005
1000357 1000005
1000357 1000007
1000355 1000007
1000355 1000005
1000353 1000005
1000353 1000007
1000351 1000007
1000351 1000005
1000349 1000005
1000349 1000007
1000347 1000007
1000347 1000005
1000345 1000005
1000345 1000007
1000343 1000007
1000343 1000005
1000341 1000005
1000341 1000007
1000339 1000007
1000339 1000005
1000337 1000005
1000337 1000007
1000335 1000007
1000335 1000005
1000333 1000005
1000333 1000007
1000331 1000007
1000331 1000005
1000329 1000005
1000329 1000007
1000327 1000007
1000327 1000005
1000325 1000005
1000325 1000007
1000323 1000007
1000323 1000005
1000321 1000005
1000321 1000007
1000319 1000007
1000319 1000005
1000317 1000005
1000317 1000007
1000315 1000007
1000315 1000005
1000313 1000005
1000313 1000007
1000311 1000007
1000311 1000005
1000309 1000005
1000309 1000007
1000307 1000007
1000307 1000005
1000305 1000005
1000305 1000007
1000303 1000007
1000303 1000005
1000301 1000005
1000301 1000007
1000299 1000007
1000299 1000005
1000297 1000005
1000297 1000007
1000295 1000007
1000295 1000005
1000293 1000005
1000293 1000007
1000291 1000007
1000291 1000005
1000289 1000005
1000289 1000007
1000287 1000007
1000287 1000005
1000285 1000005
1000285 1000007
1000283 1000007
1000283 1000005
1000281 1000005
1000281 1000007
1000279 1000007
1000279 1000005
1000277 1000005
1000277 1000007
1000275 1000007
1000275 1000005
1000273 1000005
1000273 1000007
1000271 1000007
1000271 1000005
1000269 1000005
1000269 1000007
1000267 1000007
1000267 1000005
1000265 1000005
1000265 1000007
1000263 1000007
1000263 1000005
1000261 1000005
1000261 1000007
1000259 1000007
1000259 1000005
1000257 1000005
1000257 1000007
1000255 1000007
1000255 1000005
1000253 1000005
1000253 1000007
1000251 1000007
1000251 1000005
1000249 1000005
1000249 1000007
1000247 1000007
1000247 1000005
1000245 1000005
1000245 1000007
1000243 1000007
1000243 1000005
1000241 1000005
1000241 1000007
1000239 1000007
1000239 1000005
1000237 1000005
1000237 1000007
1000235 1000007
1000235 1000005
1000233 1000005
1000233 1000007
1000231 1000007
1000231 1000005
1000229 1000005
1000229 1000007
1000227 1000007
1000227 1000005
1000225 1000005
1000225 1000007
1000223 1000007
1000223 1000005
1000221 1000005
1000221 1000007
1000219 1000007
1000219 1000005
1000217 1000005
1000217 1000007
1000215 1000007
1000215 1000005
1000213 1000005
1000213 1000007
1000211 1000007
1000211 1000005
1000209 1000005
1000209 1000007
1000207 1000007
1000207 1000005
1000205 1000005
1000205 1000007
1000203 1000007
1000203 1000005
1000201 1000005
1000201 1000007
1000199 1000007
1000199 1000005
1000197 1000005
1000197 1000007
1000195 1000007
1000195 1000005
1000193 1000005
1000193 1000007
1000191 1000007
1000191 1000005
1000189 1000005
1000189 1000007
1000187 1000007
1000187 1000005
1000185 1000005
1000185 1000007
1000183 1000007
1000183 1000005
1000181 1000005
1000181 1000007
1000179 1000007
1000179 1000005
1000177 1000005
1000177 1000007
1000175 1000007
1000175 1000005
1000173 1000005
1000173 1000007
1000171 1000007
1000171 1000005
1000169 1000005
1000169 1000007
1000167 1000007
1000167 1000005
1000165 1000005
1000165 1000007
1000163 1000007
1000163 1000005
1000161 1000005
1000161 1000007
1000159 1000007
1000159 1000005
1000157 1000005
1000157 1000007
1000155 1000007
1000155 1000005
1000153 1000005
1000153 1000007
1000151 1000007
1000151 1000005
1000149 1000005
1000149 1000007
1000147 1000007
1000147 1000005
1000145 1000005
1000145 1000007
1000143 1000007
1000143 1000005
1000141 1000005
1000141 1000007
1000139 1000007
1000139 1000005
1000137 1000005
1000137 1000007
1000135 1000007
1000135 1000005
1000133 1000005
1000133 1000007
1000131 1000007
1000131 1000005
1000129 1000005
1000129 1000007
1000127 1000007
1000127 1000005
1000125 1000005
1000125 1000007
1000123 1000007
1000123 1000005
1000121 1000005
1000121 1000007
1000119 1000007
1000119 1000005
1000117 1000005
1000117 1000007
1000115 1000007
1000115 1000005
1000113 1000005
1000113 1000007
1000111 1000007
1000111 1000005
1000109 1000005
1000109 1000007
1000107 1000007
1000107 1000005
1000105 1000005
1000105 1000007
1000103 1000007
1000103 1000005
1000101 1000005
1000101 1000007
1000099 1000007
1000099 1000005
1000097 1000005
1000097 1000007
1000095 1000007
1000095 1000005
1000093 1000005
1000093 1000007
1000091 1000007
1000091 1000005
1000089 1000005
1000089 1000007
1000087 1000007
1000087 1000005
1000085 1000005
1000085 1000007
1000083 1000007
1000083 1000005
1000081 1000005
1000081 1000007
1000079 1000007
1000079 1000005
1000077 1000005
1000077 1000007
1000075 1000007
1000075 1000005
1000073 1000005
1000073 1000007
1000071 1000007
1000071 1000005
1000069 1000005
1000069 1000007
1000067 1000007
1000067 1000005
1000065 1000005
1000065 1000007
1000063 1000007
1000063 1000005
1000061 1000005
1000061 1000007
1000059 1000007
1000059 1000005
1000057 1000005
1000057 1000007
1000055 1000007
1000055 1000005
1000053 1000005
1000053 1000007
1000051 1000007
1000051 1000005
1000049 1000005
1000049 1000007
1000047 1000007
1000047 1000005
1000045 1000005
1000045 1000007
1000043 1000007
1000043 1000005
1000041 1000005
1000041 1000007
1000039 1000007
1000039 1000005
1000037 1000005
1000037 1000007
1000035 1000007
1000035 1000005
1000033 1000005
1000033 1000007
1000031 1000007
1000031 1000005
1000029 1000005
1000029 1000007
1000027 1000007
1000027 1000005
1000025 1000005
1000025 1000007
1000023 1000007
1000023 1000005
1000021 1000005
1000021 1000007
1000019 1000007
1000019 1000005
1000017 1000005
1000017 1000007
1000015 1000007
1000015 1000005
1000013 1000005
1000013 1000007
1000011 1000007
1000011 1000005
1000009 1000005
1000009 1000007
1000007 1000007
1000007 1000005
1000005 1000005
1000005 1000007
1000003 1000007
