340
1000005 1000003
1000005 1000001
1000007 1000001
1000007 1000003
1000009 1000003
1000009 1000001
1000011 1000001
1000011 999999
1000013 999999
1000013 999997
1000015 999997
1000015 999995
1000017 999995
1000017 999997
1000019 999997
1000019 999999
1000021 999999
1000021 1000001
1000023 1000001
1000023 999999
1000025 999999
1000025 999997
1000027 999997
1000027 999999
1000029 999999
1000029 999997
1000031 999997
1000031 999995
1000033 999995
1000033 999993
1000035 999993
1000035 999991
1000037 999991
1000037 999993
1000039 999993
1000039 999995
1000041 999995
1000041 999997
1000043 999997
1000043 999995
1000045 999995
1000045 999993
1000047 999993
1000047 999991
1000049 999991
1000049 999993
1000051 999993
1000051 999995
1000053 999995
1000053 999993
1000055 999993
1000055 999991
1000057 999991
1000057 999993
1000059 999993
1000059 999991
1000061 999991
1000061 999993
1000063 999993
1000063 999991
1000065 999991
1000065 999993
1000067 999993
1000067 999995
1000069 999995
1000069 999997
1000071 999997
1000071 999999
1000073 999999
1000073 1000001
1000075 1000001
1000075 999999
1000077 999999
1000077 1000001
1000079 1000001
1000079 1000003
1000081 1000003
1000081 1000001
1000083 1000001
1000083 999999
1000085 999999
1000085 999997
1000087 999997
1000087 999995
1000089 999995
1000089 999993
1000091 999993
1000091 999991
1000093 999991
1000093 999993
1000095 999993
1000095 999991
1000097 999991
1000097 999993
1000099 999993
1000099 999995
1000101 999995
1000101 999997
1000103 999997
1000103 999999
1000105 999999
1000105 1000001
1000107 1000001
1000107 999999
1000109 999999
1000109 1000001
1000111 1000001
1000111 999999
1000113 999999
1000113 1000001
1000115 1000001
1000115 999999
1000117 999999
1000117 1000001
1000119 1000001
1000119 1000003
1000121 1000003
1000121 1000005
1000123 1000005
1000123 1000007
1000125 1000007
1000125 1000009
1000127 1000009
1000127 1000011
1000129 1000011
1000129 1000013
1000127 1000013
1000127 1000015
1000125 1000015
1000125 1000017
1000123 1000017
1000123 1000019
1000121 1000019
1000121 1000021
1000123 1000021
1000123 1000023
1000121 1000023
1000121 1000025
1000123 1000025
1000123 1000027
1000121 1000027
1000121 1000029
1000123 1000029
1000123 1000031
1000125 1000031
1000125 1000033
1000127 1000033
1000127 1000035
1000129 1000035
1000129 1000037
1000127 1000037
1000127 1000039
1000125 1000039
1000125 1000041
1000123 1000041
1000123 1000043
1000125 1000043
1000125 1000045
1000123 1000045
1000123 1000047
1000121 1000047
1000121 1000049
1000123 1000049
1000123 1000051
1000125 1000051
1000125 1000053
1000123 1000053
1000123 1000055
1000121 1000055
1000121 1000057
1000119 1000057
1000119 1000059
1000117 1000059
1000117 1000057
1000115 1000057
1000115 1000059
1000113 1000059
1000113 1000057
1000111 1000057
1000111 1000055
1000109 1000055
1000109 1000053
1000107 1000053
1000107 1000051
1000105 1000051
1000105 1000049
1000103 1000049
1000103 1000051
1000101 1000051
1000101 1000053
1000099 1000053
1000099 1000051
1000097 1000051
1000097 1000053
1000095 1000053
1000095 1000051
1000093 1000051
1000093 1000053
1000091 1000053
1000091 1000055
1000089 1000055
1000089 1000053
1000087 1000053
1000087 1000055
1000085 1000055
1000085 1000053
1000083 1000053
1000083 1000055
1000081 1000055
1000081 1000053
1000079 1000053
1000079 1000051
1000077 1000051
1000077 1000053
1000075 1000053
1000075 1000055
1000073 1000055
1000073 1000057
1000071 1000057
1000071 1000059
1000069 1000059
1000069 1000057
1000067 1000057
1000067 1000059
1000065 1000059
1000065 1000057
1000063 1000057
1000063 1000059
1000061 1000059
1000061 1000057
1000059 1000057
1000059 1000059
1000057 1000059
1000057 1000057
1000055 1000057
1000055 1000059
1000053 1000059
1000053 1000061
1000051 1000061
1000051 1000059
1000049 1000059
1000049 1000061
1000047 1000061
1000047 1000063
1000045 1000063
1000045 1000065
1000043 1000065
1000043 1000067
1000041 1000067
1000041 1000069
1000039 1000069
1000039 1000067
1000037 1000067
1000037 1000065
1000035 1000065
1000035 1000063
1000033 1000063
1000033 1000061
1000031 1000061
1000031 1000059
1000029 1000059
1000029 1000061
1000027 1000061
1000027 1000059
1000025 1000059
1000025 1000057
1000023 1000057
1000023 1000055
1000021 1000055
1000021 1000057
1000019 1000057
1000019 1000055
1000017 1000055
1000017 1000053
1000015 1000053
1000015 1000055
1000013 1000055
1000013 1000057
1000011 1000057
1000011 1000059
1000009 1000059
1000009 1000057
1000007 1000057
1000007 1000059
1000005 1000059
1000005 1000057
1000003 1000057
1000003 1000055
1000001 1000055
1000001 1000053
1000003 1000053
1000003 1000051
1000001 1000051
1000001 1000049
1000003 1000049
1000003 1000047
1000001 1000047
1000001 1000045
999999 1000045
999999 1000043
999997 1000043
999997 1000041
999999 1000041
999999 1000039
1000001 1000039
1000001 1000037
1000003 1000037
1000003 1000035
1000001 1000035
1000001 1000033
999999 1000033
999999 1000031
999997 1000031
999997 1000029
999999 1000029
999999 1000027
999997 1000027
999997 1000025
999995 1000025
999995 1000023
999993 1000023
999993 1000021
999995 1000021
999995 1000019
999997 1000019
999997 1000017
999999 1000017
999999 1000015
1000001 1000015
1000001 1000013
1000003 1000013
1000003 1000011
1000005 1000011
1000005 1000009
1000003 1000009
1000003 1000007
1000001 1000007
1000001 1000005
1000003 1000005
1000003 1000003
