2996
1000005 1000003
1000005 1000001
1000007 1000001
1000007 999999
1000009 999999
1000009 999997
1000011 999997
1000011 999999
1000013 999999
1000013 999997
1000015 999997
1000015 999995
1000017 999995
1000017 999993
1000019 999993
1000019 999991
1000021 999991
1000021 999989
1000023 999989
1000023 999991
1000025 999991
1000025 999993
1000027 999993
1000027 999995
1000029 999995
1000029 999997
1000031 999997
1000031 999999
1000033 999999
1000033 1000001
1000035 1000001
1000035 999999
1000037 999999
1000037 999997
1000039 999997
1000039 999999
1000041 999999
1000041 999997
1000043 999997
1000043 999995
1000045 999995
1000045 999997
1000047 999997
1000047 999999
1000049 999999
1000049 999997
1000051 999997
1000051 999995
1000053 999995
1000053 999997
1000055 999997
1000055 999995
1000057 999995
1000057 999997
1000059 999997
1000059 999995
1000061 999995
1000061 999993
1000063 999993
1000063 999991
1000065 999991
1000065 999989
1000067 999989
1000067 999991
1000069 999991
1000069 999993
1000071 999993
1000071 999995
1000073 999995
1000073 999993
1000075 999993
1000075 999991
1000077 999991
1000077 999989
1000079 999989
1000079 999991
1000081 999991
1000081 999993
1000083 999993
1000083 999991
1000085 999991
1000085 999989
1000087 999989
1000087 999991
1000089 999991
1000089 999989
1000091 999989
1000091 999991
1000093 999991
1000093 999993
1000095 999993
1000095 999991
1000097 999991
1000097 999989
1000099 999989
1000099 999991
1000101 999991
1000101 999989
1000103 999989
1000103 999987
1000105 999987
1000105 999989
1000107 999989
1000107 999987
1000109 999987
1000109 999989
1000111 999989
1000111 999987
1000113 999987
1000113 999985
1000115 999985
1000115 999987
1000117 999987
1000117 999985
1000119 999985
1000119 999987
1000121 999987
1000121 999985
1000123 999985
1000123 999987
1000125 999987
1000125 999985
1000127 999985
1000127 999987
1000129 999987
1000129 999985
1000131 999985
1000131 999983
1000133 999983
1000133 999985
1000135 999985
1000135 999987
1000137 999987
1000137 999985
1000139 999985
1000139 999983
1000141 999983
1000141 999981
1000143 999981
1000143 999979
1000145 999979
1000145 999977
1000147 999977
1000147 999975
1000149 999975
1000149 999977
1000151 999977
1000151 999975
1000153 999975
1000153 999973
1000155 999973
1000155 999975
1000157 999975
1000157 999973
1000159 999973
1000159 999975
1000161 999975
1000161 999977
1000163 999977
1000163 999975
1000165 999975
1000165 999973
1000167 999973
1000167 999975
1000169 999975
1000169 999973
1000171 999973
1000171 999975
1000173 999975
1000173 999973
1000175 999973
1000175 999975
1000177 999975
1000177 999973
1000179 999973
1000179 999971
1000181 999971
1000181 999973
1000183 999973
1000183 999971
1000185 999971
1000185 999973
1000187 999973
1000187 999975
1000189 999975
1000189 999973
1000191 999973
1000191 999975
1000193 999975
1000193 999973
1000195 999973
1000195 999971
1000197 999971
1000197 999973
1000199 999973
1000199 999975
1000201 999975
1000201 999977
1000203 999977
1000203 999979
1000205 999979
1000205 999977
1000207 999977
1000207 999979
1000209 999979
1000209 999977
1000211 999977
1000211 999979
1000213 999979
1000213 999981
1000215 999981
1000215 999979
1000217 999979
1000217 999981
1000219 999981
1000219 999983
1000221 999983
1000221 999981
1000223 999981
1000223 999983
1000225 999983
1000225 999985
1000227 999985
1000227 999987
1000229 999987
1000229 999985
1000231 999985
1000231 999987
1000233 999987
1000233 999985
1000235 999985
1000235 999983
1000237 999983
1000237 999985
1000239 999985
1000239 999987
1000241 999987
1000241 999989
1000243 999989
1000243 999991
1000245 999991
1000245 999989
1000247 999989
1000247 999987
1000249 999987
1000249 999989
1000251 999989
1000251 999991
1000253 999991
1000253 999993
1000255 999993
1000255 999995
1000257 999995
1000257 999997
1000259 999997
1000259 999999
1000261 999999
1000261 1000001
1000263 1000001
1000263 999999
1000265 999999
1000265 999997
1000267 999997
1000267 999995
1000269 999995
1000269 999997
1000271 999997
1000271 999999
1000273 999999
1000273 1000001
1000275 1000001
1000275 1000003
1000277 1000003
1000277 1000005
1000279 1000005
1000279 1000007
1000281 1000007
1000281 1000009
1000283 1000009
1000283 1000007
1000285 1000007
1000285 1000009
1000287 1000009
1000287 1000007
1000289 1000007
1000289 1000005
1000291 1000005
1000291 1000007
1000293 1000007
1000293 1000005
1000295 1000005
1000295 1000003
1000297 1000003
1000297 1000001
1000299 1000001
1000299 1000003
1000301 1000003
1000301 1000001
1000303 1000001
1000303 999999
1000305 999999
1000305 999997
1000307 999997
1000307 999999
1000309 999999
1000309 999997
1000311 999997
1000311 999999
1000313 999999
1000313 999997
1000315 999997
1000315 999995
1000317 999995
1000317 999993
1000319 999993
1000319 999991
1000321 999991
1000321 999989
1000323 999989
1000323 999991
1000325 999991
1000325 999989
1000327 999989
1000327 999987
1000329 999987
1000329 999989
1000331 999989
1000331 999991
1000333 999991
1000333 999989
1000335 999989
1000335 999987
1000337 999987
1000337 999985
1000339 999985
1000339 999983
1000341 999983
1000341 999985
1000343 999985
1000343 999983
1000345 999983
1000345 999985
1000347 999985
1000347 999983
1000349 999983
1000349 999985
1000351 999985
1000351 999987
1000353 999987
1000353 999989
1000355 999989
1000355 999987
1000357 999987
1000357 999989
1000359 999989
1000359 999991
1000361 999991
1000361 999993
1000363 999993
1000363 999995
1000365 999995
1000365 999997
1000367 999997
1000367 999999
1000369 999999
1000369 1000001
1000371 1000001
1000371 1000003
1000373 1000003
1000373 1000005
1000375 1000005
1000375 1000007
1000377 1000007
1000377 1000009
1000379 1000009
1000379 1000011
1000381 1000011
1000381 1000009
1000383 1000009
1000383 1000007
1000385 1000007
1000385 1000005
1000387 1000005
1000387 1000007
1000389 1000007
1000389 1000005
1000391 1000005
1000391 1000007
1000393 1000007
1000393 1000009
1000395 1000009
1000395 1000011
1000397 1000011
1000397 1000013
1000399 1000013
1000399 1000015
1000401 1000015
1000401 1000017
1000403 1000017
1000403 1000015
1000405 1000015
1000405 1000017
1000407 1000017
1000407 1000019
1000409 1000019
1000409 1000021
1000411 1000021
1000411 1000019
1000413 1000019
1000413 1000017
1000415 1000017
1000415 1000019
1000417 1000019
1000417 1000021
1000419 1000021
1000419 1000023
1000421 1000023
1000421 1000025
1000423 1000025
1000423 1000023
1000425 1000023
1000425 1000021
1000427 1000021
1000427 1000023
1000429 1000023
1000429 1000025
1000431 1000025
1000431 1000023
1000433 1000023
1000433 1000021
1000435 1000021
1000435 1000023
1000437 1000023
1000437 1000021
1000439 1000021
1000439 1000023
1000441 1000023
1000441 1000021
1000443 1000021
1000443 1000023
1000445 1000023
1000445 1000021
1000447 1000021
1000447 1000019
1000449 1000019
1000449 1000021
1000451 1000021
1000451 1000023
1000453 1000023
1000453 1000025
1000455 1000025
1000455 1000023
1000457 1000023
1000457 1000021
1000459 1000021
1000459 1000019
1000461 1000019
1000461 1000017
1000463 1000017
1000463 1000015
1000465 1000015
1000465 1000013
1000467 1000013
1000467 1000015
1000469 1000015
1000469 1000013
1000471 1000013
1000471 1000011
1000473 1000011
1000473 1000009
1000475 1000009
1000475 1000007
1000477 1000007
1000477 1000005
1000479 1000005
1000479 1000007
1000481 1000007
1000481 1000009
1000483 1000009
1000483 1000011
1000485 1000011
1000485 1000013
1000487 1000013
1000487 1000015
1000489 1000015
1000489 1000013
1000491 1000013
1000491 1000011
1000493 1000011
1000493 1000009
1000495 1000009
1000495 1000007
1000497 1000007
1000497 1000005
1000499 1000005
1000499 1000003
1000501 1000003
1000501 1000001
1000503 1000001
1000503 999999
1000505 999999
1000505 999997
1000507 999997
1000507 999999
1000509 999999
1000509 999997
1000511 999997
1000511 999995
1000513 999995
1000513 999997
1000515 999997
1000515 999995
1000517 999995
1000517 999993
1000519 999993
1000519 999991
1000521 999991
1000521 999993
1000523 999993
1000523 999991
1000525 999991
1000525 999993
1000527 999993
1000527 999995
1000529 999995
1000529 999997
1000531 999997
1000531 999999
1000533 999999
1000533 999997
1000535 999997
1000535 999995
1000537 999995
1000537 999993
1000539 999993
1000539 999995
1000541 999995
1000541 999997
1000543 999997
1000543 999999
1000545 999999
1000545 1000001
1000547 1000001
1000547 999999
1000549 999999
1000549 999997
1000551 999997
1000551 999995
1000553 999995
1000553 999993
1000555 999993
1000555 999995
1000557 999995
1000557 999993
1000559 999993
1000559 999991
1000561 999991
1000561 999989
1000563 999989
1000563 999987
1000565 999987
1000565 999989
1000567 999989
1000567 999987
1000569 999987
1000569 999989
1000571 999989
1000571 999991
1000573 999991
1000573 999989
1000575 999989
1000575 999987
1000577 999987
1000577 999989
1000579 999989
1000579 999991
1000581 999991
1000581 999989
1000583 999989
1000583 999987
1000585 999987
1000585 999985
1000587 999985
1000587 999983
1000589 999983
1000589 999981
1000591 999981
1000591 999983
1000593 999983
1000593 999985
1000595 999985
1000595 999983
1000597 999983
1000597 999985
1000599 999985
1000599 999983
1000601 999983
1000601 999981
1000603 999981
1000603 999983
1000605 999983
1000605 999981
1000607 999981
1000607 999979
1000609 999979
1000609 999981
1000611 999981
1000611 999979
1000613 999979
1000613 999981
1000615 999981
1000615 999979
1000617 999979
1000617 999981
1000619 999981
1000619 999983
1000621 999983
1000621 999985
1000623 999985
1000623 999983
1000625 999983
1000625 999985
1000627 999985
1000627 999983
1000629 999983
1000629 999981
1000631 999981
1000631 999983
1000633 999983
1000633 999985
1000635 999985
1000635 999987
1000637 999987
1000637 999985
1000639 999985
1000639 999983
1000641 999983
1000641 999985
1000643 999985
1000643 999987
1000645 999987
1000645 999985
1000647 999985
1000647 999983
1000649 999983
1000649 999981
1000651 999981
1000651 999979
1000653 999979
1000653 999977
1000655 999977
1000655 999975
1000657 999975
1000657 999977
1000659 999977
1000659 999979
1000661 999979
1000661 999981
1000663 999981
1000663 999983
1000665 999983
1000665 999985
1000667 999985
1000667 999987
1000669 999987
1000669 999989
1000671 999989
1000671 999991
1000673 999991
1000673 999989
1000675 999989
1000675 999987
1000677 999987
1000677 999989
1000679 999989
1000679 999991
1000681 999991
1000681 999989
1000683 999989
1000683 999987
1000685 999987
1000685 999989
1000687 999989
1000687 999987
1000689 999987
1000689 999989
1000691 999989
1000691 999987
1000693 999987
1000693 999989
1000695 999989
1000695 999991
1000697 999991
1000697 999993
1000699 999993
1000699 999995
1000701 999995
1000701 999997
1000703 999997
1000703 999999
1000705 999999
1000705 1000001
1000707 1000001
1000707 1000003
1000709 1000003
1000709 1000005
1000711 1000005
1000711 1000003
1000713 1000003
1000713 1000005
1000715 1000005
1000715 1000003
1000717 1000003
1000717 1000001
1000719 1000001
1000719 999999
1000721 999999
1000721 1000001
1000723 1000001
1000723 999999
1000725 999999
1000725 999997
1000727 999997
1000727 999999
1000729 999999
1000729 999997
1000731 999997
1000731 999999
1000733 999999
1000733 1000001
1000735 1000001
1000735 1000003
1000737 1000003
1000737 1000005
1000739 1000005
1000739 1000007
1000737 1000007
1000737 1000009
1000739 1000009
1000739 1000011
1000737 1000011
1000737 1000013
1000735 1000013
1000735 1000015
1000733 1000015
1000733 1000017
1000735 1000017
1000735 1000019
1000737 1000019
1000737 1000021
1000735 1000021
1000735 1000023
1000733 1000023
1000733 1000025
1000731 1000025
1000731 1000027
1000729 1000027
1000729 1000029
1000727 1000029
1000727 1000031
1000729 1000031
1000729 1000033
1000731 1000033
1000731 1000035
1000729 1000035
1000729 1000037
1000731 1000037
1000731 1000039
1000733 1000039
1000733 1000041
1000731 1000041
1000731 1000043
1000729 1000043
1000729 1000045
1000731 1000045
1000731 1000047
1000733 1000047
1000733 1000049
1000731 1000049
1000731 1000051
1000733 1000051
1000733 1000053
1000735 1000053
1000735 1000055
1000733 1000055
1000733 1000057
1000735 1000057
1000735 1000059
1000737 1000059
1000737 1000061
1000735 1000061
1000735 1000063
1000733 1000063
1000733 1000065
1000731 1000065
1000731 1000067
1000729 1000067
1000729 1000069
1000731 1000069
1000731 1000071
1000729 1000071
1000729 1000073
1000727 1000073
1000727 1000075
1000725 1000075
1000725 1000077
1000723 1000077
1000723 1000079
1000721 1000079
1000721 1000081
1000723 1000081
1000723 1000083
1000725 1000083
1000725 1000085
1000727 1000085
1000727 1000087
1000725 1000087
1000725 1000089
1000723 1000089
1000723 1000091
1000725 1000091
1000725 1000093
1000723 1000093
1000723 1000095
1000725 1000095
1000725 1000097
1000723 1000097
1000723 1000099
1000725 1000099
1000725 1000101
1000727 1000101
1000727 1000103
1000729 1000103
1000729 1000105
1000731 1000105
1000731 1000107
1000729 1000107
1000729 1000109
1000731 1000109
1000731 1000111
1000733 1000111
1000733 1000113
1000735 1000113
1000735 1000115
1000737 1000115
1000737 1000117
1000739 1000117
1000739 1000119
1000741 1000119
1000741 1000121
1000739 1000121
1000739 1000123
1000741 1000123
1000741 1000125
1000739 1000125
1000739 1000127
1000737 1000127
1000737 1000129
1000735 1000129
1000735 1000131
1000733 1000131
1000733 1000133
1000731 1000133
1000731 1000135
1000733 1000135
1000733 1000137
1000735 1000137
1000735 1000139
1000733 1000139
1000733 1000141
1000731 1000141
1000731 1000143
1000733 1000143
1000733 1000145
1000731 1000145
1000731 1000147
1000729 1000147
1000729 1000149
1000731 1000149
1000731 1000151
1000729 1000151
1000729 1000153
1000727 1000153
1000727 1000155
1000729 1000155
1000729 1000157
1000727 1000157
1000727 1000159
1000729 1000159
1000729 1000161
1000731 1000161
1000731 1000163
1000729 1000163
1000729 1000165
1000727 1000165
1000727 1000167
1000729 1000167
1000729 1000169
1000731 1000169
1000731 1000171
1000729 1000171
1000729 1000173
1000727 1000173
1000727 1000175
1000725 1000175
1000725 1000177
1000723 1000177
1000723 1000179
1000721 1000179
1000721 1000181
1000723 1000181
1000723 1000183
1000725 1000183
1000725 1000185
1000727 1000185
1000727 1000187
1000729 1000187
1000729 1000189
1000727 1000189
1000727 1000191
1000725 1000191
1000725 1000193
1000723 1000193
1000723 1000195
1000721 1000195
1000721 1000197
1000719 1000197
1000719 1000199
1000717 1000199
1000717 1000201
1000715 1000201
1000715 1000203
1000717 1000203
1000717 1000205
1000719 1000205
1000719 1000207
1000721 1000207
1000721 1000209
1000719 1000209
1000719 1000211
1000717 1000211
1000717 1000213
1000715 1000213
1000715 1000215
1000713 1000215
1000713 1000217
1000711 1000217
1000711 1000219
1000709 1000219
1000709 1000221
1000711 1000221
1000711 1000223
1000709 1000223
1000709 1000225
1000707 1000225
1000707 1000227
1000709 1000227
1000709 1000229
1000711 1000229
1000711 1000231
1000709 1000231
1000709 1000233
1000711 1000233
1000711 1000235
1000713 1000235
1000713 1000237
1000715 1000237
1000715 1000239
1000717 1000239
1000717 1000241
1000715 1000241
1000715 1000243
1000717 1000243
1000717 1000245
1000715 1000245
1000715 1000247
1000717 1000247
1000717 1000249
1000719 1000249
1000719 1000251
1000721 1000251
1000721 1000253
1000719 1000253
1000719 1000255
1000717 1000255
1000717 1000257
1000719 1000257
1000719 1000259
1000721 1000259
1000721 1000261
1000719 1000261
1000719 1000263
1000717 1000263
1000717 1000265
1000715 1000265
1000715 1000267
1000717 1000267
1000717 1000269
1000715 1000269
1000715 1000271
1000713 1000271
1000713 1000273
1000715 1000273
1000715 1000275
1000717 1000275
1000717 1000277
1000715 1000277
1000715 1000279
1000717 1000279
1000717 1000281
1000715 1000281
1000715 1000283
1000713 1000283
1000713 1000285
1000711 1000285
1000711 1000287
1000709 1000287
1000709 1000289
1000711 1000289
1000711 1000291
1000709 1000291
1000709 1000293
1000711 1000293
1000711 1000295
1000713 1000295
1000713 1000297
1000715 1000297
1000715 1000299
1000713 1000299
1000713 1000301
1000715 1000301
1000715 1000303
1000713 1000303
1000713 1000305
1000715 1000305
1000715 1000307
1000713 1000307
1000713 1000309
1000715 1000309
1000715 1000311
1000713 1000311
1000713 1000313
1000715 1000313
1000715 1000315
1000713 1000315
1000713 1000317
1000715 1000317
1000715 1000319
1000717 1000319
1000717 1000321
1000719 1000321
1000719 1000323
1000717 1000323
1000717 1000325
1000719 1000325
1000719 1000327
1000717 1000327
1000717 1000329
1000715 1000329
1000715 1000331
1000713 1000331
1000713 1000333
1000715 1000333
1000715 1000335
1000713 1000335
1000713 1000337
1000711 1000337
1000711 1000339
1000709 1000339
1000709 1000341
1000711 1000341
1000711 1000343
1000713 1000343
1000713 1000345
1000711 1000345
1000711 1000347
1000713 1000347
1000713 1000349
1000711 1000349
1000711 1000351
1000709 1000351
1000709 1000353
1000707 1000353
1000707 1000355
1000709 1000355
1000709 1000357
1000711 1000357
1000711 1000359
1000713 1000359
1000713 1000361
1000711 1000361
1000711 1000363
1000713 1000363
1000713 1000365
1000715 1000365
1000715 1000367
1000717 1000367
1000717 1000369
1000715 1000369
1000715 1000371
1000717 1000371
1000717 1000373
1000719 1000373
1000719 1000375
1000717 1000375
1000717 1000377
1000719 1000377
1000719 1000379
1000717 1000379
1000717 1000381
1000719 1000381
1000719 1000383
1000721 1000383
1000721 1000385
1000723 1000385
1000723 1000387
1000725 1000387
1000725 1000389
1000727 1000389
1000727 1000391
1000725 1000391
1000725 1000393
1000727 1000393
1000727 1000395
1000725 1000395
1000725 1000397
1000727 1000397
1000727 1000399
1000729 1000399
1000729 1000401
1000731 1000401
1000731 1000403
1000733 1000403
1000733 1000405
1000731 1000405
1000731 1000407
1000733 1000407
1000733 1000409
1000735 1000409
1000735 1000411
1000733 1000411
1000733 1000413
1000735 1000413
1000735 1000415
1000737 1000415
1000737 1000417
1000735 1000417
1000735 1000419
1000737 1000419
1000737 1000421
1000735 1000421
1000735 1000423
1000737 1000423
1000737 1000425
1000735 1000425
1000735 1000427
1000737 1000427
1000737 1000429
1000739 1000429
1000739 1000431
1000737 1000431
1000737 1000433
1000735 1000433
1000735 1000435
1000733 1000435
1000733 1000437
1000731 1000437
1000731 1000439
1000733 1000439
1000733 1000441
1000735 1000441
1000735 1000443
1000733 1000443
1000733 1000445
1000731 1000445
1000731 1000447
1000733 1000447
1000733 1000449
1000731 1000449
1000731 1000451
1000733 1000451
1000733 1000453
1000731 1000453
1000731 1000455
1000729 1000455
1000729 1000457
1000727 1000457
1000727 1000459
1000729 1000459
1000729 1000461
1000727 1000461
1000727 1000463
1000729 1000463
1000729 1000465
1000731 1000465
1000731 1000467
1000729 1000467
1000729 1000469
1000727 1000469
1000727 1000471
1000725 1000471
1000725 1000473
1000723 1000473
1000723 1000475
1000721 1000475
1000721 1000477
1000719 1000477
1000719 1000479
1000717 1000479
1000717 1000481
1000719 1000481
1000719 1000483
1000721 1000483
1000721 1000485
1000723 1000485
1000723 1000487
1000721 1000487
1000721 1000489
1000719 1000489
1000719 1000491
1000721 1000491
1000721 1000493
1000719 1000493
1000719 1000495
1000717 1000495
1000717 1000497
1000719 1000497
1000719 1000499
1000721 1000499
1000721 1000501
1000723 1000501
1000723 1000503
1000721 1000503
1000721 1000505
1000723 1000505
1000723 1000507
1000721 1000507
1000721 1000509
1000719 1000509
1000719 1000511
1000717 1000511
1000717 1000513
1000719 1000513
1000719 1000515
1000721 1000515
1000721 1000517
1000723 1000517
1000723 1000519
1000721 1000519
1000721 1000521
1000723 1000521
1000723 1000523
1000725 1000523
1000725 1000525
1000727 1000525
1000727 1000527
1000729 1000527
1000729 1000529
1000731 1000529
1000731 1000531
1000729 1000531
1000729 1000533
1000731 1000533
1000731 1000535
1000729 1000535
1000729 1000537
1000731 1000537
1000731 1000539
1000729 1000539
1000729 1000541
1000731 1000541
1000731 1000543
1000733 1000543
1000733 1000545
1000731 1000545
1000731 1000547
1000733 1000547
1000733 1000549
1000731 1000549
1000731 1000551
1000733 1000551
1000733 1000553
1000735 1000553
1000735 1000555
1000733 1000555
1000733 1000557
1000735 1000557
1000735 1000559
1000737 1000559
1000737 1000561
1000739 1000561
1000739 1000563
1000741 1000563
1000741 1000565
1000743 1000565
1000743 1000567
1000741 1000567
1000741 1000569
1000739 1000569
1000739 1000571
1000737 1000571
1000737 1000573
1000739 1000573
1000739 1000575
1000741 1000575
1000741 1000577
1000739 1000577
1000739 1000579
1000741 1000579
1000741 1000581
1000739 1000581
1000739 1000583
1000737 1000583
1000737 1000585
1000735 1000585
1000735 1000587
1000737 1000587
1000737 1000589
1000735 1000589
1000735 1000591
1000733 1000591
1000733 1000593
1000735 1000593
1000735 1000595
1000733 1000595
1000733 1000597
1000735 1000597
1000735 1000599
1000733 1000599
1000733 1000601
1000731 1000601
1000731 1000603
1000733 1000603
1000733 1000605
1000735 1000605
1000735 1000607
1000737 1000607
1000737 1000609
1000739 1000609
1000739 1000611
1000737 1000611
1000737 1000613
1000735 1000613
1000735 1000615
1000737 1000615
1000737 1000617
1000735 1000617
1000735 1000619
1000737 1000619
1000737 1000621
1000735 1000621
1000735 1000623
1000733 1000623
1000733 1000625
1000735 1000625
1000735 1000627
1000737 1000627
1000737 1000629
1000735 1000629
1000735 1000631
1000737 1000631
1000737 1000633
1000735 1000633
1000735 1000635
1000737 1000635
1000737 1000637
1000735 1000637
1000735 1000639
1000737 1000639
1000737 1000641
1000735 1000641
1000735 1000643
1000733 1000643
1000733 1000645
1000735 1000645
1000735 1000647
1000733 1000647
1000733 1000649
1000731 1000649
1000731 1000651
1000733 1000651
1000733 1000653
1000731 1000653
1000731 1000655
1000729 1000655
1000729 1000657
1000727 1000657
1000727 1000659
1000725 1000659
1000725 1000661
1000723 1000661
1000723 1000663
1000725 1000663
1000725 1000665
1000727 1000665
1000727 1000667
1000729 1000667
1000729 1000669
1000727 1000669
1000727 1000671
1000729 1000671
1000729 1000673
1000731 1000673
1000731 1000675
1000733 1000675
1000733 1000677
1000735 1000677
1000735 1000679
1000733 1000679
1000733 1000681
1000735 1000681
1000735 1000683
1000737 1000683
1000737 1000685
1000735 1000685
1000735 1000687
1000733 1000687
1000733 1000689
1000735 1000689
1000735 1000691
1000737 1000691
1000737 1000693
1000735 1000693
1000735 1000695
1000733 1000695
1000733 1000697
1000735 1000697
1000735 1000699
1000733 1000699
1000733 1000701
1000735 1000701
1000735 1000703
1000733 1000703
1000733 1000705
1000735 1000705
1000735 1000707
1000737 1000707
1000737 1000709
1000735 1000709
1000735 1000711
1000737 1000711
1000737 1000713
1000735 1000713
1000735 1000715
1000737 1000715
1000737 1000717
1000735 1000717
1000735 1000719
1000737 1000719
1000737 1000721
1000735 1000721
1000735 1000723
1000733 1000723
1000733 1000725
1000731 1000725
1000731 1000727
1000729 1000727
1000729 1000729
1000731 1000729
1000731 1000731
1000733 1000731
1000733 1000733
1000731 1000733
1000731 1000735
1000733 1000735
1000733 1000737
1000731 1000737
1000731 1000739
1000729 1000739
1000729 1000741
1000727 1000741
1000727 1000743
1000729 1000743
1000729 1000745
1000731 1000745
1000731 1000747
1000729 1000747
1000729 1000749
1000731 1000749
1000731 1000751
1000733 1000751
1000733 1000753
1000735 1000753
1000735 1000755
1000737 1000755
1000737 1000757
1000739 1000757
1000739 1000759
1000737 1000759
1000737 1000761
1000739 1000761
1000739 1000763
1000737 1000763
1000737 1000765
1000739 1000765
1000739 1000767
1000737 1000767
1000737 1000769
1000735 1000769
1000735 1000771
1000733 1000771
1000733 1000769
1000731 1000769
1000731 1000771
1000729 1000771
1000729 1000773
1000727 1000773
1000727 1000775
1000725 1000775
1000725 1000773
1000723 1000773
1000723 1000775
1000721 1000775
1000721 1000777
1000719 1000777
1000719 1000775
1000717 1000775
1000717 1000773
1000715 1000773
1000715 1000771
1000713 1000771
1000713 1000769
1000711 1000769
1000711 1000771
1000709 1000771
1000709 1000773
1000707 1000773
1000707 1000771
1000705 1000771
1000705 1000769
1000703 1000769
1000703 1000771
1000701 1000771
1000701 1000769
1000699 1000769
1000699 1000767
1000697 1000767
1000697 1000769
1000695 1000769
1000695 1000771
1000693 1000771
1000693 1000773
1000691 1000773
1000691 1000775
1000689 1000775
1000689 1000773
1000687 1000773
1000687 1000771
1000685 1000771
1000685 1000769
1000683 1000769
1000683 1000767
1000681 1000767
1000681 1000765
1000679 1000765
1000679 1000763
1000677 1000763
1000677 1000765
1000675 1000765
1000675 1000767
1000673 1000767
1000673 1000769
1000671 1000769
1000671 1000771
1000669 1000771
1000669 1000773
1000667 1000773
1000667 1000771
1000665 1000771
1000665 1000769
1000663 1000769
1000663 1000771
1000661 1000771
1000661 1000773
1000659 1000773
1000659 1000771
1000657 1000771
1000657 1000769
1000655 1000769
1000655 1000767
1000653 1000767
1000653 1000765
1000651 1000765
1000651 1000763
1000649 1000763
1000649 1000761
1000647 1000761
1000647 1000763
1000645 1000763
1000645 1000765
1000643 1000765
1000643 1000767
1000641 1000767
1000641 1000765
1000639 1000765
1000639 1000767
1000637 1000767
1000637 1000769
1000635 1000769
1000635 1000767
1000633 1000767
1000633 1000769
1000631 1000769
1000631 1000771
1000629 1000771
1000629 1000769
1000627 1000769
1000627 1000771
1000625 1000771
1000625 1000773
1000623 1000773
1000623 1000771
1000621 1000771
1000621 1000773
1000619 1000773
1000619 1000775
1000617 1000775
1000617 1000777
1000615 1000777
1000615 1000775
1000613 1000775
1000613 1000773
1000611 1000773
1000611 1000775
1000609 1000775
1000609 1000777
1000607 1000777
1000607 1000779
1000605 1000779
1000605 1000777
1000603 1000777
1000603 1000779
1000601 1000779
1000601 1000777
1000599 1000777
1000599 1000775
1000597 1000775
1000597 1000777
1000595 1000777
1000595 1000775
1000593 1000775
1000593 1000777
1000591 1000777
1000591 1000779
1000589 1000779
1000589 1000777
1000587 1000777
1000587 1000775
1000585 1000775
1000585 1000777
1000583 1000777
1000583 1000779
1000581 1000779
1000581 1000781
1000579 1000781
1000579 1000783
1000577 1000783
1000577 1000781
1000575 1000781
1000575 1000779
1000573 1000779
1000573 1000781
1000571 1000781
1000571 1000779
1000569 1000779
1000569 1000777
1000567 1000777
1000567 1000775
1000565 1000775
1000565 1000773
1000563 1000773
1000563 1000775
1000561 1000775
1000561 1000773
1000559 1000773
1000559 1000771
1000557 1000771
1000557 1000769
1000555 1000769
1000555 1000771
1000553 1000771
1000553 1000773
1000551 1000773
1000551 1000775
1000549 1000775
1000549 1000773
1000547 1000773
1000547 1000775
1000545 1000775
1000545 1000777
1000543 1000777
1000543 1000775
1000541 1000775
1000541 1000773
1000539 1000773
1000539 1000775
1000537 1000775
1000537 1000777
1000535 1000777
1000535 1000775
1000533 1000775
1000533 1000777
1000531 1000777
1000531 1000779
1000529 1000779
1000529 1000777
1000527 1000777
1000527 1000775
1000525 1000775
1000525 1000773
1000523 1000773
1000523 1000775
1000521 1000775
1000521 1000777
1000519 1000777
1000519 1000775
1000517 1000775
1000517 1000777
1000515 1000777
1000515 1000775
1000513 1000775
1000513 1000773
1000511 1000773
1000511 1000771
1000509 1000771
1000509 1000769
1000507 1000769
1000507 1000767
1000505 1000767
1000505 1000765
1000503 1000765
1000503 1000763
1000501 1000763
1000501 1000765
1000499 1000765
1000499 1000767
1000497 1000767
1000497 1000769
1000495 1000769
1000495 1000771
1000493 1000771
1000493 1000773
1000491 1000773
1000491 1000771
1000489 1000771
1000489 1000773
1000487 1000773
1000487 1000775
1000485 1000775
1000485 1000773
1000483 1000773
1000483 1000775
1000481 1000775
1000481 1000777
1000479 1000777
1000479 1000779
1000477 1000779
1000477 1000781
1000475 1000781
1000475 1000779
1000473 1000779
1000473 1000777
1000471 1000777
1000471 1000775
1000469 1000775
1000469 1000777
1000467 1000777
1000467 1000779
1000465 1000779
1000465 1000777
1000463 1000777
1000463 1000775
1000461 1000775
1000461 1000777
1000459 1000777
1000459 1000779
1000457 1000779
1000457 1000781
1000455 1000781
1000455 1000779
1000453 1000779
1000453 1000777
1000451 1000777
1000451 1000779
1000449 1000779
1000449 1000777
1000447 1000777
1000447 1000775
1000445 1000775
1000445 1000777
1000443 1000777
1000443 1000779
1000441 1000779
1000441 1000781
1000439 1000781
1000439 1000779
1000437 1000779
1000437 1000777
1000435 1000777
1000435 1000775
1000433 1000775
1000433 1000777
1000431 1000777
1000431 1000775
1000429 1000775
1000429 1000777
1000427 1000777
1000427 1000775
1000425 1000775
1000425 1000773
1000423 1000773
1000423 1000771
1000421 1000771
1000421 1000773
1000419 1000773
1000419 1000775
1000417 1000775
1000417 1000777
1000415 1000777
1000415 1000775
1000413 1000775
1000413 1000777
1000411 1000777
1000411 1000779
1000409 1000779
1000409 1000777
1000407 1000777
1000407 1000775
1000405 1000775
1000405 1000773
1000403 1000773
1000403 1000775
1000401 1000775
1000401 1000773
1000399 1000773
1000399 1000771
1000397 1000771
1000397 1000773
1000395 1000773
1000395 1000775
1000393 1000775
1000393 1000773
1000391 1000773
1000391 1000775
1000389 1000775
1000389 1000777
1000387 1000777
1000387 1000779
1000385 1000779
1000385 1000781
1000383 1000781
1000383 1000783
1000381 1000783
1000381 1000781
1000379 1000781
1000379 1000779
1000377 1000779
1000377 1000781
1000375 1000781
1000375 1000783
1000373 1000783
1000373 1000781
1000371 1000781
1000371 1000783
1000369 1000783
1000369 1000785
1000367 1000785
1000367 1000787
1000365 1000787
1000365 1000789
1000363 1000789
1000363 1000787
1000361 1000787
1000361 1000785
1000359 1000785
1000359 1000787
1000357 1000787
1000357 1000785
1000355 1000785
1000355 1000787
1000353 1000787
1000353 1000785
1000351 1000785
1000351 1000783
1000349 1000783
1000349 1000785
1000347 1000785
1000347 1000787
1000345 1000787
1000345 1000789
1000343 1000789
1000343 1000791
1000341 1000791
1000341 1000793
1000339 1000793
1000339 1000795
1000337 1000795
1000337 1000793
1000335 1000793
1000335 1000795
1000333 1000795
1000333 1000797
1000331 1000797
1000331 1000795
1000329 1000795
1000329 1000793
1000327 1000793
1000327 1000791
1000325 1000791
1000325 1000789
1000323 1000789
1000323 1000787
1000321 1000787
1000321 1000785
1000319 1000785
1000319 1000783
1000317 1000783
1000317 1000781
1000315 1000781
1000315 1000783
1000313 1000783
1000313 1000781
1000311 1000781
1000311 1000779
1000309 1000779
1000309 1000781
1000307 1000781
1000307 1000783
1000305 1000783
1000305 1000781
1000303 1000781
1000303 1000779
1000301 1000779
1000301 1000781
1000299 1000781
1000299 1000779
1000297 1000779
1000297 1000777
1000295 1000777
1000295 1000779
1000293 1000779
1000293 1000781
1000291 1000781
1000291 1000783
1000289 1000783
1000289 1000781
1000287 1000781
1000287 1000783
1000285 1000783
1000285 1000785
1000283 1000785
1000283 1000783
1000281 1000783
1000281 1000781
1000279 1000781
1000279 1000783
1000277 1000783
1000277 1000785
1000275 1000785
1000275 1000783
1000273 1000783
1000273 1000781
1000271 1000781
1000271 1000783
1000269 1000783
1000269 1000781
1000267 1000781
1000267 1000779
1000265 1000779
1000265 1000777
1000263 1000777
1000263 1000779
1000261 1000779
1000261 1000781
1000259 1000781
1000259 1000783
1000257 1000783
1000257 1000781
1000255 1000781
1000255 1000779
1000253 1000779
1000253 1000781
1000251 1000781
1000251 1000783
1000249 1000783
1000249 1000781
1000247 1000781
1000247 1000783
1000245 1000783
1000245 1000785
1000243 1000785
1000243 1000787
1000241 1000787
1000241 1000785
1000239 1000785
1000239 1000783
1000237 1000783
1000237 1000785
1000235 1000785
1000235 1000787
1000233 1000787
1000233 1000785
1000231 1000785
1000231 1000783
1000229 1000783
1000229 1000781
1000227 1000781
1000227 1000779
1000225 1000779
1000225 1000777
1000223 1000777
1000223 1000775
1000221 1000775
1000221 1000773
1000219 1000773
1000219 1000771
1000217 1000771
1000217 1000773
1000215 1000773
1000215 1000775
1000213 1000775
1000213 1000773
1000211 1000773
1000211 1000771
1000209 1000771
1000209 1000773
1000207 1000773
1000207 1000771
1000205 1000771
1000205 1000769
1000203 1000769
1000203 1000771
1000201 1000771
1000201 1000769
1000199 1000769
1000199 1000767
1000197 1000767
1000197 1000769
1000195 1000769
1000195 1000771
1000193 1000771
1000193 1000773
1000191 1000773
1000191 1000775
1000189 1000775
1000189 1000773
1000187 1000773
1000187 1000775
1000185 1000775
1000185 1000777
1000183 1000777
1000183 1000775
1000181 1000775
1000181 1000777
1000179 1000777
1000179 1000779
1000177 1000779
1000177 1000781
1000175 1000781
1000175 1000783
1000173 1000783
1000173 1000781
1000171 1000781
1000171 1000783
1000169 1000783
1000169 1000781
1000167 1000781
1000167 1000783
1000165 1000783
1000165 1000781
1000163 1000781
1000163 1000779
1000161 1000779
1000161 1000777
1000159 1000777
1000159 1000779
1000157 1000779
1000157 1000781
1000155 1000781
1000155 1000779
1000153 1000779
1000153 1000781
1000151 1000781
1000151 1000779
1000149 1000779
1000149 1000777
1000147 1000777
1000147 1000779
1000145 1000779
1000145 1000777
1000143 1000777
1000143 1000775
1000141 1000775
1000141 1000777
1000139 1000777
1000139 1000779
1000137 1000779
1000137 1000777
1000135 1000777
1000135 1000779
1000133 1000779
1000133 1000781
1000131 1000781
1000131 1000779
1000129 1000779
1000129 1000781
1000127 1000781
1000127 1000779
1000125 1000779
1000125 1000777
1000123 1000777
1000123 1000779
1000121 1000779
1000121 1000777
1000119 1000777
1000119 1000779
1000117 1000779
1000117 1000781
1000115 1000781
1000115 1000779
1000113 1000779
1000113 1000777
1000111 1000777
1000111 1000775
1000109 1000775
1000109 1000777
1000107 1000777
1000107 1000775
1000105 1000775
1000105 1000773
1000103 1000773
1000103 1000771
1000101 1000771
1000101 1000773
1000099 1000773
1000099 1000771
1000097 1000771
1000097 1000773
1000095 1000773
1000095 1000771
1000093 1000771
1000093 1000773
1000091 1000773
1000091 1000775
1000089 1000775
1000089 1000773
1000087 1000773
1000087 1000775
1000085 1000775
1000085 1000777
1000083 1000777
1000083 1000775
1000081 1000775
1000081 1000773
1000079 1000773
1000079 1000771
1000077 1000771
1000077 1000769
1000075 1000769
1000075 1000771
1000073 1000771
1000073 1000773
1000071 1000773
1000071 1000771
1000069 1000771
1000069 1000769
1000067 1000769
1000067 1000767
1000065 1000767
1000065 1000769
1000063 1000769
1000063 1000767
1000061 1000767
1000061 1000769
1000059 1000769
1000059 1000767
1000057 1000767
1000057 1000769
1000055 1000769
1000055 1000771
1000053 1000771
1000053 1000773
1000051 1000773
1000051 1000771
1000049 1000771
1000049 1000773
1000047 1000773
1000047 1000771
1000045 1000771
1000045 1000769
1000043 1000769
1000043 1000771
1000041 1000771
1000041 1000773
1000039 1000773
1000039 1000775
1000037 1000775
1000037 1000773
1000035 1000773
1000035 1000771
1000033 1000771
1000033 1000773
1000031 1000773
1000031 1000771
1000029 1000771
1000029 1000769
1000027 1000769
1000027 1000771
1000025 1000771
1000025 1000769
1000023 1000769
1000023 1000767
1000021 1000767
1000021 1000765
1000019 1000765
1000019 1000767
1000017 1000767
1000017 1000769
1000015 1000769
1000015 1000771
1000013 1000771
1000013 1000773
1000011 1000773
1000011 1000771
1000009 1000771
1000009 1000769
1000007 1000769
1000007 1000771
1000005 1000771
1000005 1000769
1000003 1000769
1000003 1000767
1000001 1000767
1000001 1000765
999999 1000765
999999 1000763
1000001 1000763
1000001 1000761
999999 1000761
999999 1000759
999997 1000759
999997 1000757
999999 1000757
999999 1000755
999997 1000755
999997 1000753
999995 1000753
999995 1000751
999993 1000751
999993 1000749
999995 1000749
999995 1000747
999997 1000747
999997 1000745
999999 1000745
999999 1000743
999997 1000743
999997 1000741
999999 1000741
999999 1000739
1000001 1000739
1000001 1000737
1000003 1000737
1000003 1000735
1000001 1000735
1000001 1000733
1000003 1000733
1000003 1000731
1000005 1000731
1000005 1000729
1000007 1000729
1000007 1000727
1000005 1000727
1000005 1000725
1000007 1000725
1000007 1000723
1000009 1000723
1000009 1000721
1000007 1000721
1000007 1000719
1000009 1000719
1000009 1000717
1000007 1000717
1000007 1000715
1000005 1000715
1000005 1000713
1000007 1000713
1000007 1000711
1000005 1000711
1000005 1000709
1000007 1000709
1000007 1000707
1000005 1000707
1000005 1000705
1000007 1000705
1000007 1000703
1000009 1000703
1000009 1000701
1000007 1000701
1000007 1000699
1000009 1000699
1000009 1000697
1000011 1000697
1000011 1000695
1000013 1000695
1000013 1000693
1000011 1000693
1000011 1000691
1000009 1000691
1000009 1000689
1000007 1000689
1000007 1000687
1000009 1000687
1000009 1000685
1000007 1000685
1000007 1000683
1000009 1000683
1000009 1000681
1000011 1000681
1000011 1000679
1000013 1000679
1000013 1000677
1000011 1000677
1000011 1000675
1000013 1000675
1000013 1000673
1000015 1000673
1000015 1000671
1000013 1000671
1000013 1000669
1000015 1000669
1000015 1000667
1000013 1000667
1000013 1000665
1000015 1000665
1000015 1000663
1000013 1000663
1000013 1000661
1000015 1000661
1000015 1000659
1000013 1000659
1000013 1000657
1000011 1000657
1000011 1000655
1000013 1000655
1000013 1000653
1000015 1000653
1000015 1000651
1000013 1000651
1000013 1000649
1000011 1000649
1000011 1000647
1000009 1000647
1000009 1000645
1000011 1000645
1000011 1000643
1000009 1000643
1000009 1000641
1000011 1000641
1000011 1000639
1000009 1000639
1000009 1000637
1000007 1000637
1000007 1000635
1000005 1000635
1000005 1000633
1000003 1000633
1000003 1000631
1000005 1000631
1000005 1000629
1000007 1000629
1000007 1000627
1000005 1000627
1000005 1000625
1000003 1000625
1000003 1000623
1000001 1000623
1000001 1000621
999999 1000621
999999 1000619
999997 1000619
999997 1000617
999995 1000617
999995 1000615
999997 1000615
999997 1000613
999995 1000613
999995 1000611
999997 1000611
999997 1000609
999999 1000609
999999 1000607
1000001 1000607
1000001 1000605
1000003 1000605
1000003 1000603
1000005 1000603
1000005 1000601
1000003 1000601
1000003 1000599
1000001 1000599
1000001 1000597
1000003 1000597
1000003 1000595
1000005 1000595
1000005 1000593
1000003 1000593
1000003 1000591
1000005 1000591
1000005 1000589
1000007 1000589
1000007 1000587
1000009 1000587
1000009 1000585
1000007 1000585
1000007 1000583
1000005 1000583
1000005 1000581
1000007 1000581
1000007 1000579
1000009 1000579
1000009 1000577
1000011 1000577
1000011 1000575
1000013 1000575
1000013 1000573
1000015 1000573
1000015 1000571
1000013 1000571
1000013 1000569
1000015 1000569
1000015 1000567
1000017 1000567
1000017 1000565
1000015 1000565
1000015 1000563
1000017 1000563
1000017 1000561
1000019 1000561
1000019 1000559
1000017 1000559
1000017 1000557
1000019 1000557
1000019 1000555
1000017 1000555
1000017 1000553
1000015 1000553
1000015 1000551
1000013 1000551
1000013 1000549
1000015 1000549
1000015 1000547
1000013 1000547
1000013 1000545
1000011 1000545
1000011 1000543
1000009 1000543
1000009 1000541
1000011 1000541
1000011 1000539
1000013 1000539
1000013 1000537
1000011 1000537
1000011 1000535
1000013 1000535
1000013 1000533
1000015 1000533
1000015 1000531
1000013 1000531
1000013 1000529
1000015 1000529
1000015 1000527
1000017 1000527
1000017 1000525
1000019 1000525
1000019 1000523
1000017 1000523
1000017 1000521
1000015 1000521
1000015 1000519
1000013 1000519
1000013 1000517
1000011 1000517
1000011 1000515
1000013 1000515
1000013 1000513
1000015 1000513
1000015 1000511
1000013 1000511
1000013 1000509
1000015 1000509
1000015 1000507
1000013 1000507
1000013 1000505
1000011 1000505
1000011 1000503
1000009 1000503
1000009 1000501
1000011 1000501
1000011 1000499
1000009 1000499
1000009 1000497
1000007 1000497
1000007 1000495
1000005 1000495
1000005 1000493
1000007 1000493
1000007 1000491
1000005 1000491
1000005 1000489
1000007 1000489
1000007 1000487
1000005 1000487
1000005 1000485
1000007 1000485
1000007 1000483
1000009 1000483
1000009 1000481
1000007 1000481
1000007 1000479
1000005 1000479
1000005 1000477
1000003 1000477
1000003 1000475
1000001 1000475
1000001 1000473
999999 1000473
999999 1000471
1000001 1000471
1000001 1000469
1000003 1000469
1000003 1000467
1000001 1000467
1000001 1000465
999999 1000465
999999 1000463
999997 1000463
999997 1000461
999995 1000461
999995 1000459
999997 1000459
999997 1000457
999999 1000457
999999 1000455
999997 1000455
999997 1000453
999995 1000453
999995 1000451
999993 1000451
999993 1000449
999991 1000449
999991 1000447
999993 1000447
999993 1000445
999991 1000445
999991 1000443
999993 1000443
999993 1000441
999991 1000441
999991 1000439
999989 1000439
999989 1000437
999987 1000437
999987 1000435
999989 1000435
999989 1000433
999987 1000433
999987 1000431
999985 1000431
999985 1000429
999987 1000429
999987 1000427
999989 1000427
999989 1000425
999991 1000425
999991 1000423
999989 1000423
999989 1000421
999991 1000421
999991 1000419
999989 1000419
999989 1000417
999991 1000417
999991 1000415
999993 1000415
999993 1000413
999995 1000413
999995 1000411
999997 1000411
999997 1000409
999999 1000409
999999 1000407
1000001 1000407
1000001 1000405
999999 1000405
999999 1000403
999997 1000403
999997 1000401
999999 1000401
999999 1000399
999997 1000399
999997 1000397
999999 1000397
999999 1000395
999997 1000395
999997 1000393
999995 1000393
999995 1000391
999993 1000391
999993 1000389
999991 1000389
999991 1000387
999989 1000387
999989 1000385
999987 1000385
999987 1000383
999989 1000383
999989 1000381
999991 1000381
999991 1000379
999993 1000379
999993 1000377
999991 1000377
999991 1000375
999989 1000375
999989 1000373
999987 1000373
999987 1000371
999989 1000371
999989 1000369
999991 1000369
999991 1000367
999993 1000367
999993 1000365
999995 1000365
999995 1000363
999997 1000363
999997 1000361
999999 1000361
999999 1000359
1000001 1000359
1000001 1000357
1000003 1000357
1000003 1000355
1000001 1000355
1000001 1000353
1000003 1000353
1000003 1000351
1000005 1000351
1000005 1000349
1000003 1000349
1000003 1000347
1000001 1000347
1000001 1000345
1000003 1000345
1000003 1000343
1000001 1000343
1000001 1000341
999999 1000341
999999 1000339
999997 1000339
999997 1000337
999999 1000337
999999 1000335
1000001 1000335
1000001 1000333
999999 1000333
999999 1000331
1000001 1000331
1000001 1000329
999999 1000329
999999 1000327
1000001 1000327
1000001 1000325
999999 1000325
999999 1000323
999997 1000323
999997 1000321
999995 1000321
999995 1000319
999993 1000319
999993 1000317
999995 1000317
999995 1000315
999993 1000315
999993 1000313
999995 1000313
999995 1000311
999993 1000311
999993 1000309
999995 1000309
999995 1000307
999993 1000307
999993 1000305
999991 1000305
999991 1000303
999993 1000303
999993 1000301
999995 1000301
999995 1000299
999993 1000299
999993 1000297
999995 1000297
999995 1000295
999993 1000295
999993 1000293
999995 1000293
999995 1000291
999997 1000291
999997 1000289
999995 1000289
999995 1000287
999993 1000287
999993 1000285
999991 1000285
999991 1000283
999993 1000283
999993 1000281
999995 1000281
999995 1000279
999997 1000279
999997 1000277
999999 1000277
999999 1000275
1000001 1000275
1000001 1000273
999999 1000273
999999 1000271
1000001 1000271
1000001 1000269
999999 1000269
999999 1000267
999997 1000267
999997 1000265
999999 1000265
999999 1000263
999997 1000263
999997 1000261
999995 1000261
999995 1000259
999993 1000259
999993 1000257
999995 1000257
999995 1000255
999993 1000255
999993 1000253
999995 1000253
999995 1000251
999993 1000251
999993 1000249
999991 1000249
999991 1000247
999989 1000247
999989 1000245
999991 1000245
999991 1000243
999993 1000243
999993 1000241
999991 1000241
999991 1000239
999993 1000239
999993 1000237
999995 1000237
999995 1000235
999997 1000235
999997 1000233
999999 1000233
999999 1000231
999997 1000231
999997 1000229
999995 1000229
999995 1000227
999997 1000227
999997 1000225
999999 1000225
999999 1000223
1000001 1000223
1000001 1000221
999999 1000221
999999 1000219
999997 1000219
999997 1000217
999999 1000217
999999 1000215
999997 1000215
999997 1000213
999995 1000213
999995 1000211
999993 1000211
999993 1000209
999991 1000209
999991 1000207
999993 1000207
999993 1000205
999995 1000205
999995 1000203
999993 1000203
999993 1000201
999995 1000201
999995 1000199
999993 1000199
999993 1000197
999995 1000197
999995 1000195
999997 1000195
999997 1000193
999995 1000193
999995 1000191
999993 1000191
999993 1000189
999991 1000189
999991 1000187
999993 1000187
999993 1000185
999995 1000185
999995 1000183
999997 1000183
999997 1000181
999999 1000181
999999 1000179
1000001 1000179
1000001 1000177
1000003 1000177
1000003 1000175
1000005 1000175
1000005 1000173
1000003 1000173
1000003 1000171
1000005 1000171
1000005 1000169
1000007 1000169
1000007 1000167
1000005 1000167
1000005 1000165
1000003 1000165
1000003 1000163
1000005 1000163
1000005 1000161
1000003 1000161
1000003 1000159
1000005 1000159
1000005 1000157
1000003 1000157
1000003 1000155
1000001 1000155
1000001 1000153
1000003 1000153
1000003 1000151
1000001 1000151
1000001 1000149
999999 1000149
999999 1000147
1000001 1000147
1000001 1000145
999999 1000145
999999 1000143
999997 1000143
999997 1000141
999999 1000141
999999 1000139
1000001 1000139
1000001 1000137
1000003 1000137
1000003 1000135
1000005 1000135
1000005 1000133
1000007 1000133
1000007 1000131
1000005 1000131
1000005 1000129
1000003 1000129
1000003 1000127
1000005 1000127
1000005 1000125
1000003 1000125
1000003 1000123
1000001 1000123
1000001 1000121
999999 1000121
999999 1000119
1000001 1000119
1000001 1000117
1000003 1000117
1000003 1000115
1000001 1000115
1000001 1000113
1000003 1000113
1000003 1000111
1000001 1000111
1000001 1000109
999999 1000109
999999 1000107
999997 1000107
999997 1000105
999999 1000105
999999 1000103
1000001 1000103
1000001 1000101
1000003 1000101
1000003 1000099
1000001 1000099
1000001 1000097
1000003 1000097
1000003 1000095
1000001 1000095
1000001 1000093
999999 1000093
999999 1000091
1000001 1000091
1000001 1000089
1000003 1000089
1000003 1000087
1000005 1000087
1000005 1000085
1000003 1000085
1000003 1000083
1000001 1000083
1000001 1000081
999999 1000081
999999 1000079
1000001 1000079
1000001 1000077
999999 1000077
999999 1000075
999997 1000075
999997 1000073
999999 1000073
999999 1000071
999997 1000071
999997 1000069
999995 1000069
999995 1000067
999993 1000067
999993 1000065
999991 1000065
999991 1000063
999989 1000063
999989 1000061
999991 1000061
999991 1000059
999993 1000059
999993 1000057
999995 1000057
999995 1000055
999993 1000055
999993 1000053
999995 1000053
999995 1000051
999997 1000051
999997 1000049
999995 1000049
999995 1000047
999993 1000047
999993 1000045
999995 1000045
999995 1000043
999997 1000043
999997 1000041
999995 1000041
999995 1000039
999993 1000039
999993 1000037
999995 1000037
999995 1000035
999997 1000035
999997 1000033
999999 1000033
999999 1000031
999997 1000031
999997 1000029
999999 1000029
999999 1000027
1000001 1000027
1000001 1000025
999999 1000025
999999 1000023
999997 1000023
999997 1000021
999995 1000021
999995 1000019
999997 1000019
999997 1000017
999999 1000017
999999 1000015
999997 1000015
999997 1000013
999999 1000013
999999 1000011
1000001 1000011
1000001 1000009
999999 1000009
999999 1000007
1000001 1000007
1000001 1000005
1000003 1000005
1000003 1000003
