76
1000003 1000003
1000009 1000003
1000009 1000007
1000015 1000007
1000015 1000005
1000011 1000005
1000011 1000003
1000021 1000003
1000021 1000011
1000029 1000011
1000029 1000015
1000039 1000015
1000039 1000013
1000031 1000013
1000031 1000005
1000029 1000005
1000029 1000009
1000023 1000009
1000023 1000003
1000025 1000003
1000025 1000007
1000027 1000007
1000027 1000003
1000045 1000003
1000045 1000019
1000047 1000019
1000047 1000003
1000049 1000003
1000049 1000021
1000019 1000021
1000019 1000017
1000017 1000017
1000017 1000021
1000011 1000021
1000011 1000017
1000007 1000017
1000007 1000013
1000005 1000013
1000005 1000019
1000009 1000019
1000009 1000021
1000003 1000021
1000003 1000007
1000005 1000007
1000005 1000011
1000017 1000011
1000017 1000013
1000009 1000013
1000009 1000015
1000013 1000015
1000013 1000019
1000015 1000019
1000015 1000015
1000025 1000015
1000025 1000017
1000021 1000017
1000021 1000019
1000043 1000019
1000043 1000009
1000035 1000009
1000035 1000007
1000043 1000007
1000043 1000005
1000033 1000005
1000033 1000011
1000041 1000011
1000041 1000017
1000027 1000017
1000027 1000013
1000019 1000013
1000019 1000005
1000017 1000005
1000017 1000009
1000007 1000009
1000007 1000005
1000003 1000005
