214
999923 999971
999925 999971
999925 999979
999947 999979
999947 999975
999927 999975
999927 999971
999965 999971
999965 999989
999955 999989
999955 999991
999969 999991
999969 999997
999973 999997
999973 999991
999991 999991
999991 999997
999993 999997
999993 999991
999999 999991
999999 999989
999993 999989
999993 999975
999969 999975
999969 999979
999991 999979
999991 999989
999967 999989
999967 999971
1000007 999971
1000007 999997
1000017 999997
1000017 999979
1000047 999979
1000047 999991
1000063 999991
1000063 999979
1000071 999979
1000071 999975
1000061 999975
1000061 999989
1000059 999989
1000059 999975
1000017 999975
1000017 999971
1000083 999971
1000083 1000019
1000077 1000019
1000077 1000025
1000083 1000025
1000083 1000031
1000005 1000031
1000005 1000025
1000017 1000025
1000017 1000019
999999 1000019
999999 1000007
999985 1000007
999985 1000009
999995 1000009
999995 1000025
1000001 1000025
1000001 1000031
999989 1000031
999989 1000027
999985 1000027
999985 1000031
999967 1000031
999967 1000027
999959 1000027
999959 1000019
999947 1000019
999947 1000007
999943 1000007
999943 1000027
999925 1000027
999925 1000029
999953 1000029
999953 1000027
999947 1000027
999947 1000025
999955 1000025
999955 1000029
999965 1000029
999965 1000031
999923 1000031
999923 1000009
999935 1000009
999935 999993
999925 999993
999925 999997
999931 999997
999931 1000007
999923 1000007
999923 1000001
999927 1000001
999927 999999
999923 999999
999923 999991
999949 999991
999949 999997
999965 999997
999965 1000001
999969 1000001
999969 1000019
999967 1000019
999967 1000007
999953 1000007
999953 1000001
999959 1000001
999959 999999
999941 999999
999941 999997
999947 999997
999947 999993
999937 999993
999937 1000019
999925 1000019
999925 1000025
999941 1000025
999941 1000001
999949 1000001
999949 1000009
999965 1000009
999965 1000025
999969 1000025
999969 1000029
999973 1000029
999973 1000025
999991 1000025
999991 1000029
999999 1000029
999999 1000027
999993 1000027
999993 1000019
999973 1000019
999973 1000001
999999 1000001
999999 999997
1000001 999997
1000001 1000001
1000041 1000001
1000041 999999
1000027 999999
1000027 999991
1000031 999991
1000031 999997
1000065 999997
1000065 1000001
1000071 1000001
1000071 999991
1000077 999991
1000077 1000007
1000061 1000007
1000061 1000009
1000065 1000009
1000065 1000027
1000041 1000027
1000041 1000019
1000031 1000019
1000031 1000027
1000027 1000027
1000027 1000009
1000047 1000009
1000047 1000025
1000063 1000025
1000063 1000019
1000059 1000019
1000059 1000001
1000063 1000001
1000063 999999
1000047 999999
1000047 1000007
1000001 1000007
1000001 1000009
1000023 1000009
1000023 1000027
1000007 1000027
1000007 1000029
1000081 1000029
1000081 1000027
1000071 1000027
1000071 1000009
1000081 1000009
1000081 999975
1000077 999975
1000077 999989
1000065 999989
1000065 999993
1000041 999993
1000041 999989
1000023 999989
1000023 999999
1000005 999999
1000005 999975
999995 999975
999995 999979
1000001 999979
1000001 999993
999995 999993
999995 999999
999989 999999
999989 999993
999985 999993
999985 999999
999967 999999
999967 999993
999953 999993
999953 999979
999959 999979
999959 999975
999949 999975
999949 999989
999923 999989
