2966
1000003 1000003
1000013 1000003
1000013 1000011
1000017 1000011
1000017 1000015
1000025 1000015
1000025 1000019
1000041 1000019
1000041 1000025
1000025 1000025
1000025 1000029
1000021 1000029
1000021 1000045
1000011 1000045
1000011 1000041
1000009 1000041
1000009 1000053
1000005 1000053
1000005 1000055
1000013 1000055
1000013 1000059
1000021 1000059
1000021 1000067
1000025 1000067
1000025 1000071
1000035 1000071
1000035 1000067
1000041 1000067
1000041 1000071
1000043 1000071
1000043 1000065
1000039 1000065
1000039 1000061
1000037 1000061
1000037 1000065
1000033 1000065
1000033 1000069
1000027 1000069
1000027 1000065
1000023 1000065
1000023 1000059
1000031 1000059
1000031 1000051
1000041 1000051
1000041 1000055
1000043 1000055
1000043 1000047
1000049 1000047
1000049 1000055
1000053 1000055
1000053 1000061
1000049 1000061
1000049 1000063
1000055 1000063
1000055 1000051
1000059 1000051
1000059 1000047
1000065 1000047
1000065 1000051
1000079 1000051
1000079 1000049
1000067 1000049
1000067 1000045
1000059 1000045
1000059 1000041
1000051 1000041
1000051 1000021
1000047 1000021
1000047 1000009
1000043 1000009
1000043 1000005
1000041 1000005
1000041 1000009
1000035 1000009
1000035 1000005
1000029 1000005
1000029 1000015
1000039 1000015
1000039 1000013
1000031 1000013
1000031 1000007
1000033 1000007
1000033 1000011
1000045 1000011
1000045 1000023
1000049 1000023
1000049 1000043
1000053 1000043
1000053 1000047
1000055 1000047
1000055 1000043
1000057 1000043
1000057 1000049
1000053 1000049
1000053 1000053
1000051 1000053
1000051 1000045
1000039 1000045
1000039 1000041
1000027 1000041
1000027 1000037
1000025 1000037
1000025 1000043
1000029 1000043
1000029 1000047
1000035 1000047
1000035 1000045
1000031 1000045
1000031 1000043
1000037 1000043
1000037 1000047
1000041 1000047
1000041 1000049
1000013 1000049
1000013 1000051
1000017 1000051
1000017 1000055
1000019 1000055
1000019 1000051
1000029 1000051
1000029 1000057
1000023 1000057
1000023 1000055
1000027 1000055
1000027 1000053
1000021 1000053
1000021 1000057
1000015 1000057
1000015 1000053
1000011 1000053
1000011 1000047
1000027 1000047
1000027 1000045
1000023 1000045
1000023 1000031
1000027 1000031
1000027 1000027
1000033 1000027
1000033 1000035
1000035 1000035
1000035 1000027
1000045 1000027
1000045 1000033
1000041 1000033
1000041 1000035
1000045 1000035
1000045 1000041
1000043 1000041
1000043 1000037
1000039 1000037
1000039 1000031
1000043 1000031
1000043 1000029
1000037 1000029
1000037 1000037
1000031 1000037
1000031 1000029
1000029 1000029
1000029 1000033
1000025 1000033
1000025 1000035
1000029 1000035
1000029 1000039
1000041 1000039
1000041 1000043
1000047 1000043
1000047 1000025
1000043 1000025
1000043 1000013
1000041 1000013
1000041 1000017
1000027 1000017
1000027 1000013
1000023 1000013
1000023 1000005
1000017 1000005
1000017 1000007
1000021 1000007
1000021 1000013
1000019 1000013
1000019 1000009
1000015 1000009
1000015 1000003
1000025 1000003
1000025 1000011
1000027 1000011
1000027 1000003
1000037 1000003
1000037 1000007
1000039 1000007
1000039 1000003
1000053 1000003
1000053 1000011
1000057 1000011
1000057 1000015
1000075 1000015
1000075 1000009
1000069 1000009
1000069 1000011
1000073 1000011
1000073 1000013
1000063 1000013
1000063 1000009
1000061 1000009
1000061 1000013
1000059 1000013
1000059 1000005
1000057 1000005
1000057 1000009
1000055 1000009
1000055 1000003
1000081 1000003
1000081 1000007
1000085 1000007
1000085 1000015
1000087 1000015
1000087 1000011
1000091 1000011
1000091 1000007
1000095 1000007
1000095 1000005
1000089 1000005
1000089 1000009
1000087 1000009
1000087 1000005
1000083 1000005
1000083 1000003
1000101 1000003
1000101 1000007
1000105 1000007
1000105 1000017
1000097 1000017
1000097 1000019
1000101 1000019
1000101 1000023
1000105 1000023
1000105 1000027
1000107 1000027
1000107 1000021
1000103 1000021
1000103 1000019
1000107 1000019
1000107 1000015
1000119 1000015
1000119 1000011
1000125 1000011
1000125 1000015
1000127 1000015
1000127 1000011
1000135 1000011
1000135 1000007
1000139 1000007
1000139 1000005
1000133 1000005
1000133 1000009
1000123 1000009
1000123 1000005
1000109 1000005
1000109 1000011
1000111 1000011
1000111 1000007
1000121 1000007
1000121 1000009
1000117 1000009
1000117 1000013
1000115 1000013
1000115 1000009
1000113 1000009
1000113 1000013
1000107 1000013
1000107 1000005
1000103 1000005
1000103 1000003
1000129 1000003
1000129 1000005
1000125 1000005
1000125 1000007
1000131 1000007
1000131 1000003
1000145 1000003
1000145 1000013
1000141 1000013
1000141 1000015
1000145 1000015
1000145 1000033
1000141 1000033
1000141 1000037
1000133 1000037
1000133 1000039
1000137 1000039
1000137 1000043
1000139 1000043
1000139 1000039
1000143 1000039
1000143 1000035
1000151 1000035
1000151 1000031
1000155 1000031
1000155 1000013
1000151 1000013
1000151 1000009
1000149 1000009
1000149 1000023
1000151 1000023
1000151 1000015
1000153 1000015
1000153 1000029
1000149 1000029
1000149 1000033
1000147 1000033
1000147 1000027
1000151 1000027
1000151 1000025
1000147 1000025
1000147 1000003
1000169 1000003
1000169 1000013
1000165 1000013
1000165 1000015
1000171 1000015
1000171 1000011
1000177 1000011
1000177 1000019
1000181 1000019
1000181 1000023
1000185 1000023
1000185 1000035
1000191 1000035
1000191 1000033
1000187 1000033
1000187 1000027
1000199 1000027
1000199 1000025
1000187 1000025
1000187 1000019
1000191 1000019
1000191 1000015
1000195 1000015
1000195 1000011
1000203 1000011
1000203 1000007
1000207 1000007
1000207 1000005
1000185 1000005
1000185 1000013
1000181 1000013
1000181 1000015
1000187 1000015
1000187 1000007
1000201 1000007
1000201 1000009
1000193 1000009
1000193 1000013
1000191 1000013
1000191 1000009
1000189 1000009
1000189 1000017
1000185 1000017
1000185 1000021
1000183 1000021
1000183 1000017
1000179 1000017
1000179 1000005
1000173 1000005
1000173 1000007
1000177 1000007
1000177 1000009
1000171 1000009
1000171 1000003
1000181 1000003
1000181 1000011
1000183 1000011
1000183 1000003
1000213 1000003
1000213 1000013
1000209 1000013
1000209 1000017
1000201 1000017
1000201 1000019
1000205 1000019
1000205 1000037
1000197 1000037
1000197 1000043
1000201 1000043
1000201 1000051
1000213 1000051
1000213 1000055
1000215 1000055
1000215 1000045
1000213 1000045
1000213 1000049
1000207 1000049
1000207 1000041
1000205 1000041
1000205 1000049
1000203 1000049
1000203 1000041
1000199 1000041
1000199 1000039
1000207 1000039
1000207 1000031
1000211 1000031
1000211 1000027
1000215 1000027
1000215 1000023
1000221 1000023
1000221 1000027
1000223 1000027
1000223 1000023
1000229 1000023
1000229 1000027
1000231 1000027
1000231 1000013
1000229 1000013
1000229 1000021
1000215 1000021
1000215 1000017
1000213 1000017
1000213 1000025
1000209 1000025
1000209 1000029
1000207 1000029
1000207 1000019
1000209 1000019
1000209 1000023
1000211 1000023
1000211 1000015
1000215 1000015
1000215 1000011
1000223 1000011
1000223 1000009
1000219 1000009
1000219 1000005
1000217 1000005
1000217 1000009
1000215 1000009
1000215 1000003
1000233 1000003
1000233 1000009
1000227 1000009
1000227 1000007
1000231 1000007
1000231 1000005
1000221 1000005
1000221 1000007
1000225 1000007
1000225 1000017
1000219 1000017
1000219 1000015
1000223 1000015
1000223 1000013
1000217 1000013
1000217 1000019
1000227 1000019
1000227 1000011
1000233 1000011
1000233 1000033
1000221 1000033
1000221 1000037
1000213 1000037
1000213 1000039
1000221 1000039
1000221 1000043
1000223 1000043
1000223 1000035
1000233 1000035
1000233 1000041
1000229 1000041
1000229 1000043
1000233 1000043
1000233 1000061
1000227 1000061
1000227 1000057
1000221 1000057
1000221 1000061
1000217 1000061
1000217 1000065
1000203 1000065
1000203 1000059
1000207 1000059
1000207 1000057
1000201 1000057
1000201 1000069
1000195 1000069
1000195 1000065
1000189 1000065
1000189 1000073
1000181 1000073
1000181 1000075
1000185 1000075
1000185 1000079
1000189 1000079
1000189 1000089
1000183 1000089
1000183 1000085
1000181 1000085
1000181 1000093
1000175 1000093
1000175 1000085
1000171 1000085
1000171 1000077
1000169 1000077
1000169 1000089
1000165 1000089
1000165 1000097
1000161 1000097
1000161 1000099
1000183 1000099
1000183 1000097
1000167 1000097
1000167 1000091
1000171 1000091
1000171 1000087
1000173 1000087
1000173 1000093
1000169 1000093
1000169 1000095
1000189 1000095
1000189 1000099
1000195 1000099
1000195 1000093
1000193 1000093
1000193 1000097
1000191 1000097
1000191 1000093
1000183 1000093
1000183 1000091
1000191 1000091
1000191 1000083
1000197 1000083
1000197 1000087
1000199 1000087
1000199 1000083
1000205 1000083
1000205 1000087
1000209 1000087
1000209 1000097
1000203 1000097
1000203 1000093
1000201 1000093
1000201 1000099
1000209 1000099
1000209 1000103
1000213 1000103
1000213 1000107
1000219 1000107
1000219 1000097
1000215 1000097
1000215 1000093
1000213 1000093
1000213 1000099
1000217 1000099
1000217 1000105
1000215 1000105
1000215 1000101
1000211 1000101
1000211 1000083
1000219 1000083
1000219 1000081
1000215 1000081
1000215 1000069
1000205 1000069
1000205 1000071
1000209 1000071
1000209 1000077
1000193 1000077
1000193 1000079
1000211 1000079
1000211 1000071
1000213 1000071
1000213 1000081
1000209 1000081
1000209 1000085
1000207 1000085
1000207 1000081
1000191 1000081
1000191 1000077
1000187 1000077
1000187 1000075
1000191 1000075
1000191 1000067
1000193 1000067
1000193 1000071
1000201 1000071
1000201 1000073
1000193 1000073
1000193 1000075
1000207 1000075
1000207 1000073
1000203 1000073
1000203 1000067
1000221 1000067
1000221 1000071
1000229 1000071
1000229 1000075
1000231 1000075
1000231 1000065
1000229 1000065
1000229 1000069
1000223 1000069
1000223 1000065
1000219 1000065
1000219 1000063
1000223 1000063
1000223 1000059
1000225 1000059
1000225 1000067
1000227 1000067
1000227 1000063
1000233 1000063
1000233 1000085
1000229 1000085
1000229 1000089
1000225 1000089
1000225 1000095
1000227 1000095
1000227 1000091
1000231 1000091
1000231 1000087
1000233 1000087
1000233 1000101
1000229 1000101
1000229 1000109
1000225 1000109
1000225 1000123
1000229 1000123
1000229 1000131
1000231 1000131
1000231 1000121
1000227 1000121
1000227 1000111
1000231 1000111
1000231 1000103
1000233 1000103
1000233 1000117
1000231 1000117
1000231 1000113
1000229 1000113
1000229 1000119
1000233 1000119
1000233 1000141
1000225 1000141
1000225 1000147
1000231 1000147
1000231 1000145
1000227 1000145
1000227 1000143
1000233 1000143
1000233 1000149
1000219 1000149
1000219 1000141
1000213 1000141
1000213 1000145
1000207 1000145
1000207 1000135
1000211 1000135
1000211 1000131
1000219 1000131
1000219 1000125
1000217 1000125
1000217 1000129
1000205 1000129
1000205 1000131
1000209 1000131
1000209 1000133
1000199 1000133
1000199 1000115
1000203 1000115
1000203 1000105
1000197 1000105
1000197 1000111
1000199 1000111
1000199 1000107
1000201 1000107
1000201 1000113
1000197 1000113
1000197 1000117
1000189 1000117
1000189 1000121
1000183 1000121
1000183 1000109
1000179 1000109
1000179 1000105
1000173 1000105
1000173 1000109
1000153 1000109
1000153 1000111
1000157 1000111
1000157 1000117
1000149 1000117
1000149 1000119
1000153 1000119
1000153 1000123
1000155 1000123
1000155 1000119
1000159 1000119
1000159 1000111
1000175 1000111
1000175 1000107
1000177 1000107
1000177 1000111
1000181 1000111
1000181 1000123
1000189 1000123
1000189 1000133
1000183 1000133
1000183 1000129
1000181 1000129
1000181 1000133
1000175 1000133
1000175 1000129
1000171 1000129
1000171 1000119
1000175 1000119
1000175 1000117
1000165 1000117
1000165 1000123
1000167 1000123
1000167 1000119
1000169 1000119
1000169 1000129
1000147 1000129
1000147 1000125
1000143 1000125
1000143 1000117
1000141 1000117
1000141 1000125
1000135 1000125
1000135 1000117
1000127 1000117
1000127 1000113
1000125 1000113
1000125 1000117
1000121 1000117
1000121 1000123
1000125 1000123
1000125 1000129
1000121 1000129
1000121 1000133
1000115 1000133
1000115 1000129
1000113 1000129
1000113 1000133
1000105 1000133
1000105 1000135
1000123 1000135
1000123 1000131
1000129 1000131
1000129 1000139
1000133 1000139
1000133 1000147
1000139 1000147
1000139 1000143
1000147 1000143
1000147 1000141
1000143 1000141
1000143 1000135
1000151 1000135
1000151 1000133
1000143 1000133
1000143 1000129
1000137 1000129
1000137 1000131
1000141 1000131
1000141 1000137
1000137 1000137
1000137 1000139
1000141 1000139
1000141 1000141
1000137 1000141
1000137 1000145
1000135 1000145
1000135 1000137
1000131 1000137
1000131 1000121
1000129 1000121
1000129 1000129
1000127 1000129
1000127 1000121
1000123 1000121
1000123 1000119
1000133 1000119
1000133 1000135
1000139 1000135
1000139 1000133
1000135 1000133
1000135 1000127
1000145 1000127
1000145 1000131
1000157 1000131
1000157 1000135
1000159 1000135
1000159 1000131
1000173 1000131
1000173 1000147
1000175 1000147
1000175 1000143
1000185 1000143
1000185 1000147
1000191 1000147
1000191 1000145
1000187 1000145
1000187 1000141
1000183 1000141
1000183 1000137
1000181 1000137
1000181 1000141
1000175 1000141
1000175 1000135
1000177 1000135
1000177 1000139
1000179 1000139
1000179 1000135
1000195 1000135
1000195 1000129
1000193 1000129
1000193 1000133
1000191 1000133
1000191 1000123
1000195 1000123
1000195 1000121
1000191 1000121
1000191 1000119
1000197 1000119
1000197 1000125
1000193 1000125
1000193 1000127
1000197 1000127
1000197 1000135
1000205 1000135
1000205 1000141
1000201 1000141
1000201 1000143
1000205 1000143
1000205 1000147
1000215 1000147
1000215 1000143
1000217 1000143
1000217 1000149
1000195 1000149
1000195 1000141
1000191 1000141
1000191 1000139
1000197 1000139
1000197 1000147
1000203 1000147
1000203 1000145
1000199 1000145
1000199 1000139
1000203 1000139
1000203 1000137
1000185 1000137
1000185 1000139
1000189 1000139
1000189 1000143
1000193 1000143
1000193 1000149
1000179 1000149
1000179 1000147
1000183 1000147
1000183 1000145
1000177 1000145
1000177 1000149
1000163 1000149
1000163 1000141
1000157 1000141
1000157 1000143
1000161 1000143
1000161 1000149
1000143 1000149
1000143 1000147
1000151 1000147
1000151 1000139
1000153 1000139
1000153 1000147
1000159 1000147
1000159 1000145
1000155 1000145
1000155 1000139
1000163 1000139
1000163 1000135
1000169 1000135
1000169 1000145
1000167 1000145
1000167 1000137
1000165 1000137
1000165 1000147
1000171 1000147
1000171 1000133
1000161 1000133
1000161 1000137
1000155 1000137
1000155 1000133
1000153 1000133
1000153 1000137
1000145 1000137
1000145 1000139
1000149 1000139
1000149 1000145
1000141 1000145
1000141 1000149
1000119 1000149
1000119 1000143
1000123 1000143
1000123 1000141
1000117 1000141
1000117 1000149
1000111 1000149
1000111 1000145
1000101 1000145
1000101 1000147
1000109 1000147
1000109 1000149
1000095 1000149
1000095 1000139
1000099 1000139
1000099 1000137
1000095 1000137
1000095 1000133
1000087 1000133
1000087 1000117
1000079 1000117
1000079 1000111
1000087 1000111
1000087 1000107
1000097 1000107
1000097 1000111
1000101 1000111
1000101 1000117
1000093 1000117
1000093 1000119
1000103 1000119
1000103 1000111
1000107 1000111
1000107 1000109
1000099 1000109
1000099 1000105
1000095 1000105
1000095 1000099
1000099 1000099
1000099 1000097
1000093 1000097
1000093 1000101
1000085 1000101
1000085 1000103
1000093 1000103
1000093 1000105
1000085 1000105
1000085 1000109
1000075 1000109
1000075 1000103
1000079 1000103
1000079 1000091
1000085 1000091
1000085 1000095
1000087 1000095
1000087 1000081
1000083 1000081
1000083 1000077
1000081 1000077
1000081 1000083
1000085 1000083
1000085 1000089
1000075 1000089
1000075 1000067
1000081 1000067
1000081 1000071
1000083 1000071
1000083 1000067
1000091 1000067
1000091 1000055
1000097 1000055
1000097 1000059
1000099 1000059
1000099 1000055
1000107 1000055
1000107 1000051
1000111 1000051
1000111 1000049
1000097 1000049
1000097 1000051
1000105 1000051
1000105 1000053
1000091 1000053
1000091 1000043
1000099 1000043
1000099 1000033
1000093 1000033
1000093 1000037
1000087 1000037
1000087 1000021
1000085 1000021
1000085 1000025
1000081 1000025
1000081 1000031
1000083 1000031
1000083 1000027
1000085 1000027
1000085 1000037
1000073 1000037
1000073 1000043
1000075 1000043
1000075 1000039
1000095 1000039
1000095 1000035
1000097 1000035
1000097 1000041
1000089 1000041
1000089 1000045
1000085 1000045
1000085 1000055
1000087 1000055
1000087 1000047
1000089 1000047
1000089 1000065
1000083 1000065
1000083 1000061
1000081 1000061
1000081 1000065
1000075 1000065
1000075 1000057
1000073 1000057
1000073 1000061
1000069 1000061
1000069 1000065
1000063 1000065
1000063 1000061
1000061 1000061
1000061 1000073
1000053 1000073
1000053 1000083
1000057 1000083
1000057 1000087
1000063 1000087
1000063 1000079
1000067 1000079
1000067 1000077
1000061 1000077
1000061 1000085
1000059 1000085
1000059 1000081
1000055 1000081
1000055 1000075
1000057 1000075
1000057 1000079
1000059 1000079
1000059 1000075
1000063 1000075
1000063 1000067
1000069 1000067
1000069 1000071
1000071 1000071
1000071 1000063
1000073 1000063
1000073 1000091
1000077 1000091
1000077 1000101
1000073 1000101
1000073 1000105
1000063 1000105
1000063 1000097
1000061 1000097
1000061 1000117
1000055 1000117
1000055 1000109
1000053 1000109
1000053 1000121
1000047 1000121
1000047 1000103
1000051 1000103
1000051 1000099
1000055 1000099
1000055 1000097
1000051 1000097
1000051 1000089
1000049 1000089
1000049 1000093
1000045 1000093
1000045 1000095
1000049 1000095
1000049 1000101
1000033 1000101
1000033 1000107
1000037 1000107
1000037 1000117
1000027 1000117
1000027 1000113
1000019 1000113
1000019 1000107
1000023 1000107
1000023 1000103
1000027 1000103
1000027 1000097
1000025 1000097
1000025 1000101
1000013 1000101
1000013 1000103
1000021 1000103
1000021 1000105
1000017 1000105
1000017 1000113
1000011 1000113
1000011 1000109
1000005 1000109
1000005 1000127
1000007 1000127
1000007 1000111
1000009 1000111
1000009 1000115
1000017 1000115
1000017 1000121
1000013 1000121
1000013 1000127
1000017 1000127
1000017 1000139
1000019 1000139
1000019 1000125
1000015 1000125
1000015 1000123
1000041 1000123
1000041 1000131
1000045 1000131
1000045 1000135
1000047 1000135
1000047 1000127
1000051 1000127
1000051 1000125
1000045 1000125
1000045 1000129
1000043 1000129
1000043 1000113
1000041 1000113
1000041 1000121
1000023 1000121
1000023 1000117
1000021 1000117
1000021 1000121
1000019 1000121
1000019 1000115
1000025 1000115
1000025 1000119
1000039 1000119
1000039 1000105
1000035 1000105
1000035 1000103
1000045 1000103
1000045 1000109
1000043 1000109
1000043 1000105
1000041 1000105
1000041 1000111
1000045 1000111
1000045 1000123
1000059 1000123
1000059 1000121
1000055 1000121
1000055 1000119
1000065 1000119
1000065 1000133
1000061 1000133
1000061 1000143
1000063 1000143
1000063 1000135
1000067 1000135
1000067 1000131
1000071 1000131
1000071 1000129
1000067 1000129
1000067 1000123
1000071 1000123
1000071 1000121
1000067 1000121
1000067 1000115
1000071 1000115
1000071 1000113
1000067 1000113
1000067 1000109
1000065 1000109
1000065 1000117
1000063 1000117
1000063 1000107
1000073 1000107
1000073 1000109
1000069 1000109
1000069 1000111
1000077 1000111
1000077 1000119
1000081 1000119
1000081 1000123
1000083 1000123
1000083 1000119
1000085 1000119
1000085 1000129
1000081 1000129
1000081 1000135
1000083 1000135
1000083 1000131
1000085 1000131
1000085 1000139
1000089 1000139
1000089 1000143
1000091 1000143
1000091 1000137
1000087 1000137
1000087 1000135
1000093 1000135
1000093 1000149
1000083 1000149
1000083 1000145
1000081 1000145
1000081 1000149
1000047 1000149
1000047 1000145
1000043 1000145
1000043 1000141
1000039 1000141
1000039 1000137
1000031 1000137
1000031 1000131
1000035 1000131
1000035 1000129
1000029 1000129
1000029 1000133
1000025 1000133
1000025 1000135
1000029 1000135
1000029 1000141
1000025 1000141
1000025 1000143
1000029 1000143
1000029 1000147
1000031 1000147
1000031 1000139
1000037 1000139
1000037 1000143
1000041 1000143
1000041 1000147
1000045 1000147
1000045 1000149
1000035 1000149
1000035 1000147
1000039 1000147
1000039 1000145
1000035 1000145
1000035 1000141
1000033 1000141
1000033 1000149
1000019 1000149
1000019 1000145
1000017 1000145
1000017 1000149
1000007 1000149
1000007 1000145
1000005 1000145
1000005 1000149
1000003 1000149
1000003 1000135
1000007 1000135
1000007 1000133
1000003 1000133
1000003 1000131
1000013 1000131
1000013 1000145
1000011 1000145
1000011 1000141
1000007 1000141
1000007 1000139
1000011 1000139
1000011 1000133
1000009 1000133
1000009 1000137
1000005 1000137
1000005 1000143
1000009 1000143
1000009 1000147
1000015 1000147
1000015 1000143
1000021 1000143
1000021 1000147
1000027 1000147
1000027 1000145
1000023 1000145
1000023 1000139
1000027 1000139
1000027 1000137
1000023 1000137
1000023 1000127
1000025 1000127
1000025 1000131
1000027 1000131
1000027 1000127
1000037 1000127
1000037 1000133
1000033 1000133
1000033 1000135
1000041 1000135
1000041 1000139
1000053 1000139
1000053 1000143
1000055 1000143
1000055 1000133
1000053 1000133
1000053 1000137
1000051 1000137
1000051 1000131
1000055 1000131
1000055 1000127
1000061 1000127
1000061 1000129
1000057 1000129
1000057 1000145
1000051 1000145
1000051 1000141
1000045 1000141
1000045 1000143
1000049 1000143
1000049 1000147
1000067 1000147
1000067 1000143
1000075 1000143
1000075 1000141
1000067 1000141
1000067 1000139
1000071 1000139
1000071 1000135
1000075 1000135
1000075 1000123
1000077 1000123
1000077 1000137
1000073 1000137
1000073 1000139
1000081 1000139
1000081 1000141
1000077 1000141
1000077 1000145
1000069 1000145
1000069 1000147
1000079 1000147
1000079 1000143
1000085 1000143
1000085 1000147
1000091 1000147
1000091 1000145
1000087 1000145
1000087 1000141
1000083 1000141
1000083 1000137
1000079 1000137
1000079 1000127
1000083 1000127
1000083 1000125
1000079 1000125
1000079 1000121
1000075 1000121
1000075 1000113
1000073 1000113
1000073 1000117
1000069 1000117
1000069 1000119
1000073 1000119
1000073 1000125
1000069 1000125
1000069 1000127
1000073 1000127
1000073 1000133
1000069 1000133
1000069 1000137
1000065 1000137
1000065 1000145
1000059 1000145
1000059 1000131
1000063 1000131
1000063 1000121
1000061 1000121
1000061 1000125
1000053 1000125
1000053 1000129
1000049 1000129
1000049 1000137
1000043 1000137
1000043 1000133
1000039 1000133
1000039 1000125
1000021 1000125
1000021 1000141
1000015 1000141
1000015 1000129
1000011 1000129
1000011 1000119
1000015 1000119
1000015 1000117
1000009 1000117
1000009 1000129
1000003 1000129
1000003 1000087
1000019 1000087
1000019 1000085
1000015 1000085
1000015 1000079
1000025 1000079
1000025 1000083
1000027 1000083
1000027 1000079
1000033 1000079
1000033 1000087
1000037 1000087
1000037 1000091
1000039 1000091
1000039 1000087
1000043 1000087
1000043 1000083
1000047 1000083
1000047 1000081
1000039 1000081
1000039 1000077
1000037 1000077
1000037 1000083
1000041 1000083
1000041 1000085
1000035 1000085
1000035 1000077
1000019 1000077
1000019 1000073
1000015 1000073
1000015 1000069
1000013 1000069
1000013 1000075
1000017 1000075
1000017 1000077
1000013 1000077
1000013 1000085
1000003 1000085
1000003 1000071
1000007 1000071
1000007 1000069
1000003 1000069
1000003 1000059
1000009 1000059
1000009 1000063
1000017 1000063
1000017 1000065
1000007 1000065
1000007 1000061
1000005 1000061
1000005 1000067
1000009 1000067
1000009 1000081
1000007 1000081
1000007 1000073
1000005 1000073
1000005 1000083
1000011 1000083
1000011 1000067
1000017 1000067
1000017 1000071
1000021 1000071
1000021 1000075
1000047 1000075
1000047 1000067
1000057 1000067
1000057 1000069
1000049 1000069
1000049 1000077
1000041 1000077
1000041 1000079
1000049 1000079
1000049 1000085
1000045 1000085
1000045 1000089
1000041 1000089
1000041 1000097
1000031 1000097
1000031 1000093
1000027 1000093
1000027 1000089
1000025 1000089
1000025 1000093
1000017 1000093
1000017 1000095
1000021 1000095
1000021 1000097
1000011 1000097
1000011 1000093
1000009 1000093
1000009 1000105
1000007 1000105
1000007 1000091
1000013 1000091
1000013 1000095
1000015 1000095
1000015 1000091
1000023 1000091
1000023 1000087
1000029 1000087
1000029 1000091
1000033 1000091
1000033 1000095
1000039 1000095
1000039 1000093
1000035 1000093
1000035 1000089
1000031 1000089
1000031 1000081
1000029 1000081
1000029 1000085
1000023 1000085
1000023 1000081
1000017 1000081
1000017 1000083
1000021 1000083
1000021 1000089
1000005 1000089
1000005 1000107
1000013 1000107
1000013 1000111
1000015 1000111
1000015 1000105
1000011 1000105
1000011 1000099
1000023 1000099
1000023 1000095
1000029 1000095
1000029 1000109
1000027 1000109
1000027 1000105
1000025 1000105
1000025 1000109
1000021 1000109
1000021 1000111
1000033 1000111
1000033 1000113
1000029 1000113
1000029 1000115
1000035 1000115
1000035 1000109
1000031 1000109
1000031 1000099
1000047 1000099
1000047 1000097
1000043 1000097
1000043 1000091
1000047 1000091
1000047 1000087
1000053 1000087
1000053 1000091
1000067 1000091
1000067 1000083
1000069 1000083
1000069 1000095
1000073 1000095
1000073 1000097
1000069 1000097
1000069 1000101
1000067 1000101
1000067 1000093
1000053 1000093
1000053 1000095
1000057 1000095
1000057 1000105
1000055 1000105
1000055 1000101
1000053 1000101
1000053 1000105
1000049 1000105
1000049 1000119
1000051 1000119
1000051 1000107
1000057 1000107
1000057 1000115
1000059 1000115
1000059 1000095
1000065 1000095
1000065 1000103
1000071 1000103
1000071 1000099
1000075 1000099
1000075 1000093
1000071 1000093
1000071 1000073
1000067 1000073
1000067 1000069
1000065 1000069
1000065 1000075
1000069 1000075
1000069 1000081
1000065 1000081
1000065 1000089
1000055 1000089
1000055 1000085
1000051 1000085
1000051 1000071
1000059 1000071
1000059 1000055
1000069 1000055
1000069 1000057
1000061 1000057
1000061 1000059
1000065 1000059
1000065 1000063
1000067 1000063
1000067 1000059
1000071 1000059
1000071 1000055
1000081 1000055
1000081 1000057
1000077 1000057
1000077 1000063
1000079 1000063
1000079 1000059
1000085 1000059
1000085 1000063
1000087 1000063
1000087 1000057
1000083 1000057
1000083 1000045
1000079 1000045
1000079 1000043
1000087 1000043
1000087 1000041
1000077 1000041
1000077 1000045
1000071 1000045
1000071 1000041
1000067 1000041
1000067 1000027
1000073 1000027
1000073 1000031
1000075 1000031
1000075 1000025
1000067 1000025
1000067 1000021
1000061 1000021
1000061 1000025
1000057 1000025
1000057 1000031
1000059 1000031
1000059 1000027
1000063 1000027
1000063 1000023
1000065 1000023
1000065 1000041
1000063 1000041
1000063 1000037
1000055 1000037
1000055 1000035
1000063 1000035
1000063 1000029
1000061 1000029
1000061 1000033
1000055 1000033
1000055 1000019
1000057 1000019
1000057 1000023
1000059 1000023
1000059 1000019
1000079 1000019
1000079 1000011
1000081 1000011
1000081 1000021
1000069 1000021
1000069 1000023
1000077 1000023
1000077 1000033
1000071 1000033
1000071 1000029
1000069 1000029
1000069 1000039
1000071 1000039
1000071 1000035
1000083 1000035
1000083 1000033
1000079 1000033
1000079 1000023
1000083 1000023
1000083 1000019
1000091 1000019
1000091 1000015
1000093 1000015
1000093 1000027
1000095 1000027
1000095 1000023
1000097 1000023
1000097 1000027
1000101 1000027
1000101 1000029
1000091 1000029
1000091 1000021
1000089 1000021
1000089 1000035
1000091 1000035
1000091 1000031
1000105 1000031
1000105 1000039
1000109 1000039
1000109 1000043
1000111 1000043
1000111 1000039
1000115 1000039
1000115 1000037
1000107 1000037
1000107 1000031
1000111 1000031
1000111 1000019
1000121 1000019
1000121 1000023
1000123 1000023
1000123 1000019
1000135 1000019
1000135 1000017
1000131 1000017
1000131 1000015
1000137 1000015
1000137 1000019
1000141 1000019
1000141 1000025
1000133 1000025
1000133 1000027
1000141 1000027
1000141 1000029
1000137 1000029
1000137 1000033
1000123 1000033
1000123 1000029
1000121 1000029
1000121 1000039
1000127 1000039
1000127 1000037
1000123 1000037
1000123 1000035
1000129 1000035
1000129 1000049
1000123 1000049
1000123 1000045
1000117 1000045
1000117 1000047
1000121 1000047
1000121 1000053
1000117 1000053
1000117 1000067
1000121 1000067
1000121 1000071
1000125 1000071
1000125 1000077
1000121 1000077
1000121 1000079
1000125 1000079
1000125 1000083
1000135 1000083
1000135 1000077
1000133 1000077
1000133 1000081
1000127 1000081
1000127 1000061
1000125 1000061
1000125 1000069
1000123 1000069
1000123 1000065
1000119 1000065
1000119 1000055
1000123 1000055
1000123 1000051
1000129 1000051
1000129 1000055
1000133 1000055
1000133 1000071
1000135 1000071
1000135 1000067
1000139 1000067
1000139 1000059
1000145 1000059
1000145 1000063
1000147 1000063
1000147 1000055
1000151 1000055
1000151 1000045
1000145 1000045
1000145 1000051
1000147 1000051
1000147 1000047
1000149 1000047
1000149 1000053
1000141 1000053
1000141 1000055
1000145 1000055
1000145 1000057
1000137 1000057
1000137 1000065
1000135 1000065
1000135 1000053
1000131 1000053
1000131 1000043
1000133 1000043
1000133 1000047
1000141 1000047
1000141 1000049
1000133 1000049
1000133 1000051
1000137 1000051
1000137 1000055
1000139 1000055
1000139 1000051
1000143 1000051
1000143 1000043
1000147 1000043
1000147 1000039
1000157 1000039
1000157 1000047
1000159 1000047
1000159 1000043
1000165 1000043
1000165 1000051
1000171 1000051
1000171 1000041
1000169 1000041
1000169 1000049
1000167 1000049
1000167 1000035
1000171 1000035
1000171 1000031
1000177 1000031
1000177 1000039
1000179 1000039
1000179 1000029
1000175 1000029
1000175 1000025
1000171 1000025
1000171 1000021
1000169 1000021
1000169 1000027
1000173 1000027
1000173 1000029
1000169 1000029
1000169 1000033
1000161 1000033
1000161 1000035
1000165 1000035
1000165 1000041
1000159 1000041
1000159 1000039
1000163 1000039
1000163 1000037
1000155 1000037
1000155 1000035
1000159 1000035
1000159 1000023
1000163 1000023
1000163 1000021
1000159 1000021
1000159 1000009
1000155 1000009
1000155 1000007
1000165 1000007
1000165 1000009
1000161 1000009
1000161 1000019
1000165 1000019
1000165 1000029
1000163 1000029
1000163 1000025
1000161 1000025
1000161 1000031
1000167 1000031
1000167 1000019
1000173 1000019
1000173 1000023
1000177 1000023
1000177 1000027
1000181 1000027
1000181 1000045
1000177 1000045
1000177 1000047
1000181 1000047
1000181 1000053
1000177 1000053
1000177 1000057
1000173 1000057
1000173 1000061
1000167 1000061
1000167 1000057
1000165 1000057
1000165 1000061
1000153 1000061
1000153 1000079
1000159 1000079
1000159 1000075
1000163 1000075
1000163 1000065
1000161 1000065
1000161 1000069
1000157 1000069
1000157 1000071
1000161 1000071
1000161 1000073
1000157 1000073
1000157 1000077
1000155 1000077
1000155 1000063
1000157 1000063
1000157 1000067
1000159 1000067
1000159 1000063
1000175 1000063
1000175 1000059
1000187 1000059
1000187 1000051
1000193 1000051
1000193 1000059
1000195 1000059
1000195 1000049
1000191 1000049
1000191 1000045
1000187 1000045
1000187 1000041
1000185 1000041
1000185 1000047
1000189 1000047
1000189 1000049
1000185 1000049
1000185 1000057
1000179 1000057
1000179 1000055
1000183 1000055
1000183 1000039
1000193 1000039
1000193 1000041
1000189 1000041
1000189 1000043
1000193 1000043
1000193 1000047
1000197 1000047
1000197 1000061
1000191 1000061
1000191 1000053
1000189 1000053
1000189 1000061
1000185 1000061
1000185 1000069
1000173 1000069
1000173 1000071
1000177 1000071
1000177 1000079
1000181 1000079
1000181 1000081
1000175 1000081
1000175 1000073
1000167 1000073
1000167 1000067
1000169 1000067
1000169 1000071
1000171 1000071
1000171 1000067
1000179 1000067
1000179 1000063
1000181 1000063
1000181 1000067
1000183 1000067
1000183 1000061
1000177 1000061
1000177 1000065
1000165 1000065
1000165 1000085
1000161 1000085
1000161 1000089
1000155 1000089
1000155 1000085
1000153 1000085
1000153 1000093
1000149 1000093
1000149 1000101
1000143 1000101
1000143 1000087
1000147 1000087
1000147 1000081
1000143 1000081
1000143 1000077
1000141 1000077
1000141 1000083
1000145 1000083
1000145 1000085
1000141 1000085
1000141 1000097
1000133 1000097
1000133 1000111
1000139 1000111
1000139 1000109
1000135 1000109
1000135 1000103
1000139 1000103
1000139 1000101
1000135 1000101
1000135 1000099
1000141 1000099
1000141 1000103
1000155 1000103
1000155 1000097
1000153 1000097
1000153 1000101
1000151 1000101
1000151 1000095
1000155 1000095
1000155 1000091
1000161 1000091
1000161 1000093
1000157 1000093
1000157 1000103
1000169 1000103
1000169 1000105
1000149 1000105
1000149 1000109
1000145 1000109
1000145 1000111
1000149 1000111
1000149 1000113
1000143 1000113
1000143 1000107
1000147 1000107
1000147 1000105
1000137 1000105
1000137 1000107
1000141 1000107
1000141 1000113
1000131 1000113
1000131 1000109
1000123 1000109
1000123 1000105
1000121 1000105
1000121 1000109
1000113 1000109
1000113 1000111
1000121 1000111
1000121 1000113
1000117 1000113
1000117 1000121
1000111 1000121
1000111 1000117
1000109 1000117
1000109 1000123
1000117 1000123
1000117 1000125
1000109 1000125
1000109 1000129
1000101 1000129
1000101 1000133
1000099 1000133
1000099 1000129
1000091 1000129
1000091 1000123
1000105 1000123
1000105 1000125
1000093 1000125
1000093 1000127
1000107 1000127
1000107 1000115
1000113 1000115
1000113 1000119
1000115 1000119
1000115 1000113
1000111 1000113
1000111 1000101
1000105 1000101
1000105 1000103
1000109 1000103
1000109 1000105
1000103 1000105
1000103 1000095
1000107 1000095
1000107 1000091
1000113 1000091
1000113 1000095
1000115 1000095
1000115 1000091
1000135 1000091
1000135 1000089
1000119 1000089
1000119 1000085
1000117 1000085
1000117 1000089
1000111 1000089
1000111 1000079
1000115 1000079
1000115 1000077
1000109 1000077
1000109 1000081
1000105 1000081
1000105 1000085
1000093 1000085
1000093 1000087
1000101 1000087
1000101 1000091
1000103 1000091
1000103 1000087
1000107 1000087
1000107 1000083
1000109 1000083
1000109 1000089
1000105 1000089
1000105 1000093
1000091 1000093
1000091 1000091
1000099 1000091
1000099 1000089
1000091 1000089
1000091 1000079
1000095 1000079
1000095 1000073
1000093 1000073
1000093 1000077
1000087 1000077
1000087 1000071
1000089 1000071
1000089 1000075
1000091 1000075
1000091 1000071
1000095 1000071
1000095 1000067
1000109 1000067
1000109 1000071
1000111 1000071
1000111 1000061
1000105 1000061
1000105 1000063
1000109 1000063
1000109 1000065
1000095 1000065
1000095 1000063
1000103 1000063
1000103 1000059
1000111 1000059
1000111 1000055
1000113 1000055
1000113 1000071
1000117 1000071
1000117 1000073
1000105 1000073
1000105 1000077
1000101 1000077
1000101 1000081
1000099 1000081
1000099 1000071
1000101 1000071
1000101 1000075
1000103 1000075
1000103 1000071
1000107 1000071
1000107 1000069
1000097 1000069
1000097 1000081
1000093 1000081
1000093 1000083
1000103 1000083
1000103 1000079
1000107 1000079
1000107 1000075
1000117 1000075
1000117 1000081
1000113 1000081
1000113 1000087
1000115 1000087
1000115 1000083
1000121 1000083
1000121 1000087
1000137 1000087
1000137 1000093
1000129 1000093
1000129 1000105
1000127 1000105
1000127 1000101
1000117 1000101
1000117 1000105
1000115 1000105
1000115 1000099
1000119 1000099
1000119 1000095
1000125 1000095
1000125 1000097
1000121 1000097
1000121 1000099
1000127 1000099
1000127 1000093
1000117 1000093
1000117 1000097
1000111 1000097
1000111 1000093
1000109 1000093
1000109 1000097
1000105 1000097
1000105 1000099
1000113 1000099
1000113 1000107
1000119 1000107
1000119 1000103
1000125 1000103
1000125 1000107
1000131 1000107
1000131 1000095
1000139 1000095
1000139 1000071
1000143 1000071
1000143 1000067
1000149 1000067
1000149 1000077
1000147 1000077
1000147 1000069
1000145 1000069
1000145 1000073
1000141 1000073
1000141 1000075
1000145 1000075
1000145 1000079
1000149 1000079
1000149 1000089
1000145 1000089
1000145 1000099
1000147 1000099
1000147 1000091
1000151 1000091
1000151 1000083
1000157 1000083
1000157 1000087
1000159 1000087
1000159 1000083
1000163 1000083
1000163 1000077
1000161 1000077
1000161 1000081
1000151 1000081
1000151 1000059
1000155 1000059
1000155 1000055
1000159 1000055
1000159 1000053
1000155 1000053
1000155 1000051
1000161 1000051
1000161 1000057
1000157 1000057
1000157 1000059
1000163 1000059
1000163 1000055
1000169 1000055
1000169 1000059
1000171 1000059
1000171 1000055
1000175 1000055
1000175 1000051
1000179 1000051
1000179 1000049
1000175 1000049
1000175 1000043
1000179 1000043
1000179 1000041
1000175 1000041
1000175 1000033
1000173 1000033
1000173 1000037
1000169 1000037
1000169 1000039
1000173 1000039
1000173 1000053
1000163 1000053
1000163 1000045
1000161 1000045
1000161 1000049
1000155 1000049
1000155 1000041
1000149 1000041
1000149 1000043
1000153 1000043
1000153 1000057
1000149 1000057
1000149 1000065
1000143 1000065
1000143 1000061
1000141 1000061
1000141 1000069
1000137 1000069
1000137 1000073
1000131 1000073
1000131 1000057
1000127 1000057
1000127 1000053
1000125 1000053
1000125 1000057
1000121 1000057
1000121 1000063
1000123 1000063
1000123 1000059
1000129 1000059
1000129 1000079
1000131 1000079
1000131 1000075
1000137 1000075
1000137 1000085
1000123 1000085
1000123 1000081
1000119 1000081
1000119 1000075
1000123 1000075
1000123 1000073
1000119 1000073
1000119 1000069
1000115 1000069
1000115 1000051
1000119 1000051
1000119 1000049
1000115 1000049
1000115 1000043
1000125 1000043
1000125 1000047
1000127 1000047
1000127 1000041
1000119 1000041
1000119 1000033
1000115 1000033
1000115 1000023
1000117 1000023
1000117 1000031
1000119 1000031
1000119 1000027
1000127 1000027
1000127 1000023
1000129 1000023
1000129 1000029
1000125 1000029
1000125 1000031
1000135 1000031
1000135 1000029
1000131 1000029
1000131 1000023
1000139 1000023
1000139 1000021
1000125 1000021
1000125 1000025
1000119 1000025
1000119 1000021
1000113 1000021
1000113 1000033
1000109 1000033
1000109 1000035
1000117 1000035
1000117 1000041
1000113 1000041
1000113 1000045
1000103 1000045
1000103 1000043
1000107 1000043
1000107 1000041
1000103 1000041
1000103 1000033
1000101 1000033
1000101 1000045
1000093 1000045
1000093 1000051
1000095 1000051
1000095 1000047
1000113 1000047
1000113 1000053
1000109 1000053
1000109 1000057
1000101 1000057
1000101 1000061
1000095 1000061
1000095 1000057
1000093 1000057
1000093 1000069
1000085 1000069
1000085 1000073
1000079 1000073
1000079 1000069
1000077 1000069
1000077 1000087
1000083 1000087
1000083 1000085
1000079 1000085
1000079 1000075
1000085 1000075
1000085 1000079
1000089 1000079
1000089 1000097
1000083 1000097
1000083 1000093
1000081 1000093
1000081 1000105
1000077 1000105
1000077 1000107
1000083 1000107
1000083 1000099
1000091 1000099
1000091 1000095
1000101 1000095
1000101 1000101
1000097 1000101
1000097 1000103
1000101 1000103
1000101 1000107
1000109 1000107
1000109 1000113
1000105 1000113
1000105 1000121
1000091 1000121
1000091 1000111
1000093 1000111
1000093 1000115
1000099 1000115
1000099 1000113
1000095 1000113
1000095 1000109
1000089 1000109
1000089 1000113
1000081 1000113
1000081 1000115
1000089 1000115
1000089 1000131
1000097 1000131
1000097 1000135
1000101 1000135
1000101 1000139
1000113 1000139
1000113 1000141
1000097 1000141
1000097 1000147
1000099 1000147
1000099 1000143
1000113 1000143
1000113 1000147
1000115 1000147
1000115 1000139
1000125 1000139
1000125 1000143
1000129 1000143
1000129 1000145
1000121 1000145
1000121 1000147
1000131 1000147
1000131 1000141
1000127 1000141
1000127 1000133
1000125 1000133
1000125 1000137
1000103 1000137
1000103 1000131
1000111 1000131
1000111 1000127
1000117 1000127
1000117 1000131
1000119 1000131
1000119 1000127
1000123 1000127
1000123 1000125
1000119 1000125
1000119 1000115
1000123 1000115
1000123 1000111
1000129 1000111
1000129 1000115
1000137 1000115
1000137 1000123
1000139 1000123
1000139 1000115
1000145 1000115
1000145 1000123
1000149 1000123
1000149 1000127
1000159 1000127
1000159 1000123
1000161 1000123
1000161 1000127
1000167 1000127
1000167 1000125
1000163 1000125
1000163 1000115
1000177 1000115
1000177 1000125
1000175 1000125
1000175 1000121
1000173 1000121
1000173 1000127
1000177 1000127
1000177 1000131
1000179 1000131
1000179 1000127
1000185 1000127
1000185 1000131
1000187 1000131
1000187 1000125
1000179 1000125
1000179 1000113
1000161 1000113
1000161 1000121
1000157 1000121
1000157 1000125
1000151 1000125
1000151 1000121
1000147 1000121
1000147 1000115
1000155 1000115
1000155 1000113
1000151 1000113
1000151 1000107
1000171 1000107
1000171 1000103
1000189 1000103
1000189 1000111
1000191 1000111
1000191 1000103
1000193 1000103
1000193 1000113
1000187 1000113
1000187 1000105
1000181 1000105
1000181 1000107
1000185 1000107
1000185 1000119
1000187 1000119
1000187 1000115
1000195 1000115
1000195 1000103
1000205 1000103
1000205 1000107
1000209 1000107
1000209 1000119
1000211 1000119
1000211 1000115
1000219 1000115
1000219 1000113
1000211 1000113
1000211 1000111
1000221 1000111
1000221 1000121
1000215 1000121
1000215 1000119
1000219 1000119
1000219 1000117
1000213 1000117
1000213 1000125
1000203 1000125
1000203 1000119
1000205 1000119
1000205 1000123
1000211 1000123
1000211 1000121
1000207 1000121
1000207 1000109
1000205 1000109
1000205 1000117
1000201 1000117
1000201 1000131
1000203 1000131
1000203 1000127
1000215 1000127
1000215 1000123
1000221 1000123
1000221 1000127
1000225 1000127
1000225 1000135
1000229 1000135
1000229 1000137
1000215 1000137
1000215 1000135
1000223 1000135
1000223 1000129
1000221 1000129
1000221 1000133
1000213 1000133
1000213 1000137
1000209 1000137
1000209 1000143
1000211 1000143
1000211 1000139
1000221 1000139
1000221 1000147
1000223 1000147
1000223 1000139
1000231 1000139
1000231 1000133
1000227 1000133
1000227 1000125
1000223 1000125
1000223 1000099
1000225 1000099
1000225 1000107
1000227 1000107
1000227 1000099
1000231 1000099
1000231 1000093
1000229 1000093
1000229 1000097
1000223 1000097
1000223 1000093
1000219 1000093
1000219 1000089
1000215 1000089
1000215 1000087
1000221 1000087
1000221 1000091
1000223 1000091
1000223 1000077
1000219 1000077
1000219 1000075
1000225 1000075
1000225 1000079
1000229 1000079
1000229 1000081
1000225 1000081
1000225 1000087
1000227 1000087
1000227 1000083
1000231 1000083
1000231 1000077
1000227 1000077
1000227 1000073
1000219 1000073
1000219 1000069
1000217 1000069
1000217 1000079
1000221 1000079
1000221 1000085
1000213 1000085
1000213 1000091
1000217 1000091
1000217 1000095
1000221 1000095
1000221 1000109
1000211 1000109
1000211 1000105
1000207 1000105
1000207 1000101
1000199 1000101
1000199 1000091
1000205 1000091
1000205 1000095
1000207 1000095
1000207 1000089
1000203 1000089
1000203 1000085
1000201 1000085
1000201 1000089
1000195 1000089
1000195 1000085
1000193 1000085
1000193 1000091
1000197 1000091
1000197 1000101
1000187 1000101
1000187 1000097
1000185 1000097
1000185 1000101
1000159 1000101
1000159 1000095
1000163 1000095
1000163 1000087
1000167 1000087
1000167 1000075
1000173 1000075
1000173 1000083
1000177 1000083
1000177 1000091
1000179 1000091
1000179 1000083
1000185 1000083
1000185 1000087
1000187 1000087
1000187 1000081
1000183 1000081
1000183 1000077
1000179 1000077
1000179 1000071
1000187 1000071
1000187 1000063
1000197 1000063
1000197 1000067
1000199 1000067
1000199 1000055
1000209 1000055
1000209 1000059
1000213 1000059
1000213 1000061
1000205 1000061
1000205 1000063
1000215 1000063
1000215 1000059
1000219 1000059
1000219 1000051
1000223 1000051
1000223 1000049
1000219 1000049
1000219 1000047
1000229 1000047
1000229 1000053
1000227 1000053
1000227 1000049
1000225 1000049
1000225 1000053
1000221 1000053
1000221 1000055
1000229 1000055
1000229 1000059
1000231 1000059
1000231 1000045
1000227 1000045
1000227 1000039
1000231 1000039
1000231 1000037
1000225 1000037
1000225 1000045
1000219 1000045
1000219 1000041
1000211 1000041
1000211 1000035
1000215 1000035
1000215 1000031
1000217 1000031
1000217 1000035
1000219 1000035
1000219 1000031
1000231 1000031
1000231 1000029
1000227 1000029
1000227 1000025
1000225 1000025
1000225 1000029
1000219 1000029
1000219 1000025
1000217 1000025
1000217 1000029
1000213 1000029
1000213 1000033
1000209 1000033
1000209 1000047
1000211 1000047
1000211 1000043
1000217 1000043
1000217 1000057
1000211 1000057
1000211 1000053
1000199 1000053
1000199 1000045
1000195 1000045
1000195 1000031
1000201 1000031
1000201 1000033
1000197 1000033
1000197 1000035
1000203 1000035
1000203 1000021
1000195 1000021
1000195 1000019
1000199 1000019
1000199 1000015
1000207 1000015
1000207 1000011
1000211 1000011
1000211 1000005
1000209 1000005
1000209 1000009
1000205 1000009
1000205 1000013
1000197 1000013
1000197 1000017
1000193 1000017
1000193 1000021
1000189 1000021
1000189 1000023
1000201 1000023
1000201 1000029
1000189 1000029
1000189 1000031
1000193 1000031
1000193 1000037
1000183 1000037
1000183 1000025
1000179 1000025
1000179 1000021
1000175 1000021
1000175 1000013
1000173 1000013
1000173 1000017
1000163 1000017
1000163 1000011
1000167 1000011
1000167 1000005
1000149 1000005
1000149 1000007
1000153 1000007
1000153 1000011
1000157 1000011
1000157 1000033
1000153 1000033
1000153 1000037
1000145 1000037
1000145 1000041
1000141 1000041
1000141 1000045
1000135 1000045
1000135 1000041
1000131 1000041
1000131 1000035
1000139 1000035
1000139 1000031
1000143 1000031
1000143 1000017
1000139 1000017
1000139 1000011
1000143 1000011
1000143 1000005
1000141 1000005
1000141 1000009
1000137 1000009
1000137 1000013
1000129 1000013
1000129 1000017
1000123 1000017
1000123 1000013
1000121 1000013
1000121 1000017
1000109 1000017
1000109 1000029
1000103 1000029
1000103 1000025
1000099 1000025
1000099 1000021
1000095 1000021
1000095 1000011
1000101 1000011
1000101 1000013
1000097 1000013
1000097 1000015
1000103 1000015
1000103 1000009
1000099 1000009
1000099 1000005
1000097 1000005
1000097 1000009
1000093 1000009
1000093 1000013
1000089 1000013
1000089 1000017
1000083 1000017
1000083 1000009
1000079 1000009
1000079 1000005
1000061 1000005
1000061 1000007
1000065 1000007
1000065 1000011
1000067 1000011
1000067 1000007
1000077 1000007
1000077 1000017
1000051 1000017
1000051 1000015
1000055 1000015
1000055 1000013
1000051 1000013
1000051 1000005
1000045 1000005
1000045 1000007
1000049 1000007
1000049 1000019
1000053 1000019
1000053 1000039
1000061 1000039
1000061 1000043
1000069 1000043
1000069 1000047
1000081 1000047
1000081 1000053
1000063 1000053
1000063 1000049
1000061 1000049
1000061 1000053
1000057 1000053
1000057 1000065
1000047 1000065
1000047 1000061
1000043 1000061
1000043 1000059
1000051 1000059
1000051 1000057
1000047 1000057
1000047 1000049
1000045 1000049
1000045 1000057
1000035 1000057
1000035 1000055
1000039 1000055
1000039 1000053
1000033 1000053
1000033 1000061
1000025 1000061
1000025 1000063
1000029 1000063
1000029 1000067
1000031 1000067
1000031 1000063
1000035 1000063
1000035 1000059
1000041 1000059
1000041 1000063
1000045 1000063
1000045 1000073
1000039 1000073
1000039 1000069
1000037 1000069
1000037 1000073
1000023 1000073
1000023 1000069
1000019 1000069
1000019 1000061
1000011 1000061
1000011 1000057
1000003 1000057
1000003 1000035
1000015 1000035
1000015 1000021
1000011 1000021
1000011 1000017
1000005 1000017
1000005 1000031
1000011 1000031
1000011 1000025
1000009 1000025
1000009 1000029
1000007 1000029
1000007 1000019
1000009 1000019
1000009 1000023
1000013 1000023
1000013 1000033
1000003 1000033
1000003 1000007
1000009 1000007
1000009 1000013
1000007 1000013
1000007 1000009
1000005 1000009
1000005 1000015
1000013 1000015
1000013 1000019
1000021 1000019
1000021 1000025
1000019 1000025
1000019 1000021
1000017 1000021
1000017 1000041
1000015 1000041
1000015 1000037
1000005 1000037
1000005 1000051
1000007 1000051
1000007 1000039
1000013 1000039
1000013 1000043
1000019 1000043
1000019 1000027
1000023 1000027
1000023 1000023
1000039 1000023
1000039 1000021
1000023 1000021
1000023 1000017
1000015 1000017
1000015 1000013
1000011 1000013
1000011 1000005
1000003 1000005
