2828
999819 999823
999823 999823
999823 999847
999825 999847
999825 999833
999833 999833
999833 999825
999825 999825
999825 999823
999863 999823
999863 999833
999889 999833
999889 999849
999877 999849
999877 999851
999893 999851
999893 999855
999899 999855
999899 999839
999893 999839
999893 999849
999891 999849
999891 999825
999875 999825
999875 999823
999911 999823
999911 999833
999929 999833
999929 999847
999935 999847
999935 999851
999959 999851
999959 999855
999971 999855
999971 999867
999973 999867
999973 999855
999987 999855
999987 999867
999993 999867
999993 999897
999981 999897
999981 999875
999979 999875
999979 999897
999963 999897
999963 999875
999953 999875
999953 999869
999943 999869
999943 999873
999951 999873
999951 999889
999959 999889
999959 999903
999963 999903
999963 999899
999997 999899
999997 999889
1000007 999889
1000007 999903
1000011 999903
1000011 999869
1000007 999869
1000007 999875
999997 999875
999997 999855
1000005 999855
1000005 999851
1000017 999851
1000017 999855
1000019 999855
1000019 999851
1000023 999851
1000023 999849
1000011 999849
1000011 999833
1000019 999833
1000019 999825
1000007 999825
1000007 999839
999981 999839
999981 999825
999979 999825
999979 999839
999943 999839
999943 999847
999993 999847
999993 999851
999997 999851
999997 999847
1000007 999847
1000007 999849
1000003 999849
1000003 999853
999993 999853
999993 999861
999989 999861
999989 999853
999963 999853
999963 999851
999989 999851
999989 999849
999941 999849
999941 999839
999931 999839
999931 999825
999917 999825
999917 999823
999971 999823
999971 999825
999935 999825
999935 999833
999973 999833
999973 999823
1000003 999823
1000003 999825
999987 999825
999987 999833
1000005 999833
1000005 999823
1000037 999823
1000037 999847
1000039 999847
1000039 999833
1000061 999833
1000061 999847
1000065 999847
1000065 999853
1000055 999853
1000055 999899
1000061 999899
1000061 999907
1000037 999907
1000037 999911
1000055 999911
1000055 999923
1000023 999923
1000023 999907
1000021 999907
1000021 999913
1000007 999913
1000007 999921
1000021 999921
1000021 999937
1000017 999937
1000017 999959
1000019 999959
1000019 999939
1000023 999939
1000023 999933
1000037 999933
1000037 999959
1000061 999959
1000061 999983
1000055 999983
1000055 999997
1000023 999997
1000023 999985
1000033 999985
1000033 999983
1000011 999983
1000011 999977
1000007 999977
1000007 999991
999987 999991
999987 999997
999979 999997
999979 999999
999993 999999
999993 1000003
1000007 1000003
1000007 1000013
1000003 1000013
1000003 1000045
999993 1000045
999993 1000055
999981 1000055
999981 1000051
999951 1000051
999951 1000067
999953 1000067
999953 1000061
999963 1000061
999963 1000055
999953 1000055
999953 1000053
999979 1000053
999979 1000067
999987 1000067
999987 1000075
999989 1000075
999989 1000063
999981 1000063
999981 1000061
1000003 1000061
1000003 1000067
1000017 1000067
1000017 1000077
1000007 1000077
1000007 1000083
1000021 1000083
1000021 1000097
999997 1000097
999997 1000087
999963 1000087
999963 1000077
999959 1000077
999959 1000081
999949 1000081
999949 1000077
999929 1000077
999929 1000079
999935 1000079
999935 1000087
999911 1000087
999911 1000101
999901 1000101
999901 1000111
999907 1000111
999907 1000103
999917 1000103
999917 1000095
999941 1000095
999941 1000079
999943 1000079
999943 1000083
999959 1000083
999959 1000095
999993 1000095
999993 1000099
1000003 1000099
1000003 1000119
1000007 1000119
1000007 1000133
1000003 1000133
1000003 1000137
999979 1000137
999979 1000143
999987 1000143
999987 1000163
999959 1000163
999959 1000177
999949 1000177
999949 1000163
999943 1000163
999943 1000177
999935 1000177
999935 1000179
999963 1000179
999963 1000175
1000003 1000175
1000003 1000179
1000011 1000179
1000011 1000177
1000005 1000177
1000005 1000141
999993 1000141
999993 1000161
999997 1000161
999997 1000143
1000003 1000143
1000003 1000163
999989 1000163
999989 1000141
999981 1000141
999981 1000139
1000021 1000139
1000021 1000149
1000017 1000149
1000017 1000161
1000031 1000161
1000031 1000177
1000021 1000177
1000021 1000179
1000033 1000179
1000033 1000141
1000031 1000141
1000031 1000149
1000023 1000149
1000023 1000137
1000005 1000137
1000005 1000135
1000011 1000135
1000011 1000119
1000021 1000119
1000021 1000125
1000033 1000125
1000033 1000099
1000039 1000099
1000039 1000095
1000059 1000095
1000059 1000083
1000065 1000083
1000065 1000105
1000061 1000105
1000061 1000111
1000071 1000111
1000071 1000139
1000075 1000139
1000075 1000161
1000089 1000161
1000089 1000175
1000091 1000175
1000091 1000143
1000113 1000143
1000113 1000163
1000105 1000163
1000105 1000179
1000107 1000179
1000107 1000175
1000119 1000175
1000119 1000179
1000151 1000179
1000151 1000163
1000147 1000163
1000147 1000133
1000145 1000133
1000145 1000141
1000133 1000141
1000133 1000137
1000129 1000137
1000129 1000141
1000119 1000141
1000119 1000161
1000121 1000161
1000121 1000143
1000129 1000143
1000129 1000161
1000133 1000161
1000133 1000143
1000145 1000143
1000145 1000175
1000149 1000175
1000149 1000177
1000121 1000177
1000121 1000175
1000139 1000175
1000139 1000149
1000137 1000149
1000137 1000163
1000125 1000163
1000125 1000149
1000123 1000149
1000123 1000163
1000117 1000163
1000117 1000137
1000107 1000137
1000107 1000125
1000121 1000125
1000121 1000119
1000129 1000119
1000129 1000125
1000133 1000125
1000133 1000101
1000129 1000101
1000129 1000117
1000117 1000117
1000117 1000105
1000097 1000105
1000097 1000095
1000113 1000095
1000113 1000099
1000117 1000099
1000117 1000087
1000097 1000087
1000097 1000079
1000107 1000079
1000107 1000075
1000119 1000075
1000119 1000079
1000121 1000079
1000121 1000063
1000119 1000063
1000119 1000071
1000105 1000071
1000105 1000077
1000093 1000077
1000093 1000101
1000087 1000101
1000087 1000097
1000075 1000097
1000075 1000103
1000089 1000103
1000089 1000119
1000097 1000119
1000097 1000117
1000091 1000117
1000091 1000103
1000093 1000103
1000093 1000111
1000113 1000111
1000113 1000119
1000119 1000119
1000119 1000121
1000107 1000121
1000107 1000117
1000105 1000117
1000105 1000133
1000093 1000133
1000093 1000137
1000089 1000137
1000089 1000139
1000097 1000139
1000097 1000135
1000105 1000135
1000105 1000139
1000113 1000139
1000113 1000141
1000089 1000141
1000089 1000149
1000087 1000149
1000087 1000133
1000075 1000133
1000075 1000137
1000073 1000137
1000073 1000111
1000075 1000111
1000075 1000125
1000089 1000125
1000089 1000135
1000091 1000135
1000091 1000125
1000097 1000125
1000097 1000121
1000087 1000121
1000087 1000105
1000067 1000105
1000067 1000083
1000087 1000083
1000087 1000077
1000075 1000077
1000075 1000081
1000067 1000081
1000067 1000077
1000063 1000077
1000063 1000067
1000073 1000067
1000073 1000051
1000071 1000051
1000071 1000063
1000063 1000063
1000063 1000039
1000067 1000039
1000067 1000029
1000075 1000029
1000075 1000039
1000089 1000039
1000089 1000053
1000093 1000053
1000093 1000061
1000107 1000061
1000107 1000053
1000117 1000053
1000117 1000047
1000123 1000047
1000123 1000053
1000129 1000053
1000129 1000061
1000133 1000061
1000133 1000031
1000129 1000031
1000129 1000051
1000125 1000051
1000125 1000045
1000121 1000045
1000121 1000031
1000117 1000031
1000117 1000017
1000121 1000017
1000121 1000013
1000107 1000013
1000107 1000003
1000117 1000003
1000117 999995
1000125 999995
1000125 999991
1000117 999991
1000117 999983
1000113 999983
1000113 1000001
1000097 1000001
1000097 999977
1000089 999977
1000089 999981
1000093 999981
1000093 999991
1000067 999991
1000067 999981
1000073 999981
1000073 999977
1000067 999977
1000067 999969
1000065 999969
1000065 999995
1000075 999995
1000075 1000003
1000091 1000003
1000091 999997
1000089 999997
1000089 1000001
1000087 1000001
1000087 999995
1000093 999995
1000093 1000003
1000105 1000003
1000105 1000047
1000107 1000047
1000107 1000017
1000113 1000017
1000113 1000039
1000119 1000039
1000119 1000045
1000113 1000045
1000113 1000051
1000105 1000051
1000105 1000055
1000097 1000055
1000097 1000051
1000091 1000051
1000091 1000013
1000089 1000013
1000089 1000031
1000087 1000031
1000087 1000027
1000073 1000027
1000073 1000013
1000061 1000013
1000061 1000029
1000063 1000029
1000063 1000017
1000071 1000017
1000071 1000027
1000065 1000027
1000065 1000031
1000061 1000031
1000061 1000055
1000021 1000055
1000021 1000061
1000031 1000061
1000031 1000077
1000021 1000077
1000021 1000079
1000031 1000079
1000031 1000083
1000039 1000083
1000039 1000079
1000059 1000079
1000059 1000071
1000055 1000071
1000055 1000077
1000037 1000077
1000037 1000081
1000033 1000081
1000033 1000061
1000061 1000061
1000061 1000063
1000037 1000063
1000037 1000075
1000039 1000075
1000039 1000067
1000061 1000067
1000061 1000079
1000065 1000079
1000065 1000081
1000055 1000081
1000055 1000087
1000037 1000087
1000037 1000097
1000031 1000097
1000031 1000121
1000023 1000121
1000023 1000117
1000011 1000117
1000011 1000105
1000007 1000105
1000007 1000117
1000005 1000117
1000005 1000099
1000021 1000099
1000021 1000105
1000019 1000105
1000019 1000101
1000007 1000101
1000007 1000103
1000017 1000103
1000017 1000111
1000023 1000111
1000023 1000095
1000033 1000095
1000033 1000087
1000023 1000087
1000023 1000081
1000011 1000081
1000011 1000079
1000019 1000079
1000019 1000067
1000021 1000067
1000021 1000075
1000023 1000075
1000023 1000063
1000005 1000063
1000005 1000055
999997 1000055
999997 1000047
1000011 1000047
1000011 1000039
1000023 1000039
1000023 1000029
1000033 1000029
1000033 1000017
1000039 1000017
1000039 1000005
1000033 1000005
1000033 1000001
1000031 1000001
1000031 1000005
1000017 1000005
1000017 1000029
1000019 1000029
1000019 1000017
1000023 1000017
1000023 1000013
1000019 1000013
1000019 1000007
1000037 1000007
1000037 1000013
1000031 1000013
1000031 1000027
1000021 1000027
1000021 1000031
1000007 1000031
1000007 1000045
1000005 1000045
1000005 1000017
1000007 1000017
1000007 1000029
1000011 1000029
1000011 999999
1000019 999999
1000019 999997
1000007 999997
1000007 1000001
999997 1000001
999997 999997
999989 999997
999989 999995
1000003 999995
1000003 999999
1000005 999999
1000005 999995
1000011 999995
1000011 999985
1000021 999985
1000021 999991
1000017 999991
1000017 999995
1000021 999995
1000021 1000001
1000017 1000001
1000017 1000003
1000023 1000003
1000023 999999
1000059 999999
1000059 999985
1000061 999985
1000061 999999
1000065 999999
1000065 1000003
1000067 1000003
1000067 999999
1000071 999999
1000071 1000005
1000059 1000005
1000059 1000003
1000063 1000003
1000063 1000001
1000037 1000001
1000037 1000003
1000055 1000003
1000055 1000045
1000037 1000045
1000037 1000047
1000055 1000047
1000055 1000051
1000019 1000051
1000019 1000047
1000033 1000047
1000033 1000039
1000039 1000039
1000039 1000027
1000037 1000027
1000037 1000031
1000031 1000031
1000031 1000045
1000017 1000045
1000017 1000055
1000011 1000055
1000011 1000051
1000003 1000051
1000003 1000053
1000007 1000053
1000007 1000061
1000019 1000061
1000019 1000053
1000059 1000053
1000059 1000007
1000075 1000007
1000075 1000017
1000087 1000017
1000087 1000007
1000093 1000007
1000093 1000047
1000097 1000047
1000097 1000005
1000073 1000005
1000073 999997
1000063 999997
1000063 999939
1000073 999939
1000073 999929
1000071 999929
1000071 999937
1000061 999937
1000061 999951
1000039 999951
1000039 999929
1000023 999929
1000023 999925
1000059 999925
1000059 999911
1000065 999911
1000065 999921
1000067 999921
1000067 999897
1000065 999897
1000065 999907
1000063 999907
1000063 999875
1000061 999875
1000061 999897
1000059 999897
1000059 999855
1000071 999855
1000071 999873
1000073 999873
1000073 999825
1000071 999825
1000071 999853
1000067 999853
1000067 999839
1000063 999839
1000063 999825
1000039 999825
1000039 999823
1000065 999823
1000065 999833
1000067 999833
1000067 999823
1000113 999823
1000113 999839
1000105 999839
1000105 999849
1000091 999849
1000091 999839
1000089 999839
1000089 999889
1000093 999889
1000093 999907
1000087 999907
1000087 999901
1000075 999901
1000075 999911
1000089 999911
1000089 999921
1000091 999921
1000091 999911
1000113 999911
1000113 999923
1000105 999923
1000105 999937
1000093 999937
1000093 999939
1000119 999939
1000119 999973
1000121 999973
1000121 999959
1000129 999959
1000129 999981
1000133 999981
1000133 999959
1000145 999959
1000145 999981
1000151 999981
1000151 999969
1000149 999969
1000149 999977
1000147 999977
1000147 999939
1000151 999939
1000151 999937
1000125 999937
1000125 999929
1000123 999929
1000123 999939
1000145 999939
1000145 999951
1000121 999951
1000121 999937
1000107 999937
1000107 999925
1000117 999925
1000117 999911
1000137 999911
1000137 999925
1000147 999925
1000147 999923
1000139 999923
1000139 999903
1000155 999903
1000155 999901
1000139 999901
1000139 999897
1000125 999897
1000125 999855
1000137 999855
1000137 999867
1000147 999867
1000147 999861
1000139 999861
1000139 999851
1000147 999851
1000147 999847
1000153 999847
1000153 999855
1000155 999855
1000155 999851
1000167 999851
1000167 999873
1000175 999873
1000175 999849
1000165 999849
1000165 999825
1000153 999825
1000153 999833
1000157 999833
1000157 999849
1000155 999849
1000155 999839
1000147 999839
1000147 999825
1000137 999825
1000137 999833
1000145 999833
1000145 999849
1000137 999849
1000137 999853
1000119 999853
1000119 999861
1000113 999861
1000113 999889
1000121 999889
1000121 999869
1000119 999869
1000119 999875
1000117 999875
1000117 999867
1000121 999867
1000121 999855
1000123 999855
1000123 999901
1000113 999901
1000113 999903
1000125 999903
1000125 999899
1000137 999899
1000137 999907
1000133 999907
1000133 999901
1000129 999901
1000129 999907
1000097 999907
1000097 999875
1000091 999875
1000091 999867
1000097 999867
1000097 999861
1000091 999861
1000091 999851
1000107 999851
1000107 999847
1000117 999847
1000117 999823
1000123 999823
1000123 999847
1000125 999847
1000125 999823
1000129 999823
1000129 999849
1000121 999849
1000121 999825
1000119 999825
1000119 999849
1000113 999849
1000113 999853
1000093 999853
1000093 999855
1000105 999855
1000105 999869
1000093 999869
1000093 999873
1000105 999873
1000105 999903
1000107 999903
1000107 999899
1000121 999899
1000121 999897
1000107 999897
1000107 999855
1000117 999855
1000117 999851
1000133 999851
1000133 999847
1000139 999847
1000139 999839
1000133 999839
1000133 999823
1000149 999823
1000149 999833
1000151 999833
1000151 999823
1000187 999823
1000187 999839
1000175 999839
1000175 999825
1000167 999825
1000167 999847
1000187 999847
1000187 999923
1000165 999923
1000165 999913
1000157 999913
1000157 999923
1000153 999923
1000153 999925
1000187 999925
1000187 999951
1000167 999951
1000167 999969
1000157 999969
1000157 999973
1000175 999973
1000175 999959
1000187 999959
1000187 999983
1000157 999983
1000157 999991
1000149 999991
1000149 999999
1000155 999999
1000155 999997
1000151 999997
1000151 999995
1000165 999995
1000165 999985
1000187 999985
1000187 1000001
1000167 1000001
1000167 1000003
1000187 1000003
1000187 1000013
1000153 1000013
1000153 1000027
1000147 1000027
1000147 1000005
1000145 1000005
1000145 1000013
1000137 1000013
1000137 1000017
1000145 1000017
1000145 1000029
1000153 1000029
1000153 1000047
1000155 1000047
1000155 1000029
1000175 1000029
1000175 1000027
1000155 1000027
1000155 1000017
1000187 1000017
1000187 1000045
1000167 1000045
1000167 1000047
1000187 1000047
1000187 1000055
1000153 1000055
1000153 1000061
1000167 1000061
1000167 1000071
1000149 1000071
1000149 1000075
1000153 1000075
1000153 1000097
1000145 1000097
1000145 1000099
1000157 1000099
1000157 1000105
1000149 1000105
1000149 1000119
1000153 1000119
1000153 1000125
1000157 1000125
1000157 1000135
1000175 1000135
1000175 1000133
1000165 1000133
1000165 1000121
1000155 1000121
1000155 1000117
1000151 1000117
1000151 1000111
1000175 1000111
1000175 1000081
1000165 1000081
1000165 1000077
1000157 1000077
1000157 1000083
1000167 1000083
1000167 1000105
1000165 1000105
1000165 1000097
1000155 1000097
1000155 1000095
1000165 1000095
1000165 1000087
1000155 1000087
1000155 1000075
1000175 1000075
1000175 1000061
1000187 1000061
1000187 1000077
1000167 1000077
1000167 1000079
1000187 1000079
1000187 1000121
1000175 1000121
1000175 1000117
1000157 1000117
1000157 1000119
1000167 1000119
1000167 1000125
1000187 1000125
1000187 1000149
1000157 1000149
1000157 1000161
1000167 1000161
1000167 1000177
1000157 1000177
1000157 1000179
1000175 1000179
1000175 1000161
1000187 1000161
1000187 1000181
1000155 1000181
1000155 1000175
1000165 1000175
1000165 1000163
1000155 1000163
1000155 1000141
1000153 1000141
1000153 1000149
1000151 1000149
1000151 1000135
1000153 1000135
1000153 1000139
1000167 1000139
1000167 1000141
1000157 1000141
1000157 1000143
1000175 1000143
1000175 1000137
1000155 1000137
1000155 1000133
1000151 1000133
1000151 1000121
1000139 1000121
1000139 1000103
1000145 1000103
1000145 1000119
1000147 1000119
1000147 1000103
1000155 1000103
1000155 1000101
1000139 1000101
1000139 1000097
1000125 1000097
1000125 1000087
1000123 1000087
1000123 1000105
1000121 1000105
1000121 1000083
1000125 1000083
1000125 1000075
1000137 1000075
1000137 1000079
1000139 1000079
1000139 1000071
1000125 1000071
1000125 1000067
1000139 1000067
1000139 1000061
1000147 1000061
1000147 1000055
1000139 1000055
1000139 1000039
1000149 1000039
1000149 1000051
1000147 1000051
1000147 1000045
1000145 1000045
1000145 1000053
1000149 1000053
1000149 1000063
1000145 1000063
1000145 1000083
1000147 1000083
1000147 1000079
1000149 1000079
1000149 1000087
1000133 1000087
1000133 1000083
1000139 1000083
1000139 1000081
1000133 1000081
1000133 1000077
1000129 1000077
1000129 1000095
1000151 1000095
1000151 1000077
1000147 1000077
1000147 1000067
1000165 1000067
1000165 1000063
1000151 1000063
1000151 1000053
1000175 1000053
1000175 1000051
1000165 1000051
1000165 1000039
1000175 1000039
1000175 1000031
1000157 1000031
1000157 1000051
1000151 1000051
1000151 1000031
1000139 1000031
1000139 1000027
1000125 1000027
1000125 1000001
1000123 1000001
1000123 1000005
1000121 1000005
1000121 999999
1000133 999999
1000133 999985
1000145 999985
1000145 1000001
1000139 1000001
1000139 999991
1000137 999991
1000137 1000005
1000133 1000005
1000133 1000001
1000129 1000001
1000129 1000017
1000133 1000017
1000133 1000007
1000139 1000007
1000139 1000003
1000157 1000003
1000157 1000005
1000149 1000005
1000149 1000017
1000151 1000017
1000151 1000007
1000175 1000007
1000175 1000005
1000165 1000005
1000165 999999
1000175 999999
1000175 999991
1000167 999991
1000167 999997
1000157 999997
1000157 1000001
1000147 1000001
1000147 999985
1000155 999985
1000155 999981
1000175 999981
1000175 999977
1000155 999977
1000155 999933
1000167 999933
1000167 999937
1000157 999937
1000157 999959
1000165 999959
1000165 999939
1000175 999939
1000175 999929
1000151 999929
1000151 999913
1000147 999913
1000147 999911
1000153 999911
1000153 999921
1000155 999921
1000155 999911
1000165 999911
1000165 999897
1000151 999897
1000151 999875
1000149 999875
1000149 999897
1000147 999897
1000147 999875
1000133 999875
1000133 999873
1000155 999873
1000155 999869
1000151 999869
1000151 999867
1000157 999867
1000157 999875
1000153 999875
1000153 999889
1000167 999889
1000167 999921
1000175 999921
1000175 999875
1000165 999875
1000165 999853
1000157 999853
1000157 999861
1000151 999861
1000151 999849
1000149 999849
1000149 999853
1000145 999853
1000145 999855
1000149 999855
1000149 999869
1000133 999869
1000133 999861
1000129 999861
1000129 999889
1000145 999889
1000145 999899
1000157 999899
1000157 999907
1000145 999907
1000145 999921
1000149 999921
1000149 999929
1000133 999929
1000133 999923
1000121 999923
1000121 999921
1000133 999921
1000133 999913
1000119 999913
1000119 999929
1000113 999929
1000113 999933
1000121 999933
1000121 999925
1000129 999925
1000129 999933
1000153 999933
1000153 999951
1000149 999951
1000149 999959
1000153 999959
1000153 999983
1000139 999983
1000139 999969
1000137 999969
1000137 999983
1000121 999983
1000121 999981
1000125 999981
1000125 999969
1000123 999969
1000123 999977
1000107 999977
1000107 999969
1000073 999969
1000073 999959
1000087 999959
1000087 999925
1000093 999925
1000093 999929
1000089 999929
1000089 999959
1000113 999959
1000113 999973
1000117 999973
1000117 999951
1000091 999951
1000091 999933
1000097 999933
1000097 999921
1000107 999921
1000107 999913
1000093 999913
1000093 999923
1000073 999923
1000073 999921
1000087 999921
1000087 999913
1000073 999913
1000073 999889
1000075 999889
1000075 999899
1000089 999899
1000089 999903
1000091 999903
1000091 999897
1000087 999897
1000087 999833
1000093 999833
1000093 999847
1000097 999847
1000097 999833
1000107 999833
1000107 999825
1000075 999825
1000075 999875
1000067 999875
1000067 999869
1000063 999869
1000063 999867
1000067 999867
1000067 999861
1000061 999861
1000061 999873
1000065 999873
1000065 999889
1000071 999889
1000071 999923
1000065 999923
1000065 999929
1000063 999929
1000063 999913
1000061 999913
1000061 999929
1000055 999929
1000055 999939
1000059 999939
1000059 999933
1000067 999933
1000067 999925
1000075 999925
1000075 999951
1000065 999951
1000065 999959
1000071 999959
1000071 999973
1000075 999973
1000075 999983
1000071 999983
1000071 999985
1000091 999985
1000091 999983
1000087 999983
1000087 999973
1000105 999973
1000105 999999
1000107 999999
1000107 999981
1000119 999981
1000119 999985
1000129 999985
1000129 999997
1000119 999997
1000119 1000005
1000113 1000005
1000113 1000007
1000123 1000007
1000123 1000027
1000119 1000027
1000119 1000029
1000123 1000029
1000123 1000039
1000125 1000039
1000125 1000029
1000137 1000029
1000137 1000063
1000125 1000063
1000125 1000055
1000121 1000055
1000121 1000051
1000119 1000051
1000119 1000055
1000113 1000055
1000113 1000063
1000093 1000063
1000093 1000071
1000087 1000071
1000087 1000061
1000089 1000061
1000089 1000067
1000091 1000067
1000091 1000055
1000087 1000055
1000087 1000045
1000073 1000045
1000073 1000031
1000071 1000031
1000071 1000045
1000065 1000045
1000065 1000061
1000067 1000061
1000067 1000047
1000075 1000047
1000075 1000071
1000065 1000071
1000065 1000075
1000071 1000075
1000071 1000079
1000073 1000079
1000073 1000075
1000089 1000075
1000089 1000087
1000071 1000087
1000071 1000103
1000073 1000103
1000073 1000095
1000089 1000095
1000089 1000099
1000091 1000099
1000091 1000075
1000097 1000075
1000097 1000067
1000117 1000067
1000117 1000061
1000123 1000061
1000123 1000081
1000117 1000081
1000117 1000077
1000113 1000077
1000113 1000081
1000105 1000081
1000105 1000083
1000119 1000083
1000119 1000101
1000107 1000101
1000107 1000097
1000105 1000097
1000105 1000103
1000119 1000103
1000119 1000111
1000125 1000111
1000125 1000099
1000137 1000099
1000137 1000133
1000125 1000133
1000125 1000121
1000123 1000121
1000123 1000137
1000121 1000137
1000121 1000133
1000113 1000133
1000113 1000135
1000119 1000135
1000119 1000139
1000125 1000139
1000125 1000135
1000137 1000135
1000137 1000139
1000139 1000139
1000139 1000125
1000149 1000125
1000149 1000161
1000153 1000161
1000153 1000181
1000117 1000181
1000117 1000177
1000113 1000177
1000113 1000181
1000073 1000181
1000073 1000177
1000071 1000177
1000071 1000181
1000063 1000181
1000063 1000149
1000059 1000149
1000059 1000141
1000055 1000141
1000055 1000161
1000061 1000161
1000061 1000181
1000039 1000181
1000039 1000175
1000055 1000175
1000055 1000179
1000059 1000179
1000059 1000163
1000039 1000163
1000039 1000137
1000033 1000137
1000033 1000135
1000059 1000135
1000059 1000121
1000055 1000121
1000055 1000133
1000039 1000133
1000039 1000103
1000055 1000103
1000055 1000119
1000065 1000119
1000065 1000141
1000063 1000141
1000063 1000121
1000061 1000121
1000061 1000137
1000055 1000137
1000055 1000139
1000061 1000139
1000061 1000143
1000071 1000143
1000071 1000163
1000067 1000163
1000067 1000149
1000065 1000149
1000065 1000179
1000067 1000179
1000067 1000175
1000075 1000175
1000075 1000179
1000097 1000179
1000097 1000161
1000107 1000161
1000107 1000149
1000093 1000149
1000093 1000177
1000087 1000177
1000087 1000163
1000073 1000163
1000073 1000141
1000067 1000141
1000067 1000117
1000059 1000117
1000059 1000099
1000061 1000099
1000061 1000103
1000063 1000103
1000063 1000087
1000061 1000087
1000061 1000097
1000055 1000097
1000055 1000101
1000037 1000101
1000037 1000133
1000019 1000133
1000019 1000121
1000017 1000121
1000017 1000135
1000031 1000135
1000031 1000139
1000037 1000139
1000037 1000181
1000019 1000181
1000019 1000175
1000023 1000175
1000023 1000163
1000011 1000163
1000011 1000143
1000019 1000143
1000019 1000141
1000007 1000141
1000007 1000175
1000017 1000175
1000017 1000181
999973 1000181
999973 1000179
999997 1000179
999997 1000177
999971 1000177
999971 1000181
999907 1000181
999907 1000163
999899 1000163
999899 1000149
999881 1000149
999881 1000137
999875 1000137
999875 1000133
999849 1000133
999849 1000119
999891 1000119
999891 1000117
999843 1000117
999843 1000095
999863 1000095
999863 1000103
999891 1000103
999891 1000101
999881 1000101
999881 1000095
999899 1000095
999899 1000079
999907 1000079
999907 1000061
999917 1000061
999917 1000055
999907 1000055
999907 1000047
999917 1000047
999917 1000045
999899 1000045
999899 1000029
999929 1000029
999929 1000047
999935 1000047
999935 1000063
999929 1000063
999929 1000067
999941 1000067
999941 1000039
999949 1000039
999949 1000017
999959 1000017
999959 1000029
999973 1000029
999973 1000005
999963 1000005
999963 1000001
999953 1000001
999953 999991
999949 999991
999949 999983
999927 999983
999927 999969
999925 999969
999925 999983
999917 999983
999917 999969
999907 999969
999907 999929
999875 999929
999875 999923
999863 999923
999863 999937
999843 999937
999843 999911
999875 999911
999875 999903
999893 999903
999893 999913
999889 999913
999889 999921
999899 999921
999899 999899
999907 999899
999907 999873
999919 999873
999919 999889
999927 999889
999927 999873
999931 999873
999931 999869
999925 999869
999925 999875
999921 999875
999921 999855
999927 999855
999927 999853
999921 999853
999921 999849
999919 999849
999919 999869
999881 999869
999881 999861
999843 999861
999843 999851
999849 999851
999849 999849
999841 999849
999841 999861
999825 999861
999825 999853
999823 999853
999823 999899
999829 999899
999829 999911
999833 999911
999833 999899
999847 999899
999847 999903
999849 999903
999849 999875
999829 999875
999829 999889
999847 999889
999847 999897
999825 999897
999825 999867
999877 999867
999877 999889
999891 999889
999891 999875
999881 999875
999881 999873
999901 999873
999901 999897
999899 999897
999899 999875
999893 999875
999893 999901
999875 999901
999875 999899
999891 999899
999891 999897
999875 999897
999875 999869
999829 999869
999829 999873
999863 999873
999863 999907
999843 999907
999843 999901
999841 999901
999841 999923
999823 999923
999823 999939
999833 999939
999833 999937
999825 999937
999825 999925
999841 999925
999841 999929
999829 999929
999829 999933
999841 999933
999841 999969
999829 999969
999829 999973
999843 999973
999843 999959
999877 999959
999877 999977
999863 999977
999863 999991
999833 999991
999833 999983
999823 999983
999823 999999
999829 999999
999829 1000027
999823 1000027
999823 1000029
999875 1000029
999875 1000017
999891 1000017
999891 1000005
999881 1000005
999881 999999
999899 999999
999899 999997
999891 999997
999891 999959
999899 999959
999899 999951
999889 999951
999889 999983
999877 999983
999877 999985
999889 999985
999889 999997
999877 999997
999877 1000007
999889 1000007
999889 1000013
999863 1000013
999863 1000027
999833 1000027
999833 1000007
999843 1000007
999843 1000005
999833 1000005
999833 999999
999849 999999
999849 999997
999825 999997
999825 999985
999829 999985
999829 999995
999863 999995
999863 1000005
999849 1000005
999849 1000001
999841 1000001
999841 1000003
999847 1000003
999847 1000013
999841 1000013
999841 1000017
999849 1000017
999849 1000007
999875 1000007
999875 999995
999881 999995
999881 999991
999875 999991
999875 999981
999881 999981
999881 999951
999843 999951
999843 999939
999875 999939
999875 999933
999901 999933
999901 999937
999877 999937
999877 999939
999901 999939
999901 999981
999907 999981
999907 999973
999911 999973
999911 999995
999917 999995
999917 999985
999925 999985
999925 1000001
999911 1000001
999911 1000003
999941 1000003
999941 1000001
999927 1000001
999927 999995
999941 999995
999941 999991
999927 999991
999927 999985
999943 999985
999943 999995
999951 999995
999951 1000003
999959 1000003
999959 1000007
999971 1000007
999971 1000027
999963 1000027
999963 1000013
999943 1000013
999943 1000027
999935 1000027
999935 1000029
999943 1000029
999943 1000031
999935 1000031
999935 1000045
999931 1000045
999931 1000027
999899 1000027
999899 1000003
999901 1000003
999901 1000007
999935 1000007
999935 1000013
999901 1000013
999901 1000017
999941 1000017
999941 1000007
999953 1000007
999953 1000005
999949 1000005
999949 999997
999929 999997
999929 999999
999943 999999
999943 1000005
999907 1000005
999907 999999
999921 999999
999921 999991
999919 999991
999919 999997
999907 999997
999907 999991
999899 999991
999899 999985
999907 999985
999907 999983
999899 999983
999899 999969
999893 999969
999893 999995
999901 999995
999901 1000001
999889 1000001
999889 1000003
999893 1000003
999893 1000031
999889 1000031
999889 1000039
999893 1000039
999893 1000047
999901 1000047
999901 1000063
999891 1000063
999891 1000055
999881 1000055
999881 1000051
999877 1000051
999877 1000071
999863 1000071
999863 1000075
999881 1000075
999881 1000061
999889 1000061
999889 1000067
999901 1000067
999901 1000077
999893 1000077
999893 1000081
999889 1000081
999889 1000083
999893 1000083
999893 1000087
999877 1000087
999877 1000101
999875 1000101
999875 1000087
999843 1000087
999843 1000081
999833 1000081
999833 1000075
999843 1000075
999843 1000071
999833 1000071
999833 1000051
999825 1000051
999825 1000045
999823 1000045
999823 1000053
999829 1000053
999829 1000063
999823 1000063
999823 1000067
999829 1000067
999829 1000083
999841 1000083
999841 1000097
999829 1000097
999829 1000105
999823 1000105
999823 1000111
999833 1000111
999833 1000099
999841 1000099
999841 1000121
999829 1000121
999829 1000125
999843 1000125
999843 1000119
999847 1000119
999847 1000137
999841 1000137
999841 1000139
999847 1000139
999847 1000149
999825 1000149
999825 1000137
999823 1000137
999823 1000161
999829 1000161
999829 1000177
999823 1000177
999823 1000179
999843 1000179
999843 1000163
999841 1000163
999841 1000177
999833 1000177
999833 1000161
999875 1000161
999875 1000141
999863 1000141
999863 1000149
999849 1000149
999849 1000135
999863 1000135
999863 1000139
999877 1000139
999877 1000177
999863 1000177
999863 1000179
999881 1000179
999881 1000175
999891 1000175
999891 1000163
999881 1000163
999881 1000161
999893 1000161
999893 1000179
999899 1000179
999899 1000175
999901 1000175
999901 1000181
999891 1000181
999891 1000177
999889 1000177
999889 1000181
999849 1000181
999849 1000175
999875 1000175
999875 1000163
999847 1000163
999847 1000181
999819 1000181
999819 1000175
999825 1000175
999825 1000163
999819 1000163
999819 1000119
999823 1000119
999823 1000135
999829 1000135
999829 1000143
999843 1000143
999843 1000141
999833 1000141
999833 1000135
999843 1000135
999843 1000133
999825 1000133
999825 1000119
999833 1000119
999833 1000117
999819 1000117
999819 1000075
999823 1000075
999823 1000103
999825 1000103
999825 1000095
999833 1000095
999833 1000087
999825 1000087
999825 1000071
999819 1000071
999819 1000061
999825 1000061
999825 1000055
999819 1000055
999819 1000039
999877 1000039
999877 1000045
999863 1000045
999863 1000055
999847 1000055
999847 1000061
999863 1000061
999863 1000063
999843 1000063
999843 1000047
999847 1000047
999847 1000053
999849 1000053
999849 1000045
999829 1000045
999829 1000047
999841 1000047
999841 1000067
999847 1000067
999847 1000077
999841 1000077
999841 1000079
999877 1000079
999877 1000081
999847 1000081
999847 1000083
999881 1000083
999881 1000079
999891 1000079
999891 1000075
999899 1000075
999899 1000071
999889 1000071
999889 1000077
999849 1000077
999849 1000067
999875 1000067
999875 1000047
999889 1000047
999889 1000053
999893 1000053
999893 1000061
999899 1000061
999899 1000051
999891 1000051
999891 1000045
999881 1000045
999881 1000029
999891 1000029
999891 1000027
999877 1000027
999877 1000031
999819 1000031
999819 1000003
999823 1000003
999823 1000017
999825 1000017
999825 1000001
999819 1000001
999819 999959
999823 999959
999823 999981
999847 999981
999847 999983
999841 999983
999841 999985
999849 999985
999849 999973
999875 999973
999875 999969
999847 999969
999847 999977
999825 999977
999825 999959
999833 999959
999833 999951
999819 999951
999819 999903
999823 999903
999823 999921
999833 999921
999833 999913
999825 999913
999825 999901
999819 999901
999819 999851
999829 999851
999829 999855
999833 999855
999833 999847
999843 999847
999843 999833
999847 999833
999847 999847
999863 999847
999863 999853
999847 999853
999847 999855
999889 999855
999889 999867
999907 999867
999907 999847
999911 999847
999911 999867
999917 999867
999917 999847
999925 999847
999925 999851
999929 999851
999929 999855
999951 999855
999951 999861
999925 999861
999925 999867
999935 999867
999935 999889
999943 999889
999943 999923
999935 999923
999935 999933
999959 999933
999959 999951
999951 999951
999951 999969
999943 999969
999943 999973
999963 999973
999963 999969
999953 999969
999953 999959
999963 999959
999963 999933
999987 999933
999987 999959
999997 999959
999997 999939
1000005 999939
1000005 999937
999993 999937
999993 999951
999989 999951
999989 999929
999981 999929
999981 999921
999997 999921
999997 999913
999981 999913
999981 999907
999979 999907
999979 999913
999971 999913
999971 999921
999979 999921
999979 999929
999941 999929
999941 999925
999949 999925
999949 999921
999953 999921
999953 999913
999949 999913
999949 999899
999951 999899
999951 999911
999959 999911
999959 999923
999951 999923
999951 999925
999973 999925
999973 999923
999963 999923
999963 999911
999973 999911
999973 999903
1000003 999903
1000003 999907
999987 999907
999987 999911
1000003 999911
1000003 999925
1000017 999925
1000017 999929
999997 999929
999997 999923
999987 999923
999987 999925
999993 999925
999993 999933
1000007 999933
1000007 999969
1000005 999969
1000005 999951
1000003 999951
1000003 999977
999993 999977
999993 999981
1000003 999981
1000003 999983
999979 999983
999979 999991
999971 999991
999971 999997
999963 999997
999963 999983
999953 999983
999953 999981
999971 999981
999971 999985
999973 999985
999973 999939
999979 999939
999979 999973
999987 999973
999987 999977
999979 999977
999979 999981
999989 999981
999989 999973
999997 999973
999997 999969
999981 999969
999981 999937
999971 999937
999971 999977
999931 999977
999931 999951
999921 999951
999921 999923
999919 999923
999919 999951
999917 999951
999917 999911
999921 999911
999921 999901
999919 999901
999919 999907
999911 999907
999911 999923
999907 999923
999907 999903
999917 999903
999917 999899
999929 999899
999929 999903
999931 999903
999931 999899
999935 999899
999935 999913
999929 999913
999929 999937
999927 999937
999927 999911
999931 999911
999931 999907
999927 999907
999927 999901
999925 999901
999925 999913
999919 999913
999919 999921
999925 999921
999925 999939
999943 999939
999943 999951
999935 999951
999935 999973
999941 999973
999941 999959
999949 999959
999949 999939
999953 999939
999953 999937
999931 999937
999931 999921
999941 999921
999941 999897
999931 999897
999931 999875
999929 999875
999929 999897
999917 999897
999917 999875
999911 999875
999911 999901
999901 999901
999901 999923
999881 999923
999881 999911
999891 999911
999891 999907
999877 999907
999877 999913
999847 999913
999847 999933
999849 999933
999849 999921
999877 999921
999877 999925
999911 999925
999911 999959
999919 999959
999919 999981
999921 999981
999921 999959
999929 999959
999929 999981
999951 999981
999951 999985
999959 999985
999959 999999
999971 999999
999971 1000003
999987 1000003
999987 1000029
999989 1000029
999989 1000007
999993 1000007
999993 1000031
999987 1000031
999987 1000045
999953 1000045
999953 1000039
999981 1000039
999981 1000005
999979 1000005
999979 1000031
999953 1000031
999953 1000027
999951 1000027
999951 1000045
999943 1000045
999943 1000071
999919 1000071
999919 1000079
999921 1000079
999921 1000075
999925 1000075
999925 1000081
999917 1000081
999917 1000067
999921 1000067
999921 1000039
999925 1000039
999925 1000053
999929 1000053
999929 1000055
999925 1000055
999925 1000067
999927 1000067
999927 1000061
999931 1000061
999931 1000051
999927 1000051
999927 1000031
999901 1000031
999901 1000039
999919 1000039
999919 1000051
999911 1000051
999911 1000053
999919 1000053
999919 1000063
999911 1000063
999911 1000081
999901 1000081
999901 1000097
999889 1000097
999889 1000099
999893 1000099
999893 1000105
999849 1000105
999849 1000097
999847 1000097
999847 1000111
999893 1000111
999893 1000125
999901 1000125
999901 1000135
999917 1000135
999917 1000133
999907 1000133
999907 1000121
999899 1000121
999899 1000119
999921 1000119
999921 1000117
999917 1000117
999917 1000111
999921 1000111
999921 1000103
999929 1000103
999929 1000111
999935 1000111
999935 1000121
999929 1000121
999929 1000125
999949 1000125
999949 1000119
999979 1000119
999979 1000125
999989 1000125
999989 1000121
999981 1000121
999981 1000117
999963 1000117
999963 1000103
999973 1000103
999973 1000101
999951 1000101
999951 1000103
999959 1000103
999959 1000117
999943 1000117
999943 1000121
999941 1000121
999941 1000101
999935 1000101
999935 1000105
999931 1000105
999931 1000101
999921 1000101
999921 1000099
999943 1000099
999943 1000111
999953 1000111
999953 1000105
999949 1000105
999949 1000095
999951 1000095
999951 1000099
999987 1000099
999987 1000103
999993 1000103
999993 1000117
999989 1000117
999989 1000105
999981 1000105
999981 1000101
999979 1000101
999979 1000105
999971 1000105
999971 1000111
999987 1000111
999987 1000119
999993 1000119
999993 1000133
999971 1000133
999971 1000137
999951 1000137
999951 1000141
999927 1000141
999927 1000137
999925 1000137
999925 1000163
999919 1000163
999919 1000175
999927 1000175
999927 1000143
999963 1000143
999963 1000141
999953 1000141
999953 1000139
999971 1000139
999971 1000149
999935 1000149
999935 1000163
999931 1000163
999931 1000149
999929 1000149
999929 1000177
999917 1000177
999917 1000149
999907 1000149
999907 1000141
999891 1000141
999891 1000135
999893 1000135
999893 1000139
999919 1000139
999919 1000141
999911 1000141
999911 1000143
999919 1000143
999919 1000161
999921 1000161
999921 1000125
999925 1000125
999925 1000135
999943 1000135
999943 1000137
999929 1000137
999929 1000139
999949 1000139
999949 1000135
999953 1000135
999953 1000125
999959 1000125
999959 1000135
999963 1000135
999963 1000125
999973 1000125
999973 1000121
999951 1000121
999951 1000133
999927 1000133
999927 1000119
999931 1000119
999931 1000117
999927 1000117
999927 1000105
999925 1000105
999925 1000121
999911 1000121
999911 1000125
999919 1000125
999919 1000137
999899 1000137
999899 1000133
999881 1000133
999881 1000125
999891 1000125
999891 1000121
999863 1000121
999863 1000125
999877 1000125
999877 1000135
999889 1000135
999889 1000143
999901 1000143
999901 1000161
999911 1000161
999911 1000179
999931 1000179
999931 1000175
999941 1000175
999941 1000161
999951 1000161
999951 1000175
999953 1000175
999953 1000161
999981 1000161
999981 1000149
999973 1000149
999973 1000135
999997 1000135
999997 1000125
1000005 1000125
1000005 1000121
999997 1000121
999997 1000101
999989 1000101
999989 1000097
999953 1000097
999953 1000087
999943 1000087
999943 1000097
999919 1000097
999919 1000105
999911 1000105
999911 1000117
999899 1000117
999899 1000099
999907 1000099
999907 1000083
999931 1000083
999931 1000081
999927 1000081
999927 1000075
999951 1000075
999951 1000079
999953 1000079
999953 1000075
999963 1000075
999963 1000067
999971 1000067
999971 1000075
999979 1000075
999979 1000079
999997 1000079
999997 1000075
1000003 1000075
1000003 1000081
999973 1000081
999973 1000077
999971 1000077
999971 1000083
1000003 1000083
1000003 1000095
1000019 1000095
1000019 1000087
1000005 1000087
1000005 1000075
1000011 1000075
1000011 1000071
999997 1000071
999997 1000063
999993 1000063
999993 1000077
999981 1000077
999981 1000071
999973 1000071
999973 1000055
999971 1000055
999971 1000063
999959 1000063
999959 1000071
999949 1000071
999949 1000047
999987 1000047
999987 1000053
999989 1000053
999989 1000039
999997 1000039
999997 1000007
1000005 1000007
1000005 1000005
999989 1000005
999989 1000001
999973 1000001
999973 999995
999981 999995
999981 999985
1000005 999985
1000005 999973
1000023 999973
1000023 999959
1000031 999959
1000031 999973
1000055 999973
1000055 999977
1000017 999977
1000017 999981
1000037 999981
1000037 999991
1000031 999991
1000031 999995
1000039 999995
1000039 999981
1000059 999981
1000059 999969
1000033 999969
1000033 999937
1000031 999937
1000031 999951
1000021 999951
1000021 999969
1000011 999969
1000011 999933
1000019 999933
1000019 999923
1000005 999923
1000005 999911
1000019 999911
1000019 999899
1000023 999899
1000023 999875
1000021 999875
1000021 999897
1000019 999897
1000019 999867
1000023 999867
1000023 999855
1000033 999855
1000033 999851
1000037 999851
1000037 999901
1000033 999901
1000033 999861
1000031 999861
1000031 999869
1000021 999869
1000021 999873
1000031 999873
1000031 999901
1000021 999901
1000021 999903
1000031 999903
1000031 999921
1000039 999921
1000039 999913
1000033 999913
1000033 999903
1000059 999903
1000059 999901
1000039 999901
1000039 999851
1000063 999851
1000063 999849
1000059 999849
1000059 999839
1000055 999839
1000055 999849
1000033 999849
1000033 999839
1000023 999839
1000023 999833
1000033 999833
1000033 999825
1000021 999825
1000021 999839
1000017 999839
1000017 999847
1000031 999847
1000031 999853
1000021 999853
1000021 999861
1000011 999861
1000011 999853
1000007 999853
1000007 999861
1000003 999861
1000003 999873
1000005 999873
1000005 999867
1000017 999867
1000017 999907
1000005 999907
1000005 999897
1000003 999897
1000003 999901
999971 999901
999971 999907
999953 999907
999953 999897
999949 999897
999949 999875
999941 999875
999941 999867
999959 999867
999959 999873
999971 999873
999971 999889
999973 999889
999973 999873
999987 999873
999987 999889
999989 999889
999989 999869
999981 999869
999981 999861
999979 999861
999979 999869
999963 999869
999963 999861
999953 999861
999953 999853
999931 999853
999931 999849
999927 999849
999927 999839
999907 999839
999907 999825
999893 999825
999893 999833
999901 999833
999901 999861
999891 999861
999891 999853
999875 999853
999875 999847
999881 999847
999881 999839
999849 999839
999849 999825
999841 999825
999841 999839
999829 999839
999829 999849
999819 999849
