36
1000003 1000003
1000053 1000003
1000053 1000037
1000003 1000037
1000003 1000007
1000049 1000007
1000049 1000033
1000007 1000033
1000007 1000011
1000045 1000011
1000045 1000029
1000011 1000029
1000011 1000015
1000041 1000015
1000041 1000025
1000015 1000025
1000015 1000019
1000037 1000019
1000037 1000021
1000017 1000021
1000017 1000023
1000039 1000023
1000039 1000017
1000013 1000017
1000013 1000027
1000043 1000027
1000043 1000013
1000009 1000013
1000009 1000031
1000047 1000031
1000047 1000009
1000005 1000009
1000005 1000035
1000051 1000035
1000051 1000005
1000003 1000005
