32
1000111 1000109
1006131 1000109
1006131 1002037
1000111 1002037
1000111 1000233
1006057 1000233
1006057 1001867
1000337 1001867
1000337 1000355
1005857 1000355
1005857 1001437
1000409 1001437
1000409 1000593
1005689 1000593
1005689 1000959
1000647 1000959
1000647 1000849
1005387 1000849
1005387 1000775
1000411 1000775
1000411 1001423
1005691 1001423
1005691 1000513
1000381 1000513
1000381 1001531
1005937 1001531
1005937 1000259
1000209 1000259
1000209 1001999
1006087 1001999
1006087 1000119
1000111 1000119
