500
1000003 1000003
1004001 1000003
1004001 1000501
1000003 1000501
1000003 1000007
1003997 1000007
1003997 1000497
1000007 1000497
1000007 1000011
1003993 1000011
1003993 1000493
1000011 1000493
1000011 1000015
1003989 1000015
1003989 1000489
1000015 1000489
1000015 1000019
1003985 1000019
1003985 1000485
1000019 1000485
1000019 1000023
1003981 1000023
1003981 1000481
1000023 1000481
1000023 1000027
1003977 1000027
1003977 1000477
1000027 1000477
1000027 1000031
1003973 1000031
1003973 1000473
1000031 1000473
1000031 1000035
1003969 1000035
1003969 1000469
1000035 1000469
1000035 1000039
1003965 1000039
1003965 1000465
1000039 1000465
1000039 1000043
1003961 1000043
1003961 1000461
1000043 1000461
1000043 1000047
1003957 1000047
1003957 1000457
1000047 1000457
1000047 1000051
1003953 1000051
1003953 1000453
1000051 1000453
1000051 1000055
1003949 1000055
1003949 1000449
1000055 1000449
1000055 1000059
1003945 1000059
1003945 1000445
1000059 1000445
1000059 1000063
1003941 1000063
1003941 1000441
1000063 1000441
1000063 1000067
1003937 1000067
1003937 1000437
1000067 1000437
1000067 1000071
1003933 1000071
1003933 1000433
1000071 1000433
1000071 1000075
1003929 1000075
1003929 1000429
1000075 1000429
1000075 1000079
1003925 1000079
1003925 1000425
1000079 1000425
1000079 1000083
1003921 1000083
1003921 1000421
1000083 1000421
1000083 1000087
1003917 1000087
1003917 1000417
1000087 1000417
1000087 1000091
1003913 1000091
1003913 1000413
1000091 1000413
1000091 1000095
1003909 1000095
1003909 1000409
1000095 1000409
1000095 1000099
1003905 1000099
1003905 1000405
1000099 1000405
1000099 1000103
1003901 1000103
1003901 1000401
1000103 1000401
1000103 1000107
1003897 1000107
1003897 1000397
1000107 1000397
1000107 1000111
1003893 1000111
1003893 1000393
1000111 1000393
1000111 1000115
1003889 1000115
1003889 1000389
1000115 1000389
1000115 1000119
1003885 1000119
1003885 1000385
1000119 1000385
1000119 1000123
1003881 1000123
1003881 1000381
1000123 1000381
1000123 1000127
1003877 1000127
1003877 1000377
1000127 1000377
1000127 1000131
1003873 1000131
1003873 1000373
1000131 1000373
1000131 1000135
1003869 1000135
1003869 1000369
1000135 1000369
1000135 1000139
1003865 1000139
1003865 1000365
1000139 1000365
1000139 1000143
1003861 1000143
1003861 1000361
1000143 1000361
1000143 1000147
1003857 1000147
1003857 1000357
1000147 1000357
1000147 1000151
1003853 1000151
1003853 1000353
1000151 1000353
1000151 1000155
1003849 1000155
1003849 1000349
1000155 1000349
1000155 1000159
1003845 1000159
1003845 1000345
1000159 1000345
1000159 1000163
1003841 1000163
1003841 1000341
1000163 1000341
1000163 1000167
1003837 1000167
1003837 1000337
1000167 1000337
1000167 1000171
1003833 1000171
1003833 1000333
1000171 1000333
1000171 1000175
1003829 1000175
1003829 1000329
1000175 1000329
1000175 1000179
1003825 1000179
1003825 1000325
1000179 1000325
1000179 1000183
1003821 1000183
1003821 1000321
1000183 1000321
1000183 1000187
1003817 1000187
1003817 1000317
1000187 1000317
1000187 1000191
1003813 1000191
1003813 1000313
1000191 1000313
1000191 1000195
1003809 1000195
1003809 1000309
1000195 1000309
1000195 1000199
1003805 1000199
1003805 1000305
1000199 1000305
1000199 1000203
1003801 1000203
1003801 1000301
1000203 1000301
1000203 1000207
1003797 1000207
1003797 1000297
1000207 1000297
1000207 1000211
1003793 1000211
1003793 1000293
1000211 1000293
1000211 1000215
1003789 1000215
1003789 1000289
1000215 1000289
1000215 1000219
1003785 1000219
1003785 1000285
1000219 1000285
1000219 1000223
1003781 1000223
1003781 1000281
1000223 1000281
1000223 1000227
1003777 1000227
1003777 1000277
1000227 1000277
1000227 1000231
1003773 1000231
1003773 1000273
1000231 1000273
1000231 1000235
1003769 1000235
1003769 1000269
1000235 1000269
1000235 1000239
1003765 1000239
1003765 1000265
1000239 1000265
1000239 1000243
1003761 1000243
1003761 1000261
1000243 1000261
1000243 1000247
1003757 1000247
1003757 1000257
1000247 1000257
1000247 1000251
1003753 1000251
1003753 1000253
1000249 1000253
1000249 1000255
1003755 1000255
1003755 1000249
1000245 1000249
1000245 1000259
1003759 1000259
1003759 1000245
1000241 1000245
1000241 1000263
1003763 1000263
1003763 1000241
1000237 1000241
1000237 1000267
1003767 1000267
1003767 1000237
1000233 1000237
1000233 1000271
1003771 1000271
1003771 1000233
1000229 1000233
1000229 1000275
1003775 1000275
1003775 1000229
1000225 1000229
1000225 1000279
1003779 1000279
1003779 1000225
1000221 1000225
1000221 1000283
1003783 1000283
1003783 1000221
1000217 1000221
1000217 1000287
1003787 1000287
1003787 1000217
1000213 1000217
1000213 1000291
1003791 1000291
1003791 1000213
1000209 1000213
1000209 1000295
1003795 1000295
1003795 1000209
1000205 1000209
1000205 1000299
1003799 1000299
1003799 1000205
1000201 1000205
1000201 1000303
1003803 1000303
1003803 1000201
1000197 1000201
1000197 1000307
1003807 1000307
1003807 1000197
1000193 1000197
1000193 1000311
1003811 1000311
1003811 1000193
1000189 1000193
1000189 1000315
1003815 1000315
1003815 1000189
1000185 1000189
1000185 1000319
1003819 1000319
1003819 1000185
1000181 1000185
1000181 1000323
1003823 1000323
1003823 1000181
1000177 1000181
1000177 1000327
1003827 1000327
1003827 1000177
1000173 1000177
1000173 1000331
1003831 1000331
1003831 1000173
1000169 1000173
1000169 1000335
1003835 1000335
1003835 1000169
1000165 1000169
1000165 1000339
1003839 1000339
1003839 1000165
1000161 1000165
1000161 1000343
1003843 1000343
1003843 1000161
1000157 1000161
1000157 1000347
1003847 1000347
1003847 1000157
1000153 1000157
1000153 1000351
1003851 1000351
1003851 1000153
1000149 1000153
1000149 1000355
1003855 1000355
1003855 1000149
1000145 1000149
1000145 1000359
1003859 1000359
1003859 1000145
1000141 1000145
1000141 1000363
1003863 1000363
1003863 1000141
1000137 1000141
1000137 1000367
1003867 1000367
1003867 1000137
1000133 1000137
1000133 1000371
1003871 1000371
1003871 1000133
1000129 1000133
1000129 1000375
1003875 1000375
1003875 1000129
1000125 1000129
1000125 1000379
1003879 1000379
1003879 1000125
1000121 1000125
1000121 1000383
1003883 1000383
1003883 1000121
1000117 1000121
1000117 1000387
1003887 1000387
1003887 1000117
1000113 1000117
1000113 1000391
1003891 1000391
1003891 1000113
1000109 1000113
1000109 1000395
1003895 1000395
1003895 1000109
1000105 1000109
1000105 1000399
1003899 1000399
1003899 1000105
1000101 1000105
1000101 1000403
1003903 1000403
1003903 1000101
1000097 1000101
1000097 1000407
1003907 1000407
1003907 1000097
1000093 1000097
1000093 1000411
1003911 1000411
1003911 1000093
1000089 1000093
1000089 1000415
1003915 1000415
1003915 1000089
1000085 1000089
1000085 1000419
1003919 1000419
1003919 1000085
1000081 1000085
1000081 1000423
1003923 1000423
1003923 1000081
1000077 1000081
1000077 1000427
1003927 1000427
1003927 1000077
1000073 1000077
1000073 1000431
1003931 1000431
1003931 1000073
1000069 1000073
1000069 1000435
1003935 1000435
1003935 1000069
1000065 1000069
1000065 1000439
1003939 1000439
1003939 1000065
1000061 1000065
1000061 1000443
1003943 1000443
1003943 1000061
1000057 1000061
1000057 1000447
1003947 1000447
1003947 1000057
1000053 1000057
1000053 1000451
1003951 1000451
1003951 1000053
1000049 1000053
1000049 1000455
1003955 1000455
1003955 1000049
1000045 1000049
1000045 1000459
1003959 1000459
1003959 1000045
1000041 1000045
1000041 1000463
1003963 1000463
1003963 1000041
1000037 1000041
1000037 1000467
1003967 1000467
1003967 1000037
1000033 1000037
1000033 1000471
1003971 1000471
1003971 1000033
1000029 1000033
1000029 1000475
1003975 1000475
1003975 1000029
1000025 1000029
1000025 1000479
1003979 1000479
1003979 1000025
1000021 1000025
1000021 1000483
1003983 1000483
1003983 1000021
1000017 1000021
1000017 1000487
1003987 1000487
1003987 1000017
1000013 1000017
1000013 1000491
1003991 1000491
1003991 1000013
1000009 1000013
1000009 1000495
1003995 1000495
1003995 1000009
1000005 1000009
1000005 1000499
1003999 1000499
1003999 1000005
1000003 1000005
