858
1000007 1000003
1001711 1000003
1001711 1002065
1000007 1002065
1000007 1000013
1001707 1000013
1001707 1002061
1000013 1002061
1000013 1000019
1001699 1000019
1001699 1002053
1000019 1002053
1000019 1000023
1001695 1000023
1001695 1002049
1000023 1002049
1000023 1000033
1001687 1000033
1001687 1002041
1000029 1002041
1000029 1000039
1001679 1000039
1001679 1002029
1000035 1002029
1000035 1000045
1001667 1000045
1001667 1002023
1000041 1002023
1000041 1000049
1001659 1000049
1001659 1002015
1000045 1002015
1000045 1000059
1001651 1000059
1001651 1002011
1000055 1002011
1000055 1000067
1001643 1000067
1001643 1002003
1000059 1002003
1000059 1000079
1001631 1000079
1001631 1001997
1000063 1001997
1000063 1000087
1001627 1000087
1001627 1001987
1000067 1001987
1000067 1000099
1001623 1000099
1001623 1001979
1000073 1001979
1000073 1000107
1001611 1000107
1001611 1001975
1000079 1001975
1000079 1000113
1001603 1000113
1001603 1001969
1000087 1001969
1000087 1000121
1001595 1000121
1001595 1001961
1000093 1001961
1000093 1000127
1001589 1000127
1001589 1001955
1000101 1001955
1000101 1000139
1001581 1000139
1001581 1001949
1000105 1001949
1000105 1000143
1001573 1000143
1001573 1001945
1000117 1001945
1000117 1000147
1001567 1000147
1001567 1001941
1000121 1001941
1000121 1000155
1001553 1000155
1001553 1001933
1000129 1001933
1000129 1000161
1001547 1000161
1001547 1001917
1000135 1001917
1000135 1000169
1001539 1000169
1001539 1001913
1000143 1001913
1000143 1000183
1001527 1000183
1001527 1001901
1000151 1001901
1000151 1000191
1001513 1000191
1001513 1001895
1000161 1001895
1000161 1000199
1001503 1000199
1001503 1001889
1000175 1001889
1000175 1000215
1001493 1000215
1001493 1001881
1000179 1001881
1000179 1000221
1001489 1000221
1001489 1001865
1000193 1001865
1000193 1000225
1001477 1000225
1001477 1001861
1000197 1001861
1000197 1000231
1001473 1000231
1001473 1001845
1000201 1001845
1000201 1000239
1001459 1000239
1001459 1001839
1000205 1001839
1000205 1000245
1001451 1000245
1001451 1001829
1000209 1001829
1000209 1000253
1001437 1000253
1001437 1001819
1000219 1001819
1000219 1000263
1001427 1000263
1001427 1001813
1000231 1001813
1000231 1000267
1001423 1000267
1001423 1001803
1000237 1001803
1000237 1000271
1001411 1000271
1001411 1001797
1000249 1001797
1000249 1000279
1001407 1000279
1001407 1001793
1000261 1001793
1000261 1000285
1001403 1000285
1001403 1001779
1000269 1001779
1000269 1000295
1001399 1000295
1001399 1001769
1000277 1001769
1000277 1000299
1001391 1000299
1001391 1001765
1000287 1001765
1000287 1000311
1001381 1000311
1001381 1001759
1000297 1001759
1000297 1000325
1001367 1000325
1001367 1001755
1000307 1001755
1000307 1000331
1001361 1000331
1001361 1001741
1000311 1001741
1000311 1000335
1001349 1000335
1001349 1001731
1000323 1001731
1000323 1000345
1001345 1000345
1001345 1001723
1000329 1001723
1000329 1000353
1001337 1000353
1001337 1001707
1000339 1001707
1000339 1000357
1001333 1000357
1001333 1001703
1000355 1001703
1000355 1000369
1001327 1000369
1001327 1001699
1000367 1001699
1000367 1000373
1001319 1000373
1001319 1001691
1000373 1001691
1000373 1000377
1001303 1000377
1001303 1001687
1000377 1001687
1000377 1000387
1001281 1000387
1001281 1001681
1000381 1001681
1000381 1000395
1001255 1000395
1001255 1001677
1000389 1001677
1000389 1000403
1001239 1000403
1001239 1001671
1000403 1001671
1000403 1000407
1001227 1000407
1001227 1001661
1000409 1001661
1000409 1000413
1001223 1000413
1001223 1001657
1000415 1001657
1000415 1000423
1001219 1000423
1001219 1001649
1000419 1001649
1000419 1000429
1001215 1000429
1001215 1001645
1000427 1001645
1000427 1000433
1001209 1000433
1001209 1001635
1000431 1001635
1000431 1000439
1001205 1000439
1001205 1001629
1000435 1001629
1000435 1000445
1001199 1000445
1001199 1001621
1000445 1001621
1000445 1000457
1001191 1000457
1001191 1001609
1000461 1001609
1000461 1000469
1001187 1000469
1001187 1001597
1000467 1001597
1000467 1000477
1001183 1000477
1001183 1001589
1000481 1001589
1000481 1000485
1001167 1000485
1001167 1001573
1000485 1001573
1000485 1000493
1001159 1000493
1001159 1001567
1000493 1001567
1000493 1000499
1001153 1000499
1001153 1001563
1000513 1001563
1000513 1000503
1001147 1000503
1001147 1001555
1000517 1001555
1000517 1000509
1001141 1000509
1001141 1001543
1000521 1001543
1000521 1000517
1001137 1000517
1001137 1001539
1000529 1001539
1000529 1000525
1001131 1000525
1001131 1001533
1000533 1001533
1000533 1000535
1001121 1000535
1001121 1001527
1000539 1001527
1000539 1000553
1001115 1000553
1001115 1001519
1000549 1001519
1000549 1000557
1001109 1000557
1001109 1001513
1000553 1001513
1000553 1000567
1001103 1000567
1001103 1001493
1000563 1001493
1000563 1000571
1001097 1000571
1001097 1001487
1000567 1001487
1000567 1000581
1001059 1000581
1001059 1001479
1000575 1001479
1000575 1000589
1001049 1000589
1001049 1001467
1000585 1001467
1000585 1000599
1001045 1000599
1001045 1001461
1000589 1001461
1000589 1000607
1001039 1000607
1001039 1001455
1000595 1001455
1000595 1000615
1001025 1000615
1001025 1001443
1000603 1001443
1000603 1000621
1001017 1000621
1001017 1001439
1000609 1001439
1000609 1000625
1001009 1000625
1001009 1001423
1000615 1001423
1000615 1000639
1001003 1000639
1001003 1001415
1000621 1001415
1000621 1000643
1000997 1000643
1000997 1001409
1000625 1001409
1000625 1000649
1000993 1000649
1000993 1001389
1000633 1001389
1000633 1000665
1000987 1000665
1000987 1001375
1000643 1001375
1000643 1000677
1000973 1000677
1000973 1001365
1000657 1001365
1000657 1000681
1000967 1000681
1000967 1001359
1000661 1001359
1000661 1000689
1000953 1000689
1000953 1001343
1000673 1001343
1000673 1000695
1000945 1000695
1000945 1001337
1000685 1001337
1000685 1000699
1000937 1000699
1000937 1001331
1000689 1001331
1000689 1000709
1000933 1000709
1000933 1001323
1000695 1001323
1000695 1000717
1000925 1000717
1000925 1001317
1000701 1001317
1000701 1000723
1000917 1000723
1000917 1001307
1000711 1001307
1000711 1000731
1000913 1000731
1000913 1001299
1000717 1001299
1000717 1000739
1000907 1000739
1000907 1001295
1000725 1001295
1000725 1000749
1000901 1000749
1000901 1001291
1000731 1001291
1000731 1000753
1000881 1000753
1000881 1001285
1000737 1001285
1000737 1000763
1000859 1000763
1000859 1001279
1000745 1001279
1000745 1000771
1000855 1000771
1000855 1001269
1000753 1001269
1000753 1000781
1000837 1000781
1000837 1001251
1000761 1001251
1000761 1000799
1000831 1000799
1000831 1001245
1000767 1001245
1000767 1000811
1000827 1000811
1000827 1001235
1000773 1001235
1000773 1000823
1000821 1000823
1000821 1001229
1000777 1001229
1000777 1000829
1000817 1000829
1000817 1001225
1000781 1001225
1000781 1000837
1000813 1000837
1000813 1001219
1000785 1001219
1000785 1000841
1000807 1000841
1000807 1001209
1000793 1001209
1000793 1000847
1000801 1000847
1000801 1001207
1000803 1001207
1000803 1000843
1000791 1000843
1000791 1001213
1000811 1001213
1000811 1000839
1000783 1000839
1000783 1001221
1000815 1001221
1000815 1000831
1000779 1000831
1000779 1001227
1000819 1001227
1000819 1000827
1000775 1000827
1000775 1001231
1000825 1001231
1000825 1000815
1000769 1000815
1000769 1001243
1000829 1001243
1000829 1000807
1000765 1000807
1000765 1001249
1000835 1001249
1000835 1000785
1000755 1000785
1000755 1001265
1000849 1001265
1000849 1000775
1000749 1000775
1000749 1001271
1000857 1001271
1000857 1000769
1000741 1000769
1000741 1001281
1000863 1001281
1000863 1000761
1000733 1000761
1000733 1001287
1000897 1001287
1000897 1000751
1000727 1000751
1000727 1001293
1000903 1001293
1000903 1000743
1000719 1000743
1000719 1001297
1000909 1001297
1000909 1000733
1000713 1000733
1000713 1001303
1000915 1001303
1000915 1000729
1000703 1000729
1000703 1001309
1000921 1001309
1000921 1000721
1000697 1000721
1000697 1001319
1000931 1001319
1000931 1000715
1000691 1000715
1000691 1001325
1000935 1001325
1000935 1000705
1000687 1000705
1000687 1001335
1000943 1001335
1000943 1000697
1000681 1000697
1000681 1001339
1000947 1001339
1000947 1000691
1000669 1000691
1000669 1001357
1000955 1001357
1000955 1000685
1000659 1000685
1000659 1001361
1000971 1001361
1000971 1000679
1000651 1000679
1000651 1001369
1000977 1001369
1000977 1000667
1000641 1000667
1000641 1001383
1000989 1001383
1000989 1000655
1000631 1000655
1000631 1001405
1000995 1001405
1000995 1000647
1000623 1000647
1000623 1001411
1001001 1001411
1001001 1000641
1000619 1000641
1000619 1001419
1001007 1001419
1001007 1000635
1000611 1000635
1000611 1001429
1001013 1001429
1001013 1000623
1000605 1000623
1000605 1001441
1001021 1001441
1001021 1000617
1000597 1000617
1000597 1001449
1001029 1001449
1001029 1000613
1000593 1000613
1000593 1001457
1001043 1001457
1001043 1000601
1000587 1000601
1000587 1001465
1001047 1001465
1001047 1000591
1000577 1000591
1000577 1001469
1001051 1001469
1001051 1000585
1000573 1000585
1000573 1001483
1001061 1001483
1001061 1000575
1000565 1000575
1000565 1001491
1001101 1001491
1001101 1000569
1000557 1000569
1000557 1001499
1001105 1001499
1001105 1000559
1000551 1000559
1000551 1001515
1001113 1001515
1001113 1000555
1000545 1000555
1000545 1001521
1001117 1001521
1001117 1000549
1000537 1000549
1000537 1001531
1001129 1001531
1001129 1000529
1000531 1000529
1000531 1001537
1001133 1001537
1001133 1000521
1000525 1000521
1000525 1001541
1001139 1001541
1001139 1000515
1000519 1000515
1000519 1001549
1001143 1001549
1001143 1000505
1000515 1000505
1000515 1001559
1001149 1001559
1001149 1000501
1000507 1000501
1000507 1001565
1001157 1001565
1001157 1000497
1000489 1000497
1000489 1001571
1001165 1001571
1001165 1000489
1000483 1000489
1000483 1001585
1001177 1001585
1001177 1000483
1000479 1000483
1000479 1001591
1001185 1001591
1001185 1000475
1000465 1000475
1000465 1001605
1001189 1001605
1001189 1000467
1000455 1000467
1000455 1001613
1001195 1001613
1001195 1000447
1000439 1000447
1000439 1001623
1001201 1001623
1001201 1000443
1000433 1000443
1000433 1001633
1001207 1001633
1001207 1000435
1000429 1000435
1000429 1001637
1001211 1001637
1001211 1000431
1000423 1000431
1000423 1001647
1001217 1001647
1001217 1000425
1000417 1000425
1000417 1001653
1001221 1001653
1001221 1000419
1000411 1000419
1000411 1001659
1001225 1001659
1001225 1000411
1000407 1000411
1000407 1001665
1001229 1001665
1001229 1000405
1000393 1000405
1000393 1001673
1001241 1001673
1001241 1000399
1000387 1000399
1000387 1001679
1001261 1001679
1001261 1000393
1000379 1000393
1000379 1001685
1001287 1001685
1001287 1000385
1000375 1000385
1000375 1001689
1001309 1001689
1001309 1000375
1000371 1000375
1000371 1001693
1001321 1001693
1001321 1000371
1000357 1000371
1000357 1001701
1001331 1001701
1001331 1000367
1000347 1000367
1000347 1001705
1001335 1001705
1001335 1000355
1000331 1000355
1000331 1001717
1001341 1001717
1001341 1000349
1000325 1000349
1000325 1001725
1001347 1001725
1001347 1000339
1000313 1000339
1000313 1001737
1001357 1001737
1001357 1000333
1000309 1000333
1000309 1001745
1001365 1001745
1001365 1000327
1000303 1000327
1000303 1001757
1001377 1001757
1001377 1000317
1000295 1000317
1000295 1001763
1001389 1001763
1001389 1000303
1000281 1000303
1000281 1001767
1001395 1001767
1001395 1000297
1000271 1000297
1000271 1001777
1001401 1001777
1001401 1000289
1000267 1000289
1000267 1001783
1001405 1001783
1001405 1000281
1000259 1000281
1000259 1001795
1001409 1001795
1001409 1000275
1000241 1000275
1000241 1001801
1001413 1001801
1001413 1000269
1000235 1000269
1000235 1001809
1001425 1001809
1001425 1000265
1000227 1000265
1000227 1001817
1001433 1001817
1001433 1000257
1000211 1000257
1000211 1001821
1001449 1001821
1001449 1000249
1000207 1000249
1000207 1001835
1001453 1001835
1001453 1000241
1000203 1000241
1000203 1001841
1001471 1001841
1001471 1000237
1000199 1000237
1000199 1001859
1001475 1001859
1001475 1000229
1000195 1000229
1000195 1001863
1001479 1001863
1001479 1000223
1000185 1000223
1000185 1001871
1001491 1001871
1001491 1000219
1000177 1000219
1000177 1001883
1001501 1001883
1001501 1000207
1000171 1000207
1000171 1001893
1001511 1001893
1001511 1000193
1000157 1000193
1000157 1001897
1001515 1001897
1001515 1000189
1000145 1000189
1000145 1001911
1001535 1001911
1001535 1000181
1000137 1000181
1000137 1001915
1001543 1001915
1001543 1000163
1000133 1000163
1000133 1001929
1001551 1001929
1001551 1000157
1000125 1000157
1000125 1001937
1001563 1001937
1001563 1000149
1000119 1000149
1000119 1001943
1001569 1001943
1001569 1000145
1000111 1000145
1000111 1001947
1001575 1001947
1001575 1000141
1000103 1000141
1000103 1001953
1001587 1001953
1001587 1000129
1000095 1000129
1000095 1001959
1001591 1001959
1001591 1000125
1000091 1000125
1000091 1001963
1001601 1001963
1001601 1000117
1000081 1000117
1000081 1001971
1001607 1001971
1001607 1000111
1000077 1000111
1000077 1001977
1001617 1001977
1001617 1000105
1000069 1000105
1000069 1001981
1001625 1001981
1001625 1000097
1000065 1000097
1000065 1001995
1001629 1001995
1001629 1000085
1000061 1000085
1000061 1002001
1001633 1002001
1001633 1000075
1000057 1000075
1000057 1002005
1001645 1002005
1001645 1000061
1000047 1000061
1000047 1002013
1001657 1002013
1001657 1000057
1000043 1000057
1000043 1002019
1001665 1002019
1001665 1000047
1000037 1000047
1000037 1002025
1001671 1002025
1001671 1000041
1000033 1000041
1000033 1002031
1001685 1002031
1001685 1000037
1000025 1000037
1000025 1002045
1001689 1002045
1001689 1000025
1000021 1000025
1000021 1002051
1001697 1002051
1001697 1000021
1000015 1000021
1000015 1002059
1001705 1002059
1001705 1000017
1000009 1000017
1000009 1002063
1001709 1002063
1001709 1000011
1000007 1000011
