66
1000003 1000003
1000007 1000003
1000007 1000005
1000009 1000005
1000009 1000007
1000011 1000007
1000011 1000009
1000013 1000009
1000013 1000011
1000015 1000011
1000015 1000013
1000017 1000013
1000017 1000015
1000019 1000015
1000019 1000017
1000021 1000017
1000021 1000019
1000023 1000019
1000023 1000021
1000025 1000021
1000025 1000023
1000027 1000023
1000027 1000025
1000029 1000025
1000029 1000027
1000031 1000027
1000031 1000029
1000033 1000029
1000033 1000031
1000035 1000031
1000035 1000033
1000037 1000033
1000037 1000037
1000035 1000037
1000035 1000035
1000033 1000035
1000033 1000033
1000031 1000033
1000031 1000031
1000029 1000031
1000029 1000029
1000027 1000029
1000027 1000027
1000025 1000027
1000025 1000025
1000023 1000025
1000023 1000023
1000021 1000023
1000021 1000021
1000019 1000021
1000019 1000019
1000017 1000019
1000017 1000017
1000015 1000017
1000015 1000015
1000013 1000015
1000013 1000013
1000011 1000013
1000011 1000011
1000009 1000011
1000009 1000009
1000007 1000009
1000007 1000007
1000005 1000007
1000005 1000005
1000003 1000005
