3000
1000003 1000003
1000007 1000003
1000007 1000005
1000009 1000005
1000009 1000007
1000011 1000007
1000011 1000009
1000013 1000009
1000013 1000011
1000015 1000011
1000015 1000013
1000017 1000013
1000017 1000015
1000019 1000015
1000019 1000017
1000021 1000017
1000021 1000019
1000023 1000019
1000023 1000021
1000025 1000021
1000025 1000023
1000027 1000023
1000027 1000025
1000029 1000025
1000029 1000027
1000031 1000027
1000031 1000029
1000033 1000029
1000033 1000031
1000035 1000031
1000035 1000033
1000037 1000033
1000037 1000035
1000039 1000035
1000039 1000037
1000041 1000037
1000041 1000039
1000043 1000039
1000043 1000041
1000045 1000041
1000045 1000043
1000047 1000043
1000047 1000045
1000049 1000045
1000049 1000047
1000051 1000047
1000051 1000049
1000053 1000049
1000053 1000051
1000055 1000051
1000055 1000053
1000057 1000053
1000057 1000055
1000059 1000055
1000059 1000057
1000061 1000057
1000061 1000059
1000063 1000059
1000063 1000061
1000065 1000061
1000065 1000063
1000067 1000063
1000067 1000065
1000069 1000065
1000069 1000067
1000071 1000067
1000071 1000069
1000073 1000069
1000073 1000071
1000075 1000071
1000075 1000073
1000077 1000073
1000077 1000075
1000079 1000075
1000079 1000077
1000081 1000077
1000081 1000079
1000083 1000079
1000083 1000081
1000085 1000081
1000085 1000083
1000087 1000083
1000087 1000085
1000089 1000085
1000089 1000087
1000091 1000087
1000091 1000089
1000093 1000089
1000093 1000091
1000095 1000091
1000095 1000093
1000097 1000093
1000097 1000095
1000099 1000095
1000099 1000097
1000101 1000097
1000101 1000099
1000103 1000099
1000103 1000101
1000105 1000101
1000105 1000103
1000107 1000103
1000107 1000105
1000109 1000105
1000109 1000107
1000111 1000107
1000111 1000109
1000113 1000109
1000113 1000111
1000115 1000111
1000115 1000113
1000117 1000113
1000117 1000115
1000119 1000115
1000119 1000117
1000121 1000117
1000121 1000119
1000123 1000119
1000123 1000121
1000125 1000121
1000125 1000123
1000127 1000123
1000127 1000125
1000129 1000125
1000129 1000127
1000131 1000127
1000131 1000129
1000133 1000129
1000133 1000131
1000135 1000131
1000135 1000133
1000137 1000133
1000137 1000135
1000139 1000135
1000139 1000137
1000141 1000137
1000141 1000139
1000143 1000139
1000143 1000141
1000145 1000141
1000145 1000143
1000147 1000143
1000147 1000145
1000149 1000145
1000149 1000147
1000151 1000147
1000151 1000149
1000153 1000149
1000153 1000151
1000155 1000151
1000155 1000153
1000157 1000153
1000157 1000155
1000159 1000155
1000159 1000157
1000161 1000157
1000161 1000159
1000163 1000159
1000163 1000161
1000165 1000161
1000165 1000163
1000167 1000163
1000167 1000165
1000169 1000165
1000169 1000167
1000171 1000167
1000171 1000169
1000173 1000169
1000173 1000171
1000175 1000171
1000175 1000173
1000177 1000173
1000177 1000175
1000179 1000175
1000179 1000177
1000181 1000177
1000181 1000179
1000183 1000179
1000183 1000181
1000185 1000181
1000185 1000183
1000187 1000183
1000187 1000185
1000189 1000185
1000189 1000187
1000191 1000187
1000191 1000189
1000193 1000189
1000193 1000191
1000195 1000191
1000195 1000193
1000197 1000193
1000197 1000195
1000199 1000195
1000199 1000197
1000201 1000197
1000201 1000199
1000203 1000199
1000203 1000201
1000205 1000201
1000205 1000203
1000207 1000203
1000207 1000205
1000209 1000205
1000209 1000207
1000211 1000207
1000211 1000209
1000213 1000209
1000213 1000211
1000215 1000211
1000215 1000213
1000217 1000213
1000217 1000215
1000219 1000215
1000219 1000217
1000221 1000217
1000221 1000219
1000223 1000219
1000223 1000221
1000225 1000221
1000225 1000223
1000227 1000223
1000227 1000225
1000229 1000225
1000229 1000227
1000231 1000227
1000231 1000229
1000233 1000229
1000233 1000231
1000235 1000231
1000235 1000233
1000237 1000233
1000237 1000235
1000239 1000235
1000239 1000237
1000241 1000237
1000241 1000239
1000243 1000239
1000243 1000241
1000245 1000241
1000245 1000243
1000247 1000243
1000247 1000245
1000249 1000245
1000249 1000247
1000251 1000247
1000251 1000249
1000253 1000249
1000253 1000251
1000255 1000251
1000255 1000253
1000257 1000253
1000257 1000255
1000259 1000255
1000259 1000257
1000261 1000257
1000261 1000259
1000263 1000259
1000263 1000261
1000265 1000261
1000265 1000263
1000267 1000263
1000267 1000265
1000269 1000265
1000269 1000267
1000271 1000267
1000271 1000269
1000273 1000269
1000273 1000271
1000275 1000271
1000275 1000273
1000277 1000273
1000277 1000275
1000279 1000275
1000279 1000277
1000281 1000277
1000281 1000279
1000283 1000279
1000283 1000281
1000285 1000281
1000285 1000283
1000287 1000283
1000287 1000285
1000289 1000285
1000289 1000287
1000291 1000287
1000291 1000289
1000293 1000289
1000293 1000291
1000295 1000291
1000295 1000293
1000297 1000293
1000297 1000295
1000299 1000295
1000299 1000297
1000301 1000297
1000301 1000299
1000303 1000299
1000303 1000301
1000305 1000301
1000305 1000303
1000307 1000303
1000307 1000305
1000309 1000305
1000309 1000307
1000311 1000307
1000311 1000309
1000313 1000309
1000313 1000311
1000315 1000311
1000315 1000313
1000317 1000313
1000317 1000315
1000319 1000315
1000319 1000317
1000321 1000317
1000321 1000319
1000323 1000319
1000323 1000321
1000325 1000321
1000325 1000323
1000327 1000323
1000327 1000325
1000329 1000325
1000329 1000327
1000331 1000327
1000331 1000329
1000333 1000329
1000333 1000331
1000335 1000331
1000335 1000333
1000337 1000333
1000337 1000335
1000339 1000335
1000339 1000337
1000341 1000337
1000341 1000339
1000343 1000339
1000343 1000341
1000345 1000341
1000345 1000343
1000347 1000343
1000347 1000345
1000349 1000345
1000349 1000347
1000351 1000347
1000351 1000349
1000353 1000349
1000353 1000351
1000355 1000351
1000355 1000353
1000357 1000353
1000357 1000355
1000359 1000355
1000359 1000357
1000361 1000357
1000361 1000359
1000363 1000359
1000363 1000361
1000365 1000361
1000365 1000363
1000367 1000363
1000367 1000365
1000369 1000365
1000369 1000367
1000371 1000367
1000371 1000369
1000373 1000369
1000373 1000371
1000375 1000371
1000375 1000373
1000377 1000373
1000377 1000375
1000379 1000375
1000379 1000377
1000381 1000377
1000381 1000379
1000383 1000379
1000383 1000381
1000385 1000381
1000385 1000383
1000387 1000383
1000387 1000385
1000389 1000385
1000389 1000387
1000391 1000387
1000391 1000389
1000393 1000389
1000393 1000391
1000395 1000391
1000395 1000393
1000397 1000393
1000397 1000395
1000399 1000395
1000399 1000397
1000401 1000397
1000401 1000399
1000403 1000399
1000403 1000401
1000405 1000401
1000405 1000403
1000407 1000403
1000407 1000405
1000409 1000405
1000409 1000407
1000411 1000407
1000411 1000409
1000413 1000409
1000413 1000411
1000415 1000411
1000415 1000413
1000417 1000413
1000417 1000415
1000419 1000415
1000419 1000417
1000421 1000417
1000421 1000419
1000423 1000419
1000423 1000421
1000425 1000421
1000425 1000423
1000427 1000423
1000427 1000425
1000429 1000425
1000429 1000427
1000431 1000427
1000431 1000429
1000433 1000429
1000433 1000431
1000435 1000431
1000435 1000433
1000437 1000433
1000437 1000435
1000439 1000435
1000439 1000437
1000441 1000437
1000441 1000439
1000443 1000439
1000443 1000441
1000445 1000441
1000445 1000443
1000447 1000443
1000447 1000445
1000449 1000445
1000449 1000447
1000451 1000447
1000451 1000449
1000453 1000449
1000453 1000451
1000455 1000451
1000455 1000453
1000457 1000453
1000457 1000455
1000459 1000455
1000459 1000457
1000461 1000457
1000461 1000459
1000463 1000459
1000463 1000461
1000465 1000461
1000465 1000463
1000467 1000463
1000467 1000465
1000469 1000465
1000469 1000467
1000471 1000467
1000471 1000469
1000473 1000469
1000473 1000471
1000475 1000471
1000475 1000473
1000477 1000473
1000477 1000475
1000479 1000475
1000479 1000477
1000481 1000477
1000481 1000479
1000483 1000479
1000483 1000481
1000485 1000481
1000485 1000483
1000487 1000483
1000487 1000485
1000489 1000485
1000489 1000487
1000491 1000487
1000491 1000489
1000493 1000489
1000493 1000491
1000495 1000491
1000495 1000493
1000497 1000493
1000497 1000495
1000499 1000495
1000499 1000497
1000501 1000497
1000501 1000499
1000503 1000499
1000503 1000501
1000505 1000501
1000505 1000503
1000507 1000503
1000507 1000505
1000509 1000505
1000509 1000507
1000511 1000507
1000511 1000509
1000513 1000509
1000513 1000511
1000515 1000511
1000515 1000513
1000517 1000513
1000517 1000515
1000519 1000515
1000519 1000517
1000521 1000517
1000521 1000519
1000523 1000519
1000523 1000521
1000525 1000521
1000525 1000523
1000527 1000523
1000527 1000525
1000529 1000525
1000529 1000527
1000531 1000527
1000531 1000529
1000533 1000529
1000533 1000531
1000535 1000531
1000535 1000533
1000537 1000533
1000537 1000535
1000539 1000535
1000539 1000537
1000541 1000537
1000541 1000539
1000543 1000539
1000543 1000541
1000545 1000541
1000545 1000543
1000547 1000543
1000547 1000545
1000549 1000545
1000549 1000547
1000551 1000547
1000551 1000549
1000553 1000549
1000553 1000551
1000555 1000551
1000555 1000553
1000557 1000553
1000557 1000555
1000559 1000555
1000559 1000557
1000561 1000557
1000561 1000559
1000563 1000559
1000563 1000561
1000565 1000561
1000565 1000563
1000567 1000563
1000567 1000565
1000569 1000565
1000569 1000567
1000571 1000567
1000571 1000569
1000573 1000569
1000573 1000571
1000575 1000571
1000575 1000573
1000577 1000573
1000577 1000575
1000579 1000575
1000579 1000577
1000581 1000577
1000581 1000579
1000583 1000579
1000583 1000581
1000585 1000581
1000585 1000583
1000587 1000583
1000587 1000585
1000589 1000585
1000589 1000587
1000591 1000587
1000591 1000589
1000593 1000589
1000593 1000591
1000595 1000591
1000595 1000593
1000597 1000593
1000597 1000595
1000599 1000595
1000599 1000597
1000601 1000597
1000601 1000599
1000603 1000599
1000603 1000601
1000605 1000601
1000605 1000603
1000607 1000603
1000607 1000605
1000609 1000605
1000609 1000607
1000611 1000607
1000611 1000609
1000613 1000609
1000613 1000611
1000615 1000611
1000615 1000613
1000617 1000613
1000617 1000615
1000619 1000615
1000619 1000617
1000621 1000617
1000621 1000619
1000623 1000619
1000623 1000621
1000625 1000621
1000625 1000623
1000627 1000623
1000627 1000625
1000629 1000625
1000629 1000627
1000631 1000627
1000631 1000629
1000633 1000629
1000633 1000631
1000635 1000631
1000635 1000633
1000637 1000633
1000637 1000635
1000639 1000635
1000639 1000637
1000641 1000637
1000641 1000639
1000643 1000639
1000643 1000641
1000645 1000641
1000645 1000643
1000647 1000643
1000647 1000645
1000649 1000645
1000649 1000647
1000651 1000647
1000651 1000649
1000653 1000649
1000653 1000651
1000655 1000651
1000655 1000653
1000657 1000653
1000657 1000655
1000659 1000655
1000659 1000657
1000661 1000657
1000661 1000659
1000663 1000659
1000663 1000661
1000665 1000661
1000665 1000663
1000667 1000663
1000667 1000665
1000669 1000665
1000669 1000667
1000671 1000667
1000671 1000669
1000673 1000669
1000673 1000671
1000675 1000671
1000675 1000673
1000677 1000673
1000677 1000675
1000679 1000675
1000679 1000677
1000681 1000677
1000681 1000679
1000683 1000679
1000683 1000681
1000685 1000681
1000685 1000683
1000687 1000683
1000687 1000685
1000689 1000685
1000689 1000687
1000691 1000687
1000691 1000689
1000693 1000689
1000693 1000691
1000695 1000691
1000695 1000693
1000697 1000693
1000697 1000695
1000699 1000695
1000699 1000697
1000701 1000697
1000701 1000699
1000703 1000699
1000703 1000701
1000705 1000701
1000705 1000703
1000707 1000703
1000707 1000705
1000709 1000705
1000709 1000707
1000711 1000707
1000711 1000709
1000713 1000709
1000713 1000711
1000715 1000711
1000715 1000713
1000717 1000713
1000717 1000715
1000719 1000715
1000719 1000717
1000721 1000717
1000721 1000719
1000723 1000719
1000723 1000721
1000725 1000721
1000725 1000723
1000727 1000723
1000727 1000725
1000729 1000725
1000729 1000727
1000731 1000727
1000731 1000729
1000733 1000729
1000733 1000731
1000735 1000731
1000735 1000733
1000737 1000733
1000737 1000735
1000739 1000735
1000739 1000737
1000741 1000737
1000741 1000739
1000743 1000739
1000743 1000741
1000745 1000741
1000745 1000743
1000747 1000743
1000747 1000745
1000749 1000745
1000749 1000747
1000751 1000747
1000751 1000749
1000753 1000749
1000753 1000751
1000755 1000751
1000755 1000753
1000757 1000753
1000757 1000755
1000759 1000755
1000759 1000757
1000761 1000757
1000761 1000759
1000763 1000759
1000763 1000761
1000765 1000761
1000765 1000763
1000767 1000763
1000767 1000765
1000769 1000765
1000769 1000767
1000771 1000767
1000771 1000769
1000773 1000769
1000773 1000771
1000775 1000771
1000775 1000773
1000777 1000773
1000777 1000775
1000779 1000775
1000779 1000777
1000781 1000777
1000781 1000779
1000783 1000779
1000783 1000781
1000785 1000781
1000785 1000783
1000787 1000783
1000787 1000785
1000789 1000785
1000789 1000787
1000791 1000787
1000791 1000789
1000793 1000789
1000793 1000791
1000795 1000791
1000795 1000793
1000797 1000793
1000797 1000795
1000799 1000795
1000799 1000797
1000801 1000797
1000801 1000799
1000803 1000799
1000803 1000801
1000805 1000801
1000805 1000803
1000807 1000803
1000807 1000805
1000809 1000805
1000809 1000807
1000811 1000807
1000811 1000809
1000813 1000809
1000813 1000811
1000815 1000811
1000815 1000813
1000817 1000813
1000817 1000815
1000819 1000815
1000819 1000817
1000821 1000817
1000821 1000819
1000823 1000819
1000823 1000821
1000825 1000821
1000825 1000823
1000827 1000823
1000827 1000825
1000829 1000825
1000829 1000827
1000831 1000827
1000831 1000829
1000833 1000829
1000833 1000831
1000835 1000831
1000835 1000833
1000837 1000833
1000837 1000835
1000839 1000835
1000839 1000837
1000841 1000837
1000841 1000839
1000843 1000839
1000843 1000841
1000845 1000841
1000845 1000843
1000847 1000843
1000847 1000845
1000849 1000845
1000849 1000847
1000851 1000847
1000851 1000849
1000853 1000849
1000853 1000851
1000855 1000851
1000855 1000853
1000857 1000853
1000857 1000855
1000859 1000855
1000859 1000857
1000861 1000857
1000861 1000859
1000863 1000859
1000863 1000861
1000865 1000861
1000865 1000863
1000867 1000863
1000867 1000865
1000869 1000865
1000869 1000867
1000871 1000867
1000871 1000869
1000873 1000869
1000873 1000871
1000875 1000871
1000875 1000873
1000877 1000873
1000877 1000875
1000879 1000875
1000879 1000877
1000881 1000877
1000881 1000879
1000883 1000879
1000883 1000881
1000885 1000881
1000885 1000883
1000887 1000883
1000887 1000885
1000889 1000885
1000889 1000887
1000891 1000887
1000891 1000889
1000893 1000889
1000893 1000891
1000895 1000891
1000895 1000893
1000897 1000893
1000897 1000895
1000899 1000895
1000899 1000897
1000901 1000897
1000901 1000899
1000903 1000899
1000903 1000901
1000905 1000901
1000905 1000903
1000907 1000903
1000907 1000905
1000909 1000905
1000909 1000907
1000911 1000907
1000911 1000909
1000913 1000909
1000913 1000911
1000915 1000911
1000915 1000913
1000917 1000913
1000917 1000915
1000919 1000915
1000919 1000917
1000921 1000917
1000921 1000919
1000923 1000919
1000923 1000921
1000925 1000921
1000925 1000923
1000927 1000923
1000927 1000925
1000929 1000925
1000929 1000927
1000931 1000927
1000931 1000929
1000933 1000929
1000933 1000931
1000935 1000931
1000935 1000933
1000937 1000933
1000937 1000935
1000939 1000935
1000939 1000937
1000941 1000937
1000941 1000939
1000943 1000939
1000943 1000941
1000945 1000941
1000945 1000943
1000947 1000943
1000947 1000945
1000949 1000945
1000949 1000947
1000951 1000947
1000951 1000949
1000953 1000949
1000953 1000951
1000955 1000951
1000955 1000953
1000957 1000953
1000957 1000955
1000959 1000955
1000959 1000957
1000961 1000957
1000961 1000959
1000963 1000959
1000963 1000961
1000965 1000961
1000965 1000963
1000967 1000963
1000967 1000965
1000969 1000965
1000969 1000967
1000971 1000967
1000971 1000969
1000973 1000969
1000973 1000971
1000975 1000971
1000975 1000973
1000977 1000973
1000977 1000975
1000979 1000975
1000979 1000977
1000981 1000977
1000981 1000979
1000983 1000979
1000983 1000981
1000985 1000981
1000985 1000983
1000987 1000983
1000987 1000985
1000989 1000985
1000989 1000987
1000991 1000987
1000991 1000989
1000993 1000989
1000993 1000991
1000995 1000991
1000995 1000993
1000997 1000993
1000997 1000995
1000999 1000995
1000999 1000997
1001001 1000997
1001001 1000999
1001003 1000999
1001003 1001001
1001005 1001001
1001005 1001003
1001007 1001003
1001007 1001005
1001009 1001005
1001009 1001007
1001011 1001007
1001011 1001009
1001013 1001009
1001013 1001011
1001015 1001011
1001015 1001013
1001017 1001013
1001017 1001015
1001019 1001015
1001019 1001017
1001021 1001017
1001021 1001019
1001023 1001019
1001023 1001021
1001025 1001021
1001025 1001023
1001027 1001023
1001027 1001025
1001029 1001025
1001029 1001027
1001031 1001027
1001031 1001029
1001033 1001029
1001033 1001031
1001035 1001031
1001035 1001033
1001037 1001033
1001037 1001035
1001039 1001035
1001039 1001037
1001041 1001037
1001041 1001039
1001043 1001039
1001043 1001041
1001045 1001041
1001045 1001043
1001047 1001043
1001047 1001045
1001049 1001045
1001049 1001047
1001051 1001047
1001051 1001049
1001053 1001049
1001053 1001051
1001055 1001051
1001055 1001053
1001057 1001053
1001057 1001055
1001059 1001055
1001059 1001057
1001061 1001057
1001061 1001059
1001063 1001059
1001063 1001061
1001065 1001061
1001065 1001063
1001067 1001063
1001067 1001065
1001069 1001065
1001069 1001067
1001071 1001067
1001071 1001069
1001073 1001069
1001073 1001071
1001075 1001071
1001075 1001073
1001077 1001073
1001077 1001075
1001079 1001075
1001079 1001077
1001081 1001077
1001081 1001079
1001083 1001079
1001083 1001081
1001085 1001081
1001085 1001083
1001087 1001083
1001087 1001085
1001089 1001085
1001089 1001087
1001091 1001087
1001091 1001089
1001093 1001089
1001093 1001091
1001095 1001091
1001095 1001093
1001097 1001093
1001097 1001095
1001099 1001095
1001099 1001097
1001101 1001097
1001101 1001099
1001103 1001099
1001103 1001101
1001105 1001101
1001105 1001103
1001107 1001103
1001107 1001105
1001109 1001105
1001109 1001107
1001111 1001107
1001111 1001109
1001113 1001109
1001113 1001111
1001115 1001111
1001115 1001113
1001117 1001113
1001117 1001115
1001119 1001115
1001119 1001117
1001121 1001117
1001121 1001119
1001123 1001119
1001123 1001121
1001125 1001121
1001125 1001123
1001127 1001123
1001127 1001125
1001129 1001125
1001129 1001127
1001131 1001127
1001131 1001129
1001133 1001129
1001133 1001131
1001135 1001131
1001135 1001133
1001137 1001133
1001137 1001135
1001139 1001135
1001139 1001137
1001141 1001137
1001141 1001139
1001143 1001139
1001143 1001141
1001145 1001141
1001145 1001143
1001147 1001143
1001147 1001145
1001149 1001145
1001149 1001147
1001151 1001147
1001151 1001149
1001153 1001149
1001153 1001151
1001155 1001151
1001155 1001153
1001157 1001153
1001157 1001155
1001159 1001155
1001159 1001157
1001161 1001157
1001161 1001159
1001163 1001159
1001163 1001161
1001165 1001161
1001165 1001163
1001167 1001163
1001167 1001165
1001169 1001165
1001169 1001167
1001171 1001167
1001171 1001169
1001173 1001169
1001173 1001171
1001175 1001171
1001175 1001173
1001177 1001173
1001177 1001175
1001179 1001175
1001179 1001177
1001181 1001177
1001181 1001179
1001183 1001179
1001183 1001181
1001185 1001181
1001185 1001183
1001187 1001183
1001187 1001185
1001189 1001185
1001189 1001187
1001191 1001187
1001191 1001189
1001193 1001189
1001193 1001191
1001195 1001191
1001195 1001193
1001197 1001193
1001197 1001195
1001199 1001195
1001199 1001197
1001201 1001197
1001201 1001199
1001203 1001199
1001203 1001201
1001205 1001201
1001205 1001203
1001207 1001203
1001207 1001205
1001209 1001205
1001209 1001207
1001211 1001207
1001211 1001209
1001213 1001209
1001213 1001211
1001215 1001211
1001215 1001213
1001217 1001213
1001217 1001215
1001219 1001215
1001219 1001217
1001221 1001217
1001221 1001219
1001223 1001219
1001223 1001221
1001225 1001221
1001225 1001223
1001227 1001223
1001227 1001225
1001229 1001225
1001229 1001227
1001231 1001227
1001231 1001229
1001233 1001229
1001233 1001231
1001235 1001231
1001235 1001233
1001237 1001233
1001237 1001235
1001239 1001235
1001239 1001237
1001241 1001237
1001241 1001239
1001243 1001239
1001243 1001241
1001245 1001241
1001245 1001243
1001247 1001243
1001247 1001245
1001249 1001245
1001249 1001247
1001251 1001247
1001251 1001249
1001253 1001249
1001253 1001251
1001255 1001251
1001255 1001253
1001257 1001253
1001257 1001255
1001259 1001255
1001259 1001257
1001261 1001257
1001261 1001259
1001263 1001259
1001263 1001261
1001265 1001261
1001265 1001263
1001267 1001263
1001267 1001265
1001269 1001265
1001269 1001267
1001271 1001267
1001271 1001269
1001273 1001269
1001273 1001271
1001275 1001271
1001275 1001273
1001277 1001273
1001277 1001275
1001279 1001275
1001279 1001277
1001281 1001277
1001281 1001279
1001283 1001279
1001283 1001281
1001285 1001281
1001285 1001283
1001287 1001283
1001287 1001285
1001289 1001285
1001289 1001287
1001291 1001287
1001291 1001289
1001293 1001289
1001293 1001291
1001295 1001291
1001295 1001293
1001297 1001293
1001297 1001295
1001299 1001295
1001299 1001297
1001301 1001297
1001301 1001299
1001303 1001299
1001303 1001301
1001305 1001301
1001305 1001303
1001307 1001303
1001307 1001305
1001309 1001305
1001309 1001307
1001311 1001307
1001311 1001309
1001313 1001309
1001313 1001311
1001315 1001311
1001315 1001313
1001317 1001313
1001317 1001315
1001319 1001315
1001319 1001317
1001321 1001317
1001321 1001319
1001323 1001319
1001323 1001321
1001325 1001321
1001325 1001323
1001327 1001323
1001327 1001325
1001329 1001325
1001329 1001327
1001331 1001327
1001331 1001329
1001333 1001329
1001333 1001331
1001335 1001331
1001335 1001333
1001337 1001333
1001337 1001335
1001339 1001335
1001339 1001337
1001341 1001337
1001341 1001339
1001343 1001339
1001343 1001341
1001345 1001341
1001345 1001343
1001347 1001343
1001347 1001345
1001349 1001345
1001349 1001347
1001351 1001347
1001351 1001349
1001353 1001349
1001353 1001351
1001355 1001351
1001355 1001353
1001357 1001353
1001357 1001355
1001359 1001355
1001359 1001357
1001361 1001357
1001361 1001359
1001363 1001359
1001363 1001361
1001365 1001361
1001365 1001363
1001367 1001363
1001367 1001365
1001369 1001365
1001369 1001367
1001371 1001367
1001371 1001369
1001373 1001369
1001373 1001371
1001375 1001371
1001375 1001373
1001377 1001373
1001377 1001375
1001379 1001375
1001379 1001377
1001381 1001377
1001381 1001379
1001383 1001379
1001383 1001381
1001385 1001381
1001385 1001383
1001387 1001383
1001387 1001385
1001389 1001385
1001389 1001387
1001391 1001387
1001391 1001389
1001393 1001389
1001393 1001391
1001395 1001391
1001395 1001393
1001397 1001393
1001397 1001395
1001399 1001395
1001399 1001397
1001401 1001397
1001401 1001399
1001403 1001399
1001403 1001401
1001405 1001401
1001405 1001403
1001407 1001403
1001407 1001405
1001409 1001405
1001409 1001407
1001411 1001407
1001411 1001409
1001413 1001409
1001413 1001411
1001415 1001411
1001415 1001413
1001417 1001413
1001417 1001415
1001419 1001415
1001419 1001417
1001421 1001417
1001421 1001419
1001423 1001419
1001423 1001421
1001425 1001421
1001425 1001423
1001427 1001423
1001427 1001425
1001429 1001425
1001429 1001427
1001431 1001427
1001431 1001429
1001433 1001429
1001433 1001431
1001435 1001431
1001435 1001433
1001437 1001433
1001437 1001435
1001439 1001435
1001439 1001437
1001441 1001437
1001441 1001439
1001443 1001439
1001443 1001441
1001445 1001441
1001445 1001443
1001447 1001443
1001447 1001445
1001449 1001445
1001449 1001447
1001451 1001447
1001451 1001449
1001453 1001449
1001453 1001451
1001455 1001451
1001455 1001453
1001457 1001453
1001457 1001455
1001459 1001455
1001459 1001457
1001461 1001457
1001461 1001459
1001463 1001459
1001463 1001461
1001465 1001461
1001465 1001463
1001467 1001463
1001467 1001465
1001469 1001465
1001469 1001467
1001471 1001467
1001471 1001469
1001473 1001469
1001473 1001471
1001475 1001471
1001475 1001473
1001477 1001473
1001477 1001475
1001479 1001475
1001479 1001477
1001481 1001477
1001481 1001479
1001483 1001479
1001483 1001481
1001485 1001481
1001485 1001483
1001487 1001483
1001487 1001485
1001489 1001485
1001489 1001487
1001491 1001487
1001491 1001489
1001493 1001489
1001493 1001491
1001495 1001491
1001495 1001493
1001497 1001493
1001497 1001495
1001499 1001495
1001499 1001497
1001501 1001497
1001501 1001499
1001503 1001499
1001503 1001501
1001505 1001501
1001505 1001503
1001501 1001503
1001501 1001501
1001499 1001501
1001499 1001499
1001497 1001499
1001497 1001497
1001495 1001497
1001495 1001495
1001493 1001495
1001493 1001493
1001491 1001493
1001491 1001491
1001489 1001491
1001489 1001489
1001487 1001489
1001487 1001487
1001485 1001487
1001485 1001485
1001483 1001485
1001483 1001483
1001481 1001483
1001481 1001481
1001479 1001481
1001479 1001479
1001477 1001479
1001477 1001477
1001475 1001477
1001475 1001475
1001473 1001475
1001473 1001473
1001471 1001473
1001471 1001471
1001469 1001471
1001469 1001469
1001467 1001469
1001467 1001467
1001465 1001467
1001465 1001465
1001463 1001465
1001463 1001463
1001461 1001463
1001461 1001461
1001459 1001461
1001459 1001459
1001457 1001459
1001457 1001457
1001455 1001457
1001455 1001455
1001453 1001455
1001453 1001453
1001451 1001453
1001451 1001451
1001449 1001451
1001449 1001449
1001447 1001449
1001447 1001447
1001445 1001447
1001445 1001445
1001443 1001445
1001443 1001443
1001441 1001443
1001441 1001441
1001439 1001441
1001439 1001439
1001437 1001439
1001437 1001437
1001435 1001437
1001435 1001435
1001433 1001435
1001433 1001433
1001431 1001433
1001431 1001431
1001429 1001431
1001429 1001429
1001427 1001429
1001427 1001427
1001425 1001427
1001425 1001425
1001423 1001425
1001423 1001423
1001421 1001423
1001421 1001421
1001419 1001421
1001419 1001419
1001417 1001419
1001417 1001417
1001415 1001417
1001415 1001415
1001413 1001415
1001413 1001413
1001411 1001413
1001411 1001411
1001409 1001411
1001409 1001409
1001407 1001409
1001407 1001407
1001405 1001407
1001405 1001405
1001403 1001405
1001403 1001403
1001401 1001403
1001401 1001401
1001399 1001401
1001399 1001399
1001397 1001399
1001397 1001397
1001395 1001397
1001395 1001395
1001393 1001395
1001393 1001393
1001391 1001393
1001391 1001391
1001389 1001391
1001389 1001389
1001387 1001389
1001387 1001387
1001385 1001387
1001385 1001385
1001383 1001385
1001383 1001383
1001381 1001383
1001381 1001381
1001379 1001381
1001379 1001379
1001377 1001379
1001377 1001377
1001375 1001377
1001375 1001375
1001373 1001375
1001373 1001373
1001371 1001373
1001371 1001371
1001369 1001371
1001369 1001369
1001367 1001369
1001367 1001367
1001365 1001367
1001365 1001365
1001363 1001365
1001363 1001363
1001361 1001363
1001361 1001361
1001359 1001361
1001359 1001359
1001357 1001359
1001357 1001357
1001355 1001357
1001355 1001355
1001353 1001355
1001353 1001353
1001351 1001353
1001351 1001351
1001349 1001351
1001349 1001349
1001347 1001349
1001347 1001347
1001345 1001347
1001345 1001345
1001343 1001345
1001343 1001343
1001341 1001343
1001341 1001341
1001339 1001341
1001339 1001339
1001337 1001339
1001337 1001337
1001335 1001337
1001335 1001335
1001333 1001335
1001333 1001333
1001331 1001333
1001331 1001331
1001329 1001331
1001329 1001329
1001327 1001329
1001327 1001327
1001325 1001327
1001325 1001325
1001323 1001325
1001323 1001323
1001321 1001323
1001321 1001321
1001319 1001321
1001319 1001319
1001317 1001319
1001317 1001317
1001315 1001317
1001315 1001315
1001313 1001315
1001313 1001313
1001311 1001313
1001311 1001311
1001309 1001311
1001309 1001309
1001307 1001309
1001307 1001307
1001305 1001307
1001305 1001305
1001303 1001305
1001303 1001303
1001301 1001303
1001301 1001301
1001299 1001301
1001299 1001299
1001297 1001299
1001297 1001297
1001295 1001297
1001295 1001295
1001293 1001295
1001293 1001293
1001291 1001293
1001291 1001291
1001289 1001291
1001289 1001289
1001287 1001289
1001287 1001287
1001285 1001287
1001285 1001285
1001283 1001285
1001283 1001283
1001281 1001283
1001281 1001281
1001279 1001281
1001279 1001279
1001277 1001279
1001277 1001277
1001275 1001277
1001275 1001275
1001273 1001275
1001273 1001273
1001271 1001273
1001271 1001271
1001269 1001271
1001269 1001269
1001267 1001269
1001267 1001267
1001265 1001267
1001265 1001265
1001263 1001265
1001263 1001263
1001261 1001263
1001261 1001261
1001259 1001261
1001259 1001259
1001257 1001259
1001257 1001257
1001255 1001257
1001255 1001255
1001253 1001255
1001253 1001253
1001251 1001253
1001251 1001251
1001249 1001251
1001249 1001249
1001247 1001249
1001247 1001247
1001245 1001247
1001245 1001245
1001243 1001245
1001243 1001243
1001241 1001243
1001241 1001241
1001239 1001241
1001239 1001239
1001237 1001239
1001237 1001237
1001235 1001237
1001235 1001235
1001233 1001235
1001233 1001233
1001231 1001233
1001231 1001231
1001229 1001231
1001229 1001229
1001227 1001229
1001227 1001227
1001225 1001227
1001225 1001225
1001223 1001225
1001223 1001223
1001221 1001223
1001221 1001221
1001219 1001221
1001219 1001219
1001217 1001219
1001217 1001217
1001215 1001217
1001215 1001215
1001213 1001215
1001213 1001213
1001211 1001213
1001211 1001211
1001209 1001211
1001209 1001209
1001207 1001209
1001207 1001207
1001205 1001207
1001205 1001205
1001203 1001205
1001203 1001203
1001201 1001203
1001201 1001201
1001199 1001201
1001199 1001199
1001197 1001199
1001197 1001197
1001195 1001197
1001195 1001195
1001193 1001195
1001193 1001193
1001191 1001193
1001191 1001191
1001189 1001191
1001189 1001189
1001187 1001189
1001187 1001187
1001185 1001187
1001185 1001185
1001183 1001185
1001183 1001183
1001181 1001183
1001181 1001181
1001179 1001181
1001179 1001179
1001177 1001179
1001177 1001177
1001175 1001177
1001175 1001175
1001173 1001175
1001173 1001173
1001171 1001173
1001171 1001171
1001169 1001171
1001169 1001169
1001167 1001169
1001167 1001167
1001165 1001167
1001165 1001165
1001163 1001165
1001163 1001163
1001161 1001163
1001161 1001161
1001159 1001161
1001159 1001159
1001157 1001159
1001157 1001157
1001155 1001157
1001155 1001155
1001153 1001155
1001153 1001153
1001151 1001153
1001151 1001151
1001149 1001151
1001149 1001149
1001147 1001149
1001147 1001147
1001145 1001147
1001145 1001145
1001143 1001145
1001143 1001143
1001141 1001143
1001141 1001141
1001139 1001141
1001139 1001139
1001137 1001139
1001137 1001137
1001135 1001137
1001135 1001135
1001133 1001135
1001133 1001133
1001131 1001133
1001131 1001131
1001129 1001131
1001129 1001129
1001127 1001129
1001127 1001127
1001125 1001127
1001125 1001125
1001123 1001125
1001123 1001123
1001121 1001123
1001121 1001121
1001119 1001121
1001119 1001119
1001117 1001119
1001117 1001117
1001115 1001117
1001115 1001115
1001113 1001115
1001113 1001113
1001111 1001113
1001111 1001111
1001109 1001111
1001109 1001109
1001107 1001109
1001107 1001107
1001105 1001107
1001105 1001105
1001103 1001105
1001103 1001103
1001101 1001103
1001101 1001101
1001099 1001101
1001099 1001099
1001097 1001099
1001097 1001097
1001095 1001097
1001095 1001095
1001093 1001095
1001093 1001093
1001091 1001093
1001091 1001091
1001089 1001091
1001089 1001089
1001087 1001089
1001087 1001087
1001085 1001087
1001085 1001085
1001083 1001085
1001083 1001083
1001081 1001083
1001081 1001081
1001079 1001081
1001079 1001079
1001077 1001079
1001077 1001077
1001075 1001077
1001075 1001075
1001073 1001075
1001073 1001073
1001071 1001073
1001071 1001071
1001069 1001071
1001069 1001069
1001067 1001069
1001067 1001067
1001065 1001067
1001065 1001065
1001063 1001065
1001063 1001063
1001061 1001063
1001061 1001061
1001059 1001061
1001059 1001059
1001057 1001059
1001057 1001057
1001055 1001057
1001055 1001055
1001053 1001055
1001053 1001053
1001051 1001053
1001051 1001051
1001049 1001051
1001049 1001049
1001047 1001049
1001047 1001047
1001045 1001047
1001045 1001045
1001043 1001045
1001043 1001043
1001041 1001043
1001041 1001041
1001039 1001041
1001039 1001039
1001037 1001039
1001037 1001037
1001035 1001037
1001035 1001035
1001033 1001035
1001033 1001033
1001031 1001033
1001031 1001031
1001029 1001031
1001029 1001029
1001027 1001029
1001027 1001027
1001025 1001027
1001025 1001025
1001023 1001025
1001023 1001023
1001021 1001023
1001021 1001021
1001019 1001021
1001019 1001019
1001017 1001019
1001017 1001017
1001015 1001017
1001015 1001015
1001013 1001015
1001013 1001013
1001011 1001013
1001011 1001011
1001009 1001011
1001009 1001009
1001007 1001009
1001007 1001007
1001005 1001007
1001005 1001005
1001003 1001005
1001003 1001003
1001001 1001003
1001001 1001001
1000999 1001001
1000999 1000999
1000997 1000999
1000997 1000997
1000995 1000997
1000995 1000995
1000993 1000995
1000993 1000993
1000991 1000993
1000991 1000991
1000989 1000991
1000989 1000989
1000987 1000989
1000987 1000987
1000985 1000987
1000985 1000985
1000983 1000985
1000983 1000983
1000981 1000983
1000981 1000981
1000979 1000981
1000979 1000979
1000977 1000979
1000977 1000977
1000975 1000977
1000975 1000975
1000973 1000975
1000973 1000973
1000971 1000973
1000971 1000971
1000969 1000971
1000969 1000969
1000967 1000969
1000967 1000967
1000965 1000967
1000965 1000965
1000963 1000965
1000963 1000963
1000961 1000963
1000961 1000961
1000959 1000961
1000959 1000959
1000957 1000959
1000957 1000957
1000955 1000957
1000955 1000955
1000953 1000955
1000953 1000953
1000951 1000953
1000951 1000951
1000949 1000951
1000949 1000949
1000947 1000949
1000947 1000947
1000945 1000947
1000945 1000945
1000943 1000945
1000943 1000943
1000941 1000943
1000941 1000941
1000939 1000941
1000939 1000939
1000937 1000939
1000937 1000937
1000935 1000937
1000935 1000935
1000933 1000935
1000933 1000933
1000931 1000933
1000931 1000931
1000929 1000931
1000929 1000929
1000927 1000929
1000927 1000927
1000925 1000927
1000925 1000925
1000923 1000925
1000923 1000923
1000921 1000923
1000921 1000921
1000919 1000921
1000919 1000919
1000917 1000919
1000917 1000917
1000915 1000917
1000915 1000915
1000913 1000915
1000913 1000913
1000911 1000913
1000911 1000911
1000909 1000911
1000909 1000909
1000907 1000909
1000907 1000907
1000905 1000907
1000905 1000905
1000903 1000905
1000903 1000903
1000901 1000903
1000901 1000901
1000899 1000901
1000899 1000899
1000897 1000899
1000897 1000897
1000895 1000897
1000895 1000895
1000893 1000895
1000893 1000893
1000891 1000893
1000891 1000891
1000889 1000891
1000889 1000889
1000887 1000889
1000887 1000887
1000885 1000887
1000885 1000885
1000883 1000885
1000883 1000883
1000881 1000883
1000881 1000881
1000879 1000881
1000879 1000879
1000877 1000879
1000877 1000877
1000875 1000877
1000875 1000875
1000873 1000875
1000873 1000873
1000871 1000873
1000871 1000871
1000869 1000871
1000869 1000869
1000867 1000869
1000867 1000867
1000865 1000867
1000865 1000865
1000863 1000865
1000863 1000863
1000861 1000863
1000861 1000861
1000859 1000861
1000859 1000859
1000857 1000859
1000857 1000857
1000855 1000857
1000855 1000855
1000853 1000855
1000853 1000853
1000851 1000853
1000851 1000851
1000849 1000851
1000849 1000849
1000847 1000849
1000847 1000847
1000845 1000847
1000845 1000845
1000843 1000845
1000843 1000843
1000841 1000843
1000841 1000841
1000839 1000841
1000839 1000839
1000837 1000839
1000837 1000837
1000835 1000837
1000835 1000835
1000833 1000835
1000833 1000833
1000831 1000833
1000831 1000831
1000829 1000831
1000829 1000829
1000827 1000829
1000827 1000827
1000825 1000827
1000825 1000825
1000823 1000825
1000823 1000823
1000821 1000823
1000821 1000821
1000819 1000821
1000819 1000819
1000817 1000819
1000817 1000817
1000815 1000817
1000815 1000815
1000813 1000815
1000813 1000813
1000811 1000813
1000811 1000811
1000809 1000811
1000809 1000809
1000807 1000809
1000807 1000807
1000805 1000807
1000805 1000805
1000803 1000805
1000803 1000803
1000801 1000803
1000801 1000801
1000799 1000801
1000799 1000799
1000797 1000799
1000797 1000797
1000795 1000797
1000795 1000795
1000793 1000795
1000793 1000793
1000791 1000793
1000791 1000791
1000789 1000791
1000789 1000789
1000787 1000789
1000787 1000787
1000785 1000787
1000785 1000785
1000783 1000785
1000783 1000783
1000781 1000783
1000781 1000781
1000779 1000781
1000779 1000779
1000777 1000779
1000777 1000777
1000775 1000777
1000775 1000775
1000773 1000775
1000773 1000773
1000771 1000773
1000771 1000771
1000769 1000771
1000769 1000769
1000767 1000769
1000767 1000767
1000765 1000767
1000765 1000765
1000763 1000765
1000763 1000763
1000761 1000763
1000761 1000761
1000759 1000761
1000759 1000759
1000757 1000759
1000757 1000757
1000755 1000757
1000755 1000755
1000753 1000755
1000753 1000753
1000751 1000753
1000751 1000751
1000749 1000751
1000749 1000749
1000747 1000749
1000747 1000747
1000745 1000747
1000745 1000745
1000743 1000745
1000743 1000743
1000741 1000743
1000741 1000741
1000739 1000741
1000739 1000739
1000737 1000739
1000737 1000737
1000735 1000737
1000735 1000735
1000733 1000735
1000733 1000733
1000731 1000733
1000731 1000731
1000729 1000731
1000729 1000729
1000727 1000729
1000727 1000727
1000725 1000727
1000725 1000725
1000723 1000725
1000723 1000723
1000721 1000723
1000721 1000721
1000719 1000721
1000719 1000719
1000717 1000719
1000717 1000717
1000715 1000717
1000715 1000715
1000713 1000715
1000713 1000713
1000711 1000713
1000711 1000711
1000709 1000711
1000709 1000709
1000707 1000709
1000707 1000707
1000705 1000707
1000705 1000705
1000703 1000705
1000703 1000703
1000701 1000703
1000701 1000701
1000699 1000701
1000699 1000699
1000697 1000699
1000697 1000697
1000695 1000697
1000695 1000695
1000693 1000695
1000693 1000693
1000691 1000693
1000691 1000691
1000689 1000691
1000689 1000689
1000687 1000689
1000687 1000687
1000685 1000687
1000685 1000685
1000683 1000685
1000683 1000683
1000681 1000683
1000681 1000681
1000679 1000681
1000679 1000679
1000677 1000679
1000677 1000677
1000675 1000677
1000675 1000675
1000673 1000675
1000673 1000673
1000671 1000673
1000671 1000671
1000669 1000671
1000669 1000669
1000667 1000669
1000667 1000667
1000665 1000667
1000665 1000665
1000663 1000665
1000663 1000663
1000661 1000663
1000661 1000661
1000659 1000661
1000659 1000659
1000657 1000659
1000657 1000657
1000655 1000657
1000655 1000655
1000653 1000655
1000653 1000653
1000651 1000653
1000651 1000651
1000649 1000651
1000649 1000649
1000647 1000649
1000647 1000647
1000645 1000647
1000645 1000645
1000643 1000645
1000643 1000643
1000641 1000643
1000641 1000641
1000639 1000641
1000639 1000639
1000637 1000639
1000637 1000637
1000635 1000637
1000635 1000635
1000633 1000635
1000633 1000633
1000631 1000633
1000631 1000631
1000629 1000631
1000629 1000629
1000627 1000629
1000627 1000627
1000625 1000627
1000625 1000625
1000623 1000625
1000623 1000623
1000621 1000623
1000621 1000621
1000619 1000621
1000619 1000619
1000617 1000619
1000617 1000617
1000615 1000617
1000615 1000615
1000613 1000615
1000613 1000613
1000611 1000613
1000611 1000611
1000609 1000611
1000609 1000609
1000607 1000609
1000607 1000607
1000605 1000607
1000605 1000605
1000603 1000605
1000603 1000603
1000601 1000603
1000601 1000601
1000599 1000601
1000599 1000599
1000597 1000599
1000597 1000597
1000595 1000597
1000595 1000595
1000593 1000595
1000593 1000593
1000591 1000593
1000591 1000591
1000589 1000591
1000589 1000589
1000587 1000589
1000587 1000587
1000585 1000587
1000585 1000585
1000583 1000585
1000583 1000583
1000581 1000583
1000581 1000581
1000579 1000581
1000579 1000579
1000577 1000579
1000577 1000577
1000575 1000577
1000575 1000575
1000573 1000575
1000573 1000573
1000571 1000573
1000571 1000571
1000569 1000571
1000569 1000569
1000567 1000569
1000567 1000567
1000565 1000567
1000565 1000565
1000563 1000565
1000563 1000563
1000561 1000563
1000561 1000561
1000559 1000561
1000559 1000559
1000557 1000559
1000557 1000557
1000555 1000557
1000555 1000555
1000553 1000555
1000553 1000553
1000551 1000553
1000551 1000551
1000549 1000551
1000549 1000549
1000547 1000549
1000547 1000547
1000545 1000547
1000545 1000545
1000543 1000545
1000543 1000543
1000541 1000543
1000541 1000541
1000539 1000541
1000539 1000539
1000537 1000539
1000537 1000537
1000535 1000537
1000535 1000535
1000533 1000535
1000533 1000533
1000531 1000533
1000531 1000531
1000529 1000531
1000529 1000529
1000527 1000529
1000527 1000527
1000525 1000527
1000525 1000525
1000523 1000525
1000523 1000523
1000521 1000523
1000521 1000521
1000519 1000521
1000519 1000519
1000517 1000519
1000517 1000517
1000515 1000517
1000515 1000515
1000513 1000515
1000513 1000513
1000511 1000513
1000511 1000511
1000509 1000511
1000509 1000509
1000507 1000509
1000507 1000507
1000505 1000507
1000505 1000505
1000503 1000505
1000503 1000503
1000501 1000503
1000501 1000501
1000499 1000501
1000499 1000499
1000497 1000499
1000497 1000497
1000495 1000497
1000495 1000495
1000493 1000495
1000493 1000493
1000491 1000493
1000491 1000491
1000489 1000491
1000489 1000489
1000487 1000489
1000487 1000487
1000485 1000487
1000485 1000485
1000483 1000485
1000483 1000483
1000481 1000483
1000481 1000481
1000479 1000481
1000479 1000479
1000477 1000479
1000477 1000477
1000475 1000477
1000475 1000475
1000473 1000475
1000473 1000473
1000471 1000473
1000471 1000471
1000469 1000471
1000469 1000469
1000467 1000469
1000467 1000467
1000465 1000467
1000465 1000465
1000463 1000465
1000463 1000463
1000461 1000463
1000461 1000461
1000459 1000461
1000459 1000459
1000457 1000459
1000457 1000457
1000455 1000457
1000455 1000455
1000453 1000455
1000453 1000453
1000451 1000453
1000451 1000451
1000449 1000451
1000449 1000449
1000447 1000449
1000447 1000447
1000445 1000447
1000445 1000445
1000443 1000445
1000443 1000443
1000441 1000443
1000441 1000441
1000439 1000441
1000439 1000439
1000437 1000439
1000437 1000437
1000435 1000437
1000435 1000435
1000433 1000435
1000433 1000433
1000431 1000433
1000431 1000431
1000429 1000431
1000429 1000429
1000427 1000429
1000427 1000427
1000425 1000427
1000425 1000425
1000423 1000425
1000423 1000423
1000421 1000423
1000421 1000421
1000419 1000421
1000419 1000419
1000417 1000419
1000417 1000417
1000415 1000417
1000415 1000415
1000413 1000415
1000413 1000413
1000411 1000413
1000411 1000411
1000409 1000411
1000409 1000409
1000407 1000409
1000407 1000407
1000405 1000407
1000405 1000405
1000403 1000405
1000403 1000403
1000401 1000403
1000401 1000401
1000399 1000401
1000399 1000399
1000397 1000399
1000397 1000397
1000395 1000397
1000395 1000395
1000393 1000395
1000393 1000393
1000391 1000393
1000391 1000391
1000389 1000391
1000389 1000389
1000387 1000389
1000387 1000387
1000385 1000387
1000385 1000385
1000383 1000385
1000383 1000383
1000381 1000383
1000381 1000381
1000379 1000381
1000379 1000379
1000377 1000379
1000377 1000377
1000375 1000377
1000375 1000375
1000373 1000375
1000373 1000373
1000371 1000373
1000371 1000371
1000369 1000371
1000369 1000369
1000367 1000369
1000367 1000367
1000365 1000367
1000365 1000365
1000363 1000365
1000363 1000363
1000361 1000363
1000361 1000361
1000359 1000361
1000359 1000359
1000357 1000359
1000357 1000357
1000355 1000357
1000355 1000355
1000353 1000355
1000353 1000353
1000351 1000353
1000351 1000351
1000349 1000351
1000349 1000349
1000347 1000349
1000347 1000347
1000345 1000347
1000345 1000345
1000343 1000345
1000343 1000343
1000341 1000343
1000341 1000341
1000339 1000341
1000339 1000339
1000337 1000339
1000337 1000337
1000335 1000337
1000335 1000335
1000333 1000335
1000333 1000333
1000331 1000333
1000331 1000331
1000329 1000331
1000329 1000329
1000327 1000329
1000327 1000327
1000325 1000327
1000325 1000325
1000323 1000325
1000323 1000323
1000321 1000323
1000321 1000321
1000319 1000321
1000319 1000319
1000317 1000319
1000317 1000317
1000315 1000317
1000315 1000315
1000313 1000315
1000313 1000313
1000311 1000313
1000311 1000311
1000309 1000311
1000309 1000309
1000307 1000309
1000307 1000307
1000305 1000307
1000305 1000305
1000303 1000305
1000303 1000303
1000301 1000303
1000301 1000301
1000299 1000301
1000299 1000299
1000297 1000299
1000297 1000297
1000295 1000297
1000295 1000295
1000293 1000295
1000293 1000293
1000291 1000293
1000291 1000291
1000289 1000291
1000289 1000289
1000287 1000289
1000287 1000287
1000285 1000287
1000285 1000285
1000283 1000285
1000283 1000283
1000281 1000283
1000281 1000281
1000279 1000281
1000279 1000279
1000277 1000279
1000277 1000277
1000275 1000277
1000275 1000275
1000273 1000275
1000273 1000273
1000271 1000273
1000271 1000271
1000269 1000271
1000269 1000269
1000267 1000269
1000267 1000267
1000265 1000267
1000265 1000265
1000263 1000265
1000263 1000263
1000261 1000263
1000261 1000261
1000259 1000261
1000259 1000259
1000257 1000259
1000257 1000257
1000255 1000257
1000255 1000255
1000253 1000255
1000253 1000253
1000251 1000253
1000251 1000251
1000249 1000251
1000249 1000249
1000247 1000249
1000247 1000247
1000245 1000247
1000245 1000245
1000243 1000245
1000243 1000243
1000241 1000243
1000241 1000241
1000239 1000241
1000239 1000239
1000237 1000239
1000237 1000237
1000235 1000237
1000235 1000235
1000233 1000235
1000233 1000233
1000231 1000233
1000231 1000231
1000229 1000231
1000229 1000229
1000227 1000229
1000227 1000227
1000225 1000227
1000225 1000225
1000223 1000225
1000223 1000223
1000221 1000223
1000221 1000221
1000219 1000221
1000219 1000219
1000217 1000219
1000217 1000217
1000215 1000217
1000215 1000215
1000213 1000215
1000213 1000213
1000211 1000213
1000211 1000211
1000209 1000211
1000209 1000209
1000207 1000209
1000207 1000207
1000205 1000207
1000205 1000205
1000203 1000205
1000203 1000203
1000201 1000203
1000201 1000201
1000199 1000201
1000199 1000199
1000197 1000199
1000197 1000197
1000195 1000197
1000195 1000195
1000193 1000195
1000193 1000193
1000191 1000193
1000191 1000191
1000189 1000191
1000189 1000189
1000187 1000189
1000187 1000187
1000185 1000187
1000185 1000185
1000183 1000185
1000183 1000183
1000181 1000183
1000181 1000181
1000179 1000181
1000179 1000179
1000177 1000179
1000177 1000177
1000175 1000177
1000175 1000175
1000173 1000175
1000173 1000173
1000171 1000173
1000171 1000171
1000169 1000171
1000169 1000169
1000167 1000169
1000167 1000167
1000165 1000167
1000165 1000165
1000163 1000165
1000163 1000163
1000161 1000163
1000161 1000161
1000159 1000161
1000159 1000159
1000157 1000159
1000157 1000157
1000155 1000157
1000155 1000155
1000153 1000155
1000153 1000153
1000151 1000153
1000151 1000151
1000149 1000151
1000149 1000149
1000147 1000149
1000147 1000147
1000145 1000147
1000145 1000145
1000143 1000145
1000143 1000143
1000141 1000143
1000141 1000141
1000139 1000141
1000139 1000139
1000137 1000139
1000137 1000137
1000135 1000137
1000135 1000135
1000133 1000135
1000133 1000133
1000131 1000133
1000131 1000131
1000129 1000131
1000129 1000129
1000127 1000129
1000127 1000127
1000125 1000127
1000125 1000125
1000123 1000125
1000123 1000123
1000121 1000123
1000121 1000121
1000119 1000121
1000119 1000119
1000117 1000119
1000117 1000117
1000115 1000117
1000115 1000115
1000113 1000115
1000113 1000113
1000111 1000113
1000111 1000111
1000109 1000111
1000109 1000109
1000107 1000109
1000107 1000107
1000105 1000107
1000105 1000105
1000103 1000105
1000103 1000103
1000101 1000103
1000101 1000101
1000099 1000101
1000099 1000099
1000097 1000099
1000097 1000097
1000095 1000097
1000095 1000095
1000093 1000095
1000093 1000093
1000091 1000093
1000091 1000091
1000089 1000091
1000089 1000089
1000087 1000089
1000087 1000087
1000085 1000087
1000085 1000085
1000083 1000085
1000083 1000083
1000081 1000083
1000081 1000081
1000079 1000081
1000079 1000079
1000077 1000079
1000077 1000077
1000075 1000077
1000075 1000075
1000073 1000075
1000073 1000073
1000071 1000073
1000071 1000071
1000069 1000071
1000069 1000069
1000067 1000069
1000067 1000067
1000065 1000067
1000065 1000065
1000063 1000065
1000063 1000063
1000061 1000063
1000061 1000061
1000059 1000061
1000059 1000059
1000057 1000059
1000057 1000057
1000055 1000057
1000055 1000055
1000053 1000055
1000053 1000053
1000051 1000053
1000051 1000051
1000049 1000051
1000049 1000049
1000047 1000049
1000047 1000047
1000045 1000047
1000045 1000045
1000043 1000045
1000043 1000043
1000041 1000043
1000041 1000041
1000039 1000041
1000039 1000039
1000037 1000039
1000037 1000037
1000035 1000037
1000035 1000035
1000033 1000035
1000033 1000033
1000031 1000033
1000031 1000031
1000029 1000031
1000029 1000029
1000027 1000029
1000027 1000027
1000025 1000027
1000025 1000025
1000023 1000025
1000023 1000023
1000021 1000023
1000021 1000021
1000019 1000021
1000019 1000019
1000017 1000019
1000017 1000017
1000015 1000017
1000015 1000015
1000013 1000015
1000013 1000013
1000011 1000013
1000011 1000011
1000009 1000011
1000009 1000009
1000007 1000009
1000007 1000007
1000005 1000007
1000005 1000005
1000003 1000005
