99 99
613143583524844011600633479815935356895722008390319111163798114101835680025926400673779009321547511
005032684018225635466494916259684548141393956155933516902058706570554038299248083344044623074472180
905590106148825260601565205782197433013127584841712410886132280101074295974224376998886361893506718
796794686235670995417272352777095427405818767217869823232996255053131487976133436565004529381349842
692656162775187256973160860252999886183551245064528413700837433070316957164238706342120113063172830
186429939816311488246091388822531610044477139084373217645642889928462373388198163618941104193539763
331924075590647652367754929060180709407240649032849689390675938547277549702356676697090748409171407
712724502596108559392508177337208198398390712411205861267815680054759794848084262995801922113195188
244625335309323561210631151988671325640777923019413340839341293499045663138580773680705994318286918
938160208267476124140840245834507394536503005648661503566494328578527764673394042566108679405949102
052453211593873471865262622137898479991381842313423550008385371586883729145462341788071646654677661
548234519490093841977723612349408114884178453839987976039182215271350474452805721224754402784330519
851356435880315976893415633795691899393114610854757291837457202823508333539432864558226741280232082
937372929847672978675354827353957544669700915093781053883145925118747701146379230069194339648896611
125265173108922370645464738821922988232472605048163988798102145854142427554444079337063093118402305
673322797965744045611842795912206877974018884834649952425310098339782827033531111600852509881404997
060314147711464062132395319455509025069797878050942176129898197968237904337674485281137547841319170
111067499548845625784308717636194509492042835593179285412085483864381413757868278966572252280746857
001410034333508599194625282830635778567215212179354087525010155506963613204359881389025001141513377
787044167895118513296314277996686730169509045220126105940894998729641223058399516652853024132467052
907940557006575538929982100107550863331355383089878984732751957852854839429047120268862257312271911
245293516110969932474812919215059680872429285657820452379913765377431987508206709837484296972628269
911235645828986423310273980384585056290616675345554033354490167929423473291820249889700470226536663
209854127028524807626879980094278475337521473922324526728212342626186175387212144084481993454096828
473048825410023916635323444065542455510391772610798008688160824694238190499529013265166022129171903
804088689083733966550027177566738339329009369412750217799678961514589080347511420872809497201756982
711999349089307125406922471113387060294940323132610024209458803650687418511881895053889274833020054
789645749981842129198600067839699778374390249243988515908117236776918597568210991635541699465066601
703125825206998279695310276850403814124753348432705479775546779479048638100728230520092947770423812
949759184682715202978709694955719168158663559292858977084073699330919363539142530304409345133099666
911164003225054266819666424389239982798914680478228418224419848564803982587588632543421516554073584
102527396949266377731417812894630215165958489389605168214545657812134596574298520100662557033005635
807552936805457942084517388323254923919824086925382409819191629145149120766649823084623758643896567
193456819595324084164601991539882498671192977779224698254989612917426444891614103623757198378206734
239522093143845810816330569962709685160836111960687709421669905294805222485676803543386153120272173
207446901392689613009926546971126483670320649643041709936168993125974301238709229198448356512375916
590135939090113007641693475292164678739184775918432333821241743561977400971806558653631114034709610
471062565088572280721879626936268506682775552740118705309352033595138439907312552936341806163113591
379779640664839975738821763200649866563554091214613382427905913712624067321980237039824362890140802
580147008381455418080955495342195970439972320030979823731966524386825879210174084096668880217991121
818232207223780614271299505624222787319616500553063451775904039650368428340856789140761382629899355
650856712454183167269420551149713396712101675770125909195106076384446390047537847506040488974792183
812855205693464758926619091283812454285743528677285468128692423426746008429884073948889660068369401
103124611249365444306859517459957573027029918276370126539293944508601488422013144304385680081063313
344413394565369969335106514577227310525841851932406347641108938434746774244276946040670618341147485
501398570703158890185197230359190777796609143539236579162668312776224339075249014464166804747895046
691971454529314460523520961241550609611327221357965206040635366819462884036103899571051548212197597
150516323474179288754226571926341577134264471887463025081400098730599506107372159539628005549405109
404976076464024508168226175624326353776576546347043296384403316400100804796778683324976614660599082
034440973672848138555174135339729259701334733841096832526286447188942423200237716125733500730098590
597602978965170606703065783064910007301599690289200100531280985308662074502424945146225184121178300
727481049318173578033252371121465548197961107207449114306618604885622093436674765907834202520635601
408762159470151389509868417193747628109756930246900427518984705709531148574326299821035000332548157
020981476542333316360664723357568037890648719325421631577232846078563331034965190601371818439577063
107940732862400665035220324018188621300114438789773027226139662881898254720355287181591281505639088
264859359504861169323902387383301971838394416367389410780608039480544232220998861921755152848550300
360848496504362058434434526368701627489135775104890466032959933524100668335433026259704862664637257
933315192999877341477639203890780268725303127315676428592506593394773086160982972374083202077107617
548701334386758165231658583416428222698300473625870963954602397696880020791124269680230814682768251
228378598845390429236851037103460270148938402021240682162003197464856473554833120732131310341808364
620062238844999223782250754521313955433838147118736414962824975181828041503932300988416199559589670
220434792031471091738611550625290433590720482583221742789662233129225686499894413353912143370183136
448461259434329372790094740611770600525669856588366801253708813410055917891790007609161292863853871
610724317145005709691284888070508443593786279170911916025322251449083288726382381865774464662981349
973710784128063561094248569992966338167585531258616823620295730307673953426614907457304412411820491
505146775754280757903689696784401839390749392287177060859343410006520705181586912932254463710177680
493481370739309644607527763699618607859894199122646535065960598841205936666355149996084431863163479
227894552853595878668789369633009095437922670005516634590207062695630884016738056050553965213874613
041514569431077501123885750152744538214711035838554329308825082704974012316131435772242430349931635
079408681665858762707638250145870813853346275049333241324528474120745934159943804242530411835079582
365068868297358898304253305160991130539657892675947743364324179986687608491261991114269803205467909
170538452093203190358657196543739217717825682983233126123125416455347194561095318389200088128666529
011797860730702090858255341638088061878868748289220732055266405096935753925335264424934640403372536
265223710602887724682789796296944076225458021993816972200600594190663034258491650738863706471878595
811758594441669670319658825766532426570817620544550565266567571144053712006627919832901150947362992
857806566239868073960334003395304394854616271348654805183547827103759691537496292535161863065243517
098677141113120638775518375534388838823521622159560169032525757600525421438973340275903078261676308
164421266281722299738309330611870990986438637453678835838842627686642623443858859954016011996755817
064640011486120352503272652330745799634050309087948315745054321758396797212129238663734742132709098
776210059072782453679245283995937770354261325720045673138248521845100132575423390131680328391386390
247964328053870685705804234613099284015469517783155692237574668421231052576432033074988228005698091
753527037419570685338472305658021180477228740986098320568027872759705602551362696080128733543911838
918893212339304763062536607700402038481951935397662869653943656214072265760161862495655624840545440
261276132210576530488209706821127094885284929591578732648001473957491183863520240203505783521766388
948987021932612407103588641741898902740737970259159212900514291839247237408927630720994704477789239
474216246851914064907543417811533667592457602652167777926353180834878440128530507053129600791879827
849051132745347892033859463139157824439523734991742668862042966345663506116269802234075594095920321
802433526976554860889385441505517520281128101908327942586831683942828569407838865957918864053523005
643499334802237460989370206457629600302594727345413747182935831485586778740722493195809510958099427
907117515134989843269148166333188390655484026178655278673572321200401625951851397727296372325320551
386578950621984758935919540320954789846786729879231939593940434432748698520236613344291408220316549
186748354822962420699627822069703379989228121135155947407920783303364314535338381863619562628978271
636749064240117130941438202945309563237572736667802718027281460898906415145466135711078442698437485
861457112083583003524663122928292790185024236704383614185558307616358265382038317086775182284160596
124248941851716344051620620315045063983240961060611595438402799606822676402555671219698689046163513
966480331170847836858544405606501431963808712909103183356910634611080080589690533241258835602844225
730771151206998977341109688559284756421932951806709611849920281983770443199981910167961827141632551
882197873230338048407201444047286146601973390204496441038392012616425401852070023614696953993930519
203338549695646290571738477700278811690251379823736958489021698011034667845193843306840533320281383
