100 100
5852518227005090954998546559549241095993038956447194656523421472105513388132438990454529292627719122
3372246760199230057673244831700157678680809379143313551956871349225515769230014053806718845825936812
9835194741368108513976304272476347511782546577321616874828217409097948506164917644100172818161204035
2445440071890455762201113779388177772053193037850159249513865668141931201302220036371735639792841771
3446333805608685571954643549634457611370894945345196913149104739264724198622381813984805053981826764
1161333545461799020078542076855253917995869200967381467013914343156084766012410954182875355036651125
1677661044352218409071019887943524928072039469144429092868695597958381035030939570494897255514075760
8523286657317630998771056399188607546185154125445023718965908897073031052642670636886354000082070095
2854655420388517548062715419272412669409632228241215426409903919333335795409752431567846719862297746
5812028798574759932528477309740847983084827790826687754075867174953731236930768661099989029263212523
0925534878485879933333214190345162607886885610442698766988273819738597327225383588678750807205741509
6402455557648405511448874293992078209301193924250868750214037090223996950522135378313268384191052969
6717332604972838534221709265010843082209164973273568398718671500338798404069729317292105363870390300
6359493564368138524090254992576851959065717282784291985141041834689210549491618638416070785498249938
8396490825248474766439700253431100690239048776967108752917763095323872460719074163863423670997017202
0659144132717746236125951678616278548953936643358686329281002658599222074357816333217169566692513783
3756984416484112251754776224716420380802042869165345167327680190962410278310931318199120559133462569
4194327397982705345410576888140846202266454765294596574462745381910181859389508654456526766435179254
4913830468395742400756670136694691538881146041902480860911843917420884138574287328618162568732874169
5657835151582136280313640532056726685426983441824439542338358634855768787580396340772721909275264783
9418999961227593761653954655132352456466222247900788603457916100827232578725740885932230475065763346
8512650062116625994137158330851910842693700676874370371741925802640643886922671439621039696176261575
3497797964559941626061909946349087728729906644589518641636046726143160105456536258235778827678993105
4230067722421147287541139135665658327042426850245985182601602015011517350819526486833363155530885603
4802766649097402657349402603300973710603925838900076735454543431043382154732762538969215496647102052
1433024999136841097533088478824398736875502592310615557263422354501591814640089769567031524284928271
8783777926860340526917386755068327203244711506020407733744405928862324556174655183833636553921808630
7433096108687639609262702049393214325518308280781112236157491640745789151445921547056580701897581469
7026171839475821409934686064448465865082718691282540081373063779980001222776485124138269903730154014
9461851952352566611724492815360215863748348291453132001326452096324814554221290091167794788706691669
2999594409266086544950326268620644094199621934349041116911205418372724255564142409951429357972123238
7713628919253425177207270342613404508822092680634915543014052089361556717501164138540115687362429404
9984874529822371095904720847779649074297467004651948760285053704947262674592137493464237389521745079
8966560855938637366507967191772124695854263270186703014267505008427518395525680419902463441807601443
4250519914362807292769934779819147854317801042473160214409886278056492960173433673058004914180956096
3477142315460868762105700866714546740572066664335253712419779436435920255161152829432826462976411230
2529820668295149339395824699639661962325843326721653390454910682946738939438333731199559578492655509
6932943441768603059979381970977483921028580459395561405779400182428064587630764575630065534111617800
2408356469004995760386885240275188623557584783565793468962788838144513769454830716062187477130680862
4871490317519174793553687873807249398510492877238619322877478614001353257585488245318930831761488586
3291270894200911243595211736552595483267105477624085854784159091847147353393275883021509306517300963
7891382221052128181401282963164807056170991826608141639159460059032528251294886965579995989392745505
6488220288680560044819225004994992974496302625980879216752926332394342320503503248549850627211411830
4625491262815034639434551831352847027105073790195377774472488470884742377560368419276108225736239080
5991239364856834770113270296857400815469541092983532922637011272913887749781879890253199398728441800
8964838125485345670211737139560009664561110368696077028928410974841115154130404729529563317875142806
1496628669292323213681107003251604011420349634284641322083942343680963261473344095448769259928712109
5261799355483875290222720050451593731601992501142831624399093308554003506953603281209114556535626234
2105849393861259871453369536815275610418667754426642331826636499003904743252089102449589001174330259
6657884480516898558631438496896836694053626145329689975174751803162405230265997164144834490334609299
4725325812832790086748140918469654966752653918461733798954601830569409196215552158653595790053362554
7888050932593371503328116149151291740863826415910811107036947888064677715423991989105507072288585797
0662558097507130598108565434393004136525209779609677546025192819848532139585667323194549929543553918
5281308248576881070028330002057702631677963889430721065341472617353635032085636337775589577495842967
7416767501582422531565922580402299428749354854970488133412498535422681316968857252514676880999604671
1898413972419899198023683837037047039947099309987059512017472242816221383119213397685210998027849203
7968733653159867242666690963109128281716510195675806717237410983271278934977871956296101726120213553
6435804493355975585443914113516957311265277192868107591575075431507291112165524087777115422314059636
6544313321810628551996101377460449788598628260349163034682234383537244757307269474123967319514737240
6858755529690979814296857459884039041316758243458875482253769669632787133658959228678748061540619662
6732382334345289298034258000137599769231692958984199227134814914740018976331324699590837632531696542
9415213738536611180140296925902450415866329782694505096547656439351805350221230824830153227816927598
4789601515884992007552670510263967515287343887470637604787679586988641229561602113377859019420817249
3006917899822392346446274844883460924351302353996463925763853817618567482045211379259606301543979474
5204684878820409904450167541226758864169995403419573733931091883555924396061525293030642971422393019
6068505804998034153643089198711636043589371144143556681870638670001579803024424539299952428996418387
9334364626237594638583691699042408812179998039914238117127008491795361759940112703492764449222451240
3716262103455137988570996326439027242109454155026252423830138967932749600159994577755471840485298949
3688888316539792201762859064590628744649722680581733316362042125428836950639303068071592041310896501
4767765145977651583323798951533389300919658290478042454695214781569831649325443398672607553958668879
1564601294528094917633482298487562298044220433675396543996896674357355254021056301306617315905381136
7112648650918802000390307884204579798631541640506402433044846276380854573935943513547753178024896326
5315059905824671259398418134120117749208820489264593944274194649223950811745710753532080759940923111
6997546185306021282615804214640912460388745463176514782299691115670738466146462225962197532724644399
2898771363070982591649456077605073196868182483427563115618215470654619404261537380012777015213725901
6397313554645634630339663567232038417299476668712863047650386577673056184034693107281976375706431673
4231784194702780953431784574596998151823062905649581961649029381371609506764705912224761440327533035
7599772320378677756114073438902097131002147165873527208546939104309197327516034552269479444090295832
7128064176038927166580480374930559974914375254837795555470875406881295774037057144778384619570385279
1124643739757123616594627115609990094562993709800735099352270913260151147532663018144514686378933099
0424681780710462603818017159938070572951781665927093089378183811217389331893421087643318890331928164
5352975659453741439284619987713938895438217065693505552290841219257193034778403932216662238526793266
7240165678821618921057105909247612776509840708064245344933644207823981562496962599610675057887617639
1036293621363200937040742689608597307493007972152866244931518023940779196421873359421632385601238391
0504191045061861625576868330247357998312924114648324282833990486963321957004293601140844437842001029
6402453280560441861155609925707454460085150232230374361376018169727771143254880235502635693239309889
0547695698173225829299976882432048551910780175152036776167917522339053492708905764035270730064617744
7019350782105645585388122310045671635924821148041212210733947424167687720491053617468872287918505311
0282404988391966473429485462816541666570062847238022194799203033831413057399924174724256197182047224
1501833373802831448457139277714430034891194823003543759916752298919772824151482986674342438480085583
5596344586683956586099125858873194177026650227898902305390229430217268389859448272106887598286639340
6110038938402971615693800094451979461335122686497107938552466265961907809833968982155175152990102829
1493454969064181587230623923365152444588046314496242449844912129778020647377867269164179342487634584
5501098816876793826046392701431261166537592042772455271455397472524349072870227733001654681112983967
9333826544405714709353992434347507188086560202273068991225060669787072942409417688338424119783406473
1619161033018719062201620600342247815490670138099628182290610556798201135378159657529624097636970173
1995899075200389643235576904950266275927009180397168299676319312744072283341139888162373367079232059
7214982327186957089868843810533722671465076005639770883333837595186915363063627024217499836919244997
2202649455293767467218358732856212007692610415056143895252591443138956036836010569810304202088904649
4627683750364212093069569527059039795029242946889644304714380706366917731827892247119634588703105048
