92 92
09819711083556355238227029889319753874075230510715164420326642144144457355736041579783256143
86698820925561126849332977473522018488692714573636138137094550430939490124731754834824176767
28126806315692072132839838738520057928505203807963788947146727753469187271929333198540754815
29527642861256089443182571807358901649478603443652658611768324855730876311028713434883747437
46246891560439940993390593738545518856058780869080700390981834204692830406572992894734668840
67022338302802672752386213752810287763661149595729573038181931075445323659928412510126878025
94834251055973670875939632774271669697533922124814377368174744410173788187151626324542144129
32839421557687884703217168979209512668728149386061210173483878740854632130521990121260604460
94185254836202849444707505563735108478689307550088960164202852854460973794260590127909158651
47368362800755450462745199386094417725625256112651844601772650825646854002710023166326612139
43841765243934559403302498243782150016191521973932636813543851091015412909998213323345828216
32355987529728189914980724882282017978019276063630203711911947238605765236720814697448876797
03503041546435781072238270031186955376847336369122576642092464566809257070932273025370043604
34505676441951253596178458034473002485533091459696007104894297223890888706813701616928763331
53050887510418435047576126552985947587569524741799653009163055010600250873900178638298988313
68645606981734240880255425984674531257848086604559258857424358768108951880873760332179786967
13776846186122085427092554525209561052718664128696513918734014196115840170872078460248854235
67443524689847428853439515106901268470206896278388993379060186267885682790733072413206524543
54949368878678972136539174041501091091720616232004620480409409360825059828471652126734204981
95398048048137958245499734730571185203182897944427630807835327641038267674768534978102209805
44289991867027683201760875035411443308993482926425751909099206620651162102051739962051861160
67549248670765100244636033996400635121776370036212848547869555847833214468948173722614794180
22220895589649943227339036078208459435217069958815001547801726949672295018872173272570129314
53249963253303275405511838528773741517423086013941624403368722254398144279838920353644776253
86029909325909868755181883573835539942704029447769573632732668781378312632446061270474854245
91219168541345353040249953291772064128733414081078577515444135537156884369649203078867930501
24631941196493510249794989226068871121843988715868797431812416816402093190304306481739289691
93120505109465048626700586624090149337580785868541067288945159556938975862186846455124773237
90556035175977159916906048012582072924404716393772849679751522515906085642878807790815849501
93626155842875557470293221236306425889636731859233954900930446623927356596881282378534598670
76379406616589254924667421479514126988992510563251553476463013608843240440771683908403319178
25400424716924782375384345815097385830276910288894845723514355396939739707255059564164769847
87013565766819149901961219349481687971643889550490445687926581148399132208175490246115780711
33668232096882868251144393784937504186511288133843387047381809340706416378495190098338477801
90779429506572718679597909850472660822092918184737400061949435515698388562981249085362989297
41352332210903398820526398856628990195197562279722045881246427474527367689443424355541216755
72794593013499984589666872403252980744643690775293316837194497357516775584653249642516816570
11841098054743972888954611210753720640843869707894945266699001657538387156920514562680054831
66314148240177850463175110990637921580374179093238911798299077213575284803692388672613958863
31944406617142364922503960214832155329945031820873238914845174854911766390346454209142677497
19195467935803347223145595236947354265468426344521633927719251415607525047390543159251167454
70659143587797529648946054688969650601938965796241962413824076692062238328108849292816586525
69492336155340753585487407723715838309289792710106087248368540919992854154770634699443006790
51304337052342666753163870143354364992164969813842227775010247314508566336081959997327336825
43804814004531040337004889182827208540271814062307913782764063330504550617350285773913106369
52698946173291253712239483833081090183043726782925336783032861041562674045029305516324267793
72446782637984424587069124769175828856654753694443200075656430662628031998348069716418782259
79434889036203830943728807910006804707968863970126114590471478515846421359655499897310895034
50317588243225009712233148243239523509885782730381893937801811513562600570831745555683347565
77397149965156603112394819739901335586275525733044439316974009346274975393996645150725660187
17284778634480949452419018971563774171911941740341029804516159349062875639300879747806392428
09582352089244661445883468259350927902915165990552381538729646124713181684097298884685025716
03584732854822593726925895033746160733407225029383268521497644641172137146218374307427159773
15265883780213148412936407263140900011360036636159457826641541578978602684321217706709270784
48160188240608453927913953832020239106448808019512466215092318633482598969413893368799769864
19182842677298988984166074181012709722917238339854929080891039566898160138978849836543682023
51433022400086633051322505922036590942364487097210443766389859451837510418597561322442501205
00793987463690070613861062048074122835372032960582272114093689270307361757414752758993573921
98886508605717206598197771596093622262213972999153614608158915118396711588032091991629889466
66927703188081308842111371590276248000851568540666249262397695041042617871339863887973071327
05450298545562268264415793143567782152019822858904526373377570106572118815633721997205680424
07995287199018856049326121130937797384792279727784959686982429128209876206604297722357424846
92860500509226923319906927489686640912493233848401931794426051909729503026884637173118678029
68970284895064980135438677163306322319182560143949321100361131101841666970152112116262615737
58117975784260615922803310156767057055926345848879999643314978275080181158055691936893010058
49679565544419643268934184989226973214396462227042038150723904818912600703723384223783864394
51410662749051408820487409276240281582794228470020064487883835833340214002662379322700196755
30401307298688491630087565763743947819856282432920752885289114030565331424282582669711226061
95438570440235113068956466290729030986362084851738557563865322859025508953084430491748016723
30170363930304486221301571493711608875241075152366826069658806946545542788571649713894930592
57161240421930367957497051200373346386386368163498937091062523341405661157792991040323951554
70241688804356263000836319439908259811274837653782023933103706513341208660669529244580059400
11444344510935397063071054116017409683371667089872492327870634188853791065410248665462372506
07224253575334535217200692517526540308070569666668546092077501419283521725082037174439166070
83415093144918386677190980371140264298267979476398927143503151001251583820279033045336279424
97974344918192668419546071669833503529665942919794050651540795361697436602776464081784338561
38875120050900879315113096680132032819497509353281289014023630458450820320629862657142956068
58704687760932727712671521827655965231336876088220745928622853770626646085415112995957247011
84448411686783574821946423680522567308519678746686290018749410602713130516355479005861821546
83593408025625370959377128136676657640958929731700285695651381568390059896726362189105020804
95911649732591464080464593964567453756194778088583154279180154649833086068188131219861084267
45355761257589405948925252138291502307568481004128487464634877065115964048997241939024183990
34735146691875129779038200063335699116848659046545011273318417009269649098423420862507815005
76929863353574577014014584265365733079028220229153379264073553582844741006924322139064943563
06005812780834957357713792936697905899467696616254347336517613892348220702131606375363961822
27038706794925546520009696816050049806036650915976626704046119157676195304134858840426441920
72226106605009910974624154380946016259711688366005448697563421443481895724655344227499835613
17138813926459253249776066725643389698060029042207031807892962134056790637534942195339856711
94410083474731661139715003796643508453216376694099795577699100147324115086185278466806774279
04601039513346863182213578166888291225927633757832787527003661523973531632552829729328145173
48382147638644655584006740360053531579022561366002749667729224327768187213308911091924455715
10292794576215037043920131227812678490713904184622625441229958870201054957878501435440132270
