87 87
327267764778956773410020408723514557730866282855413891866857194649149258489187490279395
429733110741147876733839597475751064546286890279821689590092060778837678765466705584282
907611871745182451675784736539213340299621349583020810151539047770156759826811617617086
968836004000779001843911238237322617733280686717461997097435949260869507777090451208003
663907958683325496781141602348880713052903451446249445529839522305870933941507563019846
201927861075666050036331349958323138640235983023355967691506726055679046712751084836840
745194159636309129796383260604357217492513193912580676008913652141656356824480977000359
337945746509135166471270403991331072617439843073404694464929635726145197083236981361531
507744731729221265198650378711057332451644567148399928033021124551126410646198319591551
727259207299717079153459461385071268246566984312678570961255994426157988729687775377530
498012300415753416832476630196893254401207125992705970841304936481524706621535214342496
436979761379458832878154132200092428972353816769588960466622177710796321933123663658208
469739116203470121468467474894988999067628893864065063589735831617563737370659571954448
192542113493921455616699161522908672191375820135829741100421882360944224067612273919268
302894865023225646394288359009608861339435440192518132332574831293831008700162908780408
840009624624852820409529179584533172202178408919616031742987460078315412532739399226923
305652819772527193280290599565806450967520861062295987808134994208962243101381356772728
190072082632782228737575677215720060218658775432301582355536362015695001584686097291541
149923648134162107539680724034100054386333005123627173062464221525874579355594883058030
721664830208384244206740600247247427603808260685053523411032072131465559387683286775224
360663248292146649008029421353796019851567520934954297093340908749483223627220894990786
266393697037874269802943295793197066481860059277150448040606574238356308930536028949201
673395602843851663692818295197924504133132254715209332242999813786532597469486269874168
711828058696961571191347615873201350768898663688862154114091975982733748461730877369402
563358844701526992506712835324092109227037562869726972678538061849953482290996964878131
822660591974284262964031278253286037834017794841817476137046711329447433847749759181621
442338819412634933120848374721627489239452530562067111477206257335111702266214557070811
979616432917154327308328698942007554491754711090345346300864490974614605729080709404393
933531359960742907958395853676928570620540987331720250856102920865188582199076675331003
437781376545875567548613155789666798290044492459515748993026662595016450522357700291086
707417314166446559033717517985747149712172469319914565926744235419439293056667268953693
073721590695986773128833215116875062434185530648481481441869825850991808979391706190240
694041425400819551293132652446192703555756775525439290655649565992711916253040552585836
575636927143142770983229920488633483083856242081358126311270626278940924227582330150266
574063590353208650803798465955270915041561442464895043111175902790022197681483087143243
653844519477478357300992953552408839026750073169751571287492700946361629303313740854973
509424639501701388894575732298541949084650335630701443113830212470018606567662286000127
642692512385690745754273802812623998758995109470390691524473937513614114813994368715123
167414301061972711603470737340144029628582250687060532346955257926006680194909728399574
337620779424111398299802506360175353262218886507921038836220512777933631482661308182998
368238475939555225925348897522580046545800431193225463103740799729514656573521845587805
678081651926441287989899651843319615598628485625931858733139080447593779423017718579151
448129405286233207022288912124313728987398287953781884720736174252731891403526536983463
477528430241015007097870867390023572081887086579238694620746690137804066343492043852812
749856484469117541352023929415688398513108400143786339851006230699097174721691966033612
904469646472246047620743616610530550490384178493451452966007929474039903530527401038050
791017812460237863778299427210021149722177096704511022813845470170937140366921064755199
592727324116973700340609060502383853047429877755018704524458932256567327412687750971861
722917568489108665487482035674363087524281835821285006068015969216870593472439818929916
706322143458065096250882611378316704514282891275658891054634685150185395979192634410584
980694977076084929057860184178356085226861287467245656465042073921563209087025157475257
504060495270741273576821652362314890157329201461576900848938032598790479591735286495962
673999284798773404470529415170572014241073362022184735646970466120689212496950844161118
741013744523854853763238909039932019260753624041364511661104469137938778903645064321775
274962925736969590743112529760754810381859973234742855635143002240999371896867391556124
187041670614745194751198933758125534381387843359323714342478836878173701889309126492284
023047111628358785342118042220605651074339079955020522013873937166985945958501832196026
372594711419797248098917564433826479800957763811465045844973713628909387418719008595295
725088846602308067157715931018886127248117206873767506229276049413346434360199089033767
478741566665676525912242777465784354819505823536055901587363001750238295604667423670082
427549824306752622514567581679789921879441695529064164036845788760566395876756715977689
797057938205832194845632770820620804689353696545951046443479124437658338086756378924706
588201508052397050048412047019720759798484648329141461003735795739249000956699096416513
739570596732738956313600501982572369733048580926771464597161710162343972518936710450500
459528727676579588390555784781772222664343606601208658298290969576706649632946167344349
627047905207992413361073513602445493096771338360188640600058734641976237391358178027832
782060374938223919128734435729101849365368096599273851386363070592126408988304690293895
416263067611829758206141230576176849577496147155516596946625499982789798636626349371171
968448277376002310984490093948530834209083447468545763222126482176508963392567431397672
756568742736816608708054139729740281669041952314406390387056180817935957897452899895157
824318798387685534439478273803911802107489858785129693848554166513646979441505500957546
687274927884206502652070370697884783374125219274730175173504544819397877165141890731809
727518971032108798521665241522141580237191945736650059886306923479354884458110415478317
798800790154995291650325293570923114238337345229835287296468244366943129156611783836710
216024595296971333156638453053599085427889910719460808347848911272902924492452944639391
002876223878261145665532269298899874213267168143850006031012611325195686563955689654153
952954473355340288968646198178619600564031333860917938752723228380618442397319223757919
082262022422214688615930375399704867554913210037654682808345680989037703494638423138578
286246044393887561548655145748980494519678227813768240398668506322364260497912905050973
914476093273490136175197886211068420792342905688440471689143901458528898733194395253133
453485301551357474361291595938845030706227725782478642638944484742448414019361785941741
431901369887053525249398968600047114716501925378455881715458873094547879792064323590005
093769052405485222237284752616454610135656637173721208049099765099857214187792203572690
686755538482536458064085131559591422269919737344283696816927663040228085325780141620483
571671036958095785233343872355124128177132154133781096002584676545475186225144035155871
380094214089968690706720434140945732711814185092090086225331246717668189488089170346550
764718366637262254504952415870916907109851402061181095664670487121504472257692110426873
