92 70
3815243549488782742731924603178064638193096813997078570536313086269512
6835687737226054108579325033072710375157796740327781842116227919782832
0527692372310726363712346187075310934002744078393909118880802013932244
1297028683063119266655489172127503061726708605295378475700928984240809
6877362928118604328315734920845212568628079785913825136671451003145211
4476928265086990403677389003104951488749183942405998503510164008581016
7166774926088779371367044031246353132159030970961172039128652195665235
4984070743035688308650650697438003385706758956906106338745643441983495
2767798373462466949316461832216528807193050983423741486573473642625127
1752104010724977542366812934151177148304221075664083099993112834013290
3987786562265064969717254910681058601819893708268495184851110067492887
7979938276548889080044999151434611016584825982650819429301228362610717
2536073548683694640917713303837871027808025359413103820591435243533294
9164709194666767135346808665629556276397557450670421750828549581759104
5572452693819801026054908610435710142208983925333649189989159820800019
1714911123409901060599466993775514597803011708002517127702352361316835
3948317671863543310594726321245931265457372986897005341406508444015387
3684953357266052565211140151871038661539251982167360158670381294419133
9146632694032161703039295921830140978866263437910691987966777362974551
1869159612267375177343431824022617209447044179455527133481709591854630
1821255210556131199906515068345443237751169826550348749782979482677844
4549858568628915068619752814918119310801798083505611708018694118754134
5970521031704257942870409098808275708042153007194621410873183958950934
0946460629833902769700293641808941319924148274736850289346655538212781
2271399366288313983582723335973070907586047996134606188638129176380143
4654057448099572801500345711070838417626480369857519266334722345300690
1388698571191685439294624978778200584967522775670932510320361092480400
3983956472498974273090619713866810465179224414418247144677759967654510
3159432570820401826830588614443276880124827255951440431973460344188704
7451486248580090337880789724796424264935859722851649258695792229340321
9829414014006274422202576714574003949309847735828941078252778022890377
2994580565432518502706172261635152192501029244802332806680413494911305
3705523461765503064146206465639586936874005195743605452732753477372676
6061969471177507711971222609788317105757283392086477005219283501088452
0837667321397402657045824780145560807428523751014621275143572203180933
4479076986685827991464787481325166924821436308222207268250338454472623
7955547859194139938910824454435894030611508996176062311173171082979572
0663690501426419052886992170827276512292256244127681963235090888881311
6221799815844589546925029039154999131134082157548854542145543804139992
0488810549408052344172193746406477930867442535089686529246603827422160
7771412227374043206734192456656875389947042205148604926743343444553647
7341765501587109184749525407203179365061009289671138443271334468155021
7522880723483631160751431963336317281743883850638241677761255173629438
1952857960858177662899846398344277322075996134518854284275371289307975
3176630780524540284122999791273042593315836794284705629186641936536158
0691567504562579292812253163848542966219864104414668665269729088938358
8104824103981440732819245345119756868183959451833120247812274677502198
9114834940963436437446752467499199648604125863099181018356182652837688
7040309901484594513866473488024142453004437698633602047148887878860230
7148629219574316434126733112513009235027191382968817268785791589232977
2142229418599995343087696036706380973721400005986078023811858214229395
4205043398563971730859765769175066606378456171983626631213037467594386
6622896863550644703268197927788694403117179979178565956622896800654717
5968143469289684874343119623194801809879968144365046780423707972097075
9078295874884694581349180795932767233142431566313066458521522944155983
7211099069327558412242393652936602702700678773571744722562736250011403
5994517381055962655058766648924370465242854742329367304700171078691188
9063689707910585599055860164412425928110372815054467755430207782788270
1584659252498989478985220836749700320818081050845228604586659044702116
6709275296707736052821253526236799793286913141823984348455274846193831
0649653057477847925457933927305522767127411347244666643114550407121296
3519758922861910951563578496505994699102076807145740682666574413540602
0181880421914578269004952411009057257994588434995490283986296978971517
8471100351889028752425292852899211901764520599464856364393325409691728
6523706745263577569343258773601348434609783505102577002530094372083047
6515629422680903442455842851905934856971890894978586979291793353424532
2626540100744006531592816346619238708500085404504050921618673246960036
6203995470055604273778961909943447215272492562386214335801616196986424
1789050574777162142998243622483483777646377717696032121457664427724780
3541189038667503309642434942990263452072240319712929312779217322778860
6513302159192594890245771931201269254910512808671728461289917923439924
5481544866335133528710836442956096567762126456654623699529011109385371
8068013513727814470369702287070416299436518419062149492302939702725306
6708547145540621446082491711995169136020269136558352730564073084882723
7881048133209777733136003494756332029695952111590321481679558459153669
6558453936806377749076164427897852800846147016103609620626117658862423
1438972838947694388883512090545235186448458784045219890294196890336894
9548989236047645621530877868448569050874666198467374818261058831758277
2330458634514678753712708308304960157127920687560115137172178640952828
7932241215062350353389424549540751842991779937796161186545333415704059
5805371941005115249228201860376687944385469431077751282078208726359659
7793514440380900757890701457358341493884860977619764210259610216115553
6226043426832030713789048590095841066269482029577764978341725222014429
6308595124997566731855414780372272985543666345647147889977804160288409
5841047006119795509032617805665599502583986980479867469841595836098759
9451128023397948853389413525205519315141679817669920372225679630364253
3050444924894480864510083190129359743423294590027594244164482860296335
9689686460493601197636368060016884100348629311392276925445961840157680
7540695119248192327597940765950899284115193221775195759297727943389398
0955468745861072820882466252894105346726534507526220021436097778841744
3265509999894009107298690347469534666864786304645364770223617809268173
7160169992454210196585147642160552782135914085374010112684556606459335
