32 94
8980599852736832625324225825437737658732027871191945120901660815196213491496733482857168984436
5199119449625036241856295088685817736962101382515721907020838045684589964398855904257488737647
5625493459046410869621671863659172571728516415349169725464175488264653465423880013733478769828
0427939591385975270316161952067390744940710348143973087622619360509931283514145424973161906135
2252982048387445774921016339978951827875298525701138769399400598510944680057356527369670271695
4191087362984344407252989492802104133183602866539124947765546228189150407421601091333442966139
0384801417090632618619182661878046651245041474701336373827137297425281369895536093995225036216
7176116349516711965873485500442479768854249709992851238606667539562682621810865634638486468308
4131828411241226619683516924894326142416870420093032158263099534751218627101274187243971936796
5280667810281698685504605955114563590927505240267813383256050408949986997453306473937402573532
9515208746287558089441244750546311673056643723235168881147705072879503407764443898482802741318
0550838650284135230303428642712404192525127010443468019929621105234301457237474563612089484888
0694401028109588046107701449529688451605631149097995788457371660717498531516307091584004661833
9856161681195907916736421278136182062553560066184316118047901594591439116433701188334007822083
5662520730443173011011168340115698745919906180680458793540297467138588505265955370547357645752
6332433732888163674571142435460601685687756253875508010446613729656678818618165875147645752949
3326270872278642148799957881109209208045051206604127303173292753513525604416410958510289612249
0502632778479489045744760385070606437398609281229974877878160567050633265919202147882503394205
2428294226805020834878181969726751993373495335786798094946731555619182215414216322562683119582
5584075143490013049210765923506341436285305618378859995524557321422640281480102460671713381642
2812082866474307114324997363278393150054783677234576986941612544987351463032270269102557171153
5692204301302690618023616825063136453592607259580500531937175358605386381359580573174477138205
8565056514666926904422622765301454476516004063010084660534008099974503114942698723049850722634
3580267515818313124602603964617310743462687517750983234080490713425883404517036152709366284985
9674437941402671303950471011234505554171528976462875578326097680786160361776675235933015084109
0285685518886223657349256182216424421746707249737630100464361793005613449505983254349267370512
0169752022792831246438713396124492250866031705735180574642163694851773236587249267745777726096
3795838079408830027288945569420873545243411681140481716159559907848764695143880322908429475784
9007663887604865870880943393019876984829549468648224517487874147468393815463697081855882599725
0797539338649363493700527115365207479875386481837280676427975017076322301730747405865128921477
9595662284098920562697786339890273241232895168987948561654037983532969343044470752329053063206
8792755081442684539181737755695436014260685426643842327941047794834994601225672468677246249872
