35 30
889372909871595660265136121718
663283212306957196173873383225
419739280265913576040927107685
843753631816367353852585733856
704196709509621790626551398536
244502792328711745702651154709
603059530123388424593078086890
552271588691732517883227774410
296148694301614767850592264760
284660450990876347411138692031
277897894952728640182411726295
217063041371317240210927548604
989685758466383331383988042858
486054980994353062298723374781
719712844416200577535733791544
762164169445408248311767722730
312862862599455454281348951345
797698392903929365135066772747
119212152231616401732585424248
208401288026229907733852725977
782148614216176650506483653426
069609717905972661287983844808
519337786886460746720635328953
521005715310167378956989547818
414283098753112846218586906145
604113186085078987898213657140
434184520554936707751483128809
017914157712327817988753439789
999253970095225371832594929667
626239939976772602743935578266
541016631901389145440593636612
277147051611569297881670464393
723129268119636126048740937925
074208216602681336420883157009
950937079110396395152145287697
