40 71
52190657505282976853657872751122666948876960734594890175525528942379279
60643519717782785641721411271386238196090155269766194213219217299907311
33981712108034405383745083487654358622672389228223161268736202218291697
28778371904158760007235727602474059822173481992419825805526995141384286
61924206571537523685994851761893425097378791030331237608352001926471865
02999155157350124150646092657888616327962576264601056413067922850347367
09978206431600572912948984088880429427022093025847188095437327416617626
46683096332336027197181243631768998461858526971313768061091724448762850
02808461752200512049290031946114967324460822429620782566410196236402562
21841515857281775493688463433357059892527666499670025872039403986104252
31559047943957452656652771503574932934615612607391078708844436755966785
52003958391378777339840160863517777119009924339354109266553420231135336
42513619918756957642179603410524778579173329884049306108618618420359603
82149284869998537712999950214356216996783469272381384725224187357835541
12236997651796117195719657159385636875824659037614204436720546400667333
41850120457093918751721707958762443384536890656068298008987926409627536
40063487641297671828664010777955340670458776476560044477204637977788891
06158897809706598515932594165935869132692861765517363139923609534460388
85686276433356158424454329490485907162249918911772879712263911707783561
48885678745237530790255798946859751424852938535700153387313313771994914
24214579061286970843783017586295255559702827075906641483341499366154449
27642940458532388495402259692388575908574922241567755472313985900704207
93976280720684105084866231638438141237631941119905558420073400392406436
27621427851824411238483535480723106368899889097750618083220522766173750
91737279269692030442494152701026470571866221640905896517938667246048307
49010268547673871959254287871565434640722178171133692094910395050471552
76819081974900496535092812244903290892979965054444661961316548169656005
28818963227275134543520694619186808306392020449044312243883411034337284
68838836174123152547497374331809937641539486381911942737102301518456483
32910629160328368037636543255668232870481175888986791069535687634058971
13432289411384977202135321544953406798113450720355535477327157157302247
29056854013652250962120336587687224847871602114523130927610634190890969
21782559739129862474154189630902730804357232562370768606064966842278584
96009811165837347150308018498234500399644401793507496938568140698293560
54670883902840000597369099091481561874435234128546423466275131201465732
67759370502238818022474725858810822435960250365090252069603364829524265
47512027662329614708962417383605991398651804501083787212465460537748784
74175246839613982591195491602987408257427514772034729605560723367421895
24958983382109831077348900700351215973579108637753774955407861985510485
71929941271815403700900319275152140879946454204690975895372293243446351
