32 56
23710746796921053651650887248759657513709923164674425089
02410106580853165776544752087763231442891667012101543092
23063960483553438330832728919013793154861479564812058634
04261151115220501416911789180796767516871889993509025310
09106941279014512225588679098375275771007765409645819375
93350606188285421834947924215976535281965555948236199923
16315479729774006866050503331705004902855640741974113995
40029195198499435924914877198210767650251702052567481129
28300172877323107376745453570906210105840412890613071962
61552074180572360394692913791976929043409239345090838026
67456638382059083839998327585487567370821254362968766570
39069068923186012415707133876649077351261542838222180120
27183939992495565916484643306104320496346089232584519900
31536879720608512864591736305899530226452341632173623568
78417847751975301166781192300462077628810979980157275226
86870655746964209713628135709510222109025618265176209258
50513648667052696090797206514878582022433660196746537043
53048634164097897505476187020166246357867281012880862828
93498459596185517817121112210110077851425558292566461380
01067097382211851720057448486791570075180972707962826067
17993882434477889513922529251211567674415711384657373048
68704146152098766444343217988033493866625240783360149899
88867521255076313484811725045021646516762506172308340083
19453603913863543420153206625327891190182838653471609444
61151845877126354202851357605833988055545557490711097395
55584381231064219663646970338259152875522722025455999785
16547468432874528510062238636851605758748065727932984954
52518209976586277971175287938372755931398905790548663952
79827598921585175567615100396044559696399297341164581881
00049515634216571930451272458831947890543103659074088543
87312147036112977654556389556650408962889114236786535585
10527010413808650029861669302407084974266631739339896408
