46 46
9000000008000000070000006000005000040003002010
0900000000800000007000000600000500004000300201
0090000000080000000700000060000050000400030020
0009000000008000000070000006000005000040003002
0000900000000800000007000000600000500004000300
0000090000000080000000700000060000050000400030
0000009000000008000000070000006000005000040003
0000000900000000800000007000000600000500004000
0000000090000000080000000700000060000050000400
8000000009000000008000000070000006000005000040
0800000000900000000800000007000000600000500004
0080000000090000000080000000700000060000050000
0008000000009000000008000000070000006000005000
0000800000000900000000800000007000000600000500
0000080000000090000000080000000700000060000050
0000008000000009000000008000000070000006000005
0000000800000000900000000800000007000000600000
7000000080000000090000000080000000700000060000
0700000008000000009000000008000000070000006000
0070000000800000000900000000800000007000000600
0007000000080000000090000000080000000700000060
0000700000008000000009000000008000000070000006
0000070000000800000000900000000800000007000000
0000007000000080000000090000000080000000700000
6000000700000008000000009000000008000000070000
0600000070000000800000000900000000800000007000
0060000007000000080000000090000000080000000700
0006000000700000008000000009000000008000000070
0000600000070000000800000000900000000800000007
0000060000007000000080000000090000000080000000
5000006000000700000008000000009000000008000000
0500000600000070000000800000000900000000800000
0050000060000007000000080000000090000000080000
0005000006000000700000008000000009000000008000
0000500000600000070000000800000000900000000800
4000050000060000007000000080000000090000000080
0400005000006000000700000008000000009000000008
0040000500000600000070000000800000000900000000
0004000050000060000007000000080000000090000000
3000400005000006000000700000008000000009000000
0300040000500000600000070000000800000000900000
0030004000050000060000007000000080000000090000
2003000400005000006000000700000008000000009000
0200300040000500000600000070000000800000000900
1020030004000050000060000007000000080000000090
0102003000400005000006000000700000008000000009
