50 123456
122121 37 34000
86287 16 123
121111 32 161111
1234 5 10
1256 4 20
1277 3 30
1300 2 100
1326 7 8
1383 6 3
1402 11 19
1378 4 18
1211 2 16
1145 5 13
1322 3 17
20121 4 47
22111 5 36
23123 8 24
21222 7 32
20221 6 40
30000 4 9
31000 3 6
32000 2 8
37000 91 1
33000 100 1
34000 16 32
35000 14 19
36000 18 17
38000 16 15
39000 14 22
40000 31 12
41000 32 22
42000 17 23
43000 30 30
44000 16 19
45000 27 24
46000 23 24
47000 25 26
48000 27 28
49000 29 28
50000 30 29
51000 16 7
52000 42 12
53000 18 14
54000 14 18
55000 13 16
56000 18 18
57000 22 22
58000 21 19
59000 41 8
60000 6 13
