803 236217
116244 10 52
53543 7 18
229642 4 96
207693 2 76
20403 9 77
119740 5 56
209100 4 69
214462 9 88
10016 7 80
196949 10 66
79456 5 64
35568 9 24
46686 5 16
81875 2 30
175355 3 49
181628 5 75
144409 6 14
25272 8 60
233882 6 66
131113 4 43
105782 4 93
74190 5 67
183303 2 55
86475 9 96
159802 3 77
87460 2 13
101342 6 33
192113 7 20
79488 8 50
200346 6 57
3041 10 16
101170 7 89
153214 3 14
17423 7 69
132156 4 32
182401 10 73
168131 6 96
150656 5 8
70133 6 21
223262 8 75
160423 2 85
27265 2 95
208915 6 43
196248 4 68
164462 8 54
68550 4 93
114921 4 95
166550 7 52
155595 2 70
178387 8 71
23471 10 71
159673 4 32
65142 10 30
176518 10 2
112335 5 25
130446 10 80
95711 3 8
149194 6 27
168179 6 75
108742 4 41
122079 4 85
222315 9 78
124337 5 85
92787 10 71
67135 2 96
23522 2 63
120267 5 80
101997 9 1
205607 4 71
21457 6 70
149906 3 4
179083 6 97
227719 2 17
108668 6 39
75652 9 60
105725 5 97
203893 3 79
61319 6 5
28999 9 28
49322 2 60
157931 10 74
19675 3 65
65419 6 46
171916 8 81
55912 5 40
68720 2 76
14312 7 70
76653 4 28
29251 8 88
210082 3 69
219893 8 22
200935 9 99
27911 2 90
63027 6 82
100866 4 26
139168 10 38
186554 4 65
70674 4 36
130062 8 24
34779 2 5
208292 7 4
117352 7 74
227487 92 736
225721 9 32
170988 4 27
5891 8 14
194488 3 68
63630 10 44
129709 9 62
40198 8 28
166734 2 69
141083 5 8
139779 6 93
219558 9 100
150795 3 52
223271 5 7
180328 9 25
106714 8 34
169714 6 56
192388 8 67
176119 8 45
190638 9 39
160874 6 32
214556 6 74
79768 4 51
161701 6 97
78052 4 59
124800 7 10
98652 10 67
4013 5 52
201844 10 49
15630 6 94
113304 4 1
185605 9 49
129885 4 3
193556 6 20
200858 2 37
47419 3 45
192458 4 81
190056 3 72
165212 5 49
107426 8 25
17088 6 10
74425 9 2
61865 8 13
234958 3 74
30806 8 70
165672 7 75
42326 6 98
140923 4 37
2929 5 76
19107 5 10
187840 7 22
205013 4 13
140048 7 98
125653 8 98
171763 2 87
48170 4 32
165777 6 71
224002 7 74
226386 6 70
156940 3 26
160243 4 5
704 9 77
217804 10 100
192875 3 74
215017 8 47
141339 6 64
145250 8 33
224993 2 90
86837 9 59
69371 10 70
145316 9 44
49993 2 73
108829 5 67
37648 10 39
10121 10 21
181209 2 84
117065 6 18
2846 3 100
193432 7 44
5252 7 58
83357 2 84
204537 8 37
199507 7 88
75359 5 51
19581 9 44
131938 5 63
193734 7 91
105491 8 7
180672 6 9
180763 10 48
172878 5 34
180553 4 54
193631 3 4
134810 5 69
87143 4 40
167900 5 53
191915 6 38
230287 2 50
117918 10 98
176136 10 28
74254 10 83
21330 3 7
3114 4 25
172659 10 18
137822 9 45
203591 3 7
193044 7 56
212045 3 88
109633 7 90
229160 7 16
57811 9 69
22697 3 22
86293 6 30
115080 7 5
55640 4 78
85143 9 95
21365 8 13
198453 3 22
139944 8 46
110468 3 27
45808 3 39
171157 7 60
224827 2 85
30615 10 80
168230 9 29
168873 4 41
33535 10 15
44177 5 96
171539 7 51
79847 2 76
131185 9 46
152291 9 92
127013 4 98
123991 6 99
90927 3 74
130943 8 81
4771 2 38
122827 3 28
4882 4 89
203932 50 1544
46407 4 4
130974 6 15
213758 63 498
31643 9 79
64207 8 38
57718 2 40
180953 8 59
133238 6 19
225402 2 20
194806 4 55
129515 9 55
46613 5 88
213545 2 57
223339 6 15
81065 2 98
169463 8 68
99624 2 27
83573 6 50
111072 7 42
18293 4 6
22902 10 2
71521 5 62
42168 8 24
22782 9 67
208832 2 52
121525 6 81
161397 7 49
165209 9 28
13393 4 4
145906 6 97
124934 7 60
203371 4 100
3941 7 72
5875 3 98
233571 9 83
127272 9 89
101371 7 94
142514 6 19
97753 3 18
80391 2 61
194083 8 35
12872 2 92
32807 6 4
225542 5 66
104796 10 32
14339 4 73
177140 4 84
44155 5 81
91491 7 85
112690 5 92
181051 8 79
87413 6 42
181385 9 98
155017 4 78
139760 10 21
166552 2 34
223367 6 76
213001 34 1208
228295 3 46
72462 5 51
10192 3 5
30740 4 73
25430 4 47
91606 2 96
21288 4 59
103531 7 12
87175 6 27
202498 9 1
86689 2 94
143497 8 4
176347 5 71
114231 2 13
204714 4 5
127246 3 5
94629 3 21
193872 3 32
51717 9 71
156350 10 74
218853 7 96
107577 8 31
147703 4 6
92382 8 93
218584 4 57
37013 8 37
86496 6 46
78212 8 44
17176 9 51
226505 9 66
80400 4 95
163757 10 47
171055 9 94
113239 5 29
17118 5 86
74776 6 81
955 8 30
87527 6 56
2898 5 54
173025 7 66
47031 7 56
233999 6 24
141571 3 66
135210 9 78
191132 6 24
28430 5 100
9498 8 6
205077 2 48
133308 9 42
231757 5 40
39298 4 73
215877 2 48
93994 10 79
230434 10 81
52583 2 18
23263 10 31
106040 6 92
140532 3 36
227321 9 26
194294 8 5
202414 92 917
191255 6 24
74210 4 23
33528 7 33
99951 2 16
193477 8 22
185080 2 5
88794 3 7
103598 4 9
112081 7 52
131746 4 20
3151 6 87
114213 4 76
90503 9 66
109252 10 80
138171 6 95
139196 6 72
137016 5 40
16132 5 12
161691 9 86
59562 10 41
225300 2 70
222000 4 75
197583 5 7
663 10 2
228212 7 62
18202 8 81
44265 8 31
233797 9 59
38689 10 54
395 8 62
182511 4 56
7672 10 67
88184 10 90
147666 8 77
45476 4 83
80453 9 98
75157 8 93
75872 10 15
122176 5 70
6801 6 86
71930 4 92
33616 8 29
32071 2 74
51589 4 76
53194 4 28
190698 9 85
153938 10 87
77405 3 4
156936 4 25
69450 9 51
93498 6 99
2962 3 99
108215 5 65
122195 2 13
157369 4 26
180906 6 75
209540 8 79
67470 7 94
37314 9 76
50146 4 42
209030 10 87
171093 3 31
176729 7 30
127937 9 65
173347 6 68
193055 2 71
55488 9 91
30123 4 25
187870 7 75
115416 2 70
218913 9 74
41232 5 4
186006 9 54
37347 4 40
126552 9 32
109135 4 49
209373 10 28
222274 5 85
16343 2 56
87407 10 49
156094 6 14
103805 3 82
104437 4 96
221559 10 22
432 9 59
140309 5 78
607 7 48
103535 5 97
124238 9 85
39523 2 69
82711 2 49
221581 4 71
11288 10 6
46011 10 57
14750 7 17
59279 6 89
229300 7 46
233408 10 32
185710 7 37
205706 6 50
217224 10 60
100229 4 52
182414 6 35
103200 8 67
192735 6 66
75739 7 48
115073 10 8
170755 6 54
156334 6 5
139952 2 75
120126 5 6
163221 5 29
228793 5 31
104637 7 75
220716 8 27
122421 8 18
45723 5 9
164952 7 60
233259 5 87
208622 6 50
90771 5 90
77639 8 5
140670 4 30
199575 6 60
527 6 79
67684 10 60
219497 3 70
93630 5 71
217895 4 32
151023 2 40
125135 9 34
69652 10 81
85902 9 85
213550 6 77
160585 8 24
127968 2 62
137960 9 79
180571 3 92
7231 2 92
97609 8 8
55887 9 36
227365 7 63
203208 3 3
153019 4 61
177908 9 70
58301 6 91
73374 7 65
226010 38 1127
96138 5 72
48657 3 62
166270 10 86
186132 8 100
209112 7 23
232540 27 859
56936 9 1
226444 84 362
21680 5 36
99834 3 73
134325 2 84
201534 9 71
16977 10 57
162908 6 35
83017 3 88
53801 8 34
143633 4 25
26298 3 68
78146 7 54
208661 3 34
52553 6 86
73578 9 9
45733 6 78
193334 6 90
171265 2 5
220665 6 88
50740 8 58
203820 5 64
145685 2 10
152024 3 28
169041 5 45
58208 5 71
143957 7 34
94983 7 83
150922 8 50
142057 3 9
195182 5 19
199978 7 9
190728 7 53
112042 2 59
76112 7 11
48478 6 23
55996 8 34
93709 6 26
21740 4 1
175076 4 100
72693 6 87
120826 2 24
190923 10 91
99222 10 11
2344 9 23
14071 6 3
50855 2 83
123795 4 58
17447 8 33
11065 2 61
125423 7 29
177777 10 2
155723 4 67
54916 9 85
203293 5 73
49426 9 31
32468 2 38
22674 9 37
181544 7 92
176695 6 9
92384 8 90
141819 5 99
98745 6 77
177358 8 35
64742 7 68
211592 4 90
217292 6 4
222533 5 96
67223 8 32
95009 10 34
230553 7 60
191704 10 66
127408 10 64
80264 5 83
114180 7 96
132890 9 96
97131 8 24
88287 5 1
110506 2 21
19212 9 75
64503 8 99
206180 3 66
227947 3 68
59202 6 32
129775 2 71
128246 10 37
112915 10 65
222003 9 39
124274 8 83
62955 3 69
145029 3 76
157745 4 45
228235 6 76
46399 4 14
131428 5 1
11368 5 18
116036 7 22
221519 8 23
36697 2 12
144585 2 81
91979 3 79
217577 9 8
34606 7 15
127623 10 38
188954 8 42
63381 4 91
52365 2 15
161182 2 35
91827 5 71
125192 2 18
62630 6 22
125424 3 73
125489 7 56
30385 2 40
5290 4 46
84160 8 73
118646 6 68
196578 5 48
89688 7 90
97454 3 67
121239 6 9
124997 5 37
121255 10 14
145643 4 59
141741 2 55
111741 6 3
118676 6 89
15877 4 25
198811 2 60
63611 5 65
13952 5 40
224190 4 77
199448 10 36
203539 92 855
111764 4 22
117436 5 31
197292 8 8
228656 10 30
200677 4 80
58455 6 79
68584 8 60
64189 4 62
55112 2 16
95588 7 69
61881 3 73
201864 6 26
79884 9 19
149500 9 82
168798 8 23
102932 9 85
96928 2 95
53586 4 95
123363 5 51
49941 9 55
231922 7 26
215283 8 70
127383 4 51
196443 3 32
203405 3 97
48461 7 17
175418 3 51
206776 9 41
115230 9 3
223683 3 74
152756 10 19
46901 8 37
39431 2 73
86 8 41
59480 2 51
12551 6 22
118448 8 79
62446 7 66
42943 6 76
28906 8 41
93868 9 53
98752 4 11
162081 2 41
27323 4 9
15131 10 44
195803 9 13
185258 6 17
116553 5 71
58897 4 13
91519 6 61
52766 9 54
87481 2 66
98041 6 92
105163 7 60
73030 4 8
29938 7 74
10615 3 19
39695 2 36
138474 9 65
224412 28 1132
79669 5 85
60455 3 97
116133 2 67
123564 10 12
201549 4 33
231718 6 87
116952 6 26
51487 3 4
66718 10 60
160803 9 75
98593 8 64
167145 8 51
233039 4 52
146267 10 66
227731 2 35
196797 5 91
233923 8 59
83739 3 7
156102 6 62
182531 2 8
134646 9 93
129980 8 67
156590 10 81
202936 7 20
233839 9 83
231964 9 40
36856 10 96
70344 6 67
150728 10 64
4313 7 8
201195 3 19
148755 4 56
127804 6 79
136139 3 24
135638 4 47
181975 5 69
170340 6 88
135563 4 56
143666 3 38
118562 5 67
185523 4 97
113768 10 28
197326 10 78
112952 4 94
156389 4 84
136122 5 54
89218 3 95
4108 9 2
175273 10 1
124500 3 86
176247 6 23
156170 10 30
6499 7 5
178967 8 63
40602 8 39
84372 6 76
177234 10 65
37036 5 41
147431 10 28
155456 5 61
105579 4 13
3655 10 37
149789 7 45
179092 3 69
210439 5 89
28186 6 64
103347 2 23
112180 3 66
8524 5 84
114638 7 83
155628 7 91
42567 2 55
163829 10 30
223307 9 85
116114 4 8
111132 3 85
133892 7 36
32330 10 15
114419 9 73
27145 4 35
113140 2 2
43465 7 47
51555 5 20
82720 4 84
175065 8 90
59138 8 26
30141 6 37
100047 2 88
107597 3 95
194530 7 48
166739 2 8
131521 9 94
293 8 27
23795 8 68
