1000 1000000000
166119329 24 1145
183190447 8 668
173193898 61 2599
201994340 100 168
304564653 5 1773
283182946 60 1003
54623903 8 1466
314215820 28 2293
236531178 86 59
111326596 77 1379
25323074 9 1690
212850182 87 2043
24927281 82 2224
208117815 80 18
303527582 68 2660
19426635 14 2299
255808662 59 2595
128993466 97 2289
77021010 16 1021
136765927 56 1886
231247046 43 2581
197039675 19 1217
297502407 99 364
35211379 97 718
308481740 21 103
128996540 2 3017
236014898 67 2801
114167927 31 2171
234955886 40 2043
15182012 57 2464
32926997 44 1828
317138787 99 2933
173179123 10 3194
88466184 78 929
234232836 29 2868
267185371 41 1692
124752526 65 2843
326425020 18 1446
77402641 92 287
89597712 90 1512
323940297 74 83
36461780 100 1927
274057504 71 588
147975785 35 1252
190231800 85 3131
183871349 29 652
313556451 34 2703
318767229 14 2928
254659574 13 2587
2172762 47 1873
292129302 69 1138
193697330 57 1672
238135467 88 2232
87098489 54 266
46555210 99 672
59181445 87 2085
132536783 64 638
219363855 43 1988
195101044 92 279
137740204 5 1411
176245136 10 473
227741203 25 2754
226075147 43 2402
53584075 61 266
172154967 4 1104
46135446 56 2447
35834662 19 536
259906011 29 1187
243954639 46 2737
325930424 43 326
134863468 61 930
29657884 15 1548
56960598 100 183
285429597 60 748
120072428 95 3
257285594 99 2865
147180227 12 1724
296847792 68 261
118874202 69 2840
27036206 80 726
243938540 54 797
140822690 81 1479
305192553 85 2464
284216232 4 616
218941088 88 136
308017124 36 1527
174444615 67 2135
219091722 51 719
138323216 27 2340
45580311 74 2555
150068014 85 2498
142026421 32 1938
13212515 56 2487
221011673 25 354
102959739 2 3045
129782520 45 1183
5765571 75 2804
164680040 68 758
237729148 92 1291
118839316 71 209
131290968 93 806
199951546 63 2601
23299220 64 2576
128324569 94 2726
150051766 93 102
242025201 12 225
24926161 3 472
126638691 58 2417
47516216 10 1925
224986332 36 2085
89985811 79 780
208182656 33 2927
117532730 96 2755
279111663 4 1756
94181043 48 536
111375011 75 879
14655608 62 2500
298542499 59 985
231619057 76 3144
145428894 59 569
128581855 81 153
91355846 61 1910
33555796 44 172
50404879 11 1932
253461466 28 3096
89828942 61 2365
42498545 25 1954
49903638 57 3024
114041536 97 2043
238235731 62 2778
212906468 9 688
73335497 72 274
208805439 13 3125
305838863 12 2124
259413445 61 1180
6946039 56 1816
135923369 77 531
121109527 31 436
208268503 4 105
161489918 48 2188
149149988 52 1971
277901217 41 3081
174307871 19 1476
166886482 90 2655
66896102 45 2794
303240167 60 313
107209464 42 1102
170227519 63 1279
273230529 49 959
262403763 19 1309
146245116 78 1627
73154752 54 341
30302529 9 1741
164896643 99 862
275944108 95 1718
277871783 40 1783
32937192 73 3109
181820450 36 2953
308000109 71 196
249718364 71 2019
65215624 89 2535
189584058 57 1704
326269151 69 1766
175611042 81 2908
25156875 67 1967
125489477 5 2409
211472140 17 2864
141269825 80 199
142071303 72 2161
85058438 72 3193
198778805 41 1676
34802030 46 1171
151225154 54 3128
8679440 51 2486
9776226 39 1098
39165122 11 1319
241740678 8 936
60835888 36 2392
269447592 52 987
206049938 29 1406
98210853 3 3080
316294374 29 2801
255872213 56 2975
62518953 46 1804
126215804 59 1579
116606572 75 1285
68443476 80 2567
85824284 51 2279
234826431 48 2135
173156334 28 1885
1101449 23 3169
267353771 24 1301
186939831 15 791
143588287 7 2274
203831302 17 125
45261185 27 2959
16384054 80 2537
88871840 75 636
164568258 91 2362
259276816 30 1035
71793409 51 1011
22131983 56 184
130229538 37 2570
104593633 4 358
302440335 18 2654
315502951 18 12
170973329 18 972
187339077 97 517
247549934 72 1122
280123521 16 3128
125976810 63 3164
244311912 84 2596
145861405 77 1277
228422911 81 579
8183102 22 766
166711832 76 2967
243888195 47 2765
122240578 3 1980
180381445 41 2477
140216455 64 1365
71933313 37 548
215184198 31 1104
232070550 42 2852
200409775 68 2730
297475579 35 934
248730401 16 1552
215759721 22 2636
171358647 32 1399
190375939 40 705
61983571 96 3170
99415040 41 1888
123665063 72 1593
252633861 51 1963
311456632 76 2185
216524544 91 1307
301669223 17 1240
114955352 4 244
299024801 59 938
3462645 67 2034
243817309 60 2621
121403294 97 2065
240859640 23 930
232937338 42 280
118662495 64 1092
190699859 8 2021
249081219 73 1435
6718710 91 1630
246371852 8 685
185714413 97 984
141473526 18 2245
249211073 65 836
318647163 14 851
146097339 52 2241
66897484 89 2336
207630991 76 912
154097202 94 1242
34427182 78 3001
60443720 98 1223
216008592 66 1344
99339488 100 1894
229769204 50 828
226109297 100 777
43328261 63 2740
159589051 10 2632
259455141 91 2770
287541586 18 2641
147946318 17 2219
222303403 12 473
6766120 31 2878
317615884 30 1181
210547597 50 896
76485395 57 2617
265843217 73 2577
153809270 67 3199
305679608 2 408
147624995 94 2674
34263117 11 67
122257360 15 228
47211641 78 2084
178496515 43 2193
185876677 35 791
40623612 67 2901
168156384 15 1884
54381121 82 3172
269416950 8 220
11784212 14 1958
235837517 32 1940
117964273 54 1994
187101639 59 861
168886905 72 424
224537364 20 1011
188494898 38 2092
173179180 51 676
76349298 47 1129
199203799 37 1164
282060474 32 1283
302098212 6 1350
93017530 21 2009
173978927 75 499
198058815 90 2861
149789882 52 25
129662974 14 1554
64880172 91 2062
155979244 12 1544
18097616 28 1543
264749225 29 296
98285163 81 1855
171046530 50 835
52413034 66 1960
285185092 67 278
175735945 88 7
186006673 73 1199
295897553 99 2363
41252919 23 793
10111621 26 283
53997973 79 3077
95180294 72 1437
101691578 69 2872
18068601 41 2393
244741315 48 830
100163243 51 705
89892523 95 968
43001550 43 2072
149169963 90 1930
136449016 92 936
101427305 97 3192
186439654 34 2082
313221738 50 2202
320110924 8 1803
200457402 51 704
57530041 94 759
273003271 26 8
146334197 20 333
135291332 73 1490
4460205 13 1039
190187317 85 2135
163713209 83 175
188399126 63 547
325091563 34 1686
266225410 89 664
128529286 9 2928
4522875 89 1273
86283675 83 739
104456972 91 260
181177696 76 2814
286294119 37 549
189812962 8 1119
88815544 98 1064
256085258 16 1894
145490527 60 3082
61863175 82 2201
297898450 100 1906
81719135 61 2329
295022995 52 338
172209455 76 577
302682186 98 2434
266100532 88 206
23413249 13 1039
36424964 35 3012
174134447 70 3115
161949626 92 686
193242681 73 1558
147979617 90 2866
258329844 9 1745
228012249 16 1221
258602796 87 1223
185250583 95 1661
301542801 23 1102
137303364 92 1023
53560537 39 1447
251000434 8 2291
167479860 5 501
93872871 84 14
18695642 78 1210
230831028 40 2541
128574054 11 1372
224055330 53 361
154653471 52 617
161606704 96 3036
65226129 56 413
23160856 74 1843
156037740 39 2205
78836604 23 1184
57477903 74 1075
19381385 3 1476
106154645 62 507
295289087 27 772
192151408 37 1465
268883826 34 2418
299287069 45 2956
16149999 2 1455
224527268 41 1304
185193426 53 933
70742303 73 39
104080436 78 130
85073379 82 297
126321892 25 2668
252697265 27 2780
23554087 76 3080
179713238 45 2263
270457880 87 3165
129904928 52 2711
162908537 3 219
258015894 49 477
118452482 10 1689
107987460 100 1380
224735716 52 1824
227298909 82 2641
322977020 98 3161
50515659 67 2798
35949706 28 487
154969465 23 2352
57328412 49 1613
300305183 56 2861
18299586 96 2308
197270154 49 1505
298883645 14 2986
89558129 72 2467
100137632 2 1832
323817162 87 1447
195106963 47 1288
26867548 52 354
216215868 98 2572
233470179 97 2904
13643081 75 1558
31936798 41 18
120232580 25 707
49637970 12 2603
304731557 89 915
326072188 69 1558
260667115 99 2179
98461170 73 2221
71616291 61 1194
298436926 35 74
64897237 52 864
180906232 36 2493
42449271 39 223
246828326 12 1080
198904315 58 1416
147416962 79 2229
314590680 55 700
106424106 65 2138
176003363 30 2258
314402569 84 1948
31676443 43 1089
245505636 55 1718
61598335 80 1837
11022647 60 2571
256583744 36 2386
49809741 72 2234
38189750 13 2710
92704545 31 283
53531010 97 153
288624335 60 2705
294274078 46 648
108263848 4 1764
214862669 35 909
235556659 30 1481
94052449 53 1319
18915802 49 2024
168983552 72 1164
114010192 92 231
158483572 62 2759
257683922 32 1892
56420324 72 2423
203067531 98 2843
134833570 82 778
65003593 65 2338
302071067 33 610
167647158 37 491
29745990 18 2763
301429105 5 345
69280059 23 906
221423298 60 1058
133379591 9 1178
101394076 10 906
100398649 72 1320
60988268 15 1205
80674066 95 1769
115669513 83 2559
288213899 54 1120
246424846 98 734
182470760 67 1140
222325346 31 2885
121428039 19 835
165978941 72 1999
128885273 99 983
302154688 52 2449
132856733 65 150
325256098 8 1214
302288043 49 1337
141190744 39 283
249422485 59 2403
275290317 54 198
32323364 68 3008
258788332 99 1207
3715831 26 3175
81965687 99 589
184264308 94 767
320089283 100 3041
104563452 47 60
131800850 59 2031
46807963 69 391
123721101 29 523
36626194 53 997
118846989 56 155
102045964 89 2852
60665020 45 2678
315421998 85 1017
165401763 75 288
250355716 42 1640
319402430 63 563
293777638 83 1055
234267382 32 551
197696188 92 3048
156222438 55 1937
265847751 28 63
147977480 50 1020
96366462 69 441
158401797 81 1271
5278549 53 1678
45458752 57 3098
272305736 51 3013
318828950 94 1470
58370668 50 418
168239196 45 646
16764266 39 2606
60658272 91 896
111623171 78 2867
45900793 100 1528
226030369 43 1910
270656727 68 2287
60532583 17 3028
289682688 56 1154
105424281 35 534
102042087 12 113
23601402 43 2598
105030860 80 1368
128147714 38 524
149944900 71 2742
311627974 71 865
158072426 17 2963
134115167 56 2210
145221723 57 1879
142735995 85 1967
23680561 36 2738
59717329 59 367
46024048 91 1022
299962911 40 2034
325979152 5 2429
301736294 65 2368
313524948 17 2607
4999665 75 320
139983041 98 1248
85982806 57 2171
280238780 44 172
263504257 41 110
282691081 99 2681
242806914 99 3207
201036573 42 2068
45239120 45 1370
57089526 70 592
36421804 20 391
179615660 93 383
142382498 11 2613
244790877 4 1200
258890654 62 2510
174341988 46 1802
319260563 56 1383
74965371 17 1782
37612574 70 206
89483766 78 2808
50371940 28 2521
316613719 23 2550
2861220 5 2162
96835216 47 1989
238723473 91 1363
311835934 49 780
170854804 37 483
101765793 81 1423
224692966 70 1713
69008352 94 735
142006809 24 752
140805560 14 1459
299620392 70 2911
5484420 64 3001
56539451 25 2726
17308056 77 1845
65880794 97 794
127163404 61 3020
97675012 91 2624
138915200 80 2718
118577340 18 99
135083610 41 2928
292919351 66 3123
114347733 34 2565
152651328 17 1359
199074852 25 1074
100868208 54 1152
56832960 41 3091
127964310 29 2824
324243476 44 799
233759967 32 1187
255717219 10 1849
295317219 47 1812
181882727 38 2720
28828059 68 2806
41333724 84 128
185441727 30 3201
50474991 55 2071
14630125 8 355
161241711 27 1176
127275175 14 3188
309505536 21 1133
46090819 49 428
15125326 34 2394
190854377 8 866
20576025 71 1841
187627783 66 287
79045770 28 2172
51994104 85 1060
40436230 47 697
2235951 57 2377
64699551 28 848
623477 2 2520
300779329 10 300
44725349 16 2667
109973096 42 1079
273989392 67 2490
251987008 20 607
182828504 85 2571
306392597 27 176
232596380 72 1422
223982358 94 2127
181824729 34 1871
202301923 66 2464
226759770 68 1443
165373077 31 1850
121381464 73 926
260893010 90 1744
219575342 83 1750
76092930 37 1904
118905011 15 1796
316745802 65 208
211837868 74 1891
169645945 9 1553
273807819 96 304
56167987 8 913
1648489 77 627
78830930 79 783
17973206 100 1352
55941266 80 1348
90413024 24 2669
280049147 14 867
186533736 77 1303
231193684 57 1987
65415349 26 3153
59887808 87 386
156119711 2 694
3085896 21 2631
18181036 56 1397
31587064 65 2107
316435502 90 261
174408486 79 380
264473571 43 769
217985806 88 14
200159037 8 3183
213370829 57 2170
41878632 88 2084
270958122 82 563
230225994 14 1187
251189083 73 2511
232874929 56 618
16131434 60 2048
87221706 100 1731
81298568 13 2436
128540371 96 1034
311527002 3 2587
256379187 29 1975
24978099 82 77
229979353 48 2940
265238098 11 1345
63711003 79 454
92872028 73 2156
266786939 38 231
69223183 84 2126
7034691 33 738
111112679 13 1852
236956201 84 1072
224894606 39 1225
123874367 43 335
7649576 61 1904
312451236 35 1428
304814058 61 2847
84436708 70 57
22629469 57 655
196790217 98 807
306153328 84 460
59332099 42 209
94789275 87 3182
212783931 25 931
179058054 85 2028
180944497 98 2854
110270275 98 1628
237871041 68 310
198545909 76 2981
111993392 25 174
159142367 53 2486
138855937 31 3083
46151871 34 2071
255336098 69 945
320032126 62 814
63148054 61 1313
259259447 77 344
57682913 39 3190
71462832 26 2858
176844328 25 541
65853815 86 1082
115209270 94 2972
306948874 23 2692
309592422 72 2075
135398807 44 1380
230448096 51 691
100742113 94 1913
101463401 8 2957
74658382 83 850
33395614 17 265
111101245 4 943
275153285 94 2161
132949850 77 1834
211627012 31 523
152555028 63 2925
84286907 65 2760
313209326 33 822
62954634 28 429
36116573 84 842
252470639 73 2164
199616137 68 813
284586568 86 1875
97483210 25 2249
226996154 41 1426
1433856 67 214
76120239 27 928
270697488 19 1886
40964707 39 2939
127637117 21 1695
61075209 5 1155
292045332 20 134
303933903 83 1689
33661772 62 3195
221769144 88 2892
249667653 72 487
318717989 48 1319
266364570 56 634
158606864 38 2928
80380735 54 800
286505648 29 720
36903675 53 1592
114825213 28 393
155777142 75 2676
260809433 32 903
187633103 24 493
87412936 28 2922
34726137 95 2091
276423007 79 1633
270786531 60 315
238004166 36 1805
51229295 89 1580
10655166 64 1446
276291297 74 360
204952786 64 684
145053647 6 925
19463328 74 197
93917804 87 2572
24549538 59 1974
161994650 60 2994
205106509 29 2649
217362648 9 20
87913807 15 1703
4684704 33 3146
72055477 79 1584
15339170 34 2139
37920209 13 299
279174100 24 2675
1685821 83 1928
294930529 47 2584
216207882 86 2778
209119245 49 708
255906355 28 1002
321413764 65 1026
189595312 89 2047
127027116 97 624
258527890 4 1562
293490175 83 1792
98489700 59 2360
294195510 27 37
34574399 19 1075
105844766 82 2296
158857439 22 2817
163273142 66 763
147990183 2 856
41708334 15 1003
254236629 30 1341
128121410 34 107
229954545 22 309
242599732 27 1235
186292169 36 3132
235531530 76 443
293220011 69 2665
22763483 10 2332
315635196 87 2684
90757825 3 3127
213670929 59 163
70537895 98 736
319444435 57 1047
249920790 5 2548
258785515 54 863
22946486 58 1849
319246056 36 1150
264776902 63 1788
307437981 44 3077
277479868 11 2678
196619024 28 2246
160372374 65 406
4038752 84 1780
55307540 45 2206
201100160 52 2703
146971987 94 701
158199684 8 2310
50591574 92 2474
24571173 61 3124
227396063 9 726
83873822 27 2689
178180522 24 2133
316548627 4 2742
105197026 78 3159
266681006 98 1033
239939573 54 821
52106716 93 2210
261399697 73 2915
126123557 87 2870
153584395 31 1676
152296337 67 156
188723950 7 2577
172023365 43 885
153559822 38 2721
199576611 64 2217
80825467 49 3019
72120870 48 2822
69192114 11 2807
192033117 16 1277
268625298 93 3200
18377988 10 1659
308218205 19 1494
141475377 48 1569
192567388 89 1061
239987925 67 53
322067055 23 2989
94556898 69 1731
20694297 69 2659
323683157 50 1780
74240541 30 2390
258938536 41 22
105790163 65 1388
247890290 74 655
15535298 46 350
239307256 90 1391
296621675 41 290
131798589 94 2607
317892828 4 2978
314600063 55 1587
98652513 43 2118
179593482 84 3150
51713758 19 1974
193749112 56 2432
218518657 4 1082
94714708 58 1916
263666762 87 1952
298097279 24 2815
253911784 90 1078
9079032 87 35
23643790 12 1165
95513692 82 107
40476586 34 2195
54267608 68 2097
98865659 68 2933
238385436 50 211
119747728 42 2144
257477786 62 1457
267151079 85 661
46055394 62 1612
28061706 48 2730
280834249 94 1940
22851593 48 1689
312015945 88 763
181452368 31 1312
323894199 41 3114
92731745 79 2226
138113083 77 404
227706101 77 1784
67865781 67 2962
47906283 27 1610
275217604 80 2034
285955779 100 834
74406059 90 2458
259265922 40 2030
162857412 45 1010
164469527 7 3147
1382063 74 2132
288539956 96 408
231942117 43 1151
177737573 99 1014
224362363 80 1304
75037800 67 124
136787006 7 2668
243065511 37 1799
240105730 19 3098
292105145 87 597
26354855 3 1368
169286074 59 656
146278266 81 742
287317808 6 661
176354227 77 726
261910384 40 85
97095519 65 2224
310412562 36 1651
275105361 10 2939
110362818 86 2980
220178649 16 731
253689759 2 2863
137845020 69 662
4342457 26 770
44519647 79 702
143317690 3 760
262737116 68 2502
283019863 5 409
133291266 87 2423
36319823 49 2851
201399179 50 1727
277166807 72 89
17139070 66 2106
182209800 41 1025
153474972 14 515
232438963 81 2013
309484491 64 2336
113624292 40 1319
136254451 10 2375
201358783 35 1052
280765369 19 2223
28921762 44 823
205565627 19 1764
74019744 48 1037
44146123 16 4
118068288 36 641
210878215 63 2304
197757782 28 1415
284750170 97 2128
167779223 46 3111
314262457 22 152
185216274 66 1224
167460144 25 1994
159605637 7 3136
69500677 15 290
167355669 92 2241
314033211 71 2731
190964583 80 799
277897135 28 1036
171706659 8 1071
48840919 31 1402
74211541 24 619
71254810 36 689
169463139 72 2503
158371886 21 641
315044067 71 563
165054716 87 2201
193942382 75 1568
24383014 31 417
125621023 70 1963
320962450 56 2257
150846447 97 2298
311129939 12 2313
141005120 94 241
315571101 31 2210
147032752 77 722
179091614 43 3166
236813543 96 831
21572035 71 546
128103264 62 1918
141349261 39 1761
24735026 58 2569
245836606 29 1562
22051052 87 1598
58843157 41 1322
200142769 12 686
44479281 38 304
178637547 19 424
51447745 71 221
65277101 72 1818
174618024 83 1584
165623850 59 1589
