1000 1000000000
242061048 44 5817
57705401 85 5829
114258729 61 5581
77050731 19 7529
35749913 22 4133
147832794 7 2250
30937159 7 688
174306141 66 5457
247130125 46 2768
152514596 95 9076
148399769 52 882
97812204 49 3439
154640165 85 5316
203670001 88 506
125549319 76 1558
151641500 21 989
128851052 52 6519
37954027 98 76
66761765 41 8651
32845895 9 3188
91835351 89 6968
142840000 60 4332
191214189 46 5765
60833866 57 4424
20298226 49 5776
1670551 50 4690
11068580 63 2793
83098240 80 929
238159904 10 1270
228728330 39 7909
15426382 15 3867
37961481 16 4370
39860324 13 2277
51520555 8 3201
169520590 83 2844
197672757 80 3492
126700329 22 7347
116425911 60 6726
99033681 27 1957
23509447 45 8860
143099939 30 9299
232293721 8 3327
234284706 100 9347
224612141 81 5678
132644459 33 8418
98285846 4 2942
6603273 23 2595
66479839 12 1092
157450286 41 2221
135424168 16 2222
240296167 92 1085
190521579 89 171
91761938 50 1468
107789853 17 485
229143291 40 2278
166427023 32 2496
37551230 37 8649
28804533 14 7480
240278528 75 235
46305257 33 4702
95611123 53 7146
189412007 65 3822
44312100 60 2006
78844506 82 5095
120842407 26 8418
83388082 48 1028
24465612 71 6800
157752807 64 2329
143484760 70 2241
37109207 29 3532
165597912 20 3210
171397307 7 418
73511175 81 5091
216992018 86 7024
145281802 36 1206
45977016 13 8442
174728968 8 2095
244675038 99 8119
227479921 14 2143
200500778 4 4278
16588936 90 8150
129719265 56 6830
168071222 4 8816
204343523 89 7446
51513365 15 478
238444382 43 3123
59534053 33 6916
1546789 67 1847
10160801 19 1933
58719808 33 6402
28189879 95 6470
74915248 50 4919
71401563 7 9095
99343019 62 9178
81314596 19 575
18194886 24 5541
2001731 80 7878
60453254 3 5807
37097244 36 332
187580246 97 2357
199118502 58 5435
193303170 56 9708
238578678 61 7714
174297450 2 4344
80065528 27 2043
122803775 66 1202
159471463 84 8806
29202600 69 5556
169305962 73 700
168775913 84 6310
14478765 17 3508
66492953 33 292
105809312 33 7683
195750378 28 143
44052380 36 7214
20870977 5 5930
183076657 9 9428
221110691 10 9100
49959207 58 7446
41781501 45 9607
181759726 29 4209
12633673 78 4926
215266639 47 7416
104748685 16 4025
107436118 81 4367
7144027 14 4110
193009025 10 2148
188351551 38 33
18553091 3 7409
171070353 17 2225
200273007 3 3309
137383813 18 3054
2631988 42 6316
141343733 56 3559
38548133 2 3783
107844520 36 4331
11512265 26 5193
54927817 2 8976
238172616 67 4056
137696717 39 6484
45041422 78 687
160863465 40 7984
232749548 52 3631
144131690 73 7507
241766198 44 6701
43126996 66 3074
58931085 20 8438
149931868 83 4551
39820403 7 5702
105342683 71 2947
165662126 55 9506
68005480 68 4145
37331428 29 2244
138911160 73 2181
48890078 78 8412
22718142 82 433
239049250 10 3674
139670758 84 4978
93650951 16 5878
11647299 100 7994
38574052 76 7183
165331456 69 2847
38555711 20 917
174666311 9 6960
184027716 90 8984
98335453 57 8894
212850994 54 1168
170060457 45 4441
181881795 86 4300
109541526 94 7909
113749603 51 9906
3287923 86 7727
116134713 36 5540
160398841 12 4279
203714548 41 8077
202675583 68 6718
69541746 66 839
19086938 38 6475
243143915 57 3098
74596165 52 6136
68540088 79 4152
218448995 81 4203
17322442 34 6537
91066598 74 315
9540016 76 8168
59397281 27 5065
180687302 49 9799
166506896 2 7567
101590967 77 4948
199594501 61 2903
107071748 52 7007
120245573 98 3912
140510877 58 4378
18327880 73 3085
181361711 92 2953
174090140 64 3239
172339455 80 1446
171299116 52 1888
131018015 9 5767
151009477 99 575
235910502 44 5507
153376829 74 4980
100308466 41 9723
62152853 76 7965
3086063 24 8410
85887579 46 740
213433552 81 6201
21376524 87 7403
125944066 35 2351
103543064 70 1104
181167461 30 6475
164766224 97 5827
241732561 9 3737
18951871 61 2214
225697211 85 8205
89438678 63 5763
119021232 39 6218
67392271 56 8187
53658016 23 7199
141565392 27 5359
51546165 3 2946
20582224 48 5414
71862374 34 1643
235459446 14 4366
4767169 38 3024
84634178 56 9698
197237723 24 9980
172979041 52 4512
39915590 36 4829
132062513 39 4524
148881185 29 868
32801040 14 3203
207735432 59 5917
47649013 23 9829
217596101 9 5383
187824411 5 848
60470683 38 9557
109152819 63 5865
87700112 61 3323
105307095 29 1227
13901805 65 4104
166522034 23 7693
115170123 93 9871
33409884 49 4732
70609053 39 5027
102254908 82 4607
22938669 25 4718
233528698 61 5780
67850763 62 1765
42718976 100 4080
174745739 91 852
81202449 14 8010
150309608 37 7981
206983594 69 7070
42365580 51 6562
179280993 24 2087
41518954 58 4427
10197546 62 254
148939852 11 5268
214872861 37 7372
90037886 100 8227
76242302 45 3084
202651499 68 354
59099863 85 3499
25715799 20 8554
80299687 53 9089
51694522 2 6738
29982562 55 8892
130101764 24 8148
67121935 33 8192
169357076 72 2271
160450207 57 3044
156536404 6 8242
170367345 52 8148
157901865 81 5316
155092041 11 3122
150604918 45 3027
211908168 52 4013
33798279 73 1723
172572304 16 9005
83570796 65 7805
27012924 40 3578
222602209 97 631
235520579 34 1292
100707111 75 6962
160211178 31 6053
148359464 21 1919
178905707 37 5040
125128433 54 2078
245838194 100 2609
219203374 81 5473
64582299 13 9195
87993380 59 5683
156113316 42 7990
76631672 58 7225
240075827 31 5842
1905056 12 8056
209700369 87 9468
123326820 71 6870
11244555 72 3582
128217864 10 8198
94220231 22 1684
187416847 42 3890
13017921 32 3269
147821693 11 1008
156700029 59 9210
121769797 71 7589
195754385 100 9330
163128887 41 4537
87430590 93 2898
222813445 21 4201
192113845 67 6248
200282949 39 3754
93118469 23 662
230144285 57 5343
122883116 85 4510
108000454 70 251
243647105 58 2457
41464522 28 1944
37396505 23 6727
54945780 100 4474
58390269 31 7645
15225748 26 3657
107798101 21 1429
235571590 54 596
110920723 6 8182
6019343 59 9897
56152053 99 8189
190162664 74 4850
223035745 85 6958
224469636 16 8906
181633388 4 5308
230598138 99 7000
108018029 66 9366
245493281 78 1927
63100293 95 6262
88328690 79 6909
18662044 88 2464
174823272 8 7426
103231956 75 4148
221201710 80 1934
125667730 61 534
105551931 42 6128
86783017 68 9523
136781725 62 6548
143416265 16 4280
30941980 75 6918
95163953 57 7845
221356437 20 1622
162551690 42 1977
50815063 39 6242
61086040 73 55
25886898 56 4975
40788734 73 7403
81052971 9 3727
17544712 61 2143
190939759 8 3640
194856654 66 422
22753654 22 8409
151965229 92 2199
194224210 22 1641
47875083 39 9323
94767708 75 5283
202460230 42 2905
35590681 42 3791
111362837 21 8274
243789624 42 3666
92455512 29 110
73056080 57 5331
201546354 2 2117
44049807 80 32
10 76 4636
166768798 88 7101
13669544 31 7166
12446700 57 3280
40603361 91 2037
222672158 15 6175
123979476 34 6276
202582252 11 6294
130674436 43 7990
220294427 39 3909
222663419 5 1744
38031407 54 9569
155332003 28 168
34034002 37 3841
180366956 13 790
55557333 32 4639
164585093 45 4025
75592566 96 6768
187808881 21 739
139070393 52 2435
18878888 28 2606
70607210 34 54
197952130 25 2182
28909264 69 4251
27156052 98 4369
180040220 38 8598
188948839 40 2338
85643315 76 3214
175745289 68 8818
231806692 65 2728
91528183 27 2550
203654898 79 191
114254823 11 355
186718518 72 9699
118927071 19 4955
245643601 32 6081
179092207 96 232
151662283 68 4455
94551051 16 7296
242317016 7 7730
136119496 67 9884
228367798 83 1039
44432467 89 5180
75161199 41 5499
241274227 7 8658
130297336 18 8853
234170389 82 1394
137187716 64 3064
224226023 29 8400
66502593 48 5399
4751311 10 1584
101229272 3 7543
66255662 48 4670
52882847 13 3339
87911171 9 9134
14538404 79 6938
162634744 92 5371
212116848 82 8953
51555020 76 1336
177836877 8 9027
173993780 10 373
183164317 91 5790
148997814 65 227
93491011 51 3136
161182842 55 722
223745870 68 7061
214480285 56 7010
242376319 50 4344
352358 69 1965
132488095 30 3078
60061963 42 9316
151066417 45 2378
226739442 65 6914
170791047 82 3406
117328983 23 8418
176709444 16 8754
142217211 66 98
112163042 22 4209
246099094 21 6161
91340257 20 4713
135459738 5 2287
208503416 19 5719
240582153 73 6889
203639920 10 1496
57693289 44 275
69127906 18 1443
188777198 25 6865
241334849 45 2394
169756649 50 81
143378924 12 3111
163481804 35 9174
93105381 3 4359
193846828 77 4901
102632694 37 4300
24948418 86 8923
79607788 87 987
51058505 68 6689
215264090 5 506
93133701 36 9925
207484662 50 5015
122802745 79 13
5730370 69 2160
194884523 16 6650
149012583 97 9241
229415291 74 9851
232938374 13 6917
122424877 7 4416
101251918 14 237
222136675 20 603
176849518 67 6720
116829475 14 1302
71465239 16 3794
126861981 87 9961
175341389 30 9762
34808659 29 5117
122679499 69 1786
23908157 66 8446
222901679 81 1655
179466281 37 5950
62961656 86 1612
239085992 95 638
10213294 88 9719
241442595 65 4461
131113378 49 215
123266466 13 4642
180377235 40 1222
161708570 77 2492
54864057 29 2198
229036786 50 2130
158693936 72 6692
151173430 64 6157
13122529 52 9812
43329897 53 3801
21067904 44 1444
174882687 66 6950
11502475 12 815
199771588 12 5327
121629156 27 1859
100271219 4 9310
131750498 61 5115
72118424 19 7353
116856902 84 5620
196923475 84 3741
219646706 35 7121
64701845 78 8963
170260302 16 6689
141710103 53 9568
139597789 38 1920
71525950 74 4546
13632772 89 311
225191471 87 5813
227549434 79 1796
210979277 93 9988
20842105 6 4810
183691208 41 5771
229234413 92 1966
237637088 57 9172
223630009 72 1609
215145644 83 1427
34957070 90 7040
144679707 83 7254
116334169 34 2698
37211637 31 3864
201149818 73 5432
141543038 3 7448
203132422 88 5767
81086530 53 1139
51656557 54 703
23442789 80 833
210582787 74 4285
52559762 15 7503
6662975 72 6681
110401023 33 6363
154223088 45 9268
243343248 56 5426
180426119 39 6697
130456703 63 3456
161900467 54 9408
183161527 2 1388
41329159 27 5013
206950444 51 650
191996644 21 5581
73359966 29 5214
150828760 29 6231
8879657 67 9856
226394645 42 8209
13660467 10 367
146866294 29 7917
63695201 57 8192
213941375 71 7590
182378518 76 9186
82576186 66 576
173752846 40 6023
22206397 75 6823
89801747 49 4819
187828663 55 8526
172455151 53 657
58627284 26 3558
216303325 90 3266
79693676 53 7016
208612089 44 657
51907914 84 7760
91434532 88 1064
36738065 44 8163
81325529 78 5244
168197364 39 5734
223627195 8 350
191735397 30 8708
103620364 95 7028
112255658 82 7706
197477247 23 8500
189660449 59 8512
40089454 65 7906
207471436 76 174
228183173 34 5430
128213446 2 2199
68868114 23 9042
106770747 37 8135
91089908 33 7586
31460837 88 8725
33924067 14 7852
110611017 39 7941
61457646 61 7987
162485741 42 1570
190968885 19 5719
157541359 80 2643
59762293 36 8324
101971966 37 7647
61944872 36 5777
15086518 73 1907
71918236 85 2355
114599187 93 6139
96834805 60 9960
232158551 16 8447
160623725 26 9220
239146605 55 8177
108743702 76 5383
48238699 100 3100
92458703 70 9238
97432409 47 624
198006687 97 3436
156667220 100 328
235564522 9 785
98842416 32 5977
55881343 34 7962
193185871 12 9774
152167553 82 4232
17675452 54 9619
209696115 4 1061
179331092 20 5112
77745231 55 4857
58200870 51 2825
125700312 93 2621
112887565 63 6978
240256936 8 2699
233463672 29 2242
227188852 73 2991
158332467 55 6572
194990934 89 8533
96703591 11 9737
77193795 57 9674
200622407 60 8790
69153880 72 5387
133753310 69 7831
82626402 78 6049
138730552 68 2656
172489988 66 1247
200429356 79 904
225131985 6 9912
85493410 29 5169
34176129 72 8785
156585865 49 634
155126387 50 4112
4882094 39 6874
14168571 45 6893
183927825 85 1175
55393189 56 2931
121618894 9 1140
39588415 66 2430
155619937 30 4140
70805109 76 7848
79262296 18 7323
95989868 91 1766
67116470 4 1056
155744146 3 1784
217644551 86 9354
221391828 98 2493
242760665 41 9018
35840841 60 4643
41775729 7 823
177909101 85 4924
3055001 7 4436
123814603 20 8243
157339715 34 3252
5150190 95 6107
221388885 13 225
82045231 14 7451
125493738 13 4274
32228638 70 8068
110284978 15 7736
99912058 54 6651
243320521 87 261
204045710 83 3588
200517893 11 9501
39748810 12 5965
118651615 89 3095
148445645 68 4386
164414940 52 3272
46460436 51 2767
148906364 90 372
178327648 60 9634
210524091 12 4891
222460149 40 3551
48548706 97 3225
168106506 32 2839
96150587 58 4805
235603789 80 2219
61090075 64 5743
233249591 97 2207
122324813 30 3335
102791804 50 8803
127728606 49 2771
122455806 83 2695
126026359 85 7929
155749515 59 3336
165527910 18 3889
120158815 15 5783
78250553 38 6840
109522318 100 192
192532472 41 9662
94139651 20 4029
235219417 28 4470
147848554 64 6316
80120691 27 6629
234165234 8 643
166698989 14 4985
220446888 99 6705
107828126 2 8190
46601560 28 8285
227509932 5 7899
67120707 36 34
242745505 30 505
186111956 18 1099
108636195 16 6718
179690276 42 8332
167393700 86 7878
189042371 25 5945
96810717 37 651
243943608 60 3712
205440112 93 6118
149908976 40 572
33641766 67 2336
157243420 29 3320
138255178 70 6791
145554289 66 2680
142775449 35 1844
128306522 78 6981
140794636 91 6034
143641647 85 2531
84078121 82 6781
134293659 96 7517
5879420 28 4997
208084555 49 8548
163802899 81 7556
2897272 36 4381
57499114 67 1742
88874502 81 6965
155946344 54 3092
104288027 19 3684
101397693 60 3221
143856789 92 2988
196687405 83 2844
139197028 88 990
246476787 72 9074
8069268 88 7054
99086538 34 7543
212927558 53 9547
169760706 55 5450
42700243 35 535
209605491 10 9062
151567489 15 4934
98285161 2 337
172756089 29 7688
37871262 50 1655
246228475 58 4281
13664150 9 598
168420995 73 149
119263752 83 8667
53823597 34 3036
124192880 99 9450
69597133 10 2205
140764818 25 1192
168431884 37 9298
146781950 48 1757
139284156 72 4356
210899893 98 810
176344927 95 3837
48861538 30 951
245478829 3 4816
96429288 34 5655
233028302 23 9621
43531353 84 6172
162408519 10 7721
19763169 97 5516
121679356 52 1739
232320337 61 7036
52672317 38 5540
79501830 13 8150
147095903 75 9677
93745014 4 2754
227691336 24 6389
163314910 32 5215
132922267 75 7349
65400976 92 9290
133473455 29 9650
20581257 15 64
227844688 42 8059
208641016 99 9742
235344597 20 5742
244166332 100 5087
148743898 58 2367
127864389 54 6464
222764789 8 6082
75386660 50 4118
117779507 48 1459
235781313 19 6799
171108192 97 379
52926269 64 6959
190536810 77 5233
216597285 22 7447
148252796 91 1172
15484390 90 6894
19333007 53 8116
21131452 73 3357
132580446 57 1123
192928619 16 5025
188297595 20 2697
113467219 34 8305
51708012 23 8691
181654621 20 5255
83172568 48 2429
125240650 33 6906
3952459 82 9742
117849548 84 3134
213935834 2 2764
172716397 8 4960
615198 99 9410
177299771 12 3819
86011546 27 6450
78148968 14 6881
121061288 61 9141
119983115 49 150
142223695 74 7456
78245313 5 1046
36642287 35 2736
8028964 10 4030
125468564 6 4195
72489345 58 9771
222148738 38 8195
20900644 92 1818
199835518 49 5872
101354900 13 3291
234164810 52 8
15320833 30 3518
69619202 100 9880
487958 24 5301
135471183 83 7811
218789453 80 5174
50391092 81 5234
73923559 81 7931
57436660 26 2402
104813085 80 6175
186131758 47 9491
131069930 73 595
49546223 69 5985
76523584 39 2771
201550602 95 9575
236152817 30 6424
230448836 26 2877
39889933 50 513
42306741 9 6536
18575319 13 6671
179433349 6 5487
98297628 73 518
67960200 20 2263
128299863 29 229
45909628 30 2246
42213833 23 4039
58344948 57 795
231291157 62 8315
45095019 97 8398
110969831 40 9825
236345555 76 8828
173213670 56 9628
206009090 81 5847
237298836 18 9669
131123929 83 7549
145325235 45 5090
116855886 16 63
74565988 25 1207
216761138 99 2332
76381096 19 7499
188550605 54 4196
237472878 24 6842
156616945 7 7182
228454048 96 2857
64162149 55 7639
23056636 84 4597
72258141 40 5780
104358040 59 6621
227407197 10 7271
81146901 15 3703
16104867 55 8801
32874592 65 8235
96621563 47 1745
171144971 33 4671
97980733 44 6220
185386736 82 8844
129190056 53 9985
111536605 92 6809
46833548 91 8961
94257286 96 3060
193030525 16 9709
32793411 9 846
7201569 95 6780
137438803 55 4689
239596352 78 6147
242371132 71 73
161222553 60 8100
198339995 100 7785
81734581 42 7396
146354706 33 3452
135015297 55 7434
53371645 76 3768
173997521 42 2205
83289169 86 1150
101255236 33 3020
83437427 17 7845
85177276 91 3474
116847722 54 151
8690032 21 9029
150741147 31 2826
146468627 42 7460
206482697 14 8598
78568090 80 3455
119990484 64 2630
137949613 39 7835
78012369 14 9757
116088142 8 5820
113327190 33 4243
189191011 96 2302
179114495 32 5203
80794733 52 4966
179686435 28 137
57615828 35 2213
56962765 51 9292
82149548 44 9696
55705800 30 5851
166184960 50 4841
13891703 57 177
145731189 94 6633
175693870 39 1318
80781409 2 6655
199433745 23 6989
231984024 40 4363
206603087 91 3817
118112809 86 6265
29585970 56 7082
53926826 97 9662
106062871 77 9193
219895958 64 6226
171400245 100 9392
117522599 70 3670
98254417 4 7686
156448896 26 3365
191077565 16 8539
27584221 89 6805
200123251 27 5546
87902823 12 695
242593522 17 8940
7845675 84 2182
225072072 77 778
186577838 17 8275
68287345 73 3462
221636156 50 8765
36119438 85 6151
188352809 32 6181
91597044 27 6107
182251610 54 2350
191479394 53 4830
62758208 41 323
90860605 81 2543
155336720 96 2950
30471628 65 7162
222074414 9 6916
82614203 5 2439
78510478 68 847
86185701 67 8915
205006223 48 9039
120628966 27 7905
237016489 47 6007
22020586 47 3953
215615211 70 9830
184836286 57 9657
233881279 37 7663
97461751 79 4436
79394115 27 3989
240395987 35 5319
39119965 70 6692
230523644 45 1655
159175765 48 6160
241085064 19 9955
46086762 84 2601
177345599 55 8932
153745363 73 6544
69076086 59 878
243130404 36 375
132238952 88 2831
194260329 95 6277
94667788 17 5877
175634255 15 3973
85921629 61 1474
44893492 25 5917
26165498 98 8647
140088923 85 4964
122308621 2 8092
62771463 58 3279
93756035 71 5403
212914067 47 287
