1000 1000000000
60917177 5 378497
36716657 96 175771
34839723 28 772531
71421957 85 417885
44133105 10 7350
7159562 63 643133
19998618 78 489154
81118272 5 146659
31756639 9 586204
54641607 87 877491
49171694 28 685092
92591711 26 431345
53090132 29 299378
8498494 73 975805
30485654 86 476413
86555463 7 225700
88978427 61 282593
6102214 50 667017
66319431 71 140536
34177285 61 880475
77296504 3 23162
121761 56 535338
60145002 53 621321
69593262 64 644716
80364260 68 673334
14936070 41 70269
11565982 28 594207
14596151 42 591488
98313451 89 523249
38184663 62 818862
67789412 83 402935
94873682 41 201967
79165077 100 238789
15505595 67 779135
59814019 53 138778
77492601 28 89106
28290290 69 17308
32926216 13 456204
72456687 23 165047
21888666 15 917327
49637149 3 34664
93548224 33 55233
59025218 73 498674
16694244 85 962488
19559584 56 295064
17164498 42 838251
82015613 89 288633
22290772 79 403640
83925647 29 580611
36138914 100 345388
14489461 31 437590
16012963 87 929902
80373725 35 229397
37991513 37 318141
83552968 95 962951
18980032 19 760373
19606289 74 544531
99856616 9 101586
71798652 25 318012
42270745 29 866760
5259778 68 593684
96726440 66 587896
24391645 95 567944
24078970 96 4959
84326725 58 928083
54499475 53 314832
41606815 63 515946
39081121 74 832061
56064095 50 544263
86783383 24 340302
79686559 27 600567
18712735 3 260805
74241193 9 784365
35935961 64 12018
51761258 34 749745
10557820 35 135293
84202949 71 537245
42664511 49 269302
51959821 28 949139
43439924 38 284495
34642602 17 347480
84583721 86 183672
96857419 62 811480
58948729 21 811648
71748490 97 23785
9898024 69 306900
57977082 86 262078
49306259 89 884454
25181273 52 28337
80019054 71 318659
38911687 53 757964
4325112 73 837932
51386189 19 617226
44654595 18 661307
28474952 40 987013
5206071 39 28180
16937053 77 367758
86062627 84 1351
27650627 85 549735
2340402 3 866069
32102093 49 970045
88003626 73 959266
44529993 61 401687
26833439 36 656087
32687773 58 848822
37603964 20 271043
29668942 23 551720
94112438 2 397099
96105594 73 381236
839687 60 105012
2326606 59 615347
24333810 95 641793
41282172 49 429704
92683867 84 426973
2183539 79 120604
59214967 84 945095
66620379 84 506909
38130212 27 257187
40938023 69 205185
10751931 53 531240
59281320 62 733202
62972255 90 666695
50165270 67 60852
88021094 72 389284
31110102 61 812379
21837528 23 364323
20390348 44 390988
31489843 17 533515
49701727 58 183890
98546912 96 305346
51427056 42 282825
69341176 33 885073
16153797 99 633925
95819310 98 623847
80561685 50 656557
25660995 14 76577
37934261 96 298626
54116748 54 642776
20378348 90 291966
49353947 17 671861
27401908 12 862135
77673835 25 208015
10236577 87 362302
98965494 68 708028
7053953 2 243993
52087411 72 340092
56109487 45 404999
44049135 43 631917
45714320 16 689710
77151097 61 646789
95393365 7 469052
78994589 10 46771
30781071 36 64144
16510551 26 718392
33417423 19 673150
69039402 13 626281
91493307 98 316441
29208500 8 912476
48334516 20 189001
1054134 44 273481
17247734 44 858248
29131855 15 868242
21201691 56 21340
79423817 74 614389
50739010 35 850126
58894142 51 314937
80986561 15 859888
25370520 64 359799
52054417 58 830333
98822418 61 102635
63646965 16 626709
26499366 75 306414
21844530 23 497448
96276953 22 684089
86589157 30 782557
74217010 42 2704
55673778 15 664709
85603740 41 413876
37665335 92 616610
67315891 12 70248
58751763 88 574703
17737987 79 645463
80947579 16 235551
33802408 57 143141
74430351 73 440389
88976072 92 478116
51206850 80 712218
74088617 17 496213
62851164 49 971844
46876429 10 402435
78029172 26 491888
56429835 12 829402
55718664 81 223891
69288706 83 620832
96212639 96 896120
84891466 43 143007
23040582 60 816303
67811634 65 10576
94793270 60 132281
11753580 71 839098
44945745 93 187460
74066408 17 330795
53251022 8 741056
10402739 32 109326
66110714 84 962957
95358346 72 718817
90425102 70 519953
67957302 69 303015
75239798 62 22071
4011908 59 997027
52361001 20 209345
986266 17 622026
55744695 35 838422
84206506 62 15420
75303977 55 461416
39407964 71 410396
88044502 5 529142
2418724 53 906233
79804421 9 640674
35331356 28 630935
71419759 63 1141
1584368 27 804156
9917923 27 651313
15206032 12 339085
13528316 35 509928
58665299 84 452729
58267885 76 146655
76873066 82 659982
34665878 50 339253
42868254 18 895787
89829188 99 865829
34967724 28 230022
4385876 30 354420
60603986 34 749841
86647074 64 584335
22890304 67 495432
15721522 70 592614
71069344 42 514168
18244781 30 522268
99843159 93 283643
25638538 26 510475
73493078 55 309588
60924863 28 919544
62469317 64 850306
25964136 59 877875
89130604 16 270260
88772046 84 876688
64057461 79 653972
8013102 16 99327
50657241 43 720538
93106404 96 639173
32482378 100 47926
50359682 44 82600
98080269 34 156716
86418206 18 764117
96429394 3 138359
63796951 64 446925
18104536 21 596704
8778563 21 107087
52723398 27 307072
90574306 32 35500
7101910 99 487148
33459660 41 61617
16254724 12 963668
14837650 54 752504
21080393 77 720632
60328788 64 343407
3780956 59 625953
14305768 45 5856
92072814 44 37508
80417830 60 154630
88955026 13 11835
64752971 76 716248
98416272 28 839712
82298784 19 853317
27533844 9 259800
61812617 90 635116
5497096 42 654699
80119698 27 95459
1234 100 1000000
76895208 58 387671
79214594 33 756823
28526077 56 990172
51793526 22 372659
17486990 14 85958
71002021 78 583440
16252233 65 944852
6909534 70 772986
22076294 15 389992
34157957 56 740843
39254971 16 612534
2304488 91 995862
78785054 35 343788
41625380 98 690581
24793915 11 520693
83076067 16 673953
73909056 6 866120
53336032 30 932331
49800760 59 922997
92870123 20 284725
21486305 68 966619
13402137 35 392490
36714276 72 520737
45751347 53 413709
62980752 4 187478
48852674 73 574485
28861337 48 302029
93769613 18 985515
60838721 70 800001
95032806 68 56114
52252055 80 338612
18140954 65 13876
30851031 48 919493
60780232 34 644612
59469619 3 813498
18450741 68 391106
8773157 98 795214
79887901 12 919838
55753704 55 799914
4149220 88 964705
93579779 98 791793
40061376 41 405321
66624322 90 534465
8377582 22 487909
2563479 47 310455
29676057 46 967399
14947253 99 847509
92575134 71 328124
48325206 47 303482
31690795 97 132710
40290000 24 290748
20179473 22 261212
31137939 80 309343
1333014 27 765042
32707350 69 562992
12192079 28 87726
22999608 55 233774
69161229 40 188998
32310858 90 16817
90519657 66 303553
70840240 71 385701
96382093 30 183150
98203381 74 690538
54836628 41 805816
57034433 35 47154
48390249 42 388914
87898156 75 166646
62458761 44 106977
97678496 43 548921
30338881 36 7667
65213544 21 434411
64977193 77 582639
7667582 67 371254
85859914 75 158078
41365439 64 289402
80873149 51 809824
23247773 89 420532
34161386 5 327948
51582615 23 135244
57989316 44 60663
97508633 92 832571
64445035 3 249183
24957759 32 967686
1135679 28 574668
88117351 66 784112
71041895 53 485624
89726410 12 981393
66789448 18 789431
12302358 83 40239
66902969 5 635535
51335995 58 948765
48417691 84 184758
74853591 12 25696
22129063 5 401239
14754409 96 170830
89028944 89 680322
53174137 82 984427
13034896 45 834500
17406359 89 133178
66939036 60 272962
60937564 90 6660
11365494 51 163131
94129952 48 835813
11917853 72 932045
12909548 90 735023
46186101 7 986213
77748116 53 881306
45124307 11 976060
55688295 99 352133
70074352 46 384729
80104800 17 451552
29673322 23 138415
8657136 90 213434
81855427 46 69213
67408864 62 281611
81272411 28 511060
25560563 75 867984
81792606 21 390234
96893638 21 926405
63472989 48 74757
1418086 69 983979
60270371 22 348479
33789395 5 919881
72219496 75 724120
42202242 5 342710
45172800 75 80145
50346480 84 886023
77484845 82 58855
89903392 62 15130
92528553 30 834162
90878706 29 255866
739819 62 248979
15686468 30 399763
8839779 91 183051
76667347 46 47290
2842346 17 863217
35654630 81 783671
69974328 80 7454
10468381 81 999725
65301522 85 138018
86268306 31 668013
24386304 7 957014
59416704 90 325758
35336043 44 753900
30768406 71 689799
17480927 94 21479
84820943 33 29793
25773510 10 80821
41166405 70 111017
95958308 97 935653
43218753 24 397688
39883671 72 145719
5575174 38 271644
82844140 84 434184
37163873 18 740667
85852444 71 474331
63803236 94 806278
43593692 44 870504
79599944 33 163013
98760679 30 569511
62958507 67 656944
42891246 60 806429
97953761 34 513366
26316517 52 665717
69519409 6 767023
53277340 34 522009
22083958 61 953602
57388773 66 337614
41844668 22 765733
22441255 5 17501
30743788 93 298471
20377546 36 307780
23165719 36 527703
19901418 24 430315
35273853 26 217164
75780661 51 195669
51353484 14 196394
18396133 96 402847
85867987 20 823991
68149416 70 204305
60501614 34 365045
54293012 85 137628
97450755 20 665576
53046926 24 417786
32346445 21 461182
65039412 94 122199
49203373 77 490368
51545957 40 198960
39547943 47 72978
19067738 16 26680
49202009 63 712842
51746559 50 356978
29317071 41 494166
41146560 29 226400
50298762 86 186504
48140874 96 551007
64463540 8 923038
59865710 60 657781
85424671 87 135524
69966851 40 131157
14134565 50 514297
65734636 79 133550
59285735 97 767450
34949049 89 530351
75960336 3 360964
55073790 14 894496
94449944 24 908550
40634244 40 309461
35663625 94 287247
75699598 60 596647
31836625 57 700287
67700590 33 126670
46764768 77 106147
63696033 13 833488
72402067 82 867925
88570631 75 771905
18320023 99 749506
52678689 42 617101
55511034 71 938346
24579199 34 63077
91970171 27 851425
48327814 53 326204
46240077 96 219554
15726741 6 600271
77247265 66 696703
91638270 66 668472
80030834 45 812646
54754059 42 849235
15044839 65 381515
40440713 21 819997
67460604 44 75098
16032155 33 484976
99491753 45 167525
9086280 69 24645
61118632 63 773439
24047792 94 776755
44527493 16 821442
91909317 100 793075
79487180 46 890778
62711488 41 392248
45382992 3 779126
34874856 92 694590
73722611 54 520887
28490027 82 672206
87082977 17 925085
14571487 65 689254
79537014 5 88984
42381189 10 292506
96753223 8 393584
64051393 10 207780
38824161 80 11822
20616243 76 648199
92399227 12 367200
72584214 87 315850
18312732 88 675043
15176297 78 767401
13884834 18 89758
89130156 57 324519
5730919 28 646812
88473130 75 109678
28524819 58 257928
7632945 5 251522
95320399 12 703290
5200663 72 427226
60983388 11 771363
98302348 79 290260
89266186 62 312140
90931645 26 92904
79148796 6 864754
98700967 85 582213
48741557 77 479839
20846257 26 159610
28243445 34 316621
41676490 13 938463
80075592 87 888677
43921316 33 798395
86599329 45 866822
4977350 88 144867
92312317 72 320980
21618807 8 780146
98793838 12 49875
60685878 38 392093
65261155 98 263550
34452156 62 269334
24539811 39 595639
11081295 65 861553
57967015 38 768886
64743314 14 250260
96592381 2 714979
45389651 12 35935
37546011 90 700975
90384889 63 435581
36040288 91 255813
28089565 11 598851
37565739 22 290660
38514424 13 915330
85142814 80 887800
4486575 75 179178
88287127 11 433842
31202778 84 951962
45748887 47 456025
60226849 30 874874
62691501 86 793150
55365534 45 365423
34541221 70 287263
32523589 94 839363
24685995 12 24021
5900702 84 982396
51008184 5 497084
49714394 92 987980
39731865 13 165671
36855102 26 736365
69926925 49 650393
82018425 93 803443
59881465 12 890631
9666309 17 225341
11599224 14 629741
83295440 71 249784
27218028 81 385078
35082819 7 520888
14707849 93 426557
41086477 24 268358
63809027 5 606794
15929399 31 178441
3007918 76 64517
87745867 17 67482
25834719 67 779731
28132858 73 91327
82931512 81 981179
86987970 37 6074
60173038 89 892383
22695708 26 660731
58786946 18 479201
58513729 24 877223
55575378 18 982012
57840503 58 952189
68840976 48 907331
75271101 42 684848
22328503 18 631734
18098452 6 210091
45308112 65 788651
47985821 63 163426
20478772 95 164212
35224193 18 171670
28990605 95 739396
99027707 31 160264
10577886 92 356444
41713903 79 754229
14287822 59 435270
29368038 94 925084
59729366 44 950391
36400341 13 460416
84101808 60 955382
87910788 38 879661
98038702 30 113095
6412369 32 274492
75377898 93 667248
70170097 57 372245
84634934 16 257545
75346408 32 628762
95651605 44 649859
93678571 91 409152
77115635 43 386541
86997360 87 92077
24652183 100 77330
70369603 52 754176
16144665 33 367962
5454919 62 619850
25041981 66 132523
503546 20 397953
66076487 76 932768
65122164 31 188049
10557504 5 135520
4179590 16 536969
12831492 37 920829
53684200 13 601360
68774335 88 237437
62211757 77 204075
5855090 23 385126
27127668 91 998353
61088573 42 742167
81556926 74 977053
88947225 46 711286
7963714 61 744708
61557073 24 4014
78932285 50 411256
9560955 4 509707
76386918 77 581205
84286432 89 421284
83521318 32 343791
75977621 28 392834
72322997 100 384972
19994070 4 333105
97535457 57 640087
44815220 36 860288
1233233 66 757254
17179496 24 238645
36134574 84 99538
21061263 6 935489
98525978 16 434516
54698059 31 648708
66478588 88 503147
71667086 6 687775
1186777 83 875478
10896980 51 149750
19463532 39 755795
29108986 61 696409
32310455 59 677547
81909178 3 852109
29950958 89 726440
68077237 11 643959
19777004 18 435196
27714940 39 693119
32844306 33 622577
22427624 33 49860
62533708 15 290325
20543756 89 333987
60885717 43 152344
98467501 45 773282
27125206 78 224343
67359174 7 673287
99213412 5 656603
92820858 6 797625
98457117 64 83721
82777183 72 136371
70160038 35 892673
33948574 19 717696
40664461 85 876040
8688092 74 584078
35913133 92 986608
8545878 12 730188
61542069 54 514504
94372539 94 648104
20073520 78 486083
45034516 70 26677
45959895 39 936097
44934612 42 757946
2421189 5 248540
80178727 98 596552
10370623 70 127589
63807111 45 252970
97643918 54 414921
40690577 95 103615
77519313 97 824624
63842212 35 557115
28187480 3 637990
39138688 92 753720
53534441 52 437445
27472393 4 217434
81081519 36 873365
27988227 4 891578
81596065 14 992112
62714104 93 271892
67610062 79 442945
94027526 92 928964
49134622 60 637996
35286959 24 729732
89988570 32 248153
21121029 47 42000
42484526 54 221799
96599485 28 95560
6348892 16 342126
92905863 52 258882
66380777 24 599247
31449849 32 663355
75602733 26 433165
27053024 100 113616
3252213 39 615109
34289254 18 751928
46449691 81 287335
43402072 100 207737
62703099 85 499331
82308992 42 734359
31176511 75 678209
99851617 68 402107
83583156 99 35695
33206045 93 899656
92633528 81 985909
71622779 3 330983
46119377 58 683124
50521654 78 621841
80512639 14 227383
79013376 68 751503
96756002 20 287425
2329024 63 806430
61982297 88 928005
18936526 68 963607
9965883 2 821038
63461295 25 505980
19458390 45 236150
78448746 21 221226
81180992 53 221581
73578614 59 252289
42715275 3 189621
64075222 44 947766
44511520 36 605976
1807413 24 853309
1074461 3 217401
35814678 16 141978
28071832 62 757030
66860931 55 825215
36777786 7 246955
41419620 17 75471
95252062 36 217528
67253398 10 286384
24635718 17 240377
93302387 6 607094
75900083 72 803166
96847244 87 975580
52828459 78 916136
31545264 4 443873
24375536 47 970444
22729299 3 888122
39727046 16 766948
91435194 93 866831
37335819 15 117049
4616182 85 767764
3353020 100 663828
93862226 27 751917
74605887 72 197960
59760764 10 571380
10989170 82 823885
58458211 85 645748
59814843 17 707662
92712562 4 278904
11046597 98 484271
82711898 12 157915
74071889 36 310125
45025235 80 341936
73699759 58 881931
70801709 35 26141
14053371 62 78578
78416794 53 621898
65895676 63 850447
48246420 34 245633
35699854 55 753006
40088724 35 121722
12648370 76 104079
73482695 22 418015
76392693 27 320801
66749768 90 540534
33054938 15 133754
92919645 80 633399
58570533 100 144571
21613261 16 837763
53632488 39 422985
55044425 85 794146
33497422 71 628822
98375391 51 423586
51653702 46 817565
54910365 73 517620
11779949 42 367285
49688779 97 65872
66394149 2 329919
12870088 100 941367
78118962 68 370194
559892 96 649020
91543687 95 498268
92271896 44 248913
63079585 94 919813
61625951 42 733795
4709031 89 199923
96725860 28 562261
88476082 81 296153
47860547 4 437135
12457010 7 665876
93260777 49 759502
6687867 38 943992
20870016 96 548463
5202863 12 365947
3811113 43 325887
87982378 94 284503
476369 72 557337
48273473 94 900069
43643032 25 850501
5358794 24 273741
35861801 90 144504
89622498 66 962535
75236399 18 10840
95638047 86 436424
41038446 26 331903
15110297 44 282146
76876949 40 987926
89635055 20 6738
56073633 74 316795
21722047 9 270277
37341578 6 335151
33161209 46 592438
99784395 87 57655
54053900 62 942808
52337832 78 981601
50681828 26 739420
91604854 73 719682
37991238 71 842816
36158157 66 641290
63063763 93 198737
75733221 6 311779
5659490 8 695365
93893841 13 154045
40507262 17 95455
10981806 64 117643
12160723 10 380262
46688185 67 95639
26636226 60 874567
61666297 58 315853
5226491 67 254740
39325959 84 432095
95869589 81 601557
75055299 13 665206
52931620 46 757576
22932322 76 192062
57031286 89 34119
20509254 82 393016
62862671 33 632130
22133790 90 982996
46753631 61 690571
35054728 27 400539
42133500 6 342860
59889482 75 255722
44487449 9 272136
4557068 54 736049
37873332 42 886611
44645025 8 705527
643084 24 53166
62147720 46 644002
88966803 60 64862
96275118 80 205732
82458382 33 574898
66221266 7 381635
21976147 87 318590
51161437 75 301957
59797293 35 710400
75471271 96 533094
35063896 89 591797
19041470 100 981303
56312801 65 777430
68411313 25 157585
20098976 15 906171
15903327 32 602843
7304590 72 12297
23233184 37 905168
35482630 92 164233
99126248 15 701565
77359020 11 207423
9626358 12 895678
19123499 27 48799
53879537 92 576285
43387473 4 349160
30235156 98 843051
81467442 46 924773
17295066 6 518051
20573786 37 208126
27730181 7 627913
63953401 49 133326
98501153 59 254795
46960278 42 706898
84154665 78 355726
65938244 9 982682
57188966 80 28785
86286031 30 773207
16596281 11 362374
3034377 9 201507
4697891 46 254387
79372732 78 299172
32905784 40 688761
16618860 88 539261
26966827 42 236220
91984757 78 122082
36421100 45 779224
15013731 52 361787
11096242 64 800929
73445534 53 585921
59360737 67 516877
59763635 6 639026
44540190 7 467068
4603478 90 384698
93293549 63 925467
23983167 8 114832
14924637 36 737258
39953467 58 190165
87589531 72 792747
52955940 58 421553
60200265 19 946010
73524101 34 982287
84576722 98 653985
80799502 60 248088
84096742 99 244724
48370093 90 455463
34655460 84 838471
25987185 18 501741
16738295 21 198192
15329049 14 8028
95253331 79 443232
83390835 29 249042
49902706 43 469438
93317275 33 224548
96293065 58 716869
37381386 6 16918
52327024 60 229767
77099051 22 293021
47826604 44 330989
4628785 85 2642
68780257 86 376775
83041557 95 850130
33917842 27 625512
67953392 11 642844
33797468 25 137
22324086 19 115018
9066274 50 719111
30746937 83 323930
20746510 64 777236
75205302 26 768026
32683336 5 366281
54143863 46 954601
30812103 76 988446
59743699 99 256641
81307366 59 140400
67847276 74 106890
24537690 45 601903
14808413 96 61241
