984 98345
5120 65 1977
21715 67 1507
35265 63 1986
64594 29 1732
77388 92 821
92905 48 294
46247 51 1568
65534 67 1316
21823 85 1623
88124 90 802
24204 63 1823
8339 46 2829
20479 70 1887
67907 41 1696
44921 95 880
31557 80 1219
4257 92 1987
64351 43 1407
40871 100 1260
96786 100 939
44366 57 1503
44221 73 1145
39644 61 1624
9441 49 2499
8143 54 2386
31981 28 2795
63923 87 523
82265 6 3223
58070 77 589
34470 49 1758
31360 12 5885
96116 17 333
25239 37 2997
96337 81 324
9487 26 4114
77060 7 4116
46350 58 1395
32903 30 2427
94412 27 493
19854 52 1624
5370 55 2043
95726 28 799
51669 15 3359
3335 26 3924
76522 63 689
10748 15 6866
65492 68 852
36559 34 1945
294 49 2833
68583 65 1061
64532 70 1500
92135 73 198
28353 18 4327
96834 96 995
41039 97 1218
14714 76 1749
74031 53 1291
8265 19 5696
88337 100 639
64725 64 1143
81093 76 345
13199 28 3709
86911 34 566
4639 54 2417
22762 68 1247
89571 71 770
70788 19 1934
62123 87 1186
78904 50 939
512 84 2067
81854 70 964
56165 62 1551
87192 51 1046
37398 15 4495
52885 45 1592
35110 91 1241
59294 93 1234
38279 5 12621
27745 62 1794
93873 81 905
69648 66 751
15642 21 4245
11572 95 979
69380 32 1316
84885 89 188
16773 70 1754
96426 8 698
42390 32 2220
6605 63 1769
1309 48 2327
39708 70 1007
88890 65 1158
20921 48 2444
82598 5 3736
52844 54 1131
24670 91 1523
67767 22 1577
84940 12 1331
67513 4 8699
61826 72 1373
31890 22 3518
44596 7 7937
85645 99 501
69427 76 1027
13927 22 3905
59671 64 1450
96988 9 368
73555 12 3097
71495 32 1064
43530 29 2038
13941 54 2237
26389 86 1808
43341 7 8222
48887 72 1344
53032 4 11861
16291 97 1393
19251 72 1740
39001 100 720
44860 74 1200
58988 100 1392
54156 35 1632
36731 52 1309
66703 9 3754
50715 82 971
11791 62 2184
45767 29 2025
14004 94 1681
72315 100 383
26115 2 37469
61867 15 2820
178 19 5785
84208 46 537
6618 12 7844
6891 22 5116
24063 59 1388
86426 30 921
89265 44 565
1265 8 13190
9357 70 2095
58336 77 732
9884 13 7482
60899 49 883
95140 42 433
10428 85 1077
42997 88 675
24525 11 7741
67794 86 978
12118 73 2083
37263 74 1189
71988 62 1084
40306 23 2583
33472 91 942
43797 46 1900
90970 38 1152
47214 81 1250
45950 79 818
12392 24 3726
31639 42 2522
77083 27 875
87310 87 1004
65337 42 839
35280 52 1543
39192 30 2258
40974 28 2143
85438 77 872
59184 88 1102
38090 85 1539
35800 74 1167
7440 60 1817
60287 85 905
31617 4 17656
41502 70 1535
88800 80 638
31771 70 1234
72167 28 1799
92964 49 284
96778 49 1027
48891 62 1702
33817 70 1439
92525 45 1066
86330 30 479
74489 19 1375
93981 27 218
2308 48 2627
52768 43 2077
21424 9 9567
31130 35 2024
2075 4 24645
92613 39 523
5406 76 2066
80447 35 866
92197 92 624
70022 77 1007
79766 79 286
14003 54 2194
61340 70 1195
79305 44 1345
71527 86 1266
16045 37 2385
93431 26 703
58519 44 1561
53077 96 676
7764 9 10781
30246 43 2408
96512 46 883
47685 60 1539
76586 98 1154
55878 6 7871
85936 52 426
33776 7 9889
11826 91 1371
59095 2 20410
83374 35 1150
85976 23 919
68505 49 813
35839 7 9983
64988 34 1562
1429 27 3748
13449 23 4275
17598 92 1267
17948 70 1826
92982 92 159
46850 99 1281
87379 60 1170
64569 38 978
44080 68 1173
39017 38 2053
81088 33 1365
53939 90 611
52215 25 2408
90657 77 347
6411 55 2139
17886 89 1891
93129 13 1150
88420 58 1005
52610 73 1444
12139 96 953
46552 41 1521
50526 6 8329
16241 94 1183
66401 53 740
82844 33 827
61728 86 642
10780 48 2654
46010 80 953
70146 15 2279
75088 47 1522
44803 73 1180
20159 66 1412
62569 99 1106
65525 48 1598
48846 97 655
88378 44 857
82511 94 852
87575 20 1380
23376 23 4209
78104 21 1635
48720 90 774
7963 48 2564
92262 88 496
58097 79 922
81259 22 1261
58729 42 1011
40983 21 3655
61066 18 3004
31986 88 1206
1424 68 1832
90781 28 1171
54777 88 1526
10880 48 2663
62621 66 826
37966 63 1285
89739 29 750
80226 37 1183
95495 80 161
25700 72 2026
17503 60 1862
42345 81 1447
83881 64 681
2601 48 2961
2504 75 1545
42729 37 1671
52149 87 872
1422 94 1072
27225 72 1765
54391 46 1991
46622 98 1020
52088 81 650
75030 44 1230
47115 87 1419
70042 12 2851
62521 88 1374
41771 94 1074
35534 68 1185
85315 58 1174
34529 18 3988
66515 46 1299
36669 62 1567
27770 84 1487
93847 30 968
68983 100 1211
94630 26 839
29552 60 1846
76973 42 1030
61482 40 1138
8321 97 1898
56890 39 1927
31071 72 1523
30782 62 1702
67418 34 1538
14241 3 28509
54352 50 960
8034 28 4033
20397 49 1803
90318 28 1296
78037 55 565
33675 17 4535
39034 100 1615
34062 78 918
87104 47 1006
64020 99 449
77211 40 1294
71258 30 994
69876 88 870
14128 38 3046
71729 52 1313
44206 88 1617
33923 64 2033
28804 7 10469
67109 27 1819
50806 65 883
66279 58 1232
14977 31 3180
27678 16 5478
48765 81 1245
71735 16 1817
28482 54 2008
29167 82 1766
25789 40 2077
10052 88 1431
82568 40 890
6704 65 1959
82164 23 1262
68982 62 1016
17590 90 1495
48319 57 1294
96011 66 373
35505 9 7870
13978 40 2535
59092 75 643
1684 96 1836
68052 28 1417
48497 24 2410
33738 72 1271
76940 10 2525
6134 68 1754
49152 68 897
76562 40 695
26266 53 2354
43358 79 1064
25950 80 1769
58682 35 1807
94128 52 833
1093 13 7878
55887 44 1904
55415 79 1280
20494 92 983
56622 98 541
49603 32 2171
58997 55 1101
87151 14 1304
58534 91 854
82813 61 1178
56321 4 11535
87459 62 1090
60432 30 1758
52451 54 1813
83567 42 1078
26314 62 2002
61022 94 592
81611 10 2149
18932 43 2605
30456 51 2299
27572 41 2571
1113 56 2676
28022 71 1381
61932 89 581
16990 36 2379
1154 31 4176
71868 61 1204
8753 67 2239
65959 42 854
69106 41 812
24515 66 1353
35486 40 1888
87802 39 695
22602 5 15876
67125 69 811
95439 36 416
69603 63 522
7248 26 4362
72464 72 1174
20489 11 7222
37666 26 2794
34137 95 1210
96152 96 614
4030 86 1417
53021 44 1675
24956 89 1151
8241 80 1310
62178 85 468
92197 84 812
47234 88 1296
62009 29 1795
9344 85 1752
17412 35 2585
57095 17 2761
89024 52 535
68900 65 569
10470 59 2102
11092 40 2682
11998 93 1248
80191 68 583
87349 65 399
76203 13 2689
83637 59 814
90761 18 1137
64438 60 752
21584 25 3975
45915 98 1126
680 70 2179
57950 16 2640
93643 51 1052
24818 77 1748
45150 96 769
48615 16 3738
29695 63 1429
3386 37 3319
43265 36 2118
38795 86 1224
482 60 1965
4767 12 8667
10154 11 8263
43310 46 1247
45115 39 1416
79336 54 518
82084 47 597
89218 65 447
15128 87 1895
46142 21 2801
84973 51 952
30706 75 1306
76060 40 943
50083 25 2467
5926 99 1718
50968 66 1672
12703 69 1905
850 54 2549
80194 73 1266
69375 89 634
68947 62 563
63640 72 893
13766 89 1037
57197 69 806
93425 37 685
92332 49 894
65774 48 1377
60005 61 1394
10481 95 1377
71463 6 4872
37653 20 3901
93283 33 1169
90605 3 3634
3012 65 1910
15345 56 2151
86772 77 790
16047 45 1891
15343 93 1291
3295 4 24391
60181 34 2024
80423 6 3195
11973 15 5974
50093 73 1628
88146 38 747
35080 26 3140
64307 35 1718
13978 50 2142
95532 75 276
95865 60 325
42967 68 1575
61846 38 1545
85894 67 249
87281 62 472
44112 92 1014
16418 66 1857
16457 41 2464
10388 27 3966
15208 55 1991
11146 75 1814
35624 61 1296
62044 21 2452
45879 68 1190
87553 46 1077
17668 36 2964
57523 54 1694
16766 82 1832
41620 57 1264
47052 87 1002
14481 4 21168
56817 89 1059
91629 54 377
47875 52 1965
68688 3 10755
90560 47 1068
96334 4 832
88523 7 1539
86144 27 594
82885 19 1371
37849 11 6254
95727 34 552
73187 12 2806
21345 33 2892
48471 18 3348
62786 59 999
68853 6 5672
41926 40 1977
11586 89 1136
93361 13 1335
38821 81 1436
77238 78 390
51078 54 952
21804 49 1747
91218 79 956
80325 44 746
45195 39 1457
22151 71 2109
88826 83 440
69725 15 2674
34224 13 5030
11622 26 3663
47091 30 1995
10577 28 4005
12983 11 7876
50774 55 1078
32739 59 1287
93348 50 367
52947 48 1443
57487 91 908
48194 83 1158
51528 51 1684
55881 6 7502
56863 77 718
41046 68 1077
2198 82 1338
61468 50 1152
6994 19 5284
43566 10 6365
79884 41 1462
31318 43 2112
68699 83 992
74359 54 976
84180 27 1288
41097 95 736
11814 45 2333
49820 23 2760
48118 24 2731
13975 81 1396
18607 28 3046
70589 3 9728
40472 61 1117
48362 99 1112
29565 22 3875
75074 35 1490
72434 79 791
64819 5 7084
77149 2 11417
34586 4 17064
91368 11 1551
71750 7 4520
12181 40 2387
58656 68 1478
20881 67 2082
72921 17 2039
63709 95 1373
47274 5 10546
12237 68 2190
29121 17 4191
2158 45 2276
79391 31 1246
2487 93 1684
18447 72 1186
96837 34 803
1175 26 4101
32920 83 1216
89530 52 288
26850 63 1340
50951 44 1971
5466 23 4101
70035 94 1109
34060 66 1877
78284 94 1148
32579 55 2171
52271 60 997
78167 67 1147
53849 15 3275
15847 73 1392
71309 50 674
83967 45 738
57548 57 942
77204 39 1494
24555 9 9250
82973 90 1088
51444 37 2185
40287 31 2855
14074 53 2365
26341 97 995
37421 30 2935
3127 34 3032
72738 46 1250
23112 78 1053
62891 89 1052
43571 58 1054
34187 53 1976
21897 90 1465
2123 60 1892
69922 71 1269
70872 43 1517
83823 18 1432
70511 40 1233
5518 4 23586
6408 43 2498
19609 11 8010
61326 11 4340
12706 89 1652
83394 85 501
5723 3 31433
40411 9 6557
88894 21 1378
24655 67 2046
9938 91 1813
21269 68 1385
46402 44 2029
2730 31 4054
59068 58 985
27845 5 15077
9894 96 1543
65236 60 1481
57638 87 847
92569 25 352
18823 48 2569
73513 27 1681
52408 50 1895
72193 57 509
37583 23 3542
93094 30 453
34231 50 2254
50333 86 712
77155 6 3886
52418 53 1043
1503 38 2688
44842 48 1629
5182 26 4007
425 41 3245
63520 58 1132
36423 81 1035
66517 10 4209
15266 33 2830
62052 11 3562
48747 27 2626
9698 54 2496
42690 70 1437
67710 9 4454
80271 29 1498
42089 55 1386
33595 44 1823
32496 12 6381
61669 61 1494
45375 56 1756
151 63 2268
60079 25 2529
48577 28 2517
30244 78 1533
48251 100 609
54091 40 1222
50994 18 3466
46889 51 1442
62027 41 1491
38280 6 10620
74575 96 348
72659 30 961
51620 91 903
33141 72 1063
58780 14 3450
30872 98 784
65822 73 825
47939 69 1624
66900 5 7007
47604 12 4854
34447 54 1500
38723 65 1443
8552 45 2957
96409 43 527
96496 28 345
14015 48 2349
49445 52 1570
4313 72 2108
21862 86 1203
93285 60 959
51163 51 1831
89519 17 1514
85021 53 905
92557 67 1082
34445 59 1648
69595 39 1302
38746 95 1230
43742 40 1476
52295 88 907
22189 26 3164
3925 14 7507
35489 64 1740
66391 4 8424
93690 54 183
16023 20 5003
67301 76 789
1570 68 1814
41649 75 935
28778 75 1050
31674 70 1901
26088 72 1493
60306 52 1602
37056 93 979
41705 31 2837
60948 40 1048
55089 29 2421
50681 85 1324
70295 56 1012
12188 67 2076
24512 67 2025
20882 93 1364
82308 61 620
92866 16 582
23140 98 1143
62663 5 8116
10900 75 1625
96345 24 586
19118 45 1964
69926 46 1384
58312 39 1339
63996 41 892
61409 62 1195
88814 90 910
89073 33 561
5644 97 1584
23854 74 2004
59161 20 2683
89159 16 1469
35554 31 2347
11212 76 1855
87139 17 1427
74074 59 690
22873 73 1997
30640 69 1131
50542 40 1910
35544 53 1767
57332 37 1296
55734 54 1805
20608 89 950
81841 51 808
82994 9 2649
24306 64 1821
8776 62 2242
74933 10 2890
14485 72 1577
32119 64 1770
63687 52 1651
80214 90 502
65980 46 1109
96212 38 521
59786 72 655
30524 88 1591
95595 99 78
32266 68 1286
10911 65 2281
88373 21 667
16122 78 2022
67803 8 4205
9353 90 1803
35952 31 2331
51018 86 1133
79378 68 1008
76632 35 1431
12766 20 4855
71548 31 1677
3816 67 1904
76135 68 1099
67360 20 2041
30683 71 1923
75035 7 4357
35329 38 2202
58227 83 1356
19430 23 4046
33210 2 32948
11261 80 1209
25419 11 7282
82796 15 1921
2717 68 2094
11592 30 3608
3658 57 1824
11217 50 2316
33777 81 1726
10501 33 3703
36202 5 12704
96315 36 228
56982 39 1607
84188 10 1869
26792 96 1381
58615 60 984
49753 5 10474
10546 23 4310
80142 35 1241
1769 14 7906
17564 71 1325
73750 45 1111
42889 85 1456
19965 50 1891
63943 9 4354
85047 62 1133
1643 100 1544
72838 16 2267
76815 91 753
1514 69 1686
80588 80 1148
92692 32 996
37517 46 1809
39941 15 4782
54448 82 1494
33870 81 1750
42186 27 2618
47150 29 2778
87231 49 1253
34825 53 1313
2006 19 5704
57000 29 1764
42510 4 14915
74522 30 1019
21751 98 1192
37544 40 1781
38129 18 4042
48274 90 982
1777 41 3386
58130 30 1700
3409 40 2587
27590 24 3664
82708 68 289
16572 56 1614
85324 39 1006
18771 30 2830
96512 17 340
2211 56 2378
28825 7 10754
67448 14 2867
16295 83 1529
42014 61 1005
52980 89 964
22100 23 4174
32964 8 8988
2602 42 2528
47264 41 2178
1380 5 20151
57830 43 1007
61179 100 865
95699 59 355
67367 44 1448
71261 75 1105
78856 25 1143
43084 2 28254
49057 95 639
24923 9 8648
23317 2 38487
40482 94 1593
81870 2 8664
95981 65 479
85047 88 547
81122 57 982
16769 23 4416
38841 9 7024
15207 47 2281
64939 64 822
50985 10 5330
80816 23 1134
57501 81 895
82806 51 832
43554 39 1452
61858 55 1337
96403 100 859
74622 58 730
72302 46 1302
15525 45 2622
90885 33 1258
51955 60 1300
70110 96 971
74107 58 483
19117 56 2409
75587 95 503
4537 41 2764
9923 84 1989
70481 15 2718
72764 79 1035
64450 5 7482
11225 21 4424
74208 28 1285
1573 23 5078
4945 75 1652
33708 68 1515
86660 55 796
30896 30 2347
76200 68 829
13524 34 3033
33085 79 1285
34659 92 1600
94550 3 1890
12709 24 3720
23128 77 1302
93895 14 1238
992 69 2179
67447 49 759
52278 82 783
10107 37 2497
53753 25 2695
70293 81 978
21710 41 2797
94653 66 847
23019 34 3090
66160 39 1016
13270 31 3500
56315 16 3093
45161 69 1239
15503 49 1789
96327 4 808
92576 53 1123
79070 84 298
88795 99 880
58144 91 1030
5772 41 3281
37149 5 12935
39889 42 1692
58087 43 1701
21625 31 3403
38686 25 3393
68906 100 421
31122 30 3160
14640 6 15020
83496 46 1106
75060 77 1151
12628 68 1982
21044 97 920
39859 7 9088
63823 58 1338
11603 93 1272
28823 17 4829
69362 26 1469
38887 56 1286
36704 19 3743
23755 99 1229
81404 11 2050
49622 89 1309
31511 15 5382
81164 70 417
30897 24 3781
2563 45 2838
49544 67 1506
60251 17 2996
79207 70 1002
25453 12 6827
89957 70 374
4974 23 4374
72043 79 881
92090 81 489
64850 97 885
31111 22 3404
88055 75 950
13791 37 3189
85799 35 1109
80771 78 791
