793 236217
172359 8 38
196804 5 59
107600 7 82
126462 9 26
157795 5 45
225713 10 87
33587 4 35
2754 6 36
207813 5 5
49765 7 37
187 6 60
151511 3 75
41675 6 31
9663 4 73
57118 8 90
76750 5 50
84536 6 8
127168 8 77
55023 9 9
170796 8 50
169475 5 91
131427 5 59
138940 3 26
200025 10 14
196532 9 18
61176 3 90
210001 7 10
198265 8 7
122442 10 10
159899 4 23
172100 2 86
65254 10 43
80410 3 18
228546 5 45
217358 2 84
29926 5 28
81249 3 90
215037 3 53
218587 4 43
183303 7 31
173476 9 79
71686 4 48
55764 10 81
146816 10 82
113907 9 43
198338 6 37
232446 9 11
53022 8 13
191962 5 100
48633 6 81
210314 7 25
144162 3 60
157620 4 64
111871 7 21
213128 9 81
18643 6 46
5736 3 65
213102 3 73
55700 6 5
47343 9 21
72611 8 42
96716 2 48
155536 3 79
52041 7 97
151896 4 9
157428 8 26
145281 9 25
164430 4 78
213280 2 97
99557 6 54
160875 10 59
152808 4 69
190187 9 26
44324 5 97
107339 4 95
71178 4 43
64997 4 12
182681 5 75
179611 5 66
119088 8 27
156087 6 68
149662 5 82
72084 5 85
233520 5 57
53108 7 20
162394 5 85
99171 10 84
213201 4 74
174634 5 91
166089 6 6
231239 5 26
185737 2 95
86688 4 81
36170 8 21
231215 5 5
60349 8 16
107367 8 9
130531 10 96
10905 3 91
26340 8 94
157551 4 37
142002 9 60
224507 10 84
233892 2 75
99308 9 38
72510 8 37
213343 7 94
179366 9 81
131119 4 51
102742 2 25
66230 9 85
72911 6 69
151343 7 41
212331 33 1361
67599 8 35
229228 9 51
102189 6 26
11718 8 98
44415 3 17
233243 5 88
113555 7 45
160361 8 80
153324 7 81
214901 3 82
98300 9 82
134330 6 77
197094 10 41
38859 6 9
145039 5 79
33877 7 70
137240 4 95
82041 5 1
25669 10 50
166917 10 32
93436 8 41
218929 3 58
215400 9 92
148511 2 24
29803 10 49
227043 8 68
126185 9 82
220425 2 18
55891 4 39
103511 3 59
84548 4 88
128457 4 93
29458 8 54
179182 10 10
114051 8 98
67853 9 27
165899 3 86
89108 4 41
17423 8 25
51356 5 49
135485 9 56
144122 3 55
125964 6 70
151470 10 37
185386 8 21
225841 3 39
7148 5 74
100366 4 65
145751 8 36
26430 2 14
127756 4 69
52362 3 52
197168 10 63
204426 47 954
96157 2 93
205892 6 7
136157 5 63
223710 3 98
170442 3 25
44994 9 48
183440 5 56
123236 5 52
180283 10 46
159469 10 90
17422 4 45
90857 2 22
125873 10 54
75917 5 90
78802 10 87
201584 8 13
197450 9 30
154433 3 24
23991 6 48
113334 8 40
204346 7 67
40389 3 77
125139 6 83
215673 10 100
153113 9 69
127290 8 89
213998 4 17
118486 10 5
90721 6 27
170552 2 84
183682 6 59
106458 3 52
68771 4 83
73406 3 70
183102 10 5
25168 6 96
27504 8 82
49155 3 56
116314 2 90
82368 4 56
205177 16 1991
190507 2 56
29740 3 58
37343 4 1
123059 10 41
143248 6 69
138996 8 47
176654 2 39
131376 5 69
34261 10 75
149651 6 16
58916 5 12
221599 3 55
117131 9 25
169722 10 55
175442 8 2
118332 10 71
183478 2 51
122931 6 8
98582 2 32
220445 6 51
193164 4 15
160668 9 44
122204 2 36
216238 10 48
163439 7 85
80385 6 2
209298 5 88
95527 2 28
38835 4 24
93264 6 32
107725 7 21
188105 10 77
41842 3 61
87845 7 6
177480 10 70
183250 10 36
192789 4 14
151778 3 25
229216 4 7
23980 8 74
149440 9 16
31135 6 2
99174 5 12
189195 4 67
43555 5 98
37755 3 2
88264 4 10
21154 5 82
33952 9 29
231344 2 91
210444 10 73
6804 5 60
174320 6 38
24103 2 4
72899 3 17
199829 10 36
46994 2 17
223162 10 38
85860 8 94
151948 5 72
93119 8 15
26257 10 38
54553 8 7
92669 7 4
133292 4 99
195720 9 78
71166 9 21
165765 6 69
150322 5 22
20248 4 44
78424 5 14
92554 3 32
162727 7 7
199934 6 62
109930 6 23
36463 10 37
60575 9 47
15142 7 2
34457 6 15
23829 2 18
74906 2 47
87303 9 87
203761 9 42
79083 9 18
187037 9 21
56324 5 38
61238 3 72
212913 6 92
73061 8 60
99584 10 20
41249 3 1
188037 6 37
180569 5 32
199438 3 99
37143 2 49
91 10 79
123251 5 49
224496 7 90
167479 7 24
9358 5 27
18171 8 50
30149 6 89
166598 6 29
216405 7 83
55799 4 26
76737 8 97
137751 4 56
56557 9 54
231089 6 93
216745 6 95
102395 8 53
20678 7 19
203099 6 89
7966 8 96
93032 6 70
148277 4 41
209722 8 100
48130 5 24
91853 9 86
99330 9 80
17426 4 40
88278 6 50
100410 8 61
45385 5 28
27621 6 97
192321 3 16
189360 9 96
20454 7 67
196447 2 16
41853 5 82
217313 2 54
208001 18 1997
180975 10 31
55920 3 76
149669 7 29
51116 6 65
49498 10 11
148660 3 15
16196 6 66
208320 10 14
150331 8 44
175649 6 51
91227 10 49
41535 3 52
75900 7 39
18589 3 99
113589 10 94
77316 6 99
49373 7 96
69245 2 76
87593 4 53
4680 6 82
188548 4 98
11626 7 98
187014 3 32
132923 5 63
78080 3 63
103828 7 32
100403 4 77
52176 10 91
193947 9 23
14453 8 63
134764 9 31
29451 5 44
112985 3 42
189112 2 23
215148 2 3
2035 2 10
85561 10 93
36679 4 66
27580 5 37
103421 10 86
91292 6 43
75816 9 48
59042 4 49
226292 4 60
198861 10 36
19631 6 71
177705 7 23
193360 9 5
115118 4 63
200808 6 28
163379 6 50
137886 8 82
192458 9 24
36886 3 97
4760 9 64
39416 2 72
128721 2 24
208769 7 87
142470 2 68
175249 9 67
157027 7 100
159356 7 63
55000 2 7
118346 9 34
75277 8 33
160147 8 6
35002 7 1
46876 9 39
56302 10 5
93632 4 27
202468 4 27
115234 4 13
16155 8 31
75663 6 8
19930 4 28
155670 3 91
199892 3 18
31399 5 36
35417 7 44
203679 6 76
142498 2 20
50816 7 37
145709 4 73
143263 6 81
228037 6 35
34691 5 51
127555 3 3
155229 6 51
227910 7 42
146118 6 37
89063 4 78
125784 10 77
39484 8 44
146068 5 90
60024 4 39
94421 2 69
126892 6 89
191272 7 42
140708 10 100
232745 8 87
32801 5 32
102252 10 62
56917 8 4
172833 3 34
149083 6 20
206574 10 25
220641 10 15
70845 8 6
191808 5 94
36299 4 21
42705 3 30
133924 6 21
100137 2 79
19543 7 54
69102 2 9
7013 2 92
79786 3 87
101158 4 99
32591 5 1
109088 9 87
156636 9 35
200964 2 61
147964 8 70
205937 4 81
45483 10 79
58956 6 77
28798 9 50
52388 9 52
190439 7 96
53214 8 56
49689 4 56
83965 10 66
6026 6 23
22807 3 16
49350 3 86
73375 6 34
205444 3 46
146551 8 15
224249 5 96
166905 2 25
204652 10 81
233996 8 5
58014 5 12
222549 7 17
126268 3 12
134227 6 2
144829 7 45
203053 8 51
184318 3 79
32542 6 3
99235 6 72
26486 6 39
131231 10 20
145219 7 99
228462 7 31
200773 2 89
139951 7 50
145615 8 56
74933 2 80
153384 9 97
228197 6 36
136683 10 16
79311 8 22
227520 3 32
27317 6 13
25698 4 55
7342 5 63
219502 2 88
113551 6 2
23774 8 30
189224 10 84
234093 10 25
200012 2 76
168912 9 92
19284 8 91
58192 6 29
161206 4 27
233027 6 91
34320 4 73
72764 7 44
79321 5 98
184749 7 12
45191 7 74
233304 8 60
106097 6 45
234412 5 83
80378 2 94
31285 9 29
226422 6 30
203274 10 52
3211 3 69
163605 7 91
168162 3 10
22165 8 28
206535 2 20
122106 8 90
120629 3 14
123240 4 91
106443 6 77
111793 7 65
12338 4 34
84856 7 57
47010 5 84
220027 10 81
110771 3 28
93731 5 4
186434 8 59
13063 10 18
115816 8 31
104588 5 24
158780 8 53
24947 5 75
121822 5 20
123482 9 66
62097 3 35
129895 5 42
148392 9 15
15030 4 41
114667 5 17
50350 8 47
22323 6 9
84901 10 8
233474 2 78
201036 6 24
42502 5 69
138898 2 79
112591 2 61
40916 10 89
107572 4 41
45793 3 76
70732 7 18
229998 6 99
228083 85 910
233298 2 53
33232 4 99
122428 7 34
25603 10 30
170192 10 48
208389 9 53
144218 3 33
230003 6 59
90320 10 76
120593 7 27
15470 9 3
234524 8 91
31942 5 49
69397 8 34
30874 3 86
202369 6 66
223531 3 50
136400 10 29
119043 6 31
218543 2 55
136889 7 75
152809 2 91
206253 6 61
17804 2 91
91884 4 51
156073 5 26
146858 9 97
213670 6 25
3028 4 31
88273 9 42
188124 3 3
81592 10 40
147918 4 74
3067 9 21
54818 6 74
54338 7 47
123524 6 8
55590 8 77
30368 9 63
89025 4 83
218646 2 43
76673 6 58
140760 9 2
220099 4 19
144761 8 49
153455 5 5
35861 2 71
5901 5 13
8086 8 77
206846 3 85
48859 9 40
16997 4 77
113019 9 51
210392 2 87
81856 7 37
190082 4 14
112872 3 16
121798 5 88
222432 2 80
132358 10 52
5912 9 42
166402 7 34
69035 9 66
162043 5 84
216302 10 16
121570 5 37
87406 5 90
134324 7 11
55523 6 62
134896 9 52
199048 8 86
191031 10 57
87015 6 66
49495 7 87
201227 42 1662
175272 4 99
139065 2 90
141058 5 88
92899 6 74
22133 2 26
202865 8 62
38225 5 71
112508 7 91
172966 3 91
131742 9 74
221071 8 94
104393 6 99
233887 10 9
73472 4 93
145743 5 44
14521 2 73
5382 2 78
203080 32 1565
97985 3 1
201069 7 8
36774 10 29
78409 9 37
68497 4 45
189839 5 92
82713 10 17
141955 7 35
12761 8 35
228454 7 60
187407 3 70
49399 3 36
17070 5 68
74209 8 60
228237 10 47
13889 7 73
93489 7 29
79446 6 39
203320 10 17
155466 6 12
59388 5 87
136576 8 78
117511 7 58
100269 2 6
95013 7 84
129921 3 95
145670 4 93
146001 8 55
166805 10 82
33749 9 19
188439 3 16
140441 5 27
12142 10 86
140080 10 27
219989 87 1193
147959 9 29
213129 6 70
13734 7 28
163737 5 1
154822 8 18
136504 3 20
102891 9 12
56460 7 12
128926 2 55
108456 5 10
153307 2 45
117648 8 32
57321 8 69
18484 8 8
176634 7 46
100939 8 95
114472 6 97
34389 8 34
118544 9 60
156778 10 14
991 2 70
233834 78 703
143344 3 30
31310 8 91
2979 2 35
60724 4 42
202339 7 57
103559 8 45
63056 5 59
108778 8 20
32262 6 22
131229 10 60
7595 4 97
119048 9 77
226599 8 57
202574 85 610
90131 9 75
125441 6 93
37964 8 31
66616 4 11
60732 9 78
29824 8 27
167506 3 80
224165 5 19
203578 9 35
107038 2 79
172773 2 68
8688 10 55
149209 2 16
13092 10 25
11984 2 92
138092 8 80
24854 5 41
147594 3 30
221269 4 48
5827 2 8
208628 7 83
163521 7 15
221095 4 72
74880 8 89
221031 3 47
13412 8 54
170438 6 12
190853 4 48
206058 5 53
47860 5 55
1960 4 37
108118 2 40
139179 5 93
135369 10 52
98996 6 80
3940 6 66
72700 2 74
82245 3 44
31032 3 52
177145 5 57
147308 3 79
95964 8 89
36062 5 93
65661 9 47
204988 9 44
110573 3 52
58072 6 36
159915 4 63
190819 6 4
193776 9 8
37927 7 34
13999 6 37
193415 7 30
44137 9 26
191352 8 77
