1000 1000000000
9739254 43 490
27073982 21 228
36906068 23 474
37428930 40 460
88272442 21 643
62597891 30 84
87016349 49 11
8263500 5 79
7229968 50 972
34292915 27 218
66764540 42 158
11935274 47 386
3047931 33 906
99117276 24 365
49779599 14 618
94182655 22 825
90149522 18 659
91495834 17 502
41161375 21 828
14388256 26 372
65115992 22 745
84211911 45 361
57784175 49 338
85255973 6 740
76202125 38 671
40868540 50 85
24757987 28 129
86749450 46 588
61251383 14 463
64621224 24 740
63368072 20 981
28721247 45 753
21527793 40 955
99585608 27 46
88101876 23 925
76634966 14 609
36793648 24 954
68070286 28 102
52806437 8 652
34811582 8 928
40546642 43 45
63757738 49 667
3904929 19 965
81882621 12 207
8446371 15 632
66723920 50 22
81564572 7 106
55739628 21 201
84206593 28 288
26180852 34 353
71905207 5 449
25668963 47 233
18475040 11 792
56167841 42 803
17781998 33 617
86502805 26 321
38893465 6 753
80971620 25 885
93281699 43 439
51961088 7 894
27482871 3 916
69717118 27 491
43752891 34 304
69598625 47 279
69304222 2 673
66990458 41 373
79136340 10 826
83965517 24 992
28565500 50 516
74784315 6 647
94979421 35 616
94669846 33 977
4454351 43 252
45052716 2 360
10174272 26 833
93772372 42 7
97589715 29 900
47441191 17 133
32961728 22 138
67881079 41 295
51608786 2 841
92491663 50 103
65029677 11 140
2436001 39 500
89361781 6 397
47326049 18 831
12266670 43 23
5775564 30 907
2527873 34 250
88399766 46 545
20576770 31 49
75759582 41 432
72881695 3 268
95900197 42 105
28814970 6 129
57470969 33 287
59842607 8 388
21678598 37 491
55455035 17 331
17543877 43 893
67285628 24 215
72055776 10 868
61777812 5 463
80199890 37 50
52994510 19 668
91727613 17 121
65074256 45 382
1602070 48 353
59979712 37 771
31276802 14 763
42531208 12 29
87228942 22 940
59645040 48 443
30555761 11 949
77412288 39 905
35890291 10 636
32111657 23 515
31732131 35 651
98071679 19 618
13764209 22 795
72615291 42 531
89554696 10 404
9875038 30 892
64692540 8 754
65247139 14 595
71072917 20 757
44128526 39 677
27482943 34 516
88557757 42 341
47248756 18 924
81679938 50 404
18346722 38 49
67840362 35 464
65992362 40 811
96237287 16 844
61115329 41 947
13131819 13 163
52097507 30 512
92763226 45 560
61331266 44 640
53185698 32 970
72748612 29 321
10615955 31 809
21449288 8 119
61993632 7 600
79412609 44 129
37056328 7 860
65381429 18 552
81491203 37 934
34041423 42 289
42394650 6 858
82824434 4 546
12600108 10 202
5015380 7 934
30828786 9 485
41571581 29 227
4309259 33 315
50516842 46 582
1411209 24 110
27647743 17 342
64176644 37 941
41961845 22 428
47357926 50 761
44229851 28 171
10283743 28 824
72791355 29 745
41571790 14 295
35058201 13 343
9852106 34 580
64182010 30 105
51671187 47 766
37715497 22 643
7498595 46 60
42800437 25 280
66957052 33 995
66445747 23 518
20685447 22 379
96214538 2 463
90181307 29 378
83258149 3 362
20963648 38 810
76812929 46 628
44385502 48 804
75028971 2 106
81564438 26 772
78479144 50 626
5199922 23 895
78532056 44 754
20683965 21 322
87102036 17 54
81315192 16 549
23655051 20 284
68730886 31 427
78624490 7 3
76782896 8 289
9197307 12 10
93885619 21 472
34930714 21 410
73789608 42 512
70011303 20 143
48411548 43 397
21696694 18 677
20000382 44 250
51020040 26 379
64221045 2 472
88860436 43 433
15940868 47 974
2101374 22 681
15749712 5 842
65280461 18 40
15488953 40 943
32044935 16 589
8205711 36 584
17394280 17 419
34578212 11 372
14609159 37 7
38018050 2 718
14284675 46 11
43129046 45 536
84870664 35 60
28127947 32 466
29276845 39 830
42120932 43 404
35829657 21 716
29560528 17 400
40757007 3 231
80502772 22 680
24635074 38 607
58041541 49 345
79317819 45 707
87861576 32 970
7915666 50 177
60296474 21 293
55631544 22 801
52769404 37 452
95313380 5 872
86003047 50 55
70841757 9 352
43767762 32 158
81688666 23 416
24566657 45 425
8298477 44 689
35532850 43 56
85153521 15 447
38924753 12 470
86029741 13 425
18101801 37 537
59671021 48 637
66579265 20 161
75902778 23 31
65694348 28 13
88956235 26 519
42050774 5 946
13505314 39 311
34212310 46 925
63400063 42 704
61412102 22 971
59862710 21 845
29775080 3 813
81864357 12 900
36240131 12 31
20664974 24 983
22666014 37 931
2386560 18 170
18614425 35 782
84403087 31 129
26353392 31 495
10537492 22 58
89859317 23 862
54075662 46 136
27876662 30 86
53292763 22 221
26284021 37 607
44159360 25 799
45332525 7 864
59823970 25 966
45445890 6 201
49703729 22 591
80480053 22 968
59144010 42 52
41751472 3 951
90583806 19 101
64805307 49 195
68711754 37 696
22154494 10 460
59618885 41 363
63908077 26 207
41475836 23 128
11283714 44 683
42555750 36 550
99764613 8 506
74276702 13 828
59343288 31 802
11776737 3 915
73465429 15 193
40023369 10 100
56679667 16 851
55508015 34 20
91589349 20 678
77529263 45 835
73685547 4 985
5085337 37 239
17607291 31 507
94170675 37 262
53089457 20 939
27928333 19 679
89906188 16 649
34894047 31 804
74830306 20 412
97069745 14 743
89310904 32 304
4193572 37 323
50135459 47 326
85299378 6 648
6380068 39 85
420711 29 527
80976739 40 544
59285284 18 324
46725883 8 703
34599255 10 851
24876796 32 389
69075831 14 731
53896348 34 183
35955362 31 392
64090375 13 625
93393585 8 75
20210969 4 672
35309185 29 974
72704761 43 475
58391288 18 832
2447289 38 766
6685592 25 49
52574729 32 738
51470591 26 493
67250936 21 345
10715324 23 537
78896081 48 571
16303760 50 225
37136002 48 354
75663402 13 349
34233141 35 78
53052488 33 555
12483999 22 240
75924083 45 461
57010956 22 885
77998734 10 847
45939591 2 558
69195735 7 438
75898235 26 816
2412656 22 906
76257769 43 182
21520062 8 819
1619140 47 740
98867316 14 947
45154154 3 862
20662134 28 72
55300053 45 79
19154448 26 731
86654837 46 428
54334139 26 39
48234540 9 454
37081506 6 611
98237705 25 402
69654282 40 160
3580766 17 665
99888978 43 407
93423150 23 941
66460813 11 708
88458652 37 991
82928212 15 315
30869393 49 227
81568831 27 502
52143617 3 665
57863260 31 636
15635918 11 895
34498460 8 554
31784680 22 386
88440549 20 75
64321879 30 446
48183766 50 997
73968294 28 525
41924872 40 272
44775193 32 655
20023012 14 286
51864817 7 540
8918187 10 455
27627139 13 758
6120631 42 771
23191513 2 971
20093998 21 680
70234035 28 568
45595959 48 994
41453672 12 678
53861727 22 319
18001727 9 77
85001294 49 761
94254718 34 31
18305229 2 876
47439198 41 7
64104164 30 156
84865495 48 420
61532143 47 238
74831367 37 431
28040175 44 98
46589088 11 487
53490579 19 910
86315647 41 336
89924684 12 539
29941615 14 162
2037100 38 957
45352318 15 328
78052286 38 356
17446594 30 22
40320140 44 502
4507357 7 543
29614208 36 401
84252041 5 111
91216362 3 484
56275456 3 410
17937207 15 593
15012696 8 105
69924402 50 150
68949551 28 719
63371769 3 366
26795224 46 275
975795 33 818
65714636 16 184
86831366 45 766
61774344 45 752
1234 100 1000000
56454864 26 99
38764145 42 381
16231086 44 931
98862481 41 591
42932748 45 324
46707378 30 32
9011400 25 704
63972478 12 799
72614720 28 959
45890577 32 948
57572682 8 233
71646456 41 492
98161028 14 365
45223127 43 258
34256671 35 99
77715596 27 883
22927567 30 27
77320262 31 11
36575599 50 51
9347852 40 647
7492327 28 157
89443933 13 289
66797819 7 841
24318566 12 193
73006422 24 392
37881139 41 151
41977630 37 685
37319248 26 402
6984912 42 804
44606154 14 14
42956767 15 99
14563602 26 169
4380478 32 956
99109053 33 371
87993700 11 981
75813242 20 142
5480769 38 412
48519642 37 608
45320568 40 366
52503527 10 81
89945837 49 255
16108071 49 872
12845334 26 969
93075319 49 206
99501729 46 97
61680898 50 402
67556622 36 908
45528806 4 66
15852392 16 660
32801754 40 917
76156416 4 725
39078926 49 981
69363414 38 543
34267661 42 884
73917173 11 11
69005692 50 155
42383572 38 268
81566931 40 67
76143744 27 879
84522081 32 211
45768472 26 954
44835894 15 8
32530780 21 108
34359882 32 980
65260460 10 453
88248642 30 159
34148666 7 192
48984920 50 808
43328663 36 87
73774935 42 763
26666540 5 344
9431110 2 128
9738346 26 528
5171513 9 153
83903324 24 812
15588629 17 954
74872143 19 228
28847952 13 175
89010800 33 699
78839084 14 628
8197319 6 869
84838466 3 705
97929429 9 710
94109071 23 419
24723816 39 720
78346599 48 785
465784 44 637
36344348 40 635
93022616 43 815
11257667 45 669
36634429 14 400
81310667 38 614
3377502 41 61
87506507 36 89
70312235 47 192
11821219 25 832
54924125 26 536
80185137 6 212
66366431 41 239
13344497 39 144
36457518 40 952
49736662 17 659
40653794 33 98
47350919 45 80
49532694 33 982
78873500 3 734
17178469 10 199
3849494 18 766
32524474 3 459
59297759 25 502
12071118 18 50
90438678 36 969
91137379 28 274
95478294 43 193
63477459 11 598
88933274 11 125
50264321 32 400
2783750 19 712
81171903 27 546
95058025 12 832
12402546 43 841
38942761 6 887
91177521 42 563
40217955 36 311
19023595 45 306
8235711 18 839
87551779 36 904
72609260 22 6
38013542 33 327
53387936 5 189
89494783 33 283
38305013 39 329
62458519 25 955
76574431 25 749
92328991 14 570
78380754 49 415
48473728 46 793
24412617 40 444
91229596 24 468
58653181 46 203
94265920 40 598
68109431 18 268
82722541 34 659
41373458 25 260
97343707 3 696
81840346 23 433
92136002 49 754
40504256 49 523
3358639 16 803
52457648 47 172
9877509 19 473
67857991 21 478
73630648 42 346
76345711 2 443
87424348 14 44
83710628 38 590
53388044 18 968
24627546 32 253
36915333 20 5
85746389 43 698
77410274 28 267
33110933 44 570
4323866 33 139
92427261 41 551
20908475 38 961
9486632 35 840
84544935 16 181
51738085 44 540
95634952 46 555
36290051 18 703
47164680 49 291
20558176 17 432
68367226 13 57
85225916 35 628
4474650 29 865
94118354 43 471
16181500 38 527
21441309 5 719
77384921 28 200
57859671 5 292
16800658 47 77
68584936 33 148
50434977 7 458
55903314 20 479
76850638 15 636
3590606 28 452
56708519 2 225
30099878 50 63
58546580 42 661
77706073 25 4
64595091 39 477
38561806 36 972
73860014 3 491
20359947 16 902
97471813 43 119
74026492 22 895
13847760 7 327
30912101 40 385
27254182 25 852
63108602 31 465
50249734 30 838
80157638 42 837
8683150 6 675
64559265 16 242
11863660 20 542
45142575 41 596
23722267 9 270
15677408 13 848
83747106 28 888
71332211 37 963
10890860 34 312
15718435 39 340
72728711 39 344
25723897 30 409
4243077 43 547
9106536 25 46
79324329 17 282
86125198 14 377
47507093 36 659
57751432 7 353
38345138 19 823
75201439 44 976
11003473 36 903
2144831 13 565
20731480 2 884
70714585 9 827
42117144 26 586
57548305 16 521
70567651 5 512
54511240 18 783
21794548 16 390
693196 38 828
57769108 10 131
82787959 42 892
12915464 9 540
17198118 40 109
15942649 33 938
36916116 10 63
72231939 19 388
2502712 39 511
39421363 22 879
96385332 30 924
23771607 11 877
99701202 22 443
66344464 33 415
37703151 7 270
89591008 5 473
43230627 45 754
80233340 44 888
54292732 28 686
35809702 31 334
92741298 49 429
11334025 43 927
33904269 47 933
2310673 20 147
58011894 34 855
16932314 43 899
64136826 13 614
47086832 9 296
72383690 13 700
80153465 44 50
39121282 26 134
39553963 33 776
37794624 28 65
722021 36 954
40016780 49 957
90846830 9 600
70664907 12 395
3478594 25 496
79216091 35 488
72866452 3 962
74419192 15 186
74152902 2 788
58286541 44 391
26787900 34 940
80158340 48 826
2673917 15 667
9021585 26 215
99432572 38 421
33889213 40 759
53391729 22 380
43132356 15 975
97203574 15 185
2051259 47 854
20484882 12 69
92903610 31 838
31334417 36 150
80066015 15 199
62794323 13 105
29258722 16 824
37705529 3 685
60663063 50 911
83418411 12 539
63891247 25 439
19840571 28 359
11157367 3 583
21542151 40 508
91423750 6 300
1820096 6 994
15095820 22 90
84309615 50 274
76567010 31 809
60270217 46 51
48158970 28 692
1374277 38 299
47597210 21 320
91170593 26 934
42612570 38 575
23493020 42 398
82015861 23 513
63642487 40 354
5621646 2 720
84445251 44 275
96963444 15 111
60497497 4 623
96842448 45 357
91946795 24 573
85145377 49 757
54554417 7 250
85619467 3 719
96212431 35 731
66535849 2 601
49326942 44 22
14156658 21 367
68370699 32 412
18201803 5 449
37883298 19 635
86474614 18 41
13560821 40 569
6357153 33 500
90543099 7 744
25911998 3 753
33556148 23 355
6764096 46 349
37928971 39 615
88258568 40 28
64631452 46 389
29009554 12 692
92929419 33 722
64378711 29 251
16016012 21 260
28603237 9 823
91193987 16 473
62599777 39 681
33093209 27 693
4397890 11 127
75744901 47 910
74772760 42 126
7863566 29 559
22164174 18 49
2494887 49 975
89955193 17 644
23762173 40 205
58337605 37 346
81221577 18 648
38110355 22 745
63523080 5 66
46018950 23 806
51415976 19 620
64618 47 991
70425749 2 984
59741656 41 256
49561513 20 608
99487953 30 20
649345 35 819
1716490 26 458
75450072 39 355
11331872 6 271
26466904 38 340
64474555 26 102
97954869 3 65
65196772 29 205
74391370 29 350
78848224 8 609
42098570 46 108
13789887 43 811
26598984 46 229
52836504 21 901
73580237 38 251
48244200 21 457
85029192 29 596
14567630 44 834
55975192 9 289
47043165 4 185
31803418 37 400
99917401 25 152
17499171 4 71
11750227 42 149
98657607 2 449
59801212 11 820
62631 17 24
20504434 37 93
60614801 6 544
11039877 35 716
6439425 24 632
46105323 17 987
32925670 37 841
6021146 13 633
4306980 4 867
69198998 22 618
24579691 8 388
43242076 50 837
80056427 30 459
74762798 17 481
9668808 29 629
32757769 8 639
27515405 5 556
58326948 29 910
1045641 47 698
4837466 41 167
3421324 43 335
18419651 3 934
74051930 42 612
25611936 20 511
45767602 25 408
3812034 10 927
20400126 18 897
94653182 16 955
57024422 35 522
34889518 20 90
36265715 49 900
54741779 38 863
90021726 46 812
22071691 39 636
65105826 40 676
62939435 39 885
37036764 6 718
71748308 12 565
18889213 3 33
17802728 12 522
14373909 29 731
88192143 25 569
73919087 3 955
35507774 30 196
71470350 36 220
7544549 8 810
9310362 17 553
42666052 5 103
26095075 31 559
56581253 5 902
62057851 46 113
82361971 31 650
89668632 30 284
41781452 31 897
60442486 38 843
24676750 2 770
25619419 35 873
94703585 3 735
5020123 29 988
43606312 40 442
16073115 36 344
32344539 32 447
88151433 23 888
81356612 19 549
20581687 34 690
60242343 25 243
45445351 8 563
76796388 33 955
88034462 6 729
62038854 28 206
25344785 27 18
76377948 20 271
83722070 12 357
88483178 46 28
96966938 13 591
60569735 41 18
24929588 39 790
30505699 18 2
75737789 19 765
55277128 13 532
60754511 17 471
58337492 9 535
13433016 35 174
44951757 25 592
21067899 23 912
93772326 10 577
94037690 16 232
35948322 29 881
46818766 41 282
47229265 41 361
93686095 3 475
40739110 49 890
3706000 12 80
95190990 21 165
804191 35 160
98632203 20 137
44751602 29 69
39917571 22 834
61133311 35 195
79446341 41 562
70610451 8 86
16210195 48 910
10725937 31 885
34317299 36 95
4849085 11 352
27720193 29 520
39045818 26 802
39588016 14 974
69243618 6 29
49500196 30 686
37307067 46 818
63704712 49 65
36350171 3 31
54478689 49 751
81276349 33 82
58985516 13 653
53693862 47 632
80635053 17 836
58960436 25 971
60069757 26 514
49328065 14 858
25152298 37 3
26591498 22 84
46519369 7 228
89600463 11 776
90044041 31 880
24359603 26 323
97479419 38 241
22200212 7 912
92054487 30 724
3817306 28 940
94481407 42 709
58683128 20 128
64971135 42 519
81958894 30 14
68104680 4 854
7023462 12 397
56316784 40 136
85716646 11 755
878737 18 337
91327790 8 858
55465935 37 436
9340127 46 999
7549568 42 283
68146802 30 41
75386109 44 279
39437448 29 704
24602610 48 622
58578449 28 82
11075122 13 770
27218111 44 949
24158164 18 302
7871254 10 707
70249803 2 963
38318739 11 944
28385292 42 448
8976605 23 767
19442657 11 954
32257948 22 247
97132870 45 564
24668921 38 955
33856595 44 141
28971812 37 367
93527702 26 205
9593932 14 891
83720600 36 438
6135330 3 47
91973504 43 372
33400562 22 414
81061251 25 781
70135950 27 231
66399517 29 946
96274282 37 868
37479656 37 648
37929322 9 67
21199863 16 738
20637124 4 243
40428710 15 958
19687018 10 320
74849700 37 277
