846 1000000000
15433477 68 383
7945071 100 340
13639018 91 798
18018934 81 818
16128016 61 276
14612380 99 757
15589760 3 116
1276823 76 102
4121609 51 503
11341776 73 654
17602961 79 497
12028810 81 664
3021469 84 476
12427386 38 392
16527594 69 888
6166908 48 638
12595807 26 805
920819 29 944
5382924 13 752
21896271 69 531
2263012 98 538
1738407 21 331
1073779 6 275
19110133 20 68
319675 16 925
5770611 13 581
19216508 99 75
15031656 4 708
4369785 17 821
3841837 73 180
12082593 39 294
3449999 87 702
14846902 69 642
1950060 84 697
4818581 23 363
2050624 41 944
8045530 62 803
6935105 54 290
7365409 73 967
3953178 35 52
11539983 58 685
3009810 20 583
3948174 65 77
334474 59 1000
5098282 44 394
4976599 71 622
21115283 19 730
14818056 98 251
13631453 78 97
16812767 8 900
14006481 80 480
12616736 73 142
5126672 23 960
10853694 40 584
5308447 14 293
2040995 18 535
15726661 94 527
13614343 33 64
17234440 67 669
2315735 32 854
8622408 11 361
19727995 18 927
9426833 35 965
9938833 79 215
1787052 16 998
15218288 32 222
20563562 61 917
3177237 44 477
18090800 45 428
3986880 18 27
11035315 19 909
11243376 89 124
16977719 17 360
18382263 84 157
13207186 61 231
7307541 24 858
12203301 58 512
19155300 8 907
7238001 8 870
17837012 80 574
4332484 56 567
3772656 3 793
9132426 95 362
17976788 13 709
19111492 51 859
14443048 81 429
8842783 13 224
8139187 59 391
20441443 75 571
5492360 37 28
13974748 82 387
10065291 69 380
11579712 44 686
3653561 21 458
17013152 19 917
18483723 2 894
14348105 52 41
10702213 73 178
19211154 2 225
10270995 46 442
1803019 39 605
16588865 28 377
172264 16 843
11398965 61 16
8914765 41 920
15679818 34 440
14715881 63 409
19320867 75 966
19606803 47 406
7735381 43 903
3434208 16 987
18885704 79 418
5580063 68 488
15555635 4 213
11753977 49 664
17988335 90 340
7030755 7 41
7295502 35 344
6329914 53 314
21538153 48 945
1443736 92 696
3716079 20 501
277618 42 41
15034487 67 870
3987365 6 424
17030574 89 475
70293 4 542
21166043 80 732
18795434 89 884
3348597 71 722
7220332 30 589
8203475 74 351
12894955 84 831
15586305 54 64
15894485 54 629
11671008 91 259
7690043 51 889
7118158 87 31
6721215 21 366
16242802 72 977
2008607 25 969
13514171 58 62
19434571 30 418
12689114 81 959
20374019 29 871
17405078 55 713
20369225 7 685
18438924 80 560
8518099 6 387
2866882 43 496
20935047 91 651
2970074 16 442
6690474 38 809
2940253 74 403
7884985 13 603
21617861 39 367
2253813 23 400
19555582 12 329
4182763 91 63
10437281 62 492
15590107 27 146
2604159 54 777
3088390 11 958
4448863 48 810
21012377 70 760
11841706 42 696
17765608 42 45
19749184 84 364
18975467 92 937
11389517 67 122
17724738 32 202
20194423 40 490
2343062 25 587
20322946 43 396
22112803 59 153
14044880 16 598
17279262 38 876
18792876 48 8
14797247 31 119
6311120 22 226
12856762 27 445
2826695 9 495
16650433 35 634
14149705 95 818
6209683 9 872
5721622 71 690
11870937 78 972
5203910 6 603
13807027 61 283
15646747 53 624
14947717 74 675
21385211 28 393
755145 42 943
19395534 66 369
8757871 37 855
12808640 45 208
10594301 67 851
18194680 48 136
1745357 46 120
839034 35 725
7878050 24 289
5987099 73 863
2155339 66 342
21780003 68 104
18085191 15 374
21073215 91 205
3726098 41 444
9616230 45 310
16672622 20 777
4631984 37 908
3008683 47 24
20854135 27 164
5148751 91 347
20107136 8 501
20111143 29 462
2550824 59 904
1292248 24 839
5303954 7 642
14227414 65 179
13013158 91 13
13957956 19 322
10715206 90 908
10467784 85 617
14842653 50 85
17910897 76 867
9790248 76 580
18918725 67 501
3542403 49 697
12020890 89 89
3199315 78 241
12346212 85 955
4865837 79 760
4506577 25 37
21637356 33 868
13014340 30 779
878567 75 183
13966199 25 342
21425195 84 943
18324661 22 497
2697423 60 653
19779759 88 786
17782731 31 565
7185449 51 684
1071365 35 69
10212028 91 648
3098927 40 652
2089327 41 295
11455299 6 716
10307957 80 781
18577707 35 983
10406925 14 783
10796925 77 385
17316782 84 48
7774209 48 349
15249862 58 837
6200047 23 419
11667779 34 95
1658824 96 829
13902675 12 727
11306247 73 282
19927598 79 960
3224776 100 777
12011691 4 249
10915196 36 371
1787002 51 1
5613246 81 634
4109228 41 302
20036200 33 730
21997291 67 812
4560827 94 757
19848926 22 174
9781341 68 131
11326832 61 245
18201207 6 81
21283276 47 972
13053877 57 526
9680913 84 283
2503153 3 320
4147261 78 56
2851223 20 783
7095580 20 269
19643258 49 33
10520228 77 962
16483209 45 818
6401195 2 831
864408 16 885
20399277 19 882
4170584 29 420
5575618 9 494
10971746 78 815
21402857 74 202
11694576 68 454
13123751 63 454
8510650 50 149
11786512 95 581
9983418 64 888
7100959 43 400
21110092 11 472
14891199 25 7
18513580 73 377
10936038 32 981
9891734 100 471
16886627 83 332
4257785 100 747
9889831 7 272
13873850 71 406
4925876 51 766
16914182 46 921
3198224 13 84
15525648 98 306
2504112 69 677
5442549 33 195
6794166 7 31
20858562 48 39
21224602 64 84
4063779 75 606
4964941 89 131
18110059 49 687
20259210 71 894
689697 25 211
4418900 44 681
3317621 44 292
13263587 27 681
11725447 98 274
7688878 22 53
4507501 76 172
9526445 31 214
18335594 65 718
1362476 79 814
5448983 46 943
3151465 33 781
18640192 4 36
185751 93 282
966850 91 777
1426781 54 314
3663178 3 880
6501780 98 701
18786778 19 321
16100965 48 246
14080474 77 295
18543300 44 782
3911752 57 639
2177910 92 723
6197980 22 94
15225391 92 266
3816883 31 805
20126867 67 744
16522177 21 258
19586744 59 340
571158 29 528
4712938 19 417
16747784 31 835
5544082 47 671
8186198 53 326
2121557 32 437
12972128 68 488
6728900 23 916
16450921 90 295
21941418 91 614
7860379 47 376
11296606 42 8
10370436 82 445
17153253 51 443
15308166 11 352
2697301 41 3
3576555 75 640
4194042 83 768
21665999 76 626
17642223 86 579
4417371 2 765
3401945 25 308
19744680 2 589
9063259 88 786
16795326 57 306
18411745 36 755
11274474 63 223
20660911 95 326
2836468 68 217
11946752 85 764
6798861 76 799
1605695 55 966
5350139 97 338
18727937 63 934
1312383 54 350
19745857 4 832
13037709 23 703
5944742 29 853
13540244 80 292
16773668 29 632
8232918 55 789
6393798 54 137
18640335 73 628
4520572 68 592
8649341 4 783
7031041 35 11
18793259 64 34
13517766 33 632
13563603 20 798
2978866 34 877
18143721 65 784
18282612 58 725
19393316 7 317
9834327 37 396
569846 66 1
12290780 17 714
8592946 69 427
14997666 44 218
12442281 84 436
1573361 44 214
19419887 15 979
6896663 94 276
15594048 85 620
16022969 89 429
4405060 76 162
13538621 58 28
11297980 52 159
1080474 94 955
11062132 35 657
1582776 30 764
9630179 21 286
21787074 87 752
17882931 21 672
8708007 46 458
2888442 63 159
19262954 78 357
3330468 49 370
1037556 69 490
439955 10 643
19223932 15 241
2420348 74 765
542995 35 597
20994287 79 229
279339 7 777
21229977 82 650
8413920 40 990
5180327 32 737
15312037 62 715
1331282 26 484
15096030 75 799
5041820 59 957
6402856 98 973
2244425 41 229
7984753 81 577
12817999 37 405
19625884 62 50
20353602 42 372
17447342 76 910
20029964 99 63
892291 47 607
10291326 22 756
18952291 43 539
19670767 2 636
7031425 86 746
3145 81 829
19909791 28 636
2104170 27 644
9460607 70 202
72460 77 578
11170181 49 857
19466648 74 666
5778163 41 109
12187657 35 447
3775034 54 775
20919626 60 12
14287851 38 464
21632173 54 96
4665579 80 592
8626378 18 610
17312549 73 58
2671153 79 331
17717443 76 96
11609895 85 681
14103188 47 796
1826613 83 757
19211603 22 223
446384 95 134
3989908 77 306
6498209 38 94
284777 11 94
21396214 22 302
20124540 24 97
2135540 40 495
16956547 31 683
14891373 4 600
5493395 66 768
14477796 90 712
9042228 88 239
10091510 45 285
21583512 75 458
19061670 52 932
20655962 10 495
21713574 84 509
10877053 64 596
3125006 42 630
12012686 15 547
13152352 58 867
8652472 89 624
12832983 82 290
15155954 40 829
794750 62 543
13616454 30 500
18686178 90 464
11510662 54 543
21932909 46 185
20619498 98 362
5276499 78 352
18612111 86 44
17320813 91 926
8378978 83 421
2481915 8 33
14350236 68 586
19870830 77 506
8527409 66 993
11143246 37 728
5040603 14 87
8162255 82 292
17692016 52 489
21372848 22 562
2888209 39 6
9423047 7 541
3744301 34 834
12868776 77 340
5020760 54 111
16791995 17 196
7120854 84 769
12627101 92 550
5847589 55 452
459113 17 740
20920345 29 507
478384 82 604
393473 47 989
2357736 4 659
12677700 15 761
19290799 39 771
15459520 65 967
15836950 64 899
20176714 70 253
7790960 89 780
5312548 74 508
229795 56 854
16112772 35 328
15928450 79 879
10051272 20 701
21091869 68 268
1170243 78 362
20801501 55 957
10104334 49 908
1198478 86 911
4027328 52 701
1075428 7 721
16642226 19 432
20884612 32 498
11752298 28 60
9166815 57 873
1343865 47 396
19852753 46 393
3854976 99 8
13281973 97 732
2812728 36 388
3954997 85 361
17092986 7 895
15007257 61 400
14589849 43 524
19628983 83 172
19515931 46 862
11254411 48 418
17101217 78 501
4756786 26 180
3674956 69 596
17445965 53 26
8912269 11 227
3649118 11 404
11481840 41 703
16407497 75 579
12232996 65 889
10848408 17 311
13871056 13 215
6749967 50 884
13352976 37 117
6100360 56 524
13769984 84 441
2736602 8 276
7505148 99 671
2977145 14 123
20322683 22 12
2101421 11 250
18615894 93 260
12302917 82 528
16061149 95 56
18201692 74 472
1929157 67 312
14305482 48 888
7666201 29 782
12766792 97 250
16520018 80 27
15298407 20 488
2032831 23 355
10928551 32 234
15356366 84 918
11471353 69 152
14741647 91 611
5664599 66 864
7928390 19 878
14390083 71 746
5836734 59 184
14557987 26 724
6050097 92 233
9755030 88 299
10148825 69 916
16066468 47 734
7244960 48 483
15776198 77 789
7892823 72 494
11052585 31 308
14576810 20 652
20737023 4 586
21504406 59 572
3409644 85 289
2476957 9 551
13964073 3 709
211976 81 220
9240466 67 803
6346555 93 508
15997890 88 285
8907293 21 237
13235283 45 629
828415 45 236
12964758 63 117
3625523 34 694
8453519 69 828
285810 82 413
18541100 71 31
5905507 11 885
21852497 85 515
10967429 17 254
8287686 94 502
4487742 28 409
4724045 34 963
13429865 56 808
20247221 55 218
12478904 85 735
14800935 13 849
16841796 10 628
15694777 35 911
14140599 3 495
20060289 61 768
9848978 66 619
11288522 55 147
17767497 55 277
19559529 56 486
3985681 60 20
14541875 41 393
6316091 96 144
1750876 91 397
19162555 60 810
9533078 90 109
15556486 60 497
13944292 15 911
5826151 56 189
20416034 55 462
5207527 83 831
1889443 65 611
21129152 92 401
19644874 19 925
17185231 95 518
20900547 60 318
3855767 86 651
1507767 94 259
17175845 63 149
3061452 31 869
8819024 24 990
569911 13 96
13005311 12 654
21756329 25 947
2374290 44 422
5422300 25 810
5782631 89 489
471692 23 291
7268143 95 288
7328132 38 981
4499193 6 391
16734010 19 725
9327477 24 348
15092776 93 35
9542887 96 764
1284574 25 307
8276312 13 875
5969478 66 267
5126176 7 71
8095315 73 601
6794382 16 280
6217530 91 656
20003437 32 829
8334873 41 833
17536900 81 805
20484267 96 826
8876004 42 745
4761465 79 723
21417804 42 176
8229448 13 267
12556218 74 535
10040249 53 208
20339973 94 145
8868013 12 666
16599420 57 751
527911 35 431
8031489 59 238
16983838 41 715
13711635 75 778
16688161 70 655
7646727 41 475
17099250 82 24
14687322 35 816
13221276 17 824
8369025 42 237
9474746 100 517
12094058 96 975
6570477 67 483
12541378 97 153
8952484 93 965
17516501 85 240
6644452 87 529
9636184 70 639
20860433 52 465
11296941 26 40
5026753 57 243
2831149 7 760
11093637 82 605
6277225 76 446
3665817 10 914
17821460 65 142
14054447 27 964
3511072 42 746
17140294 45 288
17986004 44 53
10651317 77 661
14893772 81 666
10417886 52 373
13475112 84 465
11085126 64 133
5115617 96 110
20654973 66 15
6859584 72 515
4826929 41 949
22051694 97 630
13824289 74 632
563889 9 662
2360371 20 696
14239048 98 498
16242365 73 6
6922606 100 125
14811971 17 358
18485941 40 691
2392857 79 348
9704684 93 456
21065576 20 382
7435999 75 922
6950764 88 909
9216575 33 724
16822341 32 608
17800245 52 408
15189113 56 521
9747091 10 794
13387924 67 626
14142083 11 693
15522374 25 131
9335828 89 980
17444292 54 31
2482178 92 228
3302475 99 153
2898458 81 516
948194 27 691
3624554 97 10
19662448 80 104
6129703 78 477
16870644 37 432
6602837 51 816
7571576 88 854
8789505 40 738
19672038 98 571
3218112 31 215
4013469 90 154
8845694 60 372
9294266 38 874
8520420 10 699
6071532 34 804
18874109 26 446
16144851 99 985
6098867 9 166
17072848 21 959
5392699 41 722
16124251 14 269
13083858 61 654
6197531 18 25
16394744 14 911
13357304 59 519
16848075 74 305
1532112 50 825
2738809 80 924
19227546 87 407
18640073 24 5
16819966 99 24
11212173 39 214
17731201 68 506
10826569 80 273
21328959 55 798
2646116 39 642
11243272 7 15
19456844 53 185
18485510 4 108
13579562 51 682
19447110 55 177
5915241 66 447
12791041 20 880
586469 61 966
5872448 60 551
16477470 10 574
4188495 73 76
11459594 16 735
4151628 89 213
645394 71 624
8637357 47 255
13911398 85 387
3399858 8 261
9955817 74 373
4501538 9 560
20739366 72 863
7979070 58 98
11220518 37 615
18236619 58 793
4383741 65 328
4364235 13 427
13202637 50 91
694971 83 725
17830689 31 204
4720860 59 54
17897042 16 866
17602104 3 286
116965 70 790
8729074 77 374
20691880 66 684
11397690 2 638
16313145 100 816
18395450 42 388
11399940 80 692
20214022 100 332
