1000 100000
50552 2 100
80836 2 101
83128 2 102
22696 2 103
97694 2 104
85155 2 105
90664 2 106
81300 2 107
68000 2 108
9858 2 109
39102 2 110
65917 2 111
11825 2 112
40912 2 113
358 2 114
57246 2 115
98284 2 116
83971 2 117
74201 2 118
12798 2 119
45311 2 120
23060 2 121
32318 2 122
49469 2 123
58319 2 124
94001 2 125
66444 2 126
59437 2 127
21102 2 128
16906 2 129
25825 2 130
13213 2 131
95674 2 132
52644 2 133
58257 2 134
2431 2 135
74957 2 136
74095 2 137
88272 2 138
75072 2 139
92409 2 140
54666 2 141
10856 2 142
1236 2 143
3438 2 144
34825 2 145
24199 2 146
47619 2 147
29010 2 148
34521 2 149
82328 2 150
61275 2 151
63807 2 152
61566 2 153
27850 2 154
45958 2 155
50873 2 156
8671 2 157
45916 2 158
58481 2 159
76174 2 160
51075 2 161
41662 2 162
67071 2 163
74343 2 164
1435 2 165
827 2 166
24661 2 167
577 2 168
15466 2 169
58558 2 170
31121 2 171
22910 2 172
99458 2 173
15296 2 174
19214 2 175
97795 2 176
24367 2 177
35068 2 178
79189 2 179
28818 2 180
14507 2 181
45957 2 182
16719 2 183
62946 2 184
14513 2 185
84224 2 186
68302 2 187
86468 2 188
4199 2 189
79247 2 190
10040 2 191
94499 2 192
59194 2 193
37701 2 194
7404 2 195
77763 2 196
52545 2 197
36244 2 198
34140 2 199
80843 3 100
75995 3 101
94432 3 102
40351 3 103
40862 3 104
98209 3 105
13222 3 106
25598 3 107
64743 3 108
46998 3 109
42631 3 110
52739 3 111
95893 3 112
63240 3 113
32822 3 114
35246 3 115
99124 3 116
51040 3 117
8345 3 118
54918 3 119
25133 3 120
44366 3 121
9107 3 122
39609 3 123
96502 3 124
50368 3 125
24442 3 126
47190 3 127
83676 3 128
91493 3 129
18420 3 130
34751 3 131
30626 3 132
37567 3 133
11959 3 134
11153 3 135
26627 3 136
95061 3 137
3539 3 138
46840 3 139
54690 3 140
46652 3 141
83703 3 142
87649 3 143
6761 3 144
26466 3 145
79736 3 146
36648 3 147
57514 3 148
34760 3 149
25641 3 150
70446 3 151
9589 3 152
24305 3 153
81417 3 154
45794 3 155
11630 3 156
6445 3 157
54904 3 158
73314 3 159
51566 3 160
58090 3 161
23325 3 162
49867 3 163
88650 3 164
1109 3 165
90031 3 166
83363 3 167
1346 3 168
5780 3 169
25275 3 170
72639 3 171
99797 3 172
71666 3 173
94615 3 174
33692 3 175
76707 3 176
37171 3 177
68124 3 178
15170 3 179
95651 3 180
16725 3 181
18079 3 182
73981 3 183
42712 3 184
5287 3 185
48277 3 186
85021 3 187
60834 3 188
80724 3 189
26187 3 190
88031 3 191
83253 3 192
48410 3 193
79538 3 194
40682 3 195
37129 3 196
71205 3 197
78051 3 198
57442 3 199
20747 4 100
43059 4 101
29757 4 102
83635 4 103
51848 4 104
45 4 105
78567 4 106
44265 4 107
56759 4 108
71670 4 109
81298 4 110
65278 4 111
95788 4 112
95742 4 113
26333 4 114
95150 4 115
84035 4 116
65561 4 117
3068 4 118
22738 4 119
5190 4 120
22452 4 121
24172 4 122
38568 4 123
21148 4 124
682 4 125
84231 4 126
2728 4 127
41028 4 128
44520 4 129
29770 4 130
89237 4 131
562 4 132
31274 4 133
53309 4 134
96330 4 135
44352 4 136
16436 4 137
5139 4 138
32053 4 139
76310 4 140
19635 4 141
96583 4 142
85588 4 143
3300 4 144
55635 4 145
67203 4 146
7262 4 147
62424 4 148
3203 4 149
22875 4 150
70229 4 151
45867 4 152
12542 4 153
47732 4 154
42910 4 155
30357 4 156
24367 4 157
30066 4 158
81315 4 159
74215 4 160
73628 4 161
40515 4 162
29438 4 163
54284 4 164
33873 4 165
51835 4 166
405 4 167
85366 4 168
11430 4 169
8248 4 170
42350 4 171
46906 4 172
62021 4 173
14552 4 174
27921 4 175
74700 4 176
58538 4 177
69471 4 178
90571 4 179
64956 4 180
52139 4 181
83663 4 182
86284 4 183
32724 4 184
480 4 185
18485 4 186
43113 4 187
57885 4 188
35146 4 189
39005 4 190
74683 4 191
15656 4 192
16065 4 193
96440 4 194
25363 4 195
8041 4 196
64795 4 197
33635 4 198
59045 4 199
5746 5 100
21207 5 101
67214 5 102
28459 5 103
56264 5 104
74916 5 105
88130 5 106
63499 5 107
29104 5 108
15391 5 109
81286 5 110
48557 5 111
89603 5 112
45290 5 113
97476 5 114
11337 5 115
56664 5 116
39349 5 117
38860 5 118
41348 5 119
44458 5 120
61593 5 121
63635 5 122
16685 5 123
8419 5 124
91774 5 125
68783 5 126
47097 5 127
81718 5 128
43199 5 129
22451 5 130
94952 5 131
24214 5 132
69618 5 133
5980 5 134
88874 5 135
94138 5 136
53816 5 137
12460 5 138
62646 5 139
34664 5 140
35304 5 141
12320 5 142
19686 5 143
78776 5 144
77530 5 145
76538 5 146
80111 5 147
2378 5 148
40044 5 149
13133 5 150
70505 5 151
85421 5 152
89273 5 153
12383 5 154
77723 5 155
46436 5 156
54430 5 157
61594 5 158
26368 5 159
59044 5 160
94004 5 161
49306 5 162
92606 5 163
46862 5 164
73256 5 165
38390 5 166
4363 5 167
71771 5 168
92809 5 169
16887 5 170
4861 5 171
16879 5 172
60328 5 173
61163 5 174
63634 5 175
41933 5 176
73542 5 177
9541 5 178
92607 5 179
92404 5 180
96936 5 181
73325 5 182
38492 5 183
32067 5 184
46159 5 185
49225 5 186
41787 5 187
46701 5 188
49078 5 189
99418 5 190
29615 5 191
30506 5 192
47910 5 193
85182 5 194
52087 5 195
46436 5 196
97177 5 197
94087 5 198
26216 5 199
42529 6 100
42275 6 101
8031 6 102
87675 6 103
36718 6 104
82255 6 105
35797 6 106
75205 6 107
11830 6 108
19326 6 109
92118 6 110
70413 6 111
68418 6 112
95039 6 113
51196 6 114
53179 6 115
2114 6 116
35536 6 117
37639 6 118
30531 6 119
35449 6 120
1769 6 121
40227 6 122
55984 6 123
13706 6 124
77444 6 125
47968 6 126
48487 6 127
26006 6 128
17723 6 129
78918 6 130
56337 6 131
81606 6 132
80015 6 133
10633 6 134
56474 6 135
39080 6 136
64036 6 137
7660 6 138
93447 6 139
91394 6 140
97888 6 141
99715 6 142
12003 6 143
76467 6 144
68503 6 145
93259 6 146
27655 6 147
67169 6 148
31406 6 149
15660 6 150
18041 6 151
5780 6 152
9287 6 153
97402 6 154
1109 6 155
67699 6 156
20916 6 157
84043 6 158
74112 6 159
13807 6 160
43263 6 161
72815 6 162
65303 6 163
6548 6 164
62697 6 165
73809 6 166
8067 6 167
94842 6 168
41122 6 169
95575 6 170
70407 6 171
94331 6 172
4633 6 173
92397 6 174
25274 6 175
11473 6 176
26534 6 177
59293 6 178
14274 6 179
39127 6 180
66733 6 181
63217 6 182
26194 6 183
39992 6 184
80099 6 185
62642 6 186
80384 6 187
47127 6 188
32402 6 189
47037 6 190
37577 6 191
16985 6 192
16951 6 193
67552 6 194
73087 6 195
15127 6 196
73556 6 197
53624 6 198
1554 6 199
42556 7 100
52641 7 101
68510 7 102
90244 7 103
18763 7 104
49746 7 105
11179 7 106
72883 7 107
42172 7 108
23152 7 109
29237 7 110
51044 7 111
34259 7 112
65027 7 113
99233 7 114
12646 7 115
28030 7 116
58198 7 117
24353 7 118
82511 7 119
6149 7 120
94542 7 121
24794 7 122
96327 7 123
23159 7 124
41788 7 125
22987 7 126
43101 7 127
98618 7 128
84321 7 129
5473 7 130
51196 7 131
71058 7 132
66014 7 133
5245 7 134
32863 7 135
24017 7 136
26007 7 137
34071 7 138
23328 7 139
78204 7 140
6781 7 141
48745 7 142
87949 7 143
75864 7 144
95193 7 145
3549 7 146
15821 7 147
7714 7 148
5612 7 149
47179 7 150
6277 7 151
66748 7 152
49352 7 153
59470 7 154
4469 7 155
74636 7 156
71150 7 157
8443 7 158
65653 7 159
54106 7 160
72838 7 161
11430 7 162
87378 7 163
14478 7 164
88192 7 165
58357 7 166
86365 7 167
87669 7 168
15187 7 169
18216 7 170
43468 7 171
35642 7 172
67246 7 173
62666 7 174
57363 7 175
9245 7 176
62285 7 177
45190 7 178
22545 7 179
25431 7 180
93163 7 181
79531 7 182
96868 7 183
31019 7 184
20692 7 185
88759 7 186
4231 7 187
53519 7 188
45593 7 189
45383 7 190
48350 7 191
67992 7 192
89279 7 193
87062 7 194
94848 7 195
7129 7 196
32942 7 197
96604 7 198
36472 7 199
30919 8 100
1389 8 101
49722 8 102
67753 8 103
73301 8 104
81307 8 105
69056 8 106
1680 8 107
79535 8 108
307 8 109
48416 8 110
60303 8 111
63804 8 112
97639 8 113
34773 8 114
62440 8 115
63977 8 116
13005 8 117
18905 8 118
25323 8 119
31191 8 120
76193 8 121
47056 8 122
52351 8 123
54326 8 124
20766 8 125
99826 8 126
99781 8 127
77920 8 128
20811 8 129
11524 8 130
94023 8 131
7571 8 132
48394 8 133
91627 8 134
29171 8 135
61942 8 136
69225 8 137
61452 8 138
24568 8 139
69580 8 140
69041 8 141
72118 8 142
7437 8 143
19662 8 144
86138 8 145
17677 8 146
87502 8 147
9238 8 148
56060 8 149
4423 8 150
48827 8 151
79929 8 152
21610 8 153
60287 8 154
31663 8 155
72006 8 156
7485 8 157
94667 8 158
62890 8 159
48057 8 160
23192 8 161
51565 8 162
30594 8 163
90683 8 164
6469 8 165
27650 8 166
78189 8 167
2496 8 168
7026 8 169
18544 8 170
1429 8 171
40051 8 172
39769 8 173
3051 8 174
8752 8 175
15081 8 176
64908 8 177
82633 8 178
78078 8 179
70851 8 180
83324 8 181
39033 8 182
27585 8 183
69082 8 184
62740 8 185
72649 8 186
33059 8 187
55599 8 188
89134 8 189
99237 8 190
61093 8 191
66122 8 192
82996 8 193
25600 8 194
38904 8 195
21323 8 196
7134 8 197
34246 8 198
15498 8 199
57935 9 100
49918 9 101
38157 9 102
4040 9 103
22298 9 104
80337 9 105
27690 9 106
42351 9 107
5098 9 108
85414 9 109
52450 9 110
70599 9 111
68175 9 112
37 9 113
55239 9 114
56071 9 115
43971 9 116
21679 9 117
65687 9 118
2676 9 119
34394 9 120
16013 9 121
9046 9 122
95250 9 123
81431 9 124
96365 9 125
57891 9 126
54153 9 127
89868 9 128
10372 9 129
29470 9 130
28662 9 131
30693 9 132
52147 9 133
74203 9 134
70050 9 135
53352 9 136
33936 9 137
70285 9 138
73618 9 139
66469 9 140
86082 9 141
98687 9 142
57369 9 143
76489 9 144
72038 9 145
59164 9 146
39458 9 147
13779 9 148
66851 9 149
3784 9 150
21898 9 151
23394 9 152
29611 9 153
80944 9 154
37025 9 155
22732 9 156
11942 9 157
73852 9 158
72263 9 159
8870 9 160
41349 9 161
94046 9 162
26134 9 163
92851 9 164
15544 9 165
77381 9 166
64854 9 167
84564 9 168
65279 9 169
90107 9 170
92682 9 171
16972 9 172
60767 9 173
38604 9 174
19749 9 175
69555 9 176
2795 9 177
34705 9 178
4035 9 179
35089 9 180
31849 9 181
40682 9 182
47592 9 183
72727 9 184
95554 9 185
69905 9 186
6025 9 187
18819 9 188
16604 9 189
97627 9 190
31942 9 191
88575 9 192
91996 9 193
73740 9 194
5139 9 195
68435 9 196
60652 9 197
23200 9 198
89066 9 199
82428 10 100
26739 10 101
85367 10 102
81755 10 103
90143 10 104
71094 10 105
50859 10 106
34788 10 107
62843 10 108
71082 10 109
87026 10 110
81403 10 111
2960 10 112
46552 10 113
11805 10 114
23881 10 115
50056 10 116
55750 10 117
23743 10 118
24301 10 119
53160 10 120
2386 10 121
96077 10 122
20877 10 123
69485 10 124
55424 10 125
67812 10 126
47888 10 127
62574 10 128
20787 10 129
77919 10 130
43847 10 131
85063 10 132
15175 10 133
76696 10 134
68205 10 135
7130 10 136
98077 10 137
75643 10 138
36164 10 139
20479 10 140
23312 10 141
22610 10 142
76298 10 143
72943 10 144
96520 10 145
52590 10 146
83179 10 147
22952 10 148
18827 10 149
74821 10 150
66276 10 151
99974 10 152
99694 10 153
95751 10 154
60555 10 155
53487 10 156
65746 10 157
32487 10 158
79234 10 159
53105 10 160
46420 10 161
15251 10 162
59883 10 163
52159 10 164
59150 10 165
23564 10 166
87151 10 167
97358 10 168
9326 10 169
18079 10 170
78974 10 171
80816 10 172
92821 10 173
92373 10 174
17678 10 175
79169 10 176
87326 10 177
45208 10 178
74635 10 179
19677 10 180
88013 10 181
4914 10 182
48770 10 183
38648 10 184
80573 10 185
5669 10 186
85743 10 187
53089 10 188
48887 10 189
54850 10 190
88937 10 191
82375 10 192
8017 10 193
61132 10 194
51222 10 195
35762 10 196
89926 10 197
73484 10 198
65105 10 199
33202 11 100
28006 11 101
79579 11 102
57831 11 103
88293 11 104
92272 11 105
37557 11 106
22989 11 107
61913 11 108
25818 11 109
3634 11 110
44748 11 111
72721 11 112
80285 11 113
46413 11 114
96861 11 115
58946 11 116
91255 11 117
16280 11 118
98725 11 119
89418 11 120
28157 11 121
3194 11 122
84986 11 123
21769 11 124
82389 11 125
40117 11 126
460 11 127
55986 11 128
93990 11 129
74768 11 130
6528 11 131
6868 11 132
44354 11 133
94771 11 134
20492 11 135
67986 11 136
72681 11 137
14867 11 138
740 11 139
83925 11 140
78185 11 141
94327 11 142
56157 11 143
48717 11 144
47703 11 145
91362 11 146
12018 11 147
75265 11 148
31314 11 149
9720 11 150
85055 11 151
14451 11 152
90135 11 153
22216 11 154
49922 11 155
10435 11 156
31204 11 157
50423 11 158
68621 11 159
27427 11 160
93060 11 161
30419 11 162
36338 11 163
15438 11 164
18964 11 165
80585 11 166
62969 11 167
24878 11 168
88861 11 169
24757 11 170
11145 11 171
37874 11 172
84451 11 173
48563 11 174
61840 11 175
51390 11 176
78867 11 177
39503 11 178
95300 11 179
82552 11 180
70673 11 181
83681 11 182
93837 11 183
91766 11 184
82490 11 185
14505 11 186
82 11 187
22500 11 188
8715 11 189
78646 11 190
28464 11 191
68378 11 192
83332 11 193
67869 11 194
74128 11 195
14764 11 196
56285 11 197
87672 11 198
62280 11 199
