1000 897678767
240673447 2 100
28368073 2 101
884020472 2 102
462209904 2 103
133721104 2 104
594206814 2 105
540691600 2 106
436554198 2 107
464943147 2 108
135933747 2 109
182400996 2 110
426911407 2 111
295787630 2 112
516701337 2 113
549158325 2 114
507596970 2 115
88938646 2 116
58464003 2 117
429617476 2 118
577606202 2 119
831170970 2 120
713175497 2 121
501016646 2 122
543542554 2 123
756447403 2 124
560260327 2 125
219813049 2 126
278268406 2 127
360785299 2 128
678996105 2 129
605103992 2 130
448157495 2 131
883256193 2 132
700725939 2 133
398669844 2 134
712092891 2 135
530671024 2 136
480507729 2 137
337977459 2 138
528359567 2 139
769535080 2 140
693917299 2 141
812786511 2 142
306485223 2 143
326905431 2 144
108690388 2 145
598812318 2 146
716988340 2 147
248241101 2 148
198412491 2 149
534131756 2 150
481357657 2 151
98972744 2 152
533430581 2 153
10744696 2 154
165662534 2 155
29832363 2 156
799102683 2 157
18344816 2 158
310319124 2 159
586405769 2 160
244972051 2 161
877224113 2 162
821990585 2 163
621074214 2 164
226894815 2 165
689667989 2 166
280460328 2 167
847282014 2 168
286436153 2 169
682140009 2 170
697857866 2 171
455976734 2 172
136171210 2 173
560845943 2 174
895002771 2 175
229892578 2 176
470357284 2 177
276092933 2 178
142140103 2 179
523181339 2 180
175456415 2 181
610545520 2 182
245627349 2 183
38899114 2 184
286037592 2 185
69295779 2 186
643760017 2 187
624603586 2 188
479386053 2 189
748367822 2 190
223809240 2 191
446238190 2 192
543922471 2 193
855960273 2 194
222839623 2 195
488495028 2 196
601934454 2 197
824681408 2 198
660806211 2 199
446416290 3 100
42965470 3 101
677150186 3 102
496765073 3 103
352215848 3 104
566518262 3 105
468558400 3 106
241062273 3 107
153020104 3 108
323268902 3 109
668118301 3 110
742706421 3 111
746007197 3 112
143193519 3 113
694114921 3 114
361389866 3 115
868030376 3 116
154755280 3 117
738946019 3 118
735054335 3 119
792754166 3 120
270396095 3 121
259029664 3 122
783583677 3 123
87473260 3 124
826754675 3 125
516344191 3 126
693301385 3 127
43177653 3 128
728378235 3 129
873640960 3 130
671897164 3 131
31898583 3 132
155020608 3 133
532234891 3 134
759975736 3 135
394889573 3 136
382690993 3 137
463675405 3 138
401124805 3 139
339816705 3 140
626151072 3 141
519191825 3 142
813404117 3 143
706641638 3 144
223783970 3 145
754058281 3 146
856794931 3 147
674307975 3 148
144692109 3 149
185669667 3 150
484183282 3 151
97392641 3 152
238546389 3 153
8359557 3 154
283782299 3 155
728206399 3 156
363238251 3 157
771964261 3 158
776575223 3 159
729710687 3 160
97607634 3 161
860543150 3 162
549948451 3 163
319026019 3 164
587549937 3 165
466407819 3 166
290812046 3 167
342618391 3 168
395177909 3 169
625146362 3 170
778032411 3 171
480434840 3 172
630145309 3 173
643752619 3 174
394952169 3 175
888828576 3 176
655439834 3 177
811113907 3 178
334138955 3 179
875845174 3 180
714077218 3 181
806762749 3 182
345869896 3 183
407731137 3 184
281846590 3 185
30150344 3 186
382491611 3 187
444762437 3 188
244744467 3 189
687161778 3 190
431575216 3 191
182641096 3 192
275873621 3 193
298798399 3 194
516584405 3 195
218422325 3 196
303500434 3 197
135825661 3 198
366148733 3 199
40945876 4 100
540365037 4 101
667519501 4 102
840852075 4 103
317248734 4 104
346502002 4 105
450721642 4 106
22739335 4 107
609296957 4 108
667734475 4 109
618279987 4 110
611984661 4 111
656547101 4 112
3358688 4 113
161137842 4 114
407241349 4 115
100210549 4 116
854378547 4 117
878372239 4 118
512271942 4 119
252927744 4 120
253528959 4 121
828315677 4 122
415473043 4 123
59721460 4 124
360572616 4 125
894784847 4 126
540319837 4 127
856258458 4 128
872774747 4 129
629193919 4 130
414832157 4 131
725131272 4 132
150374716 4 133
348652006 4 134
275265296 4 135
473913197 4 136
658611692 4 137
894294844 4 138
819381945 4 139
175047292 4 140
299887216 4 141
8551596 4 142
72005895 4 143
157843499 4 144
545721757 4 145
28685746 4 146
352239920 4 147
303489130 4 148
376950764 4 149
538546483 4 150
677829181 4 151
273251946 4 152
780803789 4 153
700037137 4 154
529804114 4 155
473002947 4 156
358859919 4 157
865118742 4 158
620776941 4 159
649673626 4 160
224230341 4 161
125213219 4 162
480471900 4 163
895961267 4 164
352513083 4 165
342913799 4 166
235602259 4 167
30273049 4 168
676596707 4 169
781932961 4 170
469885569 4 171
82324653 4 172
243047463 4 173
770989492 4 174
50882770 4 175
414764858 4 176
54603159 4 177
283921503 4 178
17079410 4 179
189782706 4 180
75368237 4 181
244701215 4 182
640085795 4 183
107607272 4 184
106245377 4 185
713162846 4 186
485425054 4 187
314356619 4 188
622132250 4 189
525380547 4 190
137654250 4 191
47457660 4 192
597228813 4 193
608597278 4 194
212232130 4 195
172195833 4 196
707420799 4 197
185976485 4 198
262111022 4 199
741926064 5 100
863032561 5 101
126738849 5 102
124846842 5 103
336183597 5 104
378495257 5 105
246110354 5 106
888279326 5 107
696779624 5 108
874851401 5 109
772151912 5 110
369407406 5 111
396194132 5 112
451764938 5 113
224964617 5 114
473120761 5 115
207747774 5 116
883083171 5 117
766455816 5 118
111177675 5 119
758795567 5 120
287850221 5 121
378328349 5 122
657253844 5 123
671450006 5 124
111217447 5 125
666344570 5 126
1171119 5 127
276647336 5 128
56988388 5 129
837505971 5 130
896571613 5 131
378320684 5 132
881840029 5 133
61459537 5 134
580436399 5 135
478275646 5 136
400681460 5 137
104469613 5 138
731769574 5 139
776280659 5 140
412799794 5 141
449573091 5 142
838260287 5 143
70733551 5 144
692818444 5 145
422808374 5 146
87835617 5 147
491025920 5 148
464427608 5 149
858135698 5 150
712678148 5 151
52843616 5 152
828881394 5 153
462646178 5 154
756246264 5 155
398871355 5 156
443585305 5 157
64980375 5 158
473396763 5 159
452766469 5 160
48638178 5 161
440819704 5 162
297389332 5 163
188779006 5 164
659595001 5 165
476143176 5 166
144515773 5 167
333086361 5 168
686660912 5 169
259961232 5 170
681289988 5 171
884135366 5 172
610917665 5 173
398342397 5 174
182909098 5 175
582630655 5 176
32514084 5 177
299469940 5 178
107628362 5 179
534593659 5 180
364272205 5 181
115702233 5 182
274996456 5 183
304508404 5 184
529125585 5 185
692386290 5 186
289601003 5 187
239797609 5 188
763394900 5 189
842905356 5 190
97983103 5 191
858538447 5 192
290334368 5 193
117605448 5 194
272806686 5 195
505252758 5 196
796901096 5 197
495373819 5 198
811395840 5 199
686764039 6 100
618961529 6 101
672124224 6 102
458461508 6 103
8692522 6 104
605932766 6 105
787433640 6 106
479225057 6 107
394928093 6 108
180391100 6 109
65262977 6 110
47201236 6 111
300794603 6 112
255577139 6 113
643208326 6 114
475593288 6 115
716689117 6 116
6973735 6 117
323482788 6 118
111368775 6 119
615837573 6 120
287737126 6 121
895850390 6 122
518142780 6 123
135139692 6 124
803851712 6 125
248536297 6 126
53756829 6 127
692512638 6 128
476187184 6 129
238986322 6 130
784432054 6 131
142261312 6 132
169538775 6 133
484625366 6 134
689526074 6 135
157478594 6 136
568842786 6 137
33935966 6 138
269922563 6 139
298085821 6 140
22535532 6 141
171702217 6 142
779191002 6 143
605939543 6 144
537006421 6 145
591935490 6 146
873415372 6 147
743754459 6 148
812817810 6 149
478823404 6 150
592177876 6 151
389985674 6 152
885665808 6 153
246745232 6 154
172111188 6 155
573222381 6 156
478831750 6 157
633126513 6 158
265318288 6 159
350635862 6 160
100395802 6 161
633523465 6 162
424189839 6 163
734913136 6 164
567744888 6 165
343929483 6 166
868047461 6 167
123030405 6 168
75850876 6 169
28573665 6 170
528656459 6 171
105114493 6 172
880838816 6 173
70657033 6 174
8605042 6 175
394577857 6 176
332004577 6 177
499460727 6 178
255771654 6 179
274267580 6 180
623639528 6 181
32296221 6 182
46195677 6 183
679081348 6 184
621613354 6 185
655801747 6 186
35947017 6 187
42457648 6 188
797962125 6 189
562787672 6 190
425190206 6 191
454281927 6 192
518512440 6 193
105422307 6 194
455585319 6 195
821521087 6 196
189135174 6 197
157299538 6 198
506645152 6 199
250177041 7 100
843583399 7 101
238654181 7 102
292864976 7 103
186693338 7 104
685497418 7 105
350630714 7 106
194349571 7 107
19733015 7 108
271397067 7 109
783757687 7 110
741065641 7 111
243350128 7 112
711309155 7 113
391697744 7 114
727825809 7 115
243647019 7 116
370682722 7 117
705305442 7 118
118349411 7 119
441036039 7 120
742552651 7 121
320761821 7 122
556495386 7 123
189692193 7 124
544198254 7 125
792978971 7 126
14917796 7 127
376470814 7 128
438346794 7 129
200555386 7 130
187721920 7 131
123284482 7 132
240491957 7 133
874382668 7 134
214143435 7 135
694109283 7 136
317615338 7 137
203935788 7 138
523977168 7 139
106522060 7 140
456813026 7 141
632311602 7 142
832339546 7 143
146734694 7 144
268524575 7 145
261558390 7 146
39760657 7 147
335684947 7 148
420972314 7 149
482425204 7 150
228603653 7 151
518915495 7 152
156546343 7 153
211674994 7 154
295417464 7 155
325970206 7 156
637076571 7 157
351062401 7 158
167916927 7 159
292599974 7 160
894307583 7 161
776919271 7 162
757026686 7 163
879041752 7 164
563686997 7 165
81382205 7 166
34392256 7 167
153234688 7 168
221095689 7 169
390291487 7 170
495864007 7 171
83476984 7 172
160088238 7 173
837796996 7 174
683650143 7 175
570655934 7 176
669842623 7 177
557387497 7 178
98687942 7 179
273320678 7 180
5431351 7 181
507236392 7 182
20238603 7 183
782931094 7 184
394785358 7 185
148127056 7 186
853105181 7 187
756403309 7 188
403324116 7 189
683024310 7 190
393081352 7 191
269400629 7 192
135479395 7 193
359606300 7 194
408125482 7 195
70989988 7 196
811969081 7 197
851223500 7 198
781960301 7 199
348883533 8 100
260682224 8 101
96189134 8 102
796123606 8 103
374159478 8 104
679007861 8 105
210170299 8 106
823152688 8 107
492405912 8 108
624887141 8 109
458897603 8 110
497820185 8 111
12872647 8 112
650506040 8 113
161053656 8 114
371988312 8 115
808636138 8 116
235617144 8 117
178480661 8 118
199990965 8 119
685362760 8 120
428720122 8 121
591667195 8 122
480374915 8 123
851062405 8 124
227781759 8 125
876072031 8 126
566469711 8 127
16667930 8 128
482952772 8 129
195720822 8 130
610624750 8 131
704942550 8 132
562783863 8 133
757298573 8 134
253057946 8 135
204770430 8 136
441738431 8 137
277775658 8 138
475142939 8 139
171436072 8 140
209779149 8 141
703097759 8 142
41570668 8 143
795737218 8 144
28139253 8 145
292853041 8 146
278077301 8 147
524906948 8 148
639671672 8 149
723093137 8 150
591865233 8 151
447648341 8 152
449837789 8 153
600012695 8 154
76931347 8 155
429226003 8 156
891636938 8 157
888784971 8 158
808233436 8 159
300215230 8 160
499243315 8 161
37121117 8 162
139299520 8 163
762092051 8 164
609235634 8 165
18747593 8 166
314970446 8 167
29143836 8 168
853610725 8 169
424104989 8 170
491921476 8 171
285222764 8 172
192304118 8 173
450361286 8 174
443336480 8 175
672357304 8 176
380079458 8 177
828536074 8 178
428142664 8 179
290164224 8 180
31060344 8 181
665295797 8 182
601730356 8 183
417333090 8 184
187212836 8 185
730017425 8 186
314017901 8 187
759375736 8 188
858183527 8 189
22860256 8 190
552547038 8 191
39432278 8 192
767163236 8 193
656308059 8 194
455959718 8 195
304590370 8 196
629447015 8 197
18072018 8 198
470541068 8 199
385063593 9 100
652785746 9 101
612021940 9 102
503507431 9 103
239474855 9 104
629026337 9 105
846359958 9 106
761970314 9 107
68092396 9 108
226970568 9 109
785293959 9 110
715481897 9 111
518223336 9 112
280119069 9 113
287606757 9 114
377987075 9 115
695905521 9 116
251263441 9 117
26781588 9 118
445360398 9 119
795016826 9 120
236398133 9 121
103052433 9 122
252601790 9 123
193517451 9 124
464406926 9 125
233299662 9 126
779718754 9 127
49353906 9 128
479548218 9 129
2851014 9 130
368861314 9 131
446979558 9 132
836432710 9 133
816236197 9 134
349973288 9 135
421801540 9 136
780714825 9 137
582015646 9 138
627310274 9 139
873697671 9 140
215636649 9 141
419246151 9 142
34931258 9 143
666566004 9 144
798982600 9 145
882151571 9 146
385566733 9 147
603407446 9 148
174289467 9 149
307294299 9 150
808633409 9 151
201176344 9 152
399986374 9 153
413056290 9 154
93566334 9 155
729634271 9 156
344327467 9 157
36324639 9 158
516783603 9 159
666862517 9 160
431007902 9 161
699703797 9 162
756960983 9 163
48994868 9 164
223420946 9 165
431769983 9 166
694352143 9 167
69448900 9 168
345979299 9 169
234819114 9 170
437573257 9 171
96270250 9 172
498969667 9 173
566513385 9 174
511901016 9 175
425811664 9 176
523980400 9 177
558542189 9 178
830645494 9 179
468642912 9 180
20803184 9 181
578227711 9 182
544196648 9 183
192845578 9 184
18478596 9 185
764729739 9 186
230888564 9 187
552880893 9 188
851662712 9 189
874657959 9 190
54971921 9 191
552490329 9 192
115686717 9 193
613597161 9 194
700890815 9 195
736476914 9 196
77571263 9 197
33565688 9 198
701518785 9 199
23382455 10 100
768682996 10 101
268035071 10 102
443121898 10 103
498549723 10 104
480488469 10 105
626136760 10 106
700378803 10 107
109914014 10 108
93217096 10 109
744555811 10 110
410308625 10 111
639189935 10 112
795383480 10 113
72301349 10 114
23331839 10 115
363283615 10 116
216474882 10 117
606561295 10 118
472422071 10 119
269596036 10 120
140371203 10 121
411449511 10 122
674380948 10 123
299501195 10 124
256942986 10 125
611911144 10 126
327440252 10 127
167734407 10 128
304187895 10 129
595161633 10 130
831831931 10 131
482295753 10 132
219347028 10 133
329931143 10 134
257882302 10 135
296230756 10 136
548952295 10 137
536849451 10 138
139757891 10 139
717825075 10 140
63915028 10 141
385783661 10 142
336609936 10 143
79122137 10 144
505486219 10 145
87625885 10 146
608208579 10 147
125323128 10 148
138038026 10 149
178280893 10 150
204944125 10 151
701224029 10 152
149534353 10 153
262288541 10 154
775586857 10 155
474018888 10 156
286663082 10 157
780209287 10 158
127157101 10 159
561973571 10 160
266074791 10 161
366966405 10 162
172549934 10 163
274894409 10 164
407149583 10 165
861092668 10 166
533782170 10 167
666740165 10 168
416679308 10 169
759480892 10 170
468710185 10 171
893538862 10 172
146409038 10 173
229720207 10 174
531070708 10 175
519753287 10 176
442359573 10 177
656598468 10 178
267353986 10 179
623759850 10 180
835030985 10 181
828095054 10 182
188816526 10 183
114938994 10 184
49036956 10 185
576098235 10 186
536597406 10 187
329091890 10 188
1345678 10 189
359814877 10 190
187974449 10 191
812522327 10 192
506144462 10 193
326424522 10 194
651064145 10 195
88689561 10 196
823307043 10 197
91983603 10 198
814045042 10 199
324321164 11 100
186876232 11 101
676091050 11 102
467925913 11 103
511623010 11 104
56436595 11 105
720982385 11 106
244717272 11 107
658199156 11 108
860862869 11 109
551569337 11 110
628061999 11 111
341005941 11 112
71054797 11 113
242746266 11 114
501318278 11 115
246233866 11 116
183583125 11 117
691884189 11 118
34867431 11 119
644838374 11 120
607836292 11 121
859137667 11 122
19091750 11 123
633298660 11 124
698258072 11 125
733272475 11 126
410525590 11 127
149094162 11 128
232459588 11 129
85200972 11 130
737130327 11 131
876971155 11 132
289198635 11 133
789168857 11 134
110194747 11 135
550669844 11 136
299891196 11 137
525935827 11 138
704801273 11 139
296157041 11 140
175167341 11 141
82932278 11 142
617672348 11 143
190641973 11 144
297415773 11 145
759546562 11 146
775396594 11 147
94940884 11 148
777507173 11 149
748191400 11 150
236459686 11 151
67262603 11 152
480737333 11 153
661870985 11 154
183681100 11 155
732839985 11 156
873403303 11 157
891825082 11 158
289280791 11 159
285953245 11 160
443495361 11 161
198491819 11 162
510721879 11 163
873396794 11 164
185048137 11 165
648634316 11 166
596274977 11 167
3430270 11 168
890393483 11 169
420829929 11 170
197933613 11 171
55924403 11 172
503296698 11 173
383135690 11 174
481332449 11 175
776610063 11 176
343925999 11 177
857595977 11 178
504348015 11 179
534707225 11 180
376359013 11 181
201658313 11 182
581139885 11 183
542037498 11 184
357548084 11 185
846524652 11 186
569794509 11 187
433267756 11 188
397989432 11 189
615078441 11 190
445576884 11 191
142457326 11 192
214534892 11 193
480909232 11 194
785950178 11 195
414830095 11 196
705319598 11 197
848501181 11 198
771891626 11 199
