846 1000000000
15379729 94 993
13133469 72 902
2403874 52 148
11816758 23 255
4699104 3 96
7388382 33 58
2274274 86 762
2121599 70 188
7156092 40 782
19043051 38 315
18436452 63 177
16100305 39 232
4508664 96 284
17293923 14 374
3980133 41 859
15154448 31 793
1645286 72 185
17793440 45 933
1091267 73 667
13200117 98 515
9270129 40 122
8336639 12 860
12882536 29 101
14600628 75 914
19341123 73 420
1158620 63 391
5368646 27 569
14837410 26 239
10402119 5 822
9828681 26 86
12995820 46 777
6752289 64 28
18049404 21 347
9189489 71 63
20110463 92 946
1844367 73 101
11965101 12 248
9729451 43 821
10584040 98 767
10583305 7 105
10977892 68 487
13623832 21 291
17649559 9 138
13472335 24 993
9714025 18 857
9483053 15 437
3145 19 268
18884932 84 114
19617454 79 749
16271657 83 629
5888154 72 964
16199226 51 592
4223681 4 118
14072746 25 566
18327518 24 336
16950970 47 244
2036063 36 444
10046473 7 689
11128590 50 549
7977067 53 2
10899121 40 121
5093137 9 497
13379706 97 144
13365571 55 257
8995180 2 208
5497589 12 90
10298187 78 271
8989453 83 69
17947778 34 566
14692762 93 840
12619639 32 105
13341955 72 328
4501986 7 381
16803150 64 481
18754150 19 423
5097610 95 32
7583240 20 261
6462835 75 179
9789897 62 77
17544533 46 983
10466649 12 315
17020586 50 818
8614484 3 878
18327078 4 110
10682786 76 479
11866521 31 364
19371783 26 930
1905760 93 230
6712569 24 334
13250587 94 972
16453876 80 999
16332714 8 837
8358615 80 730
3184360 57 509
6663849 58 840
17967022 83 431
19536057 17 13
20356079 3 840
5324262 73 608
2193961 35 378
9024756 58 749
20507266 87 93
12013485 67 439
11397215 32 442
6910668 8 487
10659206 23 428
16889917 47 931
16339410 53 682
17212198 7 299
18098724 58 549
1511515 65 845
9687602 17 285
13687319 98 691
13411825 6 835
300052 3 375
7188776 69 720
5807135 34 188
9288726 43 251
6435605 93 207
1959908 40 985
15982860 7 257
10719190 87 253
9801116 81 265
18519411 78 161
8346959 47 248
154773 25 474
6456851 8 748
14770882 96 480
11206207 67 87
6211986 81 257
3773744 26 553
13063959 70 993
13960975 87 957
10741201 96 273
18061311 37 991
5133306 52 270
8417015 68 424
17914201 46 412
11167287 52 672
18861116 20 502
2705925 40 342
16833934 51 331
13611014 26 493
11156040 23 489
8967949 56 384
12056946 88 142
6042710 25 667
3769111 41 113
5468829 50 485
6532852 43 889
2754613 71 71
17198638 30 452
19309061 82 391
16150086 70 702
18171508 59 405
15637051 96 421
2241725 4 104
1682414 90 642
10165468 95 774
9193962 39 189
14914778 36 408
4868135 87 69
5000836 90 591
6508084 36 688
17835425 16 609
14344305 40 540
12042898 32 439
16852633 78 478
6454856 95 21
12527870 62 812
15941568 78 493
6864548 92 330
19266869 36 54
3560531 51 695
725225 31 36
10407827 46 804
3742085 46 57
11431777 8 243
3304201 68 600
5957562 14 238
14280503 50 179
12382325 34 172
2783573 96 919
11642604 70 734
15289916 4 23
12967566 37 655
8775921 58 784
13039055 44 566
4535928 25 90
12069442 24 87
19008483 88 359
6431783 78 49
4699392 79 583
11011008 62 159
14981921 42 269
16121004 48 248
780288 31 192
19764957 36 126
4385365 85 520
19769493 73 597
10669050 34 404
1741286 68 245
13770999 96 686
9489608 68 462
19614010 12 287
9068198 44 161
19410502 34 771
20506870 2 198
14933582 23 837
20396963 89 433
9329715 87 148
2892911 72 184
9283248 6 913
15243007 61 769
8995596 30 972
13393674 13 193
1579694 72 872
5318508 26 93
11968077 88 516
17492583 52 16
9830917 63 568
19040075 32 93
9438660 57 428
18447603 52 121
11800018 45 372
15784783 71 907
4192433 63 496
8526980 81 848
10831451 85 522
17493667 58 877
4670608 75 140
19816784 26 905
18247000 34 317
5806421 21 34
2160009 15 672
12703976 64 617
18149319 14 685
2719605 20 181
20451782 14 144
9275009 35 85
3949473 73 420
14929466 98 42
6720585 56 305
13757620 17 787
4745449 76 450
1859528 26 113
3293113 21 528
10142276 52 446
19242764 25 626
4504653 81 33
3462852 15 27
11877805 80 121
4343545 28 429
414500 7 291
8126764 87 254
15904330 86 433
16132908 53 114
20565608 9 315
18833917 59 461
5054026 23 99
20561213 5 879
14465881 88 934
16255025 44 378
12464351 22 887
772008 5 564
808663 72 999
9464727 32 132
5384009 36 935
10288075 16 632
20515357 92 112
15179031 88 727
881963 73 542
16036722 67 949
7550087 78 158
35287 14 302
2269841 31 143
7964890 3 867
7390296 43 974
16375556 72 432
8062189 75 861
2547822 61 238
69158 56 261
18195403 81 637
4955092 36 246
18002795 84 110
2664815 52 685
12167268 51 156
7379072 19 490
6965993 21 901
2933207 32 973
7432178 15 1000
12071530 65 901
6083542 9 994
4874138 10 819
5056303 42 877
880591 28 49
1042291 58 639
12226688 88 94
12388173 74 41
6271740 73 920
14816962 24 852
16731305 7 995
8824657 96 999
9118149 87 786
10444811 61 358
5498669 73 829
8453757 50 567
14086896 66 724
13755037 63 41
14669178 31 724
7571579 39 299
3402954 78 511
5990266 29 50
11339531 66 874
13439155 60 364
9971552 77 973
16962438 51 528
39515 41 723
20525661 52 266
9799247 21 89
97738 91 473
1862466 18 415
18934555 66 956
9702275 25 470
7872104 97 188
8625497 49 164
8508650 30 611
1158236 48 8
12885465 17 508
5217677 38 609
14398270 93 727
14843624 47 162
17650801 80 910
14395231 21 52
4603230 50 737
2759654 67 357
18453895 88 727
19536278 52 491
12942420 68 74
10482060 25 267
2483378 50 572
16933674 92 188
17355159 82 276
7796065 84 581
19840314 89 144
18029340 48 418
9075282 29 243
1764338 76 45
15980022 66 43
747256 91 272
6476260 72 442
1183253 93 865
17018478 31 68
12661311 66 298
6571079 72 767
16726391 21 234
2339806 76 843
15849180 100 261
8692573 14 262
15290008 49 307
11108238 32 636
12507350 45 456
20197495 85 994
12450247 82 172
6835796 48 599
9114309 40 96
16688928 31 723
398219 67 243
9468951 46 197
4840060 47 485
15677467 90 785
14289453 44 63
16582572 5 133
5320926 6 556
11726759 29 384
13198413 8 213
12847191 59 63
14548073 16 405
12277020 41 417
935069 42 885
19944740 68 480
10089590 57 451
19136675 43 771
5427757 90 456
13416835 11 336
10406229 17 94
11281220 93 627
5875879 25 491
615540 29 610
5493079 22 205
19687537 98 790
20358935 43 816
470521 22 376
18130566 47 399
3759171 10 994
2998741 33 251
18762187 62 960
6894908 80 197
9478013 80 63
1375919 51 969
2651681 66 199
2562340 23 347
10281285 70 97
972239 83 844
18933365 17 70
4224153 90 974
7622946 82 687
4150617 22 388
16989366 24 586
14993219 40 991
16030677 93 65
1928648 60 521
140781 66 212
19977380 14 403
11698247 96 297
18871156 84 164
18894508 12 194
9794671 16 286
15571851 80 815
2570321 63 757
8920561 93 484
512750 42 501
16583237 64 796
8177429 54 654
2134759 50 505
11101471 67 101
4595724 54 139
13911750 42 775
4886052 14 868
11220868 94 368
11737895 73 851
19813074 70 53
18024985 13 335
1329347 19 77
15985667 55 266
20456814 2 252
6236142 51 432
726341 40 169
14258678 45 485
794194 53 273
9082329 52 615
12757828 96 698
20394023 15 196
20029182 39 622
249766 87 578
12394239 16 452
17493415 42 6
10319325 13 622
3506549 51 987
6193285 35 151
6754081 63 158
12680979 31 507
2618012 43 783
7562411 12 764
17302984 35 272
20539493 40 543
15305051 30 301
633230 43 345
10470429 29 267
18635308 54 783
16419868 52 654
4311813 69 356
12947452 89 226
19395963 67 217
7187372 36 39
6130847 69 376
4429565 21 951
18335582 12 782
18896836 63 401
4924615 89 327
3100057 87 969
6941612 81 301
4681108 33 502
16634181 77 711
7524407 40 642
7326908 69 756
1566440 47 282
4336377 8 896
16000297 98 310
9360501 84 509
18097978 2 373
1757946 8 799
3751623 51 148
16138950 29 384
1139958 38 481
4953718 6 229
2207191 38 281
8490696 69 258
478793 99 343
1851740 44 177
13944300 7 471
3463257 7 992
4065059 32 612
6764035 91 767
18922099 43 262
18517871 14 110
12362933 68 164
12824836 85 263
9692447 12 819
1079353 74 161
7588460 43 802
3213373 90 886
16851417 76 16
9186531 6 493
5468797 32 1
11824644 47 450
4916743 32 246
6005882 99 372
4697674 11 130
17214291 84 948
5240819 95 629
1767758 34 280
8696241 80 996
6258174 57 238
18561364 13 107
4779649 29 324
6421916 39 253
10327411 76 983
2723225 38 826
2052047 84 828
1740194 4 273
5789262 53 295
12401471 52 938
6338900 33 772
4882328 38 98
10583173 11 12
2700435 45 122
2242141 100 277
7719312 99 635
12139643 14 295
12130095 14 682
6987076 39 664
13031562 59 127
20446412 30 179
4862855 22 240
17881449 92 356
12294117 92 748
3811513 100 848
11411359 28 565
20063400 77 567
14366181 35 830
15096688 80 722
18534345 41 659
3442812 60 334
12614339 25 212
319369 95 830
1508599 6 486
9526641 97 813
4104065 44 792
4898204 39 263
19684239 30 109
20435500 31 352
7139454 47 354
1890212 23 676
1263698 79 831
18562755 89 569
6984914 47 46
17003430 76 198
7890340 75 994
5668680 83 804
20053440 24 415
6232803 21 159
4449536 59 878
17377791 12 627
6375452 96 484
16323864 10 885
4908461 82 101
5300574 49 366
5804897 2 762
12743464 84 171
9522951 90 41
18628564 8 843
4968916 48 665
19915476 59 496
1431170 19 615
11202231 28 142
179989 81 639
4538178 45 786
1364341 14 827
12696696 80 91
6364376 39 284
16533796 56 871
9605502 100 821
3470201 52 699
10478172 27 144
3896313 60 886
921529 20 677
3658571 93 898
5559186 54 637
5813527 72 866
6059385 29 833
13396183 22 711
5147346 69 877
2411570 88 816
301177 92 171
19240322 11 222
7126098 53 252
14691622 57 20
4355557 46 648
18158909 43 293
19687509 4 7
1834450 47 211
9403257 65 435
20281985 60 967
16229418 29 883
11439715 80 926
1811194 24 969
4138913 44 266
14365905 12 23
20568443 30 550
15032859 71 899
83774 24 151
7977173 76 506
316909 82 30
17061486 94 3
11845794 47 441
8617118 63 133
6198570 78 172
12991801 5 647
10903961 53 779
11513795 73 559
9326579 49 64
1642478 52 54
416537 56 964
12877196 20 267
20599595 36 822
659705 84 780
13888320 33 710
12850908 53 496
15748117 54 679
3744707 38 182
5593584 84 894
13586695 5 742
2170089 64 373
9822581 4 211
2217869 42 568
2964343 91 378
10238998 49 863
13496167 96 943
2871797 34 621
15314081 88 746
17061768 96 790
18613396 79 192
19436716 85 809
8595668 84 224
12391207 4 758
1927150 14 107
14851238 90 706
8212745 70 711
786240 82 97
9866701 5 456
11433721 74 81
20024242 76 65
16850815 2 301
5211723 26 229
4573548 96 231
17589751 96 623
15535563 54 672
7679280 12 856
5960894 97 151
10969983 57 107
8015629 16 897
166623 82 163
18414006 29 774
1889054 2 579
19268813 78 516
18821707 37 330
2906159 46 588
7012972 34 830
3788122 69 339
18531969 66 36
10976082 2 905
648065 15 776
13956077 62 79
8262515 34 710
13460995 20 567
1999308 28 830
6661011 43 66
3007024 30 378
5735412 75 718
7447178 83 588
7689552 30 992
10767409 71 902
12234960 60 701
2511978 41 495
8029981 33 976
12175224 56 919
11569542 81 902
20358599 16 21
20584943 66 222
231748 42 429
9431532 9 792
11887485 99 784
4640080 72 424
3556886 5 729
18677590 88 870
28960 19 333
4159153 80 416
8237 23 901
7844869 65 419
16711341 50 301
16738270 80 811
733101 19 745
14396323 59 33
8633533 60 984
18056691 70 66
17385315 93 861
19561810 87 600
19855714 97 411
13836855 73 705
18344966 80 863
9277984 14 376
10488735 68 252
8148862 49 583
2022548 15 901
18257778 90 770
14554553 95 485
17299159 17 225
14149492 53 902
4789045 95 537
8965573 4 594
774828 26 210
19983022 60 687
7495982 75 379
9764754 87 289
12995036 2 392
20457318 76 652
19895581 2 35
9342591 45 398
10549823 50 667
5975541 19 775
10875821 25 932
2532273 71 219
10051296 82 467
10945248 51 485
20629187 92 865
19055021 93 878
5991716 18 787
11255460 40 644
1457335 72 712
1869936 88 206
4501338 9 72
14292225 93 560
19895651 25 793
7782177 32 434
8445847 14 565
15875280 53 142
9463056 3 557
3018364 87 939
6833832 4 491
14044234 81 352
14952833 96 303
19169828 90 616
1777278 2 38
3358825 58 505
19853130 76 34
7305096 38 574
8286655 71 704
12622999 40 808
6914564 69 392
17137608 85 718
7967491 38 252
17465388 37 735
1888064 10 99
17723601 77 907
15473071 77 15
17845169 40 907
11020866 95 739
18012035 70 185
9917177 75 725
17933153 39 375
18997651 16 677
1777354 60 564
20107059 37 92
13947597 40 212
3345001 64 216
19676625 54 141
10505871 67 656
15984659 9 112
4015352 63 789
16406660 26 508
19225268 26 579
11091071 25 416
8508498 19 8
3595976 65 963
20340005 38 423
7066074 82 732
5417669 26 388
13629943 88 652
11822623 47 43
15893294 89 124
11693984 49 87
15882806 28 252
19505481 84 364
16109353 61 191
1344904 31 627
6626303 72 404
12894101 54 862
14134680 46 322
17312504 95 449
13420531 48 388
12655319 14 428
12374085 80 103
9299519 41 660
12578214 85 425
6655391 21 211
19258414 95 89
12483865 61 385
87398 94 110
7041192 58 429
4084643 78 249
9201333 84 819
15889862 6 572
8821393 51 64
11212036 64 138
1425338 12 486
6737665 16 914
15474226 83 739
6156791 71 514
3388115 10 459
14197298 93 660
533792 82 664
10115297 51 529
12143773 37 635
8482107 21 409
4963948 92 54
3392705 37 277
5207859 14 276
1330810 58 243
20453798 58 52
11427179 11 418
9887037 44 685
5100650 52 628
6659822 29 41
13590405 37 557
1658606 62 384
4507326 6 223
588240 84 325
9868981 37 488
11554602 83 180
9823425 6 876
7238456 68 980
1442855 40 362
12940649 77 23
9521024 47 41
6092488 89 431
