100 100
0111222223333333444444444555555555556666666666666777777777777777888888888888888889999999999999999999
1112222233333334444444445555555555566666666666667777777777777778888888888888888899999999999999999999
1122222333333344444444455555555555666666666666677777777777777788888888888888888999999999999999999999
1222223333333444444444555555555556666666666666777777777777777888888888888888889999999999999999999999
2222233333334444444445555555555566666666666667777777777777778888888888888888899999999999999999999999
2222333333344444444455555555555666666666666677777777777777788888888888888888999999999999999999999999
2223333333444444444555555555556666666666666777777777777777888888888888888889999999999999999999999999
2233333334444444445555555555566666666666667777777777777778888888888888888899999999999999999999999999
2333333344444444455555555555666666666666677777777777777788888888888888888999999999999999999999999999
3333333444444444555555555556666666666666777777777777777888888888888888889999999999999999999999999999
3333334444444445555555555566666666666667777777777777778888888888888888899999999999999999999999999999
3333344444444455555555555666666666666677777777777777788888888888888888999999999999999999999999999999
3333444444444555555555556666666666666777777777777777888888888888888889999999999999999999999999999999
3334444444445555555555566666666666667777777777777778888888888888888899999999999999999999999999999999
3344444444455555555555666666666666677777777777777788888888888888888999999999999999999999999999999999
3444444444555555555556666666666666777777777777777888888888888888889999999999999999999999999999999999
4444444445555555555566666666666667777777777777778888888888888888899999999999999999999999999999999999
4444444455555555555666666666666677777777777777788888888888888888999999999999999999999999999999999999
4444444555555555556666666666666777777777777777888888888888888889999999999999999999999999999999999999
4444445555555555566666666666667777777777777778888888888888888899999999999999999999999999999999999998
4444455555555555666666666666677777777777777788888888888888888999999999999999999999999999999999999988
4444555555555556666666666666777777777777777888888888888888889999999999999999999999999999999999999888
4445555555555566666666666667777777777777778888888888888888899999999999999999999999999999999999998888
4455555555555666666666666677777777777777788888888888888888999999999999999999999999999999999999988888
4555555555556666666666666777777777777777888888888888888889999999999999999999999999999999999999888888
5555555555566666666666667777777777777778888888888888888899999999999999999999999999999999999998888888
5555555555666666666666677777777777777788888888888888888999999999999999999999999999999999999988888888
5555555556666666666666777777777777777888888888888888889999999999999999999999999999999999999888888888
5555555566666666666667777777777777778888888888888888899999999999999999999999999999999999998888888888
5555555666666666666677777777777777788888888888888888999999999999999999999999999999999999988888888888
5555556666666666666777777777777777888888888888888889999999999999999999999999999999999999888888888888
5555566666666666667777777777777778888888888888888899999999999999999999999999999999999998888888888888
5555666666666666677777777777777788888888888888888999999999999999999999999999999999999988888888888888
5556666666666666777777777777777888888888888888889999999999999999999999999999999999999888888888888888
5566666666666667777777777777778888888888888888899999999999999999999999999999999999998888888888888888
5666666666666677777777777777788888888888888888999999999999999999999999999999999999988888888888888888
6666666666666777777777777777888888888888888889999999999999999999999999999999999999888888888888888887
6666666666667777777777777778888888888888888899999999999999999999999999999999999998888888888888888877
6666666666677777777777777788888888888888888999999999999999999999999999999999999988888888888888888777
6666666666777777777777777888888888888888889999999999999999999999999999999999999888888888888888887777
6666666667777777777777778888888888888888899999999999999999999999999999999999998888888888888888877777
6666666677777777777777788888888888888888999999999999999999999999999999999999988888888888888888777777
6666666777777777777777888888888888888889999999999999999999999999999999999999888888888888888887777777
6666667777777777777778888888888888888899999999999999999999999999999999999998888888888888888877777777
6666677777777777777788888888888888888999999999999999999999999999999999999988888888888888888777777777
6666777777777777777888888888888888889999999999999999999999999999999999999888888888888888887777777777
6667777777777777778888888888888888899999999999999999999999999999999999998888888888888888877777777777
6677777777777777788888888888888888999999999999999999999999999999999999988888888888888888777777777777
6777777777777777888888888888888889999999999999999999999999999999999999888888888888888887777777777777
7777777777777778888888888888888899999999999999999999999999999999999998888888888888888877777777777777
7777777777777788888888888888888999999999999999999999999999999999999988888888888888888777777777777777
7777777777777888888888888888889999999999999999999999999999999999999888888888888888887777777777777776
7777777777778888888888888888899999999999999999999999999999999999998888888888888888877777777777777766
7777777777788888888888888888999999999999999999999999999999999999988888888888888888777777777777777666
7777777777888888888888888889999999999999999999999999999999999999888888888888888887777777777777776666
7777777778888888888888888899999999999999999999999999999999999998888888888888888877777777777777766666
7777777788888888888888888999999999999999999999999999999999999988888888888888888777777777777777666666
7777777888888888888888889999999999999999999999999999999999999888888888888888887777777777777776666666
7777778888888888888888899999999999999999999999999999999999998888888888888888877777777777777766666666
7777788888888888888888999999999999999999999999999999999999988888888888888888777777777777777666666666
7777888888888888888889999999999999999999999999999999999999888888888888888887777777777777776666666666
7778888888888888888899999999999999999999999999999999999998888888888888888877777777777777766666666666
7788888888888888888999999999999999999999999999999999999988888888888888888777777777777777666666666666
7888888888888888889999999999999999999999999999999999999888888888888888887777777777777776666666666666
8888888888888888899999999999999999999999999999999999998888888888888888877777777777777766666666666665
8888888888888888999999999999999999999999999999999999988888888888888888777777777777777666666666666655
8888888888888889999999999999999999999999999999999999888888888888888887777777777777776666666666666555
8888888888888899999999999999999999999999999999999998888888888888888877777777777777766666666666665555
8888888888888999999999999999999999999999999999999988888888888888888777777777777777666666666666655555
8888888888889999999999999999999999999999999999999888888888888888887777777777777776666666666666555555
8888888888899999999999999999999999999999999999998888888888888888877777777777777766666666666665555555
8888888888999999999999999999999999999999999999988888888888888888777777777777777666666666666655555555
8888888889999999999999999999999999999999999999888888888888888887777777777777776666666666666555555555
8888888899999999999999999999999999999999999998888888888888888877777777777777766666666666665555555555
8888888999999999999999999999999999999999999988888888888888888777777777777777666666666666655555555555
8888889999999999999999999999999999999999999888888888888888887777777777777776666666666666555555555554
8888899999999999999999999999999999999999998888888888888888877777777777777766666666666665555555555544
8888999999999999999999999999999999999999988888888888888888777777777777777666666666666655555555555444
8889999999999999999999999999999999999999888888888888888887777777777777776666666666666555555555554444
8899999999999999999999999999999999999998888888888888888877777777777777766666666666665555555555544444
8999999999999999999999999999999999999988888888888888888777777777777777666666666666655555555555444444
9999999999999999999999999999999999999888888888888888887777777777777776666666666666555555555554444444
9999999999999999999999999999999999998888888888888888877777777777777766666666666665555555555544444444
9999999999999999999999999999999999988888888888888888777777777777777666666666666655555555555444444444
9999999999999999999999999999999999888888888888888887777777777777776666666666666555555555554444444443
9999999999999999999999999999999998888888888888888877777777777777766666666666665555555555544444444433
9999999999999999999999999999999988888888888888888777777777777777666666666666655555555555444444444333
9999999999999999999999999999999888888888888888887777777777777776666666666666555555555554444444443333
9999999999999999999999999999998888888888888888877777777777777766666666666665555555555544444444433333
9999999999999999999999999999988888888888888888777777777777777666666666666655555555555444444444333333
9999999999999999999999999999888888888888888887777777777777776666666666666555555555554444444443333333
9999999999999999999999999998888888888888888877777777777777766666666666665555555555544444444433333332
9999999999999999999999999988888888888888888777777777777777666666666666655555555555444444444333333322
9999999999999999999999999888888888888888887777777777777776666666666666555555555554444444443333333222
9999999999999999999999998888888888888888877777777777777766666666666665555555555544444444433333332222
9999999999999999999999988888888888888888777777777777777666666666666655555555555444444444333333322222
9999999999999999999999888888888888888887777777777777776666666666666555555555554444444443333333222221
9999999999999999999998888888888888888877777777777777766666666666665555555555544444444433333332222211
9999999999999999999988888888888888888777777777777777666666666666655555555555444444444333333322222111
9999999999999999999888888888888888887777777777777776666666666666555555555554444444443333333222221110
