100 100
0111222223333333444444444555555555556666666666666777777777777777888888888888888889999999999999999999
0112222233333334444444445555555555566666666666667777777777777778888888888888888899999999999999999999
0122222333333344444444455555555555666666666666677777777777777788888888888888888999999999999999999999
0222223333333444444444555555555556666666666666777777777777777888888888888888889999999999999999999999
0222233333334444444445555555555566666666666667777777777777778888888888888888899999999999999999999999
0222333333344444444455555555555666666666666677777777777777788888888888888888999999999999999999999999
0223333333444444444555555555556666666666666777777777777777888888888888888889999999999999999999999999
0233333334444444445555555555566666666666667777777777777778888888888888888899999999999999999999999999
0333333344444444455555555555666666666666677777777777777788888888888888888999999999999999999999999999
0000003444444444555555555556666666666666777777777777777888888888888888889999999999999999999999999999
3333300004444445555555555566666666666667777777777777778888888888888888899999999999999999999999999999
3333344404444455555555555666666666666677777777777777788888888888888888999999999999999999999999999999
3333444400000000000000000000000000000000000000000000000000000000000000000000000000000000000000000000
3334444444445555555555566666666666667777777777777778888888888888888899999999999999999999999999999990
3344444444455555555555666666666666677777777777777788888888888888888999999999999999999999999999999990
3444444444555555555556666666666666777777777777777888888888888888889999999999999999999999999999999990
4444444445555555555566666666666667777777777777778888888888888888899999999999999999999999999999999990
4444444455555555555666666666666677777777777777788888888888888888999999999999999999999999999999999990
4444444555555555556666666666666777777777777777888888888888888889999999999999999999999999999999999990
4444445555555555566666666666667777777777777778888888888888888899999999999999999999999999999999999990
4444455555555555666666666666677777777777777788888888888888888999999999999999999999999999999999999980
4444555555555556666666666666777777777777777888888888888888889999999999999999999999999999999999999880
4445555555555566666666666667777777777777778888888888888888899999999999999999999999999999999999998880
4455555555555666666666666677777777777777788888888888888888999999999999999999999999999999999999988880
4555555555556666666666666777777777777777888888888888888889999999999999999999999999999999999999888880
5555555555566666666666667777777777777778888888888888888899999999999999999999999999999999999998888880
5555555555666666666666677777777777777788888888888888888999999999999999999999999999999999999988888880
5555555556666666666666777777777777777888888888888888889999999999999999999999999999999999999888888880
5555555566666666666667777777777777778888888888888888899999999999999999999999999999999999998888888880
5555555666666666666677777777777777788888888888888888999999999999999999999999999999999999988888888880
5555556666666666666777777777777777888888888888888889999999999999999999999999999999999999888888888880
5555566666666666667777777777777778888888888888888899999999999999999999999999999999999998888888888880
5555666666666666677777777777777788888888888888888999999999999999999999999999999999999988888888888880
5556666666666666777777777777777888888888888888889999999999999999999999999999999999999888888888888880
5566666666666667777777777777778888888888888888899999999999999999999999999999999999998888888888888880
5666666666666677777777777777788888888888888888999999999999999999999999999999999999988888888888888880
6666666666666777777777777777888888888888888889999999999999999999999999999999999999888888888888888880
6666666666667777777777777778888888888888888899999999999999999999999999999999999998888888888888888870
6666666666677777777777777788888888888888888999999999999999999999999999999999999988888888888888888770
6666666666777777777777777888888888888888889999999999999999999999999999999999999888888888888888887770
6666666667777777777777778888888888888888899999999999999999999999999999999999998888888888888888877770
6666666677777777777777788888888888888888999999999999999999999999999999999999988888888888888888777770
6666666777777777777777888888888888888889999999999999999999999999999999999999888888888888888887777770
6666667777777777777778888888888888888899999999999999999999999999999999999998888888888888888877777770
6666677777777777777788888888888888888999999999999999999999999999999999999988888888888888888777777770
6666777777777777777888888888888888889999999999999999999999999999999999999888888888888888887777777770
6667777777777777778888888888888888899999999999999999999999999999999999998888888888888888877777777770
6677777777777777788888888888888888999999999999999999999999999999999999988888888888888888777777777770
6777777777777777888888888888888889999999999999999999999999999999999999888888888888888887777777777770
7777777777777778888888888888888899999999999999999999999999999999999998888888888888888877777777777770
7777777777777788888888888888888999999999999999999999999999999999999988888888888888888777777777777770
7777777777777888888888888888889999999999999999999999999999999999999888888888888888887777777777777770
7777777777778888888888888888899999999999999999999999999999999999998888888888888888877777777777777760
7777777777788888888888888888999999999999999999999999999999999999988888888888888888777777777777777660
7777777777888888888888888889999999999999999999999999999999999999888888888888888887777777777777776660
7777777778888888888888888899999999999999999999999999999999999998888888888888888877777777777777766660
7777777788888888888888888999999999999999999999999999999999999988888888888888888777777777777777666660
7777777888888888888888889999999999999999999999999999999999999888888888888888887777777777777776666660
7777778888888888888888899999999999999999999999999999999999998888888888888888877777777777777766666660
7777788888888888888888999999999999999999999999999999999999988888888888888888777777777777777666666660
7777888888888888888889999999999999999999999999999999999999888888888888888887777777777777776666666660
7778888888888888888899999999999999999999999999999999999998888888888888888877777777777777766666666660
7788888888888888888999999999999999999999999999999999999988888888888888888777777777777777666666666660
7888888888888888889999999999999999999999999999999999999888888888888888887777777777777776666666666660
8888888888888888899999999999999999999999999999999999998888888888888888877777777777777766666666666660
8888888888888888999999999999999999999999999999999999988888888888888888777777777777777666666666666650
8888888888888889999999999999999999999999999999999999888888888888888887777777777777776666666666666550
8888888888888899999999999999999999999999999999999998888888888888888877777777777777766666666666665550
8888888888888999999999999999999999999999999999999988888888888888888777777777777777666666666666655550
8888888888889999999999999999999999999999999999999888888888888888887777777777777776666666666666555550
8888888888899999999999999999999999999999999999998888888888888888877777777777777766666666666665555550
8888888888999999999999999999999999999999999999988888888888888888777777777777777666666666666655555550
8888888889999999999999999999999999999999999999888888888888888887777777777777776666666666666555555550
8888888899999999999999999999999999999999999998888888888888888877777777777777766666666666665555555550
8888888999999999999999999999999999999999999988888888888888888777777777777777666666666666655555555550
8888889999999999999999999999999999999999999888888888888888887777777777777776666666666666555555555550
8888899999999999999999999999999999999999998888888888888888877777777777777766666666666665555555555540
8888999999999999999999999999999999999999988888888888888888777777777777777666666666666655555555555440
8889999999999999999999999999999999999999888888888888888887777777777777776666666666666555555555554440
8899999999999999999999999999999999999998888888888888888877777777777777766666666666665555555555544440
8999999999999999999999999999999999999988888888888888888777777777777777666666666666655555555555444440
9999999999999999999999999999999999999888888888888888887777777777777776666666666666555555555554444440
9999999999999999999999999999999999998888888888888888877777777777777766666666666665555555555544444440
9999999999999999999999999999999999988888888888888888777777777777777666666666666655555555555444444440
9999999999999999999999999999999999888888888888888887777777777777776666666666666555555555554444444440
9999999999999999999999999999999998888888888888888877777777777777766666666666665555555555544444444430
9999999999999999999999999999999988888888888888888777777777777777666666666666655555555555444444444330
9999999999999999999999999999999888888888888888887777777777777776666666666666555555555554444444443330
9999999999999999999999999999998888888888888888877777777777777766666666666665555555555544444444433330
9999999999999999999999999999988888888888888888777777777777777666666666666655555555555444444444333330
9999999999999999999999999999888888888888888887777777777777776666666666666555555555554444444443333330
9999999999999999999999999998888888888888888877777777777777766666666666665555555555544444444433333330
9999999999999999999999999988888888888888888777777777777777666666666666655555555555444444444333333320
9999999999999999999999999888888888888888887777777777777776666666666666555555555554444444443333333220
9999999999999999999999998888888888888888877777777777777766666666666665555555555544444444433333332220
9999999999999999999999988888888888888888777777777777777666666666666655555555555444444444333333322220
9999999999999999999999888888888888888887777777777777776666666666666555555555554444444443333333222220
9999999999999999999998888888888888888877777777777777766666666666665555555555544444444433333332222210
9999999999999999999988888888888888888777777777777777666666666666655555555555444444444333333322222110
9999999999999999999888888888888888887777777777777776666666666666555555555554444444443333333222221110
