100 100
0111222223333333444444444555555555556666666666666777777777777777888888888888888889999999999999999999
0112222233333334444444445555555555566666666666667777777777777778888888888888888899999999999999999999
0122222333333344444444455555555555666666666666677777777777777788888888888888888999999999999999999999
0222223333333444444444555555555556666666666666777777777777777888888888888888889999999999999999999999
0222233333334444444445555555555566666666666667777777777777778888888888888888899999999999999999999999
0222333333344444444455555555555666666666666677777777777777788888888888888888999999999999999999999999
0223333333444444444555555555556666666666666777777777777777888888888888888889999999999999999999999999
0233333334444444445555555555566666666666667777777777777778888888888888888899999999999999999999999999
0333333344444444455555555555666666666666677777777777777788888888888888888999999999999999999999999999
0333333444444444555555555556666666666666777777777777777888888888888888889999999999999999999999999999
0000000044444445555555555566666666666667777777777777778888888888888888899999999999999999999999999999
3333344044444455555555555666666666666677777777777777788888888888888888999999999999999999999999999999
3333444044444555555555556666666666666777777777777777888888888888888889999999999999999999999999999999
3334444004445555555555566666666666667777777777777778888888888888888899999999999999999999999999999999
3344444404455555555555666666666666677777777777777788888888888888888999999999999999999999999999999999
3444444404555555555556666666666666777777777777777888888888888888889999999999999999999999999999999999
4444444405555555555566666666666667777777777777778888888888888888899999999999999999999999999999999999
4444444405555555555666666666666677777777777777788888888888888888999999999999999999999999999999999999
4444444505555555556666666666666777777777777777888888888888888889999999999999999999999999999999999999
4444445505555555566666666666667777777777777778888888888888888899999999999999999999999999999999999998
4444455505555555666666666666677777777777777788888888888888888999999999999999999999999999999999999988
4444555505555556666666666666777777777777777888888888888888889999999999999999999999999999999999999888
4445555505555566666666666667777777777777778888888888888888899999999999999999999999999999999999998888
4455555500055666666666666677777777777777788888888888888888999999999999999999999999999999999999988888
4555555555056666666666666777777777777777888888888888888889999999999999999999999999999999999999888888
5555555555066666666666667777777777777778888888888888888899999999999999999999999999999999999998888888
5555555555066666666666677777777777777788888888888888888999999999999999999999999999999999999988888888
5555555556066666666666777777777777777888888888888888889999999999999999999999999999999999999888888888
5555555566066666666667777777777777778888888888888888899999999999999999999999999999999999998888888888
5555555666066666666677777777777777788888888888888888999999999999999999999999999999999999988888888888
5555556666066666666777777777777777888888888888888889999999999999999999999999999999999999888888888888
5555566666000000007777777777777778888888888888888899999999999999999999999999999999999998888888888888
5555666666666666607777777777777788888888888888888999999999999999999999999999999999999988888888888888
5556666666666666707777777777777888888888888888889999999999999999999999999999999999999888888888888888
5566666666666667700000077777778888888888888888899999999999999999999999999999999999998888888888888888
5666666666666677777777077777788888888888888888999999999999999999999999999999999999988888888888888888
6666666666666777777777077777888888888888888889999999999999999999999999999999999999888888888888888887
6666666666667777777777077778888888888888888899999999999999999999999999999999999998888888888888888877
6666666666677777777777077788888888888888888999999999999999999999999999999999999988888888888888888777
6666666666777777777777077888888888888888889999999999999999999999999999999999999888888888888888887777
6666666667777777777777078888888888888888899999999999999999999999999999999999998888888888888888877777
6666666677777777777777088888888888888888999999999999999999999999999999999999988888888888888888777777
6666666777777777777777088888888888888889999999999999999999999999999999999999888888888888888887777777
6666667777777777777778088888888888888899999999999999999999999999999999999998888888888888888877777777
6666677777777777777788088888888888888999999999999999999999999999999999999988888888888888888777777777
6666777777777777777888088888888888889999999999999999999999999999999999999888888888888888887777777777
6667777777777777778888088888888888899999999999999999999999999999999999998888888888888888877777777777
6677777777777777788888088888888888999999999999999999999999999999999999988888888888888888777777777777
6777777777777777888888088888888889999999999999999999999999999999999999888888888888888887777777777777
7777777777777778888888088888888899999999999999999999999999999999999998888888888888888877777777777777
7777777777777788888888088888888999999999999999999999999999999999999988888888888888888777777777777777
7777777777777888888888088888889999999999999999999999999999999999999888888888888888887777777777777776
7777777777778888888888088888899999999999999999999999999999999999998888888888888888877777777777777766
7777777777788888888888088888999999999999999999999999999999999999988888888888888888777777777777777666
7777777777888888888888088889999999999999999999999999999999999999888888888888888887777777777777776666
7777777778888888888888088899999999999999999999999999999999999998888888888888888877777777777777766666
7777777788888888888888088999999999999999999999999999999999999988888888888888888777777777777777666666
7777777888888888888888089999999999999999999999999999999999999888888888888888887777777777777776666666
7777778888888888888888099999999999999999999999999999999999998888888888888888877777777777777766666666
7777788888888888888888099999999999999999999999999999999999988888888888888888777777777777777666666666
7777888888888888888889099999999999999999999999999999999999888888888888888887777777777777776666666666
7778888888888888888899099999999999999999999999999999999998888888888888888877777777777777766666666666
7788888888888888888999099999999999999999999999999999999988888888888888888777777777777777666666666666
7888888888888888889999099999999999999999999999999999999888888888888888887777777777777776666666666666
8888888888888888899999099999999999999999999999999999998888888888888888877777777777777766666666666665
8888888888888888999999099999999999999999999999999999988888888888888888777777777777777666666666666655
8888888888888889999999099999999999999999999999999999888888888888888887777777777777776666666666666555
8888888888888899999999099999999999999999999999999998888888888888888877777777777777766666666666665555
8888888888888999999999099999999999999999999999999988888888888888888777777777777777666666666666655555
8888888888889999999999099999999999999999999999999888888888888888887777777777777776666666666666555555
8888888888899999999999099999999999999999999999998888888888888888877777777777777766666666666665555555
8888888888999999999999099999999999999999999999988888888888888888777777777777777666666666666655555555
8888888889999999999999099999999999999999999999888888888888888887777777777777776666666666666555555555
8888888899999999999999099999999999999999999998888888888888888877777777777777766666666666665555555555
8888888999999999999999099999999999999999999988888888888888888777777777777777666666666666655555555555
8888889999999999999999099999999999999999999888888888888888887777777777777776666666666666555555555554
8888899999999999999999099999999999999999998888888888888888877777777777777766666666666665555555555544
8888999999999999999999099999999999999999988888888888888888777777777777777666666666666655555555555444
8889999999999999999999099999999999999999888888888888888887777777777777776666666666666555555555554444
8899999999999999999999099999999999999998888888888888888877777777777777766666666666665555555555544444
8999999999999999999999099999999999999988888888888888888777777777777777666666666666655555555555444444
9999999999999999999999099999999999999888888888888888887777777777777776666666666666555555555554444444
9999999999999999999999099999999999998888888888888888877777777777777766666666666665555555555544444444
9999999999999999999999099999999999988888888888888888777777777777777666666666666655555555555444444444
9999999999999999999999099999999999888888888888888887777777777777776666666666666555555555554444444443
9999999999999999999999099999999998888888888888888877777777777777766666666666665555555555544444444433
9999999999999999999999099999999988888888888888888777777777777777666666666666655555555555444444444333
9999999999999999999999099999999888888888888888887777777777777776666666666666555555555554444444443333
9999999999999999999999099999998888888888888888877777777777777766666666666665555555555544444444433333
9999999999999999999999099999988888888888888888777777777777777666666666666655555555555444444444333333
9999999999999999999999099999888888888888888887777777777777776666666666666555555555554444444443333333
9999999999999999999999099998888888888888888877777777777777766666666666665555555555544444444433333332
9999999999999999999999099988888888888888888777777777777777666666666666655555555555444444444333333322
9999999999999999999999099888888888888888887777777777777776666666666666555555555554444444443333333222
9999999999999999999999098888888888888888877777777777777766666666666665555555555544444444433333332222
9999999999999999999999088888888888888888777777777777777666666666666655555555555444444444333333322222
9999999999999999999999088888888888888887777777777777776666666666666555555555554444444443333333222221
9999999999999999999998088888888888888877777777777777766666666666665555555555544444444433333332222211
9999999999999999999988088888888888888777777777777777666666666666655555555555444444444333333322222111
9999999999999999999888000000000000000000000000000000000000000000000000000000000000000000000000000000
