100 100
0111222223333333444444444555555555556666666666666777777777777777888888888888888889999999999999999999
0000002233333334444444445555555555566666666666667777777777777778888888888888888899999999999999999999
1122202333333344444444455555555555666666666666677777777777777788888888888888888999999999999999999999
1222203333333444444444555555555556666666666666777777777777777888888888888888889999999999999999999999
2222200000000000444445555555555566666666666667777777777777778888888888888888899999999999999999999999
2222333333344440444455555555555666666666666677777777777777788888888888888888999999999999999999999999
2223333333444440444555555555556666666666666777777777777777888888888888888889999999999999999999999999
2233333334444440445555555555566666666666667777777777777778888888888888888899999999999999999999999999
2333333344444440455555555555666666666666677777777777777788888888888888888999999999999999999999999999
3333333444444440555555555556666666666666777777777777777888888888888888889999999999999999999999999999
3333334444444440555555555566666666666667777777777777778888888888888888899999999999999999999999999999
3333344444444450555555555666666666666677777777777777788888888888888888999999999999999999999999999999
3333444444444550555555556666666666666777777777777777888888888888888889999999999999999999999999999999
3334444444445550555555566666666666667777777777777778888888888888888899999999999999999999999999999999
3344444444455550555555666666666666677777777777777788888888888888888999999999999999999999999999999999
3444444444555550555556666666666666777777777777777888888888888888889999999999999999999999999999999999
4444444445555550555566666666666667777777777777778888888888888888899999999999999999999999999999999999
4444444455555550555666666666666677777777777777788888888888888888999999999999999999999999999999999999
4444444555555550000000000000000077777777777777888888888888888889999999999999999999999999999999999999
4444445555555555566666666666667077777777777778888888888888888899999999999999999999999999999999999998
4444455555555555666666666666677077777777777788888888888888888999999999999999999999999999999999999988
4444555555555556666666666666777077777777777888888888888888889999999999999999999999999999999999999888
4445555555555566666666666667777077777777778888888888888888899999999999999999999999999999999999998888
4455555555555666666666666677777077777777788888888888888888999999999999999999999999999999999999988888
4555555555556666666666666777777077777777888888888888888889999999999999999999999999999999999999888888
5555555555566666666666667777777077777778888888888888888899999999999999999999999999999999999998888888
5555555555666666666666677777777077777788888888888888888999999999999999999999999999999999999988888888
5555555556666666666666777777777077777888888888888888889999999999999999999999999999999999999888888888
5555555566666666666667777777777077778888888888888888899999999999999999999999999999999999998888888888
5555555666666666666677777777777077788888888888888888999999999999999999999999999999999999988888888888
5555556666666666666777777777777077888888888888888889999999999999999999999999999999999999888888888888
5555566666666666667777777777777000000088888888888899999999999999999999999999999999999998888888888888
5555666666666666677777777777777788888088888888888999999999999999999999999999999999999988888888888888
5556666666666666777777777777777888888088888888889999999999999999999999999999999999999888888888888888
5566666666666667777777777777778888888088888888899999999999999999999999999999999999998888888888888888
5666666666666677777777777777788888888088888888999999999999999999999999999999999999988888888888888888
6666666666666777777777777777888888888088888889999999999999999999999999999999999999888888888888888887
6666666666667777777777777778888888888088888899999999999999999999999999999999999998888888888888888877
6666666666677777777777777788888888888088888999999999999999999999999999999999999988888888888888888777
6666666666777777777777777888888888888088889999999999999999999999999999999999999888888888888888887777
6666666667777777777777778888888888888088899999999999999999999999999999999999998888888888888888877777
6666666677777777777777788888888888888088999999999999999999999999999999999999988888888888888888777777
6666666777777777777777888888888888888089999999999999999999999999999999999999888888888888888887777777
6666667777777777777778888888888888888099999999999999999999999999999999999998888888888888888877777777
6666677777777777777788888888888888888099999999999999999999999999999999999988888888888888888777777777
6666777777777777777888888888888888889099999999999999999999999999999999999888888888888888887777777777
6667777777777777778888888888888888899099999999999999999999999999999999998888888888888888877777777777
6677777777777777788888888888888888999099999999999999999999999999999999988888888888888888777777777777
6777777777777777888888888888888889999099999999999999999999999999999999888888888888888887777777777777
7777777777777778888888888888888899999099999999999999999999999999999998888888888888888877777777777777
7777777777777788888888888888888999999099999999999999999999999999999988888888888888888777777777777777
7777777777777888888888888888889999999099999999999999999999999999999888888888888888887777777777777776
7777777777778888888888888888899999999099999999999999999999999999998888888888888888877777777777777766
7777777777788888888888888888999999999099999999999999999999999999988888888888888888777777777777777666
7777777777888888888888888889999999999099999999999999999999999999888888888888888887777777777777776666
7777777778888888888888888899999999999099999999999999999999999998888888888888888877777777777777766666
7777777788888888888888888999999999999099999999999999999999999988888888888888888777777777777777666666
7777777888888888888888889999999999999099999999999999999999999888888888888888887777777777777776666666
7777778888888888888888899999999999999000099999999999999999998888888888888888877777777777777766666666
7777788888888888888888999999999999999999009999999999999999988888888888888888777777777777777666666666
7777888888888888888889999999999999999999909999999999999999888888888888888887777777777777776666666666
7778888888888888888899999999999999999999909999999999999998888888888888888877777777777777766666666666
7788888888888888888999999999999999999999909999999999999988888888888888888777777777777777666666666666
7888888888888888889999999999999999999999909999999999999888888888888888887777777777777776666666666666
8888888888888888899999999999999999999999909999999999998888888888888888877777777777777766666666666665
8888888888888888999999999999999999999999909999999999988888888888888888777777777777777666666666666655
8888888888888889999999999999999999999999909999999999888888888888888887777777777777776666666666666555
8888888888888899999999999999999999999999900000000000000000000000000000000000000000000000000000000000
8888888888888999999999999999999999999999999999999988888888888888888777777777777777666666666666655550
8888888888889999999999999999999999999999999999999888888888888888887777777777777776666666666666555550
8888888888899999999999999999999999999999999999998888888888888888877777777777777766666666666665555550
8888888888999999999999999999999999999999999999988888888888888888777777777777777666666666666655555550
8888888889999999999999999999999999999999999999888888888888888887777777777777776666666666666555555550
8888888899999999999999999999999999999999999998888888888888888877777777777777766666666666665555555550
8888888999999999999999999999999999999999999988888888888888888777777777777777666666666666655555555550
8888889999999999999999999999999999999999999888888888888888887777777777777776666666666666555555555550
8888899999999999999999999999999999999999998888888888888888877777777777777766666666666665555555555540
8888999999999999999999999999999999999999988888888888888888777777777777777666666666666655555555555440
8889999999999999999999999999999999999999888888888888888887777777777777776666666666666555555555554440
8899999999999999999999999999999999999998888888888888888877777777777777766666666666665555555555544440
8999999999999999999999999999999999999988888888888888888777777777777777666666666666655555555555444440
9999999999999999999999999999999999999888888888888888887777777777777776666666666666555555555554444440
9999999999999999999999999999999999998888888888888888877777777777777766666666666665555555555544444440
9999999999999999999999999999999999988888888888888888777777777777777666666666666655555555555444444440
9999999999999999999999999999999999888888888888888887777777777777776666666666666555555555554444444440
9999999999999999999999999999999998888888888888888877777777777777766666666666665555555555544444444430
9999999999999999999999999999999988888888888888888777777777777777666666666666655555555555444444444330
9999999999999999999999999999999888888888888888887777777777777776666666666666555555555554444444443330
9999999999999999999999999999998888888888888888877777777777777766666666666665555555555544444444433330
9999999999999999999999999999988888888888888888777777777777777666666666666655555555555444444444333330
9999999999999999999999999999888888888888888887777777777777776666666666666555555555554444444443333330
9999999999999999999999999998888888888888888877777777777777766666666666665555555555544444444433333330
9999999999999999999999999988888888888888888777777777777777666666666666655555555555444444444333333320
9999999999999999999999999888888888888888887777777777777776666666666666555555555554444444443333333220
9999999999999999999999998888888888888888877777777777777766666666666665555555555544444444433333332220
9999999999999999999999988888888888888888777777777777777666666666666655555555555444444444333333322220
9999999999999999999999888888888888888887777777777777776666666666666555555555554444444443333333222220
9999999999999999999998888888888888888877777777777777766666666666665555555555544444444433333332222210
9999999999999999999988888888888888888777777777777777666666666666655555555555444444444333333322222110
9999999999999999999888888888888888887777777777777776666666666666555555555554444444443333333222221110
