100 100
0111222223333333444444444555555555556666666666666777777777777777888888888888888889999999999999999999
0112222233333334444444445555555555566666666666667777777777777778888888888888888899999999999999999999
0022222333333344444444455555555555666666666666677777777777777788888888888888888999999999999999999999
1000000000000000000000000555555556666666666666777777777777777888888888888888889999999999999999999999
2222233333334444444445550000005566666666666667777777777777778888888888888888899999999999999999999999
2222333333344444444455555555505666666666666677777777777777788888888888888888999999999999999999999999
2223333333444444444555555555506666666666666777777777777777888888888888888889999999999999999999999999
2233333334444444445555555555506666666666667777777777777778888888888888888899999999999999999999999999
2333333344444444455555555555606666666666677777777777777788888888888888888999999999999999999999999999
3333333444444444555555555556606666666666777777777777777888888888888888889999999999999999999999999999
3333334444444445555555555566606666666667777777777777778888888888888888899999999999999999999999999999
3333344444444455555555555666606666666677777777777777788888888888888888999999999999999999999999999999
3333444444444555555555556666606666666777777777777777888888888888888889999999999999999999999999999999
3334444444445555555555566666606666667777777777777778888888888888888899999999999999999999999999999999
3344444444455555555555666666606666677777777777777788888888888888888999999999999999999999999999999999
3444444444555555555556666666606666777777777777777888888888888888889999999999999999999999999999999999
4444444445555555555566666666606667777777777777778888888888888888899999999999999999999999999999999999
4444444455555555555666666666606677777777777777788888888888888888999999999999999999999999999999999999
4444444555555555556666666666606777777777777777888888888888888889999999999999999999999999999999999999
4444445555555555566666666666607777777777777778888888888888888899999999999999999999999999999999999998
4444455555555555666666666666607777777777777788888888888888888999999999999999999999999999999999999988
4444555555555556666666666666707777777777777888888888888888889999999999999999999999999999999999999888
4445555555555566666666666667707777777777778888888888888888899999999999999999999999999999999999998888
4455555555555666666666666677707777777777788888888888888888999999999999999999999999999999999999988888
4555555555556666666666666777707777777777888888888888888889999999999999999999999999999999999999888888
5555555555566666666666667777700000000000008888888888888899999999999999999999999999999999999998888888
5555555555666666666666677777777777777788808888888888888999999999999999999999999999999999999988888888
5555555556666666666666777777777777777888808888888888889999999999999999999999999999999999999888888888
5555555566666666666667777777777777778888808888888888899999999999999999999999999999999999998888888888
5555555666666666666677777777777777788888808888888888999999999999999999999999999999999999988888888888
5555556666666666666777777777777777888888808888888889999999999999999999999999999999999999888888888888
5555566666666666667777777777777778888888808888888899999999999999999999999999999999999998888888888888
5555666666666666677777777777777788888888808888888999999999999999999999999999999999999988888888888888
5556666666666666777777777777777888888888808888889999999999999999999999999999999999999888888888888888
5566666666666667777777777777778888888888808888899999999999999999999999999999999999998888888888888888
5666666666666677777777777777788888888888808888999999999999999999999999999999999999988888888888888888
6666666666666777777777777777888888888888808889999999999999999999999999999999999999888888888888888887
6666666666667777777777777778888888888888808899999999999999999999999999999999999998888888888888888877
6666666666677777777777777788888888888888808999999999999999999999999999999999999988888888888888888777
6666666666777777777777777888888888888888809999999999999999999999999999999999999888888888888888887777
6666666667777777777777778888888888888888809999999999999999999999999999999999998888888888888888877777
6666666677777777777777788888888888888888909999999999999999999999999999999999988888888888888888777777
6666666777777777777777888888888888888889909999999999999999999999999999999999888888888888888887777777
6666667777777777777778888888888888888899909999999999999999999999999999999998888888888888888877777777
6666677777777777777788888888888888888999909999999999999999999999999999999988888888888888888777777777
6666777777777777777888888888888888889999909999999999999999999999999999999888888888888888887777777777
6667777777777777778888888888888888899999909999999999999999999999999999998888888888888888877777777777
6677777777777777788888888888888888999999900000000000000009999999999999988888888888888888777777777777
6777777777777777888888888888888889999999999999999999999900009999999999888888888888888887777777777777
7777777777777778888888888888888899999999999999999999999999909999999998888888888888888877777777777777
7777777777777788888888888888888999999999999999999999999999909999999988888888888888888777777777777777
7777777777777888888888888888889999999999999999999999999999909999999888888888888888887777777777777776
7777777777778888888888888888899999999999999999999999999999909999998888888888888888877777777777777766
7777777777788888888888888888999999999999999999999999999999900000000000000000000888777777777777777666
7777777777888888888888888889999999999999999999999999999999999999888888888888880887777777777777776666
7777777778888888888888888899999999999999999999999999999999999998888888888888880877777777777777766666
7777777788888888888888888999999999999999999999999999999999999988888888888888880777777777777777666666
7777777888888888888888889999999999999999999999999999999999999888888888888888880777777777777776666666
7777778888888888888888899999999999999999999999999999999999998888888888888888870000000000000000000000
7777788888888888888888999999999999999999999999999999999999988888888888888888777777777777777666666660
7777888888888888888889999999999999999999999999999999999999888888888888888887777777777777776666666660
7778888888888888888899999999999999999999999999999999999998888888888888888877777777777777766666666660
7788888888888888888999999999999999999999999999999999999988888888888888888777777777777777666666666660
7888888888888888889999999999999999999999999999999999999888888888888888887777777777777776666666666660
8888888888888888899999999999999999999999999999999999998888888888888888877777777777777766666666666660
8888888888888888999999999999999999999999999999999999988888888888888888777777777777777666666666666650
8888888888888889999999999999999999999999999999999999888888888888888887777777777777776666666666666550
8888888888888899999999999999999999999999999999999998888888888888888877777777777777766666666666665550
8888888888888999999999999999999999999999999999999988888888888888888777777777777777666666666666655550
8888888888889999999999999999999999999999999999999888888888888888887777777777777776666666666666555550
8888888888899999999999999999999999999999999999998888888888888888877777777777777766666666666665555550
8888888888999999999999999999999999999999999999988888888888888888777777777777777666666666666655555550
8888888889999999999999999999999999999999999999888888888888888887777777777777776666666666666555555550
8888888899999999999999999999999999999999999998888888888888888877777777777777766666666666665555555550
8888888999999999999999999999999999999999999988888888888888888777777777777777666666666666655555555550
8888889999999999999999999999999999999999999888888888888888887777777777777776666666666666555555555550
8888899999999999999999999999999999999999998888888888888888877777777777777766666666666665555555555540
8888999999999999999999999999999999999999988888888888888888777777777777777666666666666655555555555440
8889999999999999999999999999999999999999888888888888888887777777777777776666666666666555555555554440
8899999999999999999999999999999999999998888888888888888877777777777777766666666666665555555555544440
8999999999999999999999999999999999999988888888888888888777777777777777666666666666655555555555444440
9999999999999999999999999999999999999888888888888888887777777777777776666666666666555555555554444440
9999999999999999999999999999999999998888888888888888877777777777777766666666666665555555555544444440
9999999999999999999999999999999999988888888888888888777777777777777666666666666655555555555444444440
9999999999999999999999999999999999888888888888888887777777777777776666666666666555555555554444444440
9999999999999999999999999999999998888888888888888877777777777777766666666666665555555555544444444430
9999999999999999999999999999999988888888888888888777777777777777666666666666655555555555444444444330
9999999999999999999999999999999888888888888888887777777777777776666666666666555555555554444444443330
9999999999999999999999999999998888888888888888877777777777777766666666666665555555555544444444433330
9999999999999999999999999999988888888888888888777777777777777666666666666655555555555444444444333330
9999999999999999999999999999888888888888888887777777777777776666666666666555555555554444444443333330
9999999999999999999999999998888888888888888877777777777777766666666666665555555555544444444433333330
9999999999999999999999999988888888888888888777777777777777666666666666655555555555444444444333333320
9999999999999999999999999888888888888888887777777777777776666666666666555555555554444444443333333220
9999999999999999999999998888888888888888877777777777777766666666666665555555555544444444433333332220
9999999999999999999999988888888888888888777777777777777666666666666655555555555444444444333333322220
9999999999999999999999888888888888888887777777777777776666666666666555555555554444444443333333222220
9999999999999999999998888888888888888877777777777777766666666666665555555555544444444433333332222210
9999999999999999999988888888888888888777777777777777666666666666655555555555444444444333333322222110
9999999999999999999888888888888888887777777777777776666666666666555555555554444444443333333222221110
