35 35
23445556666555443034455566655544300
04556667777666554200000000000000020
04556667777666554034455566655544303
05667778888777665045566677766655404
05667778888777665045566677766655404
05667778888777665056677788877766505
06778889999888776056677788877766505
06778889999888776056677788877766505
06778889999888776067788899988877606
06778889999888776067788899988877606
06778889999888776067788899988877606
05667778888777665056677788877766505
05667778888777665056677788877766505
05667778888777665056677788877766505
04556667777666554245566677766655404
04556667777666554145566677766655404
03445556666555443134455566655544303
20000000000000211011200000000000020
34455566666555443134455566666555443
45566677777666554145566677777666554
45566677777666554245566677777666554
56677788888777665056677788888777665
56677788888777665056677788888777665
56677788888777665056677788888777665
67788899999888776067788899999888776
67788899999888776067788899999888776
67788899999888776067788899999888776
67788899999888776067788899999888776
67788899999888776056677788888777665
56677788888777665056677788888777665
56677788888777665056677788888777665
56677788888777665045566677777666554
45566677777666554045566677777666554
45566677777666554034455566666555443
34455566666555443200000000000000002
