35 35
20000000000000000234455566666555443
34455566666555443045566677777666554
45566677777666554045566677777666554
45566677777666554056677788888777665
56677788888777665056677788888777665
56677788888777665056677788888777665
56677788888777665067788899999888776
67788899999888776067788899999888776
67788899999888776067788899999888776
67788899999888776067788899999888776
67788899999888776067788899999888776
56677788888777665056677788888777665
56677788888777665056677788888777665
56677788888777665056677788888777665
45566677777666554245566677777666554
45566677777666554145566677777666554
34455566666555443134455566666555443
02000000000000211011200000000000002
30344555666555443134455566665554430
40455666777666554145566677776665540
40455666777666554245566677776665540
50566777888777665056677788887776650
50566777888777665056677788887776650
50566777888777665056677788887776650
60677888999888776067788899998887760
60677888999888776067788899998887760
60677888999888776067788899998887760
50566777888777665067788899998887760
50566777888777665067788899998887760
50566777888777665056677788887776650
40455666777666554056677788887776650
40455666777666554056677788887776650
30344555666555443045566677776665540
02000000000000000245566677776665540
00344555666555443034455566665554432
