50 50
20000000000000000000000002344555666666666666555443
34455566666666666665554430455666777777777777666554
45566677777777777776665540455666777777777777666554
45566677777777777776665540566777888888888888777665
56677788888888888887776650566777888888888888777665
56677788888888888887776650566777888888888888777665
56677788888888888887776650677888999999999999888776
67788899999999999998887760677888999999999999888776
67788899999999999998887760677888999999999999888776
67788899999999999998887760677888999999999999888776
67788899999999999998887760677888999999999999888776
67788899999999999998887760677888999999999999888776
67788899999999999998887760677888999999999999888776
67788899999999999998887760677888999999999999888776
67788899999999999998887760677888999999999999888776
67788899999999999998887760677888999999999999888776
67788899999999999998887760677888999999999999888776
67788899999999999998887760677888999999999999888776
67788899999999999998887760677888999999999999888776
56677788888888888887776650566777888888888888777665
56677788888888888887776650566777888888888888777665
56677788888888888887776650566777888888888888777665
45566677777777777776665542455666777777777777666554
45566677777777777776665541455666777777777777666554
34455566666666666665554431344555666666666666555443
02000000000000000000002110112000000000000000000002
30344555666666666665554431344555666666666665554430
40455666777777777776665541455666777777777776665540
40455666777777777776665542455666777777777776665540
50566777888888888887776650566777888888888887776650
50566777888888888887776650566777888888888887776650
50566777888888888887776650566777888888888887776650
60677888999999999998887760677888999999999998887760
60677888999999999998887760677888999999999998887760
60677888999999999998887760677888999999999998887760
60677888999999999998887760677888999999999998887760
60677888999999999998887760677888999999999998887760
60677888999999999998887760677888999999999998887760
60677888999999999998887760677888999999999998887760
60677888999999999998887760677888999999999998887760
60677888999999999998887760677888999999999998887760
60677888999999999998887760677888999999999998887760
50566777888888888887776650677888999999999998887760
50566777888888888887776650677888999999999998887760
50566777888888888887776650566777888888888887776650
40455666777777777776665540566777888888888887776650
40455666777777777776665540566777888888888887776650
30344555666666666665554430455666777777777776665540
02000000000000000000000002455666777777777776665540
00344555666666666665554430344555666666666665554432
