100 100
2000000000000000000000000000000000000000000000000023445556666666666666666666666666666666666666555443
3445556666666666666666666666666666666666666655544304556667777777777777777777777777777777777777666554
4556667777777777777777777777777777777777777766655404556667777777777777777777777777777777777777666554
4556667777777777777777777777777777777777777766655405667778888888888888888888888888888888888888777665
5667778888888888888888888888888888888888888877766505667778888888888888888888888888888888888888777665
5667778888888888888888888888888888888888888877766505667778888888888888888888888888888888888888777665
5667778888888888888888888888888888888888888877766506778889999999999999999999999999999999999999888776
6778889999999999999999999999999999999999999988877606778889999999999999999999999999999999999999888776
6778889999999999999999999999999999999999999988877606778889999999999999999999999999999999999999888776
6778889999999999999999999999999999999999999988877606778889999999999999999999999999999999999999888776
6778889999999999999999999999999999999999999988877606778889999999999999999999999999999999999999888776
6778889999999999999999999999999999999999999988877606778889999999999999999999999999999999999999888776
6778889999999999999999999999999999999999999988877606778889999999999999999999999999999999999999888776
6778889999999999999999999999999999999999999988877606778889999999999999999999999999999999999999888776
6778889999999999999999999999999999999999999988877606778889999999999999999999999999999999999999888776
6778889999999999999999999999999999999999999988877606778889999999999999999999999999999999999999888776
6778889999999999999999999999999999999999999988877606778889999999999999999999999999999999999999888776
6778889999999999999999999999999999999999999988877606778889999999999999999999999999999999999999888776
6778889999999999999999999999999999999999999988877606778889999999999999999999999999999999999999888776
6778889999999999999999999999999999999999999988877606778889999999999999999999999999999999999999888776
6778889999999999999999999999999999999999999988877606778889999999999999999999999999999999999999888776
6778889999999999999999999999999999999999999988877606778889999999999999999999999999999999999999888776
6778889999999999999999999999999999999999999988877606778889999999999999999999999999999999999999888776
6778889999999999999999999999999999999999999988877606778889999999999999999999999999999999999999888776
6778889999999999999999999999999999999999999988877606778889999999999999999999999999999999999999888776
6778889999999999999999999999999999999999999988877606778889999999999999999999999999999999999999888776
6778889999999999999999999999999999999999999988877606778889999999999999999999999999999999999999888776
6778889999999999999999999999999999999999999988877606778889999999999999999999999999999999999999888776
6778889999999999999999999999999999999999999988877606778889999999999999999999999999999999999999888776
6778889999999999999999999999999999999999999988877606778889999999999999999999999999999999999999888776
6778889999999999999999999999999999999999999988877606778889999999999999999999999999999999999999888776
6778889999999999999999999999999999999999999988877606778889999999999999999999999999999999999999888776
6778889999999999999999999999999999999999999988877606778889999999999999999999999999999999999999888776
6778889999999999999999999999999999999999999988877606778889999999999999999999999999999999999999888776
6778889999999999999999999999999999999999999988877606778889999999999999999999999999999999999999888776
6778889999999999999999999999999999999999999988877606778889999999999999999999999999999999999999888776
6778889999999999999999999999999999999999999988877606778889999999999999999999999999999999999999888776
6778889999999999999999999999999999999999999988877606778889999999999999999999999999999999999999888776
6778889999999999999999999999999999999999999988877606778889999999999999999999999999999999999999888776
6778889999999999999999999999999999999999999988877606778889999999999999999999999999999999999999888776
6778889999999999999999999999999999999999999988877606778889999999999999999999999999999999999999888776
6778889999999999999999999999999999999999999988877606778889999999999999999999999999999999999999888776
6778889999999999999999999999999999999999999988877606778889999999999999999999999999999999999999888776
6778889999999999999999999999999999999999999988877606778889999999999999999999999999999999999999888776
5667778888888888888888888888888888888888888877766505667778888888888888888888888888888888888888777665
5667778888888888888888888888888888888888888877766505667778888888888888888888888888888888888888777665
5667778888888888888888888888888888888888888877766505667778888888888888888888888888888888888888777665
4556667777777777777777777777777777777777777766655424556667777777777777777777777777777777777777666554
4556667777777777777777777777777777777777777766655414556667777777777777777777777777777777777777666554
3445556666666666666666666666666666666666666655544313445556666666666666666666666666666666666666555443
0200000000000000000000000000000000000000000000021101120000000000000000000000000000000000000000000002
3034455566666666666666666666666666666666666655544313445556666666666666666666666666666666666665554430
4045566677777777777777777777777777777777777766655414556667777777777777777777777777777777777776665540
4045566677777777777777777777777777777777777766655424556667777777777777777777777777777777777776665540
5056677788888888888888888888888888888888888877766505667778888888888888888888888888888888888887776650
5056677788888888888888888888888888888888888877766505667778888888888888888888888888888888888887776650
5056677788888888888888888888888888888888888877766505667778888888888888888888888888888888888887776650
6067788899999999999999999999999999999999999988877606778889999999999999999999999999999999999998887760
6067788899999999999999999999999999999999999988877606778889999999999999999999999999999999999998887760
6067788899999999999999999999999999999999999988877606778889999999999999999999999999999999999998887760
6067788899999999999999999999999999999999999988877606778889999999999999999999999999999999999998887760
6067788899999999999999999999999999999999999988877606778889999999999999999999999999999999999998887760
6067788899999999999999999999999999999999999988877606778889999999999999999999999999999999999998887760
6067788899999999999999999999999999999999999988877606778889999999999999999999999999999999999998887760
6067788899999999999999999999999999999999999988877606778889999999999999999999999999999999999998887760
6067788899999999999999999999999999999999999988877606778889999999999999999999999999999999999998887760
6067788899999999999999999999999999999999999988877606778889999999999999999999999999999999999998887760
6067788899999999999999999999999999999999999988877606778889999999999999999999999999999999999998887760
6067788899999999999999999999999999999999999988877606778889999999999999999999999999999999999998887760
6067788899999999999999999999999999999999999988877606778889999999999999999999999999999999999998887760
6067788899999999999999999999999999999999999988877606778889999999999999999999999999999999999998887760
6067788899999999999999999999999999999999999988877606778889999999999999999999999999999999999998887760
6067788899999999999999999999999999999999999988877606778889999999999999999999999999999999999998887760
6067788899999999999999999999999999999999999988877606778889999999999999999999999999999999999998887760
6067788899999999999999999999999999999999999988877606778889999999999999999999999999999999999998887760
6067788899999999999999999999999999999999999988877606778889999999999999999999999999999999999998887760
6067788899999999999999999999999999999999999988877606778889999999999999999999999999999999999998887760
6067788899999999999999999999999999999999999988877606778889999999999999999999999999999999999998887760
6067788899999999999999999999999999999999999988877606778889999999999999999999999999999999999998887760
6067788899999999999999999999999999999999999988877606778889999999999999999999999999999999999998887760
6067788899999999999999999999999999999999999988877606778889999999999999999999999999999999999998887760
6067788899999999999999999999999999999999999988877606778889999999999999999999999999999999999998887760
6067788899999999999999999999999999999999999988877606778889999999999999999999999999999999999998887760
6067788899999999999999999999999999999999999988877606778889999999999999999999999999999999999998887760
6067788899999999999999999999999999999999999988877606778889999999999999999999999999999999999998887760
6067788899999999999999999999999999999999999988877606778889999999999999999999999999999999999998887760
6067788899999999999999999999999999999999999988877606778889999999999999999999999999999999999998887760
6067788899999999999999999999999999999999999988877606778889999999999999999999999999999999999998887760
6067788899999999999999999999999999999999999988877606778889999999999999999999999999999999999998887760
6067788899999999999999999999999999999999999988877606778889999999999999999999999999999999999998887760
6067788899999999999999999999999999999999999988877606778889999999999999999999999999999999999998887760
6067788899999999999999999999999999999999999988877606778889999999999999999999999999999999999998887760
5056677788888888888888888888888888888888888877766506778889999999999999999999999999999999999998887760
5056677788888888888888888888888888888888888877766506778889999999999999999999999999999999999998887760
5056677788888888888888888888888888888888888877766505667778888888888888888888888888888888888887776650
4045566677777777777777777777777777777777777766655405667778888888888888888888888888888888888887776650
4045566677777777777777777777777777777777777766655405667778888888888888888888888888888888888887776650
3034455566666666666666666666666666666666666655544304556667777777777777777777777777777777777776665540
0200000000000000000000000000000000000000000000000024556667777777777777777777777777777777777776665540
0034455566666666666666666666666666666666666655544303445556666666666666666666666666666666666665554432
