100 100
2856483314811329522972494966066968313389938076837565827636140514815630600360385684014450486758737422
8863307373393844249998955568627137469218747123237275243345394060898615266491916238498689502116625254
2372942246307160336852831688101926803632538151556105126142278373548168371896244384176284875963142375
2764290428106798944853773945434926483566464971503783787023405249057658183027201247059293079864960199
7425691992137343086018717972146830806441217309317226586825612854017767170871626720415427386527289881
3385017533594863621410791530188889504914870657696525402926727718854174075188996539353582024188941728
8323345114616360173932230047326564149344508330692181182029345285843956062566196172204019264348290703
1172106675086067689115883745488481430372115319177124770671212827636832865806342196714067720080936582
0975524241152196105057683605110766452211247286921202696918979775364275212938529581916536843753991872
2322278576345896630846119649987956262880043528360979272177474456747062474112416055982972264819048070
2408644373394621556786337548206838992213192097557925195792093116024311257058947363887958125168711556
5889516997975397475400518657195091379556097110862506591530721486197439263912210616549833468372495055
6890422226634732870484337039574328794458595207415210857955567827487204323624702820273281075254708538
1386306760043105148447997375421747074557128931196109356612272529860121526964479259280264382311887668
5921102768986641001236275339475041982975966412161825563650005439476705175265043039116365864735973842
9879239173408605755904589815598824856078095642473288614184899834965868748143260849538215094088518064
9928001826834897081387222742486094910428870618393347562761559509919234336312242049961157309235207070
0519333834389142462817783959477783879582921421970222288065442187531694898473122359146585231489266930
2494927768243620603404016138215931136196233104441933384013817246722226752454384896800509466213078140
1695075336752355721269239727540495523986088195499669812787186678701335705208509619592674602759869642
3752388457222731444358465657155365268152089220328373428202705550801672570614742928083753578318309659
9326549608464053802056494284266994138791114390694710666595215381388592664199913651466559633409871655
0077364446570805596176217637893764248001735849047233327343476618956470709881750553667843180163188869
4514245407387674833009877234030144235563198698445421679003618519848554156517954066659164739398634188
6279371904899969365431567188311174499939950669535961311593736773423319544208253659290308728704809179
1295471645260960451150019595888270669651134332422515856758962501736204163857142471734866686245005359
0477679800746071852109884218923528951673509986318827925636218509244200607413776003168496797185944174
2575423040168142300837973486839414352577571283900431455674855701253831170670783047858282542663713099
8964148705068298076756763632621308647979545257752288207381980575360935237553143923111545123374075469
5849420411809165757731520676688512417275318407573387124873995593038515862371802712350210837377240620
9527302588190233942567782552758570750200608255552546838482358464369906673162004101425403265694726276
2099431315610038105874326184057090174668278252527599911776176540186891004086676746540105916912618291
8100135319334592047532598803327040763427505295296890235711483466942860403725173847232339975199293851
6367104358152991024404136748265528731841769802879494729466592429423139270958678064891211586895406998
5668290116132034886652234151302839449603990232673105116863148871732674169628575234789388187525992186
2773906277292972839129580243916246428284967847804431391609953549324969175814060978332690873642951072
3043892177918207816992160466977359319455395330325950159018039620944028435967177082809927360173723881
6212835515542837908728044261517696877754239714339619233153733405916928397687122203745228687115322382
8940464094357343801066641258587980369812683081508498158854837360661898324078720770946660209775218564
4286285398781434481588265991750949337572288311620691790301761140221454733518845316524046435024638831
1747082003378268179379854019777494424584354769531081551471104023431603428673033483937951527257034702
4030535815530663466030076546796899166445888648869367383572396699444550642113194981248889913685201668
2371449161443220162195167788214549060174621105680705605169054345173656072172881955969054147202397020
6304198394286054908569904758882560299369879667625811171101495773122896451539203633925034558558044119
8868249332439133605512888070916142181680042247979281663094135400617635399315308032083304500895908368
3127082593361908074489096001778306914214480272606816995041811425196828543915552609096815971828569710
4921742923769725925796238485180671692008913756213783312246137373506801906640996277886727945344185700
5803569668101489383410686362145740198786685802454050914218376395062804748496958519774573418798888707
9659420567322925631004330700905088415259470921146288631147630710130833412295577030559648982531383761
1140914053124871092115478150365522750222331033846807512254926480185357215774596788758934281474112966
4278104016163507372164526129290241637730302994873960165784975149456550556022981581322916792513778072
9629417444907990577434316722576917756995813470589707514627931418939754215281525299134196791369608736
6597886171185435984999213300982005248731840554578873679586306640661487906482909643795758155490430050
2559005686342620973231352260720694005913512062873305364643673333709381295621383631165825723903818856
0641966762719550745504856689642573860929674144971042833366590948801425586581326808110390766486333103
4983157068512159249385336670682092242651827320472557979657382421970052910662616710448112608020321087
5933944687236495950441264267105488672239996407907047029276320389040573199104646636694943499917402166
7357996872897550894073991120997424264429332105587025138686657396115780677248822698212232226873150416
4884320032224888168539832282008074138168339169353696996742570740285169144633888240050669151590282449
3777190738868076236057727328238718516740703742120795855139768510701959335594706199218959773995568678
2933024602898393233384960635498808495857541747807515199002713785455031753540792129295810891499879519
1091249483788836204487454080487011641135555248385844918666801444763844775963722138181608752109645038
5920972759268184772258782508189355720842514083608947231293139476778957747238402494985092399711578227
2521943509143857644705079753967332848349682209319572013894502656480167042202695410934688823487970274
2946237764285804641810926921581569658575110798238886497671175254484625761989043900837506345637181884
5335536117580305237806682410253650935822965969519093666793394099399149093031457201100742056979014232
3828239411896795904759253542102890201399998107007851789961034089865863740328765870092574681533588121
0698911010893289106891623898889133979496993191347440980553416936375646914740198826580384789432596974
5170526382441893650353054892418374307726700074579307155312706126118338569334218132075522544804051411
5358211798380737700030042851036002943189862269077295018273810154435056428052805007069553883696899584
2337174392224033224248211796106790755344749252338719264469092457571136136417660963644832680936021409
6550679636783025242343988241165747572672649203590380844902288128256451095141037237614699554900308718
5586552059118295718937239279949131485796308184968934710798363396339145075567068075877455244795401570
9990677570490802558420049439772360010349299761930072413291333029402109384869164035030088087892205451
3866866295475563462491327477410337992261803334235434367548205747376955681840943931517212608682115109
4710916839894295574719192036101883780498715064313415651592800872195476981458966877215567766419195780
9625442565150677222760860713150512503873935852648874999683560231220046569880818523930604335880723924
0866909834225035357184599326882353614899963917750762793615551760614428072479463470129277304005631454
8603674745023734778916331231764672123245939393445854865885169444443733727068294373121655193223517404
6699619014458846282098722625042363334910190139598888871213172798188170143518783141502220790936972325
6411959955689587410202533857962327155482948601639920466598516579957024444255028585875271741886940750
4988440802365955280590879745596464101376599845958148821081574195207956569533282102857537161967388094
2283532416721126592285434293134391689118711715305028665657442550039941149122577404529739315841582003
3657165069482175406138846063857907468850993616558148210198483520370088679204072232983450406909852992
1022748431800717374823549718744418904646832196654880118859802978751374080564748446119770326048879917
3564130017065054445488143106745399558055965978071336796800797977186886393095506152434010308837453905
3092792532420503656004800771542914807780993325517368202017285372561610832714021084370493805673125188
3106397143366889608549636094019696898641718375196091223719221726422206178340761854087003714178523570
9081835837888465502354167331990666878484382399272398324910900854664378030930347265167975356834264566
5111195362210798843262725764373510668267393720122384612813330380209499374084594547658405659538976206
2172222555535440951138086997426540142592680045782973489829323135089252235095088070778093341863697227
7950791023067086961071998067969977217982947524982926155858302025437458998171590838604664496793829954
7102252275706887331047551121867095820217781562192175266844918183692200583822199052246826836018072506
0538496346700028466682328388828180923080589268786117910107313022905261686054570685807801725674493141
8077283020695337357484787556611355114792777383009172186460719225367035802954468486842628338201648837
1130910331616483805687664369573276421126550830055717374559837039850165816162647033961071237888656581
4041028844204827713638372811014716654736289413226850418317050973346265666070495431767473339108069686
3166914509389312363055749006091892506202993461853894228059964830564161430627128750796154620938907940
1499619725610366326234274113878605258366411217418045887609683408475226735265834155706018419174418459
1311818250059228514720367540285191188891270988812545249665696414855702418572695231960381550933901173
