100 100
7957572380628726399983508472360175765669579415166076029478662596748123891903050173313292651399709183
3606411703694434054792615929194728950588123282512566383541363375731813152961900586612718088149562461
9099440947351898940621414759452243943632829707131085648750744764006487057636538613983640440580372176
5667897254680319481103966022868692884399925131187864718620973927803358364332874658312027668852246192
5623916953480717237173760064259806088664548020976178236990530312797409816743816308693331227299131613
9257577321824125345150746346508948242773799242430762795669154900778608378980994572184746849254915734
7424499607052799656179887035008825816322651260652286417598590330595161203195573162439065542926451494
8149221666646835311173840335766914591815783641731091524973951103129064880293374174558626801914945222
5431042453059082319026379804500919857321469468269622605405527296497818364127915099065558586298263059
8447817617543338317409862112522282900516284645180214750529962926999824810128607188646893964542512391
8702114858863673097058491208509312845480827508997173970826164394192073531212832887420065125519040155
1336015965268591678155461275502008550549393699472060304649735195032022028287624261863204504656686148
0255304934216692307114580443900628087321862192402749945013004511232411818795565854209576730671408864
2016424808138199519280139963614091250077046961072205747558118029276257029556953613770002995414171842
8711338322603849823704238997784171483355798164838393123820998271540908925342177774105888897021252012
6175908075166228998623655547479861342514545741605992760189976613051245087187475795497821047244084785
0633675421677457947841929832959242923819891454423047625338613039984029704646695325037450227211470274
9255169872910715617475669438654848630905101234444376212484029409712225107528761168786978623620352217
5606056178127930480855739674535286232053647615026639749502985870222828233130148719139245822899823234
0209822156860305037805458254211161282251497918321351674265156994136543683745734687072649182130102544
8107506785264914041888332481837445784114409563606233363498450707997681393222438402360823958968311505
4025829411779033628745093492402942961460309931375217154187363863302955734697038182673938489204081638
1887693344321225603709644834010575331651641575776608312046393147842466914448361656396062853511820943
4719693972432349042622388414692642201561148096264798019154761963870749473299116789889943416261920273
5126575636888473695844807476510031144296033292436366701328057979228578993746324442429340323979751908
7043103374352866344178699498799098545739634350765422049317665066520418651190816709999978945035560396
8901252544759621648194225886025689968594068464969295786446509318297884177224247038488317566003263011
9751619677549389021455721379938581892745718609829205614909279267782753393432478245287402565531043063
6250806752391033231899872393167830078261302892652060223411385000307900420831135539388712400712332688
1564369340826240387769136281371679945723093821829577276584888391285562713854548289210668382027938429
1029071468720267434226412002997805993482155302340176824946852457668406117583316652662060255915226181
2222757249969586837442376504452059902977167315895571531594101327117806608123689130689874345069553850
0520909156971303457852902716097298377120415397327876707712878310811357053303659796256729780772521092
4134575682596826604110840716042920373179780497904938190524209245661942341062391463795072225341668567
7677633958559496367234595693485071320616310903184695571659889930878827690287490075771996320385011033
6655826933564334540604735787757498112584566962814011232101999266250507592957492182535958036491662411
3660974619410168321688878259981712122437699141291127913230766013202933693454352255272410569992496491
0972048187142055990165262143180795542310016427078645642040795820565100605976934066056006191899698624
2045322503505330590502267719299735618217017221795190414811020670211122998977352870534337204203114781
0814278528193780160361562930035562903101452209010755172946697922261186250698842736773761330154260289
7684972758005678848654277820257544499252081779057001294728143582531058969330933408657481106494451990
7639037385576811037322202798584507673286729340891260434279191139728578155754109148036477098928896786
6460392473808576423838204113725911481877318684612535819314751880630717208306734605458644002679768621
4015698704557464355508127964750709425839003201033559903340446267149195064691985279504691652809786602
2199166010426948071671135797867633733685424443612237429832608288967335700736536669484987659080043786
6414238417584791985379338665825515183486432930449451250333727610414668098120446620285749173029637970
2053094940832550444747674134270448142035338150652677738341851137705421008697495802879712372782398481
3184591779702129784915219379631747366944650399725935721253081273270517696982452253516618785098342390
3155082366574561984115981108466017989160038203092133597900104693626950877963796455715041668247777659
8121722931157718910759035598353454733696312577469452298544787134073026836644730054936418147697195439
7371145278159195035229019038152171376996381856154726028496365224811452785775862028437369428018155170
8179440326286055079949511104001089506277474565774519063404731354975088170766964098536522171160960196
2470813286130462898277070280714096763223219845124350204091456370116853075457458219270778925949563755
5526679535976051195185628925788841617648337399203330594407148533054776724279051576249751544413510929
5764770812519741634670363007894243901224705908054587419277096543339689220748768610256832009891502099
4139561624000960495489725472940584388991306413492336414198691033233281082932935511020858454129800690
1030892980233107958126969656582524821523279718935432544656437883468463308958880356309069941135758182
4541630752818322547857629269596232581151851619114212125794052666501158371219980065533473289284685077
8250218425883017142062087382237485699138062755544166941602337658519377532039880922639895466197204112
0645621359261068565974269000216758987121346213084494637589982792049506334163262140804353464011662347
3108796845864938031811143731626831535227604170868800543415298414807113671771792539579342046435494423
9168355280408303199327856223753497489651208492931436902947128269386550406258842001018361384477404635
0903689037661168581748136052454907594667147994951412857636449723650333766515361756017560830048429960
0502416746818919082918807016285315775909619291746111847129127690532862794572747810056962426196764317
0323845369456509108842781553079455875498694449815432795754912903167965804062918799357533073651315364
0159241501964656917369794056829069058024702023411095986804301758400794742756346640725680619482649950
2985211914474390341345955927811770598696082548774175312305447038565507469057812642720802420708149932
1869379922886388427829041238253159256421213841146186131198414406566832557040219027012640714510662287
4389010604173059672245661459766158778404333953585371498740811319301244713148301235677506259010885419
0935892996087045013771964146890668954634287737756627388715934978815400847888105259316294199608125326
4732130621463778964021486123244784794017892984721700276670204841528831423072102817460518992947602839
5771583410635790197218747127621983803961960597211333217782693808497988915807987957643717628317245640
6596260897589877081275088374967255628678108354330235141921496963723274077584708906303564262361690539
7108291089630277573975877696680448969703682362439369606542167249524532005723576872658231084768007150
4781722216350638857883099102520086810070613602038592047759860248217825401701947554828528696545783818
6819947346884391843826140346245762227879812428181884728798545655862198650086924594049351311575321389
6520874748310799659980427654710598299573610825119798340514259799830431114581040569005687865694893361
6477907653758604950421840726121696862128768729537421896017090257924476102798224522714070966112304338
4478481996341066016191360052566820177773988685314474759218091078392019566074849372969812204594861189
2690584833577477744708555615614479921892565319679540128115892347336263021305287223660355785678388921
1194208575938662402241972385381309007046570120862787125145713016806159702914568036422934145766549423
3452653213505481306405905301833665982045004148862546728399222862147509863082387841228142568397586340
3764652734938875846052221969264953265701394080590006342665576564096542175609629981542253519871342558
1368283579496471984973455212879714495747928575947374554019939682660531201242809874812320728593858256
1494297632900754152863863870099657000632257943545282502775805227699846678229868679360724437213385890
2411093845887620821460314843469002669878623129681315135403659977196976529963813479534223527571527111
0722566795563712863965330075172673769409931294962105254931206541797238482944417365552110096153548262
4001857641443263481570352924016390543326004290987295749734868817764309032705381991827310859020674968
9607700936377401056393255671432245219109801826925269697133989838010176891999197995976630879085772227
8553171226771653276444218330009935742193915223863793700697223657707952530166255122809058847745900932
3137417371170592665823676528412499419850394548797679723283217724294865226995877752659388757762934765
7007001193298714395234179957434808018213318073311679829960122851572084766360862200731801105974390738
5420754085283204459428589776662272942232434416065734705850709659995071292263435167249245821119741392
7569226000890094684884277166340303193571688155483958222686347928427465556612604647818389611494367886
3943518653710827266574348873746548357844579695590270957955434239741190706758664840243590862684061156
5945277441997889682517022518426269621634580238634973344169519640536474390298160675675177354566845751
3474901159624142589130219565158063162288680614302608254067240682878272269821538145583232146201286841
5696353090762699004717414139667315919818682587405877272478819828545030230668440557388024008846266512
2596339500580843029327446865226321427310687658226105774451171893243836600696647302585920211063603598
9008975895082853014214709279892149740084384026699880395552647612390363561831823882617400642462534472
