100 100
6789748084974037941676521196965306312932182662555490468813889924409269000459984194270657178534492310
6047807221044189727006558878133604374163768899241272081368450417840984110500141013616035226631556439
6141788997922272256190812399111032836629923593479844371848133632155400730197128174869360220880631599
1658432403258805273210153837639899374029960527279883707394828795563427791938196786554630687735695541
2801834017811452023957406565436917737891749275219775713198541563716827138749645431026355764718856654
2470864030051904702030781519542986662644848828554644675988046037643518450401376885055878852370983104
9882692905004728184539723086100049566774162544154012428887408094306284308082564128345718588942120180
7225618564523881662534544100121572118456987788220734148875554407524056423847651582293175891785720364
7656095291667765639910738531365184524330404837079156286034704149971682849264014980866466577932845919
6993880518651624233828752190147412894594238590755247819263901485681627127623945054680345448137944295
8786183272528989930315839244184962150922808069201609186452438260558144768443475119531367514910138534
2105514385502323772940989582504187380251586071837686299770582116479543006272043215271096161533951927
3311261149008983043562027094502923987770188928247923487539592736325036563201037972571346525871810202
0816438983188566489675554188330385858665340612056022656684784733564641672574664109582327828853710204
5386305110987015417332736207184409339034104158221450760745122208439600761081349318653171626381507279
2108256433176413445194774574308004268482003183242008649947046042783422868137444135852160593279429186
6501179307654165891646749849007857884349775538050758723887921297435767092039856596177822226078364765
4105211450791886043619286420755759115190553636729625636612437424355666654899894220684904319566219426
7108524986288264433221354910315796568276130626520297016371441726615392673280024205353051417849705042
9345485058324149618239432143683073151540815187614651317633875069237219002329439120292364112738355298
8850714005807052376221648907831246223050872530954746898151414219314913140792790071094121981943542142
3239613699673843204803297035576858548944173600166942169671170684615275409165480121678498000488906451
3057663379308954489495220278102275232395039635616566909588166096429479986131293745782231424366153698
1809892810072467163037101827473314324382030674410462178742545143275906535765489948946730461631597977
0312357359212085095957743886804918940225597966046342012488396974450403011253743549890561399837783600
8210213096812967815813761596087527342106720534718275273363961109715212285088406764238823346844024363
4366363617611309110247122233980608055824113203848339680121088414738429800786765605407771868778001237
6277583616131631401111842355590759810111787479163430091395605997029373301579484317937354628233686048
1830196361945344645670729565692906667982079853105971381486138100672738441567954167169971302749538628
9093031318457166717171557618466485528637491731288797729195165136057026257717050388073853704969625177
4510818924314253842796230854693799696531444969674845211728699073679839377411027585540747783936435951
1028857677484398803325242774525864106648604769625057382493852343232617776239881991810827341690997269
8021693927490798679482164620797151196000654693340820347658851740438906736888309794001931699962146063
0334900535918409020369307229145677929297297728829691574418222934065162132896894757023691237325585212
4037752686294770321458924379931839976592672455703254188377006143543875163288731935618738858056465698
0906477160051399314692720923259030101067023851788709987540058838965376138637149256117206457427041394
1907124663493785856923282165037282035439687599661277140228534173817069416066662565951722525195124598
7701411661249693111933269207802084660800092336511862519584625474751804764941188070115885331915715576
7297555268556525146847424501971414970701768016170000549187820991968456091206103657961603880746956443
9956589166761769265680449247451087831236651568072015575787119805671208863357208094596747937034407530
0233464325133116282718057269497706794918097062912110942783041591965755300692344593455635719860508455
8640607613118403935073475937262959452315876189189167463701236344816603314857590404337525252106662176
6133986183149653727422469870108932461456302259862131281113350946997565154865322511607085465797061840
8799784840157960066141657336664698844213803318579676716568081742770469909161501159751204196910919324
0011705848817172010901184393941796527587133603660063433939985204162104539625813197703567828428699817
2296868305736700932078669268495822464828265508445866169499649433547676180049609177391376436390535552
1483096474874899734837991522968157564318651615691948909765800853946767578313500768214902940615926359
5726164968304975494520512401861195545234451202321449882667838616828220601746120313217901542720072810
1033192330995668248086619752690524258399685900398029602576807147142646243558670038979853668296902789
7467448604335371817556079330740292063461379558368692141737616699497603388559623024866239349233086119
5573930917244584347609946360949530364304686108335627605825640758280891304529553788305532907811443397
4147863821324130397015881499547511666946896337148749565607103477640594497139580763362662465990243807
4551786849973830402633123423845797412742086147115935253230518879840948336832268145096855954144349991
0322860707853811083818392194373416852236537428465626626107123166353208163507965234306329906822435858
7261816283208058130696560217951706571020078927250666956061831249165244186345089872403774115501653568
7219571542722796445853092573228748633139473799385329705542788263335080267943246696481284579901873586
7219225439701361572576901841491256280839145861867603657000241906665678644594485302400583432923068805
8000013539104631408132731422189170407517733455149416642590453898044876993093278386256074421230664776
1060892198385599269318815646329982435233172130657067865324556277523973829281495827380670871828339901
8164276136657981632791814925854977159076698450021529604118006747298430405227099219577521092906783816
0073219762223444478232320725201820261151739269372827173429445666098496481432043910553862836676533701
0797552863240548289928565361263226535555246882907368611924717448513851762824236561399124940194749409
8756531235003656815814874441741491228708525785715822128774743539278581214952066352177562090016086129
8486771248404646843142514248275449548499275604857794979256170056279429567211979177208034117853493835
0048409389029804594895387764602166674337676588352503871449296984008639122926853259462751824916993132
8801704357674654772170207107367693652742224295227482481317508206076769102362627094225620357987629156
7410990632613852778701048986056746504884300921548721080128553369691333418472878313339816135840487842
2937133108173222904354826558712864756399949695990352909669666593746895981720935089400275211720848315
0465099700453401327883051811158980981581990222224244800514967960727431204579486655946240820293424496
1177122550539679603478376464386636681314763022637586399047495049439296481921262235464021131393949224
3942928388635179274615364306160996409095557915340567883513867609986648963928787612312707883747195559
0463737921812686490299621506294879142899455362089556434659346469349890583117511668528964637451070685
3980636697952264273253006888838094262308170456894459833088185909755948704310217539563068983241872901
0374413683647947032186613881609163726099858465339751893032425370158796097509175908291963280902177790
2283478542961341625591761172364693514978733899636305269648104394920652939289281988413915450116181129
6529593739130186465331368245492527169482717174439650049762250830839672431112342395981666477633294378
4212157998726615134598628106657508082847454055125233602592973877933246200035327052134841964545890623
9518302640152399966748652415267577869611601562826275676154756330387845641455469672726977358596687851
9424336706457296202013792712830068612912292446847682511009931677759749631227754130513587847066017027
8809538267354970406768200627185479398177946973129663384107881725396107215292890826148578920334228211
7250904053568386157150252294169884143194151300875817489649584036299207795771811856787038054250552493
0191733055611200533053698588517028119084290981262627785200980691051560156654324521853403936633646488
2509791074673253160876728308468273942485781768378912804999223666603518731054972008438334013637350504
2494218468732263423172168093559608019396136523359779289832782348128021404208690631936912635721368274
6322390555647878626821457983286438795304494889763952440401485830692404910064536259519307479594629693
5989552513118174387474608002942099150954590662272426278142106986283678213076659676859148590099886486
5555493490355635839839898616561434984885644972641876871656961495147111879449381460506820556863897717
6586398832058270328146538002094830077043774850473352588126222864628667347726195207066795741488307920
9174174842536165106657312725164625827425751661616589664853190538172375261039352671532294523225088394
1085867439047622415209045068956350695136320249788190739928976606308471689792291033047535539797942647
0939443798637357376364653956701276807857825637644134176682723349197871311105627419872046069146936652
7055785585167984861639089783666164822786641635883027234326349104018747865193706571633857960848457028
4507630308114716601896878459894071900793704714291493667412432746814421684513912078719148547218000115
9289545448064110786674957112434748129131265219681216335723312547931592387607222616317058338597243623
9597871500456535289242716582137954115274793292081102304191516567281374771526072284509901273447948797
8073866727729396300927643201339258827188567226176145818057260455356782307360261644341172697338634151
6429070747140794822446624014105346778101776109570981721783325676594075566003558052952902545471268015
1257778993435247958925003131730972330754016962429919174996885128568055047768470443791683782306027139
8875572521769328271527312788842861100319790716282184981653147375520629495415916092796243168624854206
3777412386556363931009264499744847745481955162599137570592112624033424822117702354422090051756411340
