100 100
5834804809033100121356379022908732646460169261753719501448927861621568754514199063831341374660837597
3523832384448600316575518824843539987923363794173338751096858681176953822523900516138525594478966930
9550948722691693380141810918984051371612852635404210376372031328668990201991834576276602180217416142
3792397117990503875736728033987328508369737912029357642731226164724391611421025601468535795919348343
8432187773098865939266684754021149628473301654615365706169623025813542995563389789225923926965248726
5972398953960718818259246880743180174962793511465058826322682689130382221483394908987875006453023503
7512279820300475625688749775786924119581484987148259144470170566302289116678467180723968128050018060
2484622721189738214036950524854113071242275469683030552988201302375491305887146408219038780063495674
5466426195386965731565824517293701173100952842509248946822322673554675168057289283165774180821920360
2447900526485580221024022936356213348600769064807979699691699213914796401521568364061447882805775744
1036145046475522186382168247479769054468438283765737925413977658587669910707347167322456693550895258
4890553998300273615527706773612251936337454829876601068622520089180435488112760017646849169378962700
0665893949353969668012330002194294434073831625359316876381791825500165370358067504218740495626349514
3728975818525211163894281975000509958340259170250756112560511808996144552250857421451220272887429229
4186104072516155571374243012724672670262822055947836784564902927221044952085212243487337678609328508
0471899955225275528107300206769971644388051520514228096176167660674522962708308723793216418751865701
5403156413726704558650462579780551409112067366526805065734169532821758677197727024226694833488539240
4288743567974202176782896660710498360892110613695582684054562692627676244631082401392672360634645155
7821573504821020413010449839630014969819771935639818348870996728150672449499616517940109757804332113
7312715380631066687699085405768420597036395603191203030889039807172935235503182267288067593467586937
8344332154096377690138623530618046392530557069919210080496479294417529189949834564699133008692262330
1010770500079573746659533707416350954984331884900097551638335568521668989866587926226179684992946914
4466098937032460264761891497239140545769030503272883838934199531766166300567838014302251925552482481
5752614891396592046277639712869730169730157586326660666109159578616686883459257893837314314815316022
2981397868227101246629137312505016568592259191578940569892281575376196837330373870487572898723171407
8801755345923467390907438291536434289126075681610505925201189590381522397484310680024135611864366296
4285402678355448787052159696300960873013511661556390848405245606014497133720930894429094437709303051
1809122042010895660079062914087255263949935900809888944700142914938400979282122868763977445221006583
9930559942097771943438632844912632902945397762997730905830717089864190588404495225661131192560746835
9345817965621110574343112907100936075417297583982733953751960600453445309532581818651897220478874938
9398452002241023261146795805472816287026966515709211509102449236145851234853743640784666752816164289
0197543398086709906635379297850643998988701684909338317126395201869463723422665573445589805724703984
5378024542261369612922069251755423058916631452910404694544636242618535471250413829692516338734933471
0464597232823229694416175374296933585558996557238294601711453788584580324404393676129749635014939165
0503995120569439009578497017500069773338080653135977952528379369871388847542306651840150106197683829
8317256196432846724927151477485253540319502068539241868475619706779473784001558295636112391623699483
7021896571888195396713076049207681187503011132941890537268270123510892337711431363985741855827588355
7678111800991971566623143226412154871128116611380701335099256051892115131832109719387098409780589102
1048128135489144851176487973721336099281294346470486791242654925499034383780251533749826214100688972
9376138042866177695696194229228408322765458800134828895596738900804135589888376370993378213411833888
3112485034489491201474432746181089872697641369144414394089343631483517326155519330186460257303381038
2687407853162044949471295007410522432842377908323522253446943005670322702583965908553585658948099537
5173614834978007029718069598634550414620547225254367416736503870881777158524715312349834991727077742
0502362618307712863584842486566627259607550429182878554946990105225106221645022392453193680901280210
6549514915758290166364083254132958904191446915464936641900396179846401018422653417921848830411881873
6377063362232265948844507956880058261419322175472051864755303856518088572056899118661754399068575200
6655799721270812586943414475497849682066483584786265526160067387823227876427345197580736522987410503
1782754338362674174843592794348329323374847494398164766311286204222769359754778291429297230666081485
2726061351531213509873666417327210973947252190864635917229305683503374344644390713084761748008228355
5859029341916055236970737724900609260367659300756885275538065340706845306291089497645670977757757251
6422046085189825782583208590529935441187318103261310795652299730580675043862864716522136498942268528
4804782688450884509116828926130456518625897069208883184205592288344398781104126513043826223252080143
1001116430765824514100941962406891855411877801194093830875895756161204706943340416032557522637555858
9618103697187073284556700720668440941735581823743018109722293297995273625020850738619125393160934506
3836573720779234795522747319597102377442696377951830511269279321215468676720594070420194092615112940
5679436219455824914982056586161273085470443596273782206884370501059115601897220612661638735443958436
7206468347651562927279963440647885769468742238884135144253505215992689487991296812661431188559690654
3219068492229712033526542873970450441372388935436788837047406223166947652090399091706034507035846962
9763382871834343791678116777438825000606225616492864945383851775558253539823703069282470840055625786
1649264576827029555189488501769267876170880384382714898184345649028100170731332230200400654838076126
9999518746464838193151101583438607397910494683610379150393600804371617707618558682366875994449850900
1526137753157466484144361792391110009349292481418540035568680911598721565217423032836423516970827994
4110490420254796393993950877814278840960234205128950918172251140650463916585666649222645482963456678
4401151798230843454584273483033927151471512786283561760247930759414193991869627380811378684740147239
7245472850502390086841399844420035229957272361465563421465346116693697782197669499854328504541657195
4797845354143997571438726689619819874876911346057847757358984358907922312533542995827758017793080019
3227668761581195633582369943789136516694197310576594077656632590734763778667920526650414944319563770
5850251404036259322854130948518318351233047792242086682048738712433670459233323823650364706385457070
5268890402042674009481217826640584542978508441815981131683331752501474088079709255181028637985977669
2971546546986994269609199686406266353909531392351616196189027271726357336661487994664242883257997374
5804494597629915039011668687824178186098857639757523123920572226026737491879067195262835296588367467
1906727601147137879168442604691544460957322304273032974542190218904952380061568675135216804775226337
8565036209184531294593300681502332111156300426839628873593463612502365825866283503236849577528603395
3176881789731092719664767247121795793543349650918594836204854449787968395975870774570845993390668088
9680140612085532843999491327453021039957725288009564184376514431830348978632839752843919281827626135
4752368292436842012863741421085203383556598721130838631036330034232082374173581965237717425537467823
3408165881771045533278911295899132158539392607087663143269246059497686762285041847164498696884793183
5078087014980153760516281406276725798905794574192089095270919735688362493862341762151560953222935762
7783938044947034630116646702290672921622972440779728376631531095706464846086339134463546344192290760
4824217822078691089264807875131576608835606909693422870240104497404981366042699639194883963154315923
8696392066123698473454275465242708495278100307937708425890413477807437874970833433902292557470841722
9086856027283626473570268049640785739818210701547275346638434338189531614081880327279777664976232993
1493887299266739562911680732332628097819840393214994867624327172110506618325126536686031823817492290
2808311109878528268574149866903752655031917348372326514655549473057682256935666047213972314707821162
6733785821580716469209917887189001247558529185641887721288779578892263769418805752759096908109166287
7687725349481339344920002767484727669134049441575383270636139338658581765554298661495116163207381848
6055668303775168257503099024286812643357189326602533636407776871447290011298097882863035792690491459
7619940808896020914506451560031496713131630407004916330711917755525379078875747417852956709116206988
0029156905676180667215228115507041128576728946565774353817680218314953442399353049230493501564129550
8473250498940411745347185232655442686988814338016628617475088634350832667249212527193627243566237351
7873853391160839555353248927172678291000376138614387075750939566328270551682180990009326742031845546
7084155535372768786103755188145420203693792108677410633089157042485278975246966326985998730195102798
3069958393370121687768759725709867604444413315999605321721082931304149688845679510779966593846399168
1701575053768042461571422286456089593464789187194849481561041224877218142032265297685221690802525113
9938912462405602827650311510304820191170464395902130301994899505033586586425476184158831382375315120
9824959670875072380175882560832204405798253521757768090660010341437783148406886057225610343930218147
5832166285957867956839579310626471167627570111184574080958479102029729540543888252020083289128463907
0898077585823885893347508860046145136911348618965637086667280465874260025371184148080950224974024784
8820224132193058261534872806596303151406483666726007448422823998000761265228707635898427500907688981
2716428111434221330475083875684023481880485851570090653192966743402614164400646240957441187899953846
