100 100
6524130865576350392250349951588038105518371202637147426411658839590971663207966883022877726474373346
6132721928907558769075615005021876034869444108447199167856226787266042565822698363263555983739100240
7172124807477986016748438448486059685355026860267000556438514800716041729591899533965608827941549457
7365810820260198503115555229823286455872735594093168973822096809093433974988381730183815410351681093
5013808731842609234610158543162848600047653952452509839371672743092512415271687380835804669346846963
0179167831440987124822951536960558108180841028756439489324457165063876980103984070964016374411156119
8589236082932855432964605692273349373088431479153800509505699407060831273366234832830365230779333329
7853249760371616435510806917593563621714419047658523865245492976503965540134108742050582751135513776
1263678965077830980093373953824098919617928049275843297795551604603410935674519470784450644276447924
6936530265817784232030614492300047410595877084685824421017915571651151161285653270178573782354124649
2708057807448289284036985997585583339291155324250834900900109747151673050181932375974203146570906103
3257877175525402503286801246042450496035337086875309713627867710970431153978687661114958717402644196
3771410545374297971539627776286411847525037921627268417448968204523785395212618566687110267760455508
1392474039493319448206997438078786550292087954954229324169253473419903027041703764121875495183648022
8490138644123106928692579762977827651573767952982290587810127496829166802578283192814566169135233228
5709408404601011283299598609497895923751276991299601903631235529656432976734992083304359652720460665
7178660405628415000285068656902591067649845905318060455421686547634691446387276803498036594340781310
9093295596170569159223474613562866678569007819441721668247416373607752400791958356576796756854719825
9340700811838415435694046392300634126568320561720697055178234170970490518576007216904509249971804454
4075440376889331941112840124309963198106441124785404814861978774949888170805373098389936341876691578
8890851650044556064817958898375993425930925314780657154882513752860466421319356904003249581806879978
8636254558104036718263390668196695049201298322329322648668199708482125224524469760283135312256429761
2276751819153524226355246460417697078228959660561021485022616022554155785530862737951071737344136551
7021898009697963561176812444350113335692260652344269562253357518581438752233350057499842756273075238
9374202012003518313075038370392898768179326905061206198552315338193406731537187633379050620131069582
8981431134218002758391391668731217784749460870109112826723132701575947061121372994846054628996209440
0522347057393969178091307413029175958977870820615062853556747783591162814523967949570944707462580757
4744832441485402243268713418510421477322282103500753000548139336431609662090696662851431232301061460
3239935399992156019992644423192059074017275068194082565174667873548247128945147589850715829263665614
2915086588743915109157417181585681448125629668476366922000942471712991160085748889933800936394355837
8712597776624851306332879425442854867363365921913152356973998566496226708211308911479253645422551949
9786738327713181019469185630094226912115674118050107566519579414836968740555042418233211725705510443
7524105528885040018513118794862710324534933279792457860698910348066586940406251176616132579795357945
1303196817160946855960969219552086142025033770132190693819101726154663751630820060882344485931644071
1059199487113378314212355777685079630494310574889741308198175510379584951899650526255519637498390537
6829551531232296473401518507337871288140049658792652301918468470826928031033326026018683193478023105
0297268292340482729683091696600724334919803982995585268020076648969510574342973456398119575339377385
0949113639882343934694089347629129211576840385923809769226083948071584910533156964097241748248245674
5231320564199342096899527669214896294268442594345935540883139799691385035791001779666753291084838084
3365574659941816567859299536100606039925388497710335457646173877674040420175714981659180202050722627
5847303879024831428925233003648330470766451896661214978505424748541044480673639492584904078822590788
4323784690404857687010599529413770997061525034360392922768045552863965869448055763100686365868161386
2724504221910181619029055129338561105577794180099317126554324300323997811119866450632341265210839951
6097179278772293664149105276907856824530183304777888334524173387724225615937400105548859529243718235
5537097879214426429454703822009316938399777098199986414803290932358234281623228626868075793930820218
4911679461304026897675119839636222986529598316701308705821996581453244885311383275882711425382691651
6432406194687942976574153407661536485724103819438873663286394316920625607435596374894864970596330104
0703795987025183379342593588818095654241091504918364772885453363573290158143089454991628984493588816
8906450382054687832124806957054515065494561736796948965241984838212485872770132675859969221465322414
7324838322544639531046130723722969784045282074417657251576647677485253031586773573609971102235747088
9290954190905975991988980566297681837550473696450611580635789020965342233856824981379419841111637649
7255387844362284278422511856423076176928659876876042052518712968052687942682691213142062543402658174
3670552221557600562722696008537456612091675504284056375650885343736613804038435478272676340075812307
4193201707339849229280217156213037280971802588389134572955650199597651778572281415566512516345766473
0142980402600436428291618961252962768861531291140486244164825463121776953378964474251609454419847277
2731454206573750210515647709304064000009112485760517692051355692327725308100874869606439691047200461
1130792892931430176286435278156110480974439104252300700101259512977064125886799309809490547897112057
0824267659474792499184502757615983249663916261319791108905323036925615823931759910809798792797301511
0805905397501148780424161634733989040728102327824774955144940736440332641329725787682858650529423336
4673950192319376936957199680374316543789867989273150379879872218424962729210149796560479627321315448
6543888275758201210458367594212102137138277556862804884635740164842871319425348683621630117272104198
0106624444052556783931014295948319244997007377180111296470043299181263687676899838206521961070124725
0294187367443255010616520948377630146838370513848242025701652147860839999366897910361782086424985488
2368728985171038172113537227004387802198441342215362696920297974748373187903763726961006647616238122
9870909720051603249432514763848877046338046032167312591908509878944820231198447942045975009469487092
6167893944694985631666501282271486208450589786414273359471429419419772532121921187905705772242315041
4287961863169743947634116247051130297705201735567528996383134751485213874530202337039998001463207464
5512855350020119257656217182207980965316566555879593445194310727377768191157675394105722342431964442
2903808019507137724324240455782102410129137966909528362490636489250630036888764734261393384925034233
0750953759345787053094397857265483413059317429456935788677765415676684999501587529107120580266880934
9322959123321495234284813248029220715934159518012871071276932665584918775306385955456677971872074244
0548479638765425657663733678678535295330244815489349920064981574989270923844845858983206572535245795
0590501110039081085115197183198552543430993783644972734296307483701290675273376377687808904458395965
7895119625055212441892226526609340686927802815102005004018514616768771367011082441311637084510389583
3154439112197169899273932396429746484345687429991748785755699539105489215872544366456291118775142742
1455432852876565701881241959055530256908052518367633188023309897595840542149250295917004566022176233
4413594445762465112137479114628588436182370094627092854767468866720114113131690584667346787167389380
7308503880543681992045505547018468500751776469763885638475956852340760911104339170185683201346138325
4103788558704493651956098885850622605151153437385379623437189741047241820795837871674848122560357778
6130462272388728266307920319916431918587140279220472543647870784727494730342564504988967381125241078
9727976242858602678314898205050569721904736963799065061962450006520829024918374778351070094546440699
4136438418514183319860241995407819048046730766086349434389023902086321914704913426518430646851135321
4504350268702769826439040856312681112807851817464969791400467670318333645372617195084720658293735303
0488167682368683557791761129910454036589241694281693408157138625082007096490750659057915402596531832
0270007343226335267709294421562550252606753548319296273315656034889176019911822613890850770939903111
9402526362033046325352836531362756183655264339427786883919575836124103779666614627132215815917868661
4511415463438832474749582527049763999976701049529085231567614544602963401363276764147405722639374956
4382617511557292302698161896447160230687974105195936399186219139309600974290742685872567082307551886
2381284580718825652580911034985923079530615182105398842026861266318290907524766531701571510405778258
4991029043547035890136411522311152152430945175979766851870101898535376934778797483511831880366631260
3547525289092148315624299540570297807090852202755521305500743258597967288804927844518710935379977992
9072393422395654678152671148983412263738895676717445106411658060091012119450214369104756010393608215
8773153706776796834014386577242355835831193323805736529043378228350800379503513145069397308580409111
0354861929244607293541966147200484257785146109727684666371504734930438328038137867799801822012050496
7195776294243347091402653956480903816122998924048718368178093741505770680704195122201158032789503696
3835557520961173042504545908424491097429611444117828928429464065083056706075026166641274214908585914
2941136322221370851611086254703039749597078068382443416455485915796545119567025026932084964509808993
0388319437410053379710755076189817726825544597592845629351417388072842579251216325520272081587632083
4099650240959031647046523610175963080913833397692355132795352916402695292158854417997365783474696846
3694072223408367734396209016002712357036459478469938819316933103240242819250887426970946199309001429
