100 100
0845918832232807929103924885124265113931738800723261959267000042404264686354890995060345912717514059
2543638782481791217406936339207685231364510079580483380516072336858236189296455877225586144444733632
1951862850035504090133881515291135077950543389902780335756572252967584515451860992401544496107197449
6147291122671988029483366414161457706725942994028360361381372401486820331352010929662173463953480086
6392300647750968213625144829699673987366609825169495265891960395567985131490400078192619746808573993
2683207040758662981003316860878174484701924875352197180901050229589228957438203941238070663636677173
0215586270202236969557228579531932536159048223226447077564820144349470261591647658791783720934199799
4200543085699785734700783499880805837157136365899270728648681241471472599021472712285526107859115127
6233028066204236398918943579336990819984883957188247953352074607709145815167811487517166578585534792
5618528825100374352835623520998423307178350275068628993150821146737075952904889687769901067413464904
9569077573932218107819194235017307581549618522874342260870616753056719913347133650535341092845329766
2387814015325661929316345647365268881689661632843259460086121932614965681559537576602601989519670441
9485488794457307541371490309832978389141218470488562489384554601399313549212615968940982678936005454
5453759936584300840662375960016234031978230344825372027397562538491381192767644180630003922462788815
9006000647454183960870110786434437604055076000660709949463484309124881966570187761165273982824253995
2014375258220615254005711593863757570769664726872473762312546992181404264485126629549538465385672146
6823724005092967555538914268417885935524230271216175655381008146723197575715257361349223871255075215
8701963800346061291134756965936819716902223742623621971545727847436411840712493214623332950947886555
9180507428511099398613352883303874265535578792479195514740169275649316175680383572566178596851980588
1236164672812211326659371175941096090095586862470670699544038533798230043710350810269933073670370421
8988018708946222722177755248029874808085226595545942571062314620133371238858687335695150774353354895
8453980908643803446844878731787942200114430867188204897865525628540870780553189141098393745045182517
3119965543583169268405203452319146341729236148145618365613386816906274819482618989271999699220524088
2822138499316196373532797728799241781356066947014122030438382416159263741859084265095520180335852372
5733633392561243271696412801734973446968044878014280624001723287663038464338511728574938577048316879
6126236803686450768962544149773201278161091675589784800069092914034092509294165294017426954703895504
3840048585166725211459073285703906913787013744875393336588073250272825262508297761186100815888431372
8655945562219094124040005396445193544973660449360173173641618180262364021605816496520911672433093647
7257998120578976751754530183358099033514528801544998049846574545258364686514101791547030405597912182
7694852413795367561897525771633453390564596928438641109773071452021386321532390547280161381792704368
4212184703177334585457133920145117277275229523253827602573495373952262554972129361700805439708066676
7918907615747168647082928515404434856977548252721163245311089172311136537455152861152461506183904377
9344017262604860908730550568787137882732980293403472218745859398397505705514642532892280437543952193
6219948309321672524305508304476627820757579196968367817468945132737246566613815934214231292045025711
6450787691104258955101856087246079011605415423459142306793699769969483518997152549064799667310229284
0500279825819496257912457040072915933713997129210593791277323872885077039036125750008133633638367631
2331607286429713189442937993774283702856689974997971788504218177349825144676109623046629550267390086
3006673861506309267740830418907024412747076434520890008464823204437472842705282001720502704929683893
7265457557041159717894747453888927499281960171760902135266510309173576476337103140871306952301874629
8139484509141961190116831111226015824387383122173491785944480046191964240584035971199017006306373299
0583616214574767533688985381153651316431776220219356020351987554836930576904638108694501486304756496
3582431357601723555622082042211959036923501097214132711015304166745892291696701846058241300255817298
3564018608540835525232653435216802243221946697290957403087549207232158448413407622037757532824053919
6418342481444235272287257475414804788487171094556204076301283166767208433229661892711268502193571289
4304112824999045871641634696728525182412328476049411063130152067512424303737295491187231445131523050
4145926341867200140786114341876544468502430539208531525323612624651387680563584784765978265969641750
4933545945184728554735149592330561108788352456987198978506209067239671654588286649260460311971313915
9747871940164228569256517032856171612371295283189641386916761908226308875758414095303549535300226761
7474692255160412709758392473465045293563332134978695314827680046990005758921159230087618138400865006
3840890668285200595767201431691630682160189064746310336308232931267655329427424476020572090920497064
4206052412697426892049370159031469254053020693320071589734235142210883738321226782639587752190506589
0639107359069525876044062184404537534941571587125880999878619658579001709921947813410439476808919730
4748829202386831555229769150179561313399686226021946179665425171072565774437400314759034955119055007
6104566319600980669280500430391469849181605037732039267481640729172216511621979555917778085895653138
2573595578379436794541628958496947638312559365685912730217108045109896876281405593689370370934399305
1990891085205238838995108619331951847456626598837149100526784199864686164994196937428784003424455374
9037247827178401988346983322087338307316749103777850696304563180494271595470441882144392022265738285
5618722101030623741412416832501203049824707026122713750650191986956938303652710064034707922110471910
8494428121227596153555433455279321370960235835949848654629704948663387657235017211605079671605876929
1864942044263074105175814261218793381770801415733141554550524369871827538930022756772221954279268104
9537045267373253538428175755249043350068009607639870311234881014836491043501544378596202062504033575
7793633888621309002663674430039655141874940508198257846226576348614138304002513131536183267512874200
1643957549249191293376692387110144495534752624949655067948788237146803584747541639469412358670690001
5797021342134765823271150014324832427975807625324632566760457547048049891735489356972878585637989834
1152335160520597936171464048573540550861359184951452669551756889874105697891824954402323759997217706
8817183447699381366736328481072348152362366556253089082851510068159957045358687479673077856941827739
0347745398237695905275757545393757663734454350656191559678995533596166204291861516023101113881056990
7637189297629257248887595460757971575040259143066183900402825006523677114480551868911697060765738880
6518392504690386298360090833323019666265521028048762943664053859313387731858142423407281958277885924
9117776138847520311510190157144145861062213781990365797175453888772672687312587001256161696327957962
4492227406426651572951596728061976382604847335899431000179543126236308128861524619461650997622959644
5698494492378619111374011531233141046714741377344644544912701407241427625771815795562926853693015303
0213052973076777197847983324046270117531806884126484839236899390029788234349352970595975962616151200
1809899765074448080011781602860961079768894446207616503728736522811637716103783220560342297900526101
4300003148881867026255869435735989056264246735227055453501790488160457713811486797023802845779845034
6334259556238107721090035114028135797252648670254307535565252232486935834498253574758288142507229989
8681374784012519912674808453398517368715101298253889274065929102343517390977814259954760391207187650
6494222011174016285349850793128917923535853594592997172766102157726025416864422862929162044400267676
6610410038151900394756447322361967249279647899006698813802765540823035339250216016129892029946287405
4922795471593859471472717303478380789194323596887888049268500848726374642246513237178439081411607665
2281136921110405040266106941765776790692293703551134375216843209920671306193294247463172328601404025
8192395596622737238624932185140597061293430965005554588295271275917533677652207052860553750252849939
5723799245404989664224490305849335811431320465461512948705687815648721601440826180716017443302306283
2953392697443214138306522277235610054019976955552193799691339806952815180955356679991306480321796794
9888807840795982776491034183414756956271148580605374262536032567243943418164419491062887229840913265
9009323448482473141921993009183445233451544748986387902685420703692858588045913136428753680365904590
1413069060528580796128719576932155604823424000753590482304177453515220628447638904376618956442330348
4353773578169263694296777004519182121394659767630398088118770606189343894822649911306998659341846312
7210457349843833213961506843283534819961832537609921632293814004698059205469111727014432335786333595
7031293346198671672655381729040436562071530223272074508989324545206534417015089082974078127361677102
7104853326356411793793001361679866120011501315225427543584764739832556389165798240177835964225785893
9547268873092605670331602858990862078358162102879934937526731108947001035970892626865751180335508138
0935469595067228634391802960050986789524319001199327495409206141966303578436727520666468157014138098
1444392423573081952276214115391458329588631827711946723490114980520418791602510383851643371772536952
6131972696065366735587057844884346764975636097351264745692534453462347522253743303306169902850605169
7445945373605530555768339143234642258416335708710979804250123547474426073567485183305568824247577831
3340018699976372480595707150349285082870497291455493121004189436510999638494905879046632344405235842
2546267659109823656342956952932948289139490874672204540342447828856723188578492815167492242486039173
6213809067054242114715499719104670925342490694209663911353423491943531458909512359238341619819363880
4470980735513071836410185358853972832249960421534750007022313754839777110669037911538105425801425794
