100 100
6854536796958693191877014938236524759283012950379445128137690343628034728720545623620129016065762482
5307867250390664827034211197266959105466864948366878640866279938096655518371265886639638260073051018
4848775553814507219709132213969407493923361340273630548842042030312485067302886827040795880827384500
1729645818620011683792018726433403130689010924692758507240543049456509915497389206028314047888020468
2281921571426735146636221426372200206919067600864895528413439417772400010549468576869843536019961426
2054750864056517254351675936863678943200909501676175121235050458025945165010489846036874363468236116
1562426686856541297854439128731486805160509012567720318680953796517574602694091188216846167090749043
0111378537640868972309213784666542107338803481860107217584826921846358703156899427678917398471765149
3917910805183914623999578526729855201600624696148078823919576154663828330984796974560342503827930390
6417540494412142299736105812616930396074787440574281126296146270855631402824509042768394773323903846
3314616292635521584029911013731844659729601266511083956422635559484598553651883380311784743388246997
0088375119102663546424563810577646572367018647919542422281814751068123961326904767313989719880513138
0175142651799436559754742184987371067297276903363399125286316307920323914252946767033896977266175520
8956500997051003353198143971567586157671718955737378936858347922996151584262184719647999813096726344
1163800747375700161713040053383660167382580938794864115499132891772162283384796190739885300211270501
5997175948148733720848464955147197208184937515194389365752524525841742383432894752986287240138675721
1295607296498524047961491450044890287684015677844998947975630717640447472630482389314463617715630242
5494228024789584952386703521299471682369715371078212403927891265240550089206518566101647140201570005
0056151731340193242316506490691471334018437783264463384259179955101858094885869194105994311027246257
1286065157400774136365000250833782496397963633094273881014486804463277789283215811080335625799434923
6779472052431080519345433323466781124611940483411663588724636733989725163977180491760172214600131985
3676217863707514653336559734849245223726248009065145371182238155212702273954763461310267432630006862
1190001477691150558792092467949635357849735654806968216344489231368253875174323321337676745017164376
5386773597729793964188360124425378445147165979484685414438095436262775910292743878815895582672192260
8950959949310931518689947460498039797637518645452541220474977762619659432269636051659394536684367600
2314709186417694916022811720345379344763149967324806324735262664713509329254885102292530135322870235
8792832215713484071988014832720972428295290778183536799312831156498409836626195718734040657994845108
5313502940355742522349759435904442238116572077070084063771669179048758400661839501131597593799989138
4930421475983549509869009582055908002216474166970049031554563175397318478528842690811131874773409748
7105436726537615266807756007885827287041638179849424680287814804578784723078969480865136495028123932
6135601557270948868859591222331162334047304383182860388997348058744024463839264990275842517616094182
3360075384982812166919323124068966979035415716841019041602753549652852221039850135320543731151907928
2593662901157840632025274654305389270297943602135328033969085863158638066886108542354607972338919662
5841301115093329842258590449303444796873081321892432468874522104861267626488858824580490897305019244
9132492509874796991730233527857644150629439431073885711975146195908597913742078480026332414559469754
3536657282086947250562617334089035358349817863480949442661645918952808850968508308439050110020321176
1098255344493418767680332121964224504408337669861240134078535204482535763916898389756743825705603813
6061475858299486815067145647309119733760084313022759557097650176413822497946099089977759428690341898
8102500689442817812702508215991296115220783314396983831773734184940249821670531782523813207938190640
5521996485801982720768643667484892252276483517798532757838625817958881732805392149680170467951552394
4440795600408899930550813043602052311465720873174838215817312358109306049022061382586307390947623031
0974033523028363888011553478306227040184586990147050162979256793027089003172118038578970771354036214
3799285615284065490270475494895386028110390725294761505835519034448129905281558480705867098293613979
2103090717299427815997636738823126129054919928728691547051913060773314709247438176462355967840023886
7674105907953194299760159131039192432868377321960598882320459481396118149759912918401175046628438743
3874038827371373421504864252607146434162525271577614082684343283233525464075795023542137751749490679
9039182954278012537752778211681848851038586029232202455971967943255252539625073161452795412231391604
4660996485372561786855411745281298938594850254544604016752500800816286501200499223602938219490827215
9732597336482085741014547104654946781693631411623069654316502265255981231032864916988129455233243039
1343975368672795707640339121737225263104210398270993072604176744596868208940321166130999818592380412
3498622565142637131254085254627148536791814962577798346236465499962208888772059605869454319086883851
7393048992807108782329257859166499803001544057641626830801316283314274595455792066359444134756565710
5271440232531140702465819821953602786681845701518309411324977476432808590315476358105998764286199750
0475939987885058655516637065708227433465851864015458199575801946775397278752106833872998629555813339
4780445203049677154297408923259278508320119551511879695719106070410941851039102126719390273875133173
5395371044180035390288023568989945669932668954722751838868273750766379501140171823961929500510062861
2727178437820813210588296359096922305421738294025486080413175970360829385667300939121249122296729847
9474588053032215618824950544782851633585780094080584472354151685553658626426716170759951084152961027
6302795314198409612838501037773277020193572150290218243614697294726641421460953148563319243394731292
6807570123955503384281575676391591762606036756628341940591198291649445812503376767602372854430944405
8803648548839097061496666093029345853829207237039949623780422639315908629939113775818480192152387307
4075131825199297471326213799822698939555881483811817807988441657611724980385878966381021576339551761
2816849932661957136091994424663965583221345790070651112076153297674048079125091705913059434896309013
7514580361155820049248033768900966145799736298768628414715753623841614797666193741358168800298364429
3051874261998113090856748611290232755509180638971621889509301730007121161300390808926600452361105960
3899678069985019479165674673105300784906323967143919120588684608154586914610056970462543916484821558
3932511811480437310419276616989724952269874731458456647454077713163594387304962327958650858353178164
9423323828030509371244910668551477593752008370663646122343256274109447371246881876617124500241690143
7766478820991641447293048246472363565719009731681683578281029177121637006832852037564355664071710472
3748615966905696185338353909118719358758641983400520392186877813974687135540156425495674112151252316
0232451103721911519346841452755692052115193562406389172246940328408447324397470131887684015774148878
6969448250222251053291791460513416953927072507441773339062778863038852411725671043499886170121238230
4455777033758593353471308835866748376637580706027985385115391632786359557420395841310475237713723480
9463283958142405131614230108468305940408815394667340727709355680784488188980024348910787886124510888
0291172506178917217165755499977813611149207904214540180360014579440989095392723396306521725196258333
8943974063028676226188358832563643387776862931901944386213788067112683911226519736818064844114748357
5654375474221173844493881219378840888880605095611188628476200691049190500862326170285811898583164057
6589308786660112345788583986720864933984948515843265202771695827379848557498240310491039142790529381
1589018703395429164122092123715262835668504291707735812309561450985967547227689918207698743395030045
0408524817220724243323854784873974629641554267846751541242122526829241342274129579189334556329250017
3975616037809313545819258272989652660219789177174267180920714708192584717327403753389241999798746450
8863538808614650426885597446195593390637111955183949405336897893220523160378901662346963028276923022
9649977890460427730062574628357734040699642879611304675770584194682055885606474814386058117968337180
3063623585926793118747757500268285601996110437964235895757721462929625208201830614848528329502948368
7962510372581557986043655422832942720792594960917041316913644014378343646085646061168896754656205937
9750585037009816627684235632829626466629037575143762415443025754568315685067893943621742851183265590
3124090162290967110818392672118225352272617221178474715265861789883730294863303755212496308127339918
1151573414359244370543879021043795769642413473592693262706508617163890396145275698343548090702606224
6954565124619379475320899867856642399944200904942699569271961540230308649225776288390169743656289288
8950965328698291142655932822219529461993125998989381525501948232696406994238357382347668185903059981
1682598832687205558776424797408334239040520791032101529190222165635996850924143363636310655532990655
0044921767600353490416934672485716918909710633841384720429623984570655064000226499523668888250926918
9330209650078846438945714408488439584342427817568896847822324108640418823470486190461718654480621638
1664745731148379265414400066091854225852206338654450152038781920951016966898677659319282742121251008
5491185715792667545888055688182498027436709206023929366124752097249685316533018812016329004963698906
7971242518432031791435158471374893632430086776896451393360525092430199218705571963036753093937911647
4900703680988791432645643797731749455349570455765726840657459153066910050729839788131166787227389538
0642024454836335017799192445673002662954735213645497337467075123969291638620461046412942043188045669
6191090701723604548644087329699049708003925204532864897848341790914584580605217478735992402183850087
0816610196450975526437170759923044008832652613312265041074605258680904092175649329070650820091518541
