100 100
3739192359174472397890517871767082708513823749720356134639634357143729709136799986343772803130936439
4529743092800857284335367320277365213078300816996684153548402855894403145749447406940373372942931416
0652915594135733152428633986689265188882065308631796126863688374248829761076174264399610226802785972
8636682860948761676836144427450325953159462890859254284624075535720694884997122854436523465806132469
3255488228891464274156361945916695197342571905473765900373583514352733641977957523939453196662831015
4271442012679079681162908740332464857462880954319688883939616584866121112479199379092940782359104372
0229131760244917868301329297991357834625961056245384317243726039340799881450427334715679856754194210
9568553674156086391117556022688046447264473857682486104749775783705871330443164419881046953495613591
7165167448485410254622767023795141050768943251083610531674048461291992823289691233865344302268339703
5027618894884928661229325871752997792094580500532942988582468978433946458125886491081930055435718913
8844705583588441005960047767574563251302423066019595495353355746397933300580011334146800310724386415
4712002927851028498391836394377620664669353450233023614135624516318488827537794593336156176828563698
1101427613846638744772067973010663294908138491046903881871570255972805436078668781700984666637901662
1011453447706996600198874835316483368202168884154969142075494583896183108181495980876458580951193719
3590924802060680830104590077173512685419362854436274238706369944805389368531936107908461528311964743
7887006606607391231646087994596941364109656899773413644971020851038941647397685690125179462139622864
1945984621921266190204792938717571378815690571698473686861547323354069544927356149451235019016375501
4273062065244131488119528720884055851892466904956340981159472737354273540836241841958010821364669770
0539240656578360315435240217558189916679687358819947094363007881065497965004636817166520333143149010
3989032853527864757156990292370104858523483365528188867779106533737865083868954657422024556429629900
7036149834030856354343233630519977402703473867543985476373634663740827832445732946991154174247086646
2959562046848158824412114972512345309494940331198212028600845260619116685032992235533178205198053155
7713845837785753370258453279125144075492873464780636010812696566570021121787634929091068045978483496
7291027584211324051795351339210537370574319163918655088096438811453243914928025123118478218383053171
3804244977415119986859029713413816881472842214587832476438786769318089191918086169538566512907695674
5666674809712212481879952676149344470580389891702751707742788699026554189248075959080827936633188455
7440219390789069195089039861978012238606684357133537450632515451138470346481233075741389495977218287
8901095128882511237011649032953486906149113886652665632499951995752111266420613625344714724776946112
7927068146234236274155418892410611494055777437213807660066787958446083858299329784173969684510368967
4346805655478739221132929052517363937477470157236487305355787159721638882458807625270774930162057201
7892563051490157793780129546550948142983053806715468723080197002601704885598471807599386946324231457
9299760959803006263154596508266623933919834955787098476005561661751212715901035995764776835905405371
2025658644221684184403042289217097073538675912348029716785649757935195661497955346710414408485170206
5869462356186974443773667695780774588625814056770515610376855277719060241463127412790017296088722286
1015394222245965789330750114423064609712246785766235066518997090111453310994485520281043563187077289
1520517535893614607818723878829995894482889610127672528140878823206840715688251886996308751110369681
4657407534827047495300187695851790126073657600836360139354539523344001683796182405583348354699116672
5204948092261346849543073764290360431821866406636736254867380048493890268814893790225710044077347718
6199389304947853063369413094409007600556735672696644822426579338166974709101518126100269881201014064
7932385315603605098504744040729574372358361600287947063049668329174053133807979228805432463673171323
2450750056456549736067246199884628326643433472734725147123313825540029445836456079369435158253161692
0206687523664450553494644576315362700486381400943822176897787541175825725516718901445778181228577619
7805979003994190646581460699867135424053699148819741900474181334973562631501760099147871422648224645
1944942810607466801150384251660381815424586869340950470713844471249124281573216210436780798713130899
6796255380060439511746580064434652020634645215408762073760172977508556820578744554474969350878072235
7990781325926997267066193426401844746086972256351937711402194565313381300959724699878358479101679839
7372611491344141963959342851928535529580900403215563705176067712111841946567490376174427083975542058
8522776939275240567328737734230984370912247946514497705323327352631692327095669160402541175394049598
0682251715086726700580535012699702458526955660869626173111788311199746427489580206553126445637648740
6886141665413442059228517589093766423484965359617610730698992552622598767054868211278039413211608016
9117827954384448968626433310121459269822166040043697729988845263432568272473134036074768167326228453
8140276294924758243023961117924136878881058404189473548744799802138451197147216111042655188935068229
4104448356001351180521609785567075877323318107947445614243370033844468930034061232661842451772976722
8683544233446487495696117289304144522642212203422303705955123000042183836826372967349782606256510976
7845735172716461234432962830681488546921572477814110648599630514301020907561893822187955299884895532
0075945417524092731698115835803012841549212056965428059981797756037961688423541162113769037131122781
5564913678511525485678288273748428998056045216267870145401671801404027148201398851438822170945418153
5611017426115396705745961509497935870354727513665165915024757543148883581390346486371750567373814238
2338364636025704783766091400392713596599267239281359494005450371903970889890432457091747837712929815
5411027641181410079857791158527596908194288090201995082618779028359577379429770651715100107482261291
7967655569755654072404421362808695277816954043463814252979154197382099309912982654329456702665096874
3146927992469168488770637974275107499243011568187749604965140468992982769405409634737935558857452511
2192162468544845714042559782536269516707645772431916460357745841736706694605829806785865564123199344
3295018505264697413978527633396893048303913078159116429630740979027117677027648146842895285275308809
1414418118575900981994012086432461870988727353257726037502067781629701206454466193134801948420244297
4856823360582529601506271091211311988266156346910546996588004705251078093980340812867914618868422525
7146590669203022448524623870384467441425305517455957816003914629783462170202540094873636012661522293
6123938182823927795318292663869764742451848460718313373560496341853075069604233008549642513093685251
5208647879340242479614016314968774028557689487424267675196812369345893593560633645633441874463668567
9085018029109939244727001864653062104560068058891479906112457745095444194116849707802807871367293327
3437576680186965063265109496069647231489871499726827825349847103294875355288136494474912490499103952
1120395672670863110497229003059679654975974628612434249454704549894058160743116076076041166874528917
5293665146032627880319317125963653695003836109740293793870638402715211726814238957160566845003008195
8105395236485387152004996635772957959372340764734261179828819050012315701749435425765281395906167390
2937593423164647532969406071059674393151765615894216279697090493392587353248697799154061925530807156
8197724533605100896720069557951739294296445837826811251716283510929357559352826505215269837513263049
1631583169365407906331627933278687896850557188888625445880490580912573363025719899352008718547032857
5914040962939126926652675141799382371239627826447776079660038256200370435091094028106800007221020097
5903956301641061705800866328368107462221448611550211480831599992377293173193109001079624239118349488
3786345346732171799618143258741222467745871170403659831411777164622394275872066175762960933977888892
4481830602126964595992142883693954573216582809341981250956556260411935831079228310326906017278878217
6262467415255610336428434844160942065890859871549006701967672497015583005906733015317116286906584182
8411755531722509816389030815177624270577167792262653603075975525860172978824563444758557370880519299
0735526664173173058132486354189361830951520351638563731834779758682582565325354326067030049878450450
3752492658155030033641471520570204491122636856495799747127567918053796886166991861379583579120696583
1982172220502435898731216433765803841162733367044331812711727545424831317666623348660605972401560120
2085205782612818697868538525367074929894969286424693162936429673755824948990086606089038902181807793
0369738901864413327620207401705187365580960904144473601506295162505034058212987364962106813698438303
9416023592564344737868142480741872165708095151425143945680356614097662310323612940235600653819518325
3272678465664361712602069756801579174270048351983009386174200828448016553464177235564945241017420225
6035298683148652184195306717677166076052584526897241199846701367254921949270991259612343252494486582
8279242163037081669759181424842911020084755950315067697882194723708728886400043294956784468086939387
4965541769719396222662982662581375212638119350885951633190668315316950024652054879944150753135505758
2745241353133928448320192810960689688649624521683365477176489160258314322217216792623052033813997105
2441306673336248085130881572044244783165605135493208696951768840396368682078733978573910730112183901
2903381705422587479793377925160774949865984842529234719909212389042625295147926776040154471632564388
4675514901544685084531956309517175644003103389969259809898833117835047832949580199731328236689788615
6086143007911470716856792266540062395476323763495349076532253423264636878757737059342429326147067600
7836046665218950440388831505143396114130965800646009103782389991878097296491890712793444695223674776
4381717017361470668055617783657162508139435420234683124484960459415118555904720034584190932875451404
