85 70
9147128502082773437759202709602474791246388210117330718830198123192600
8140981051332116197311808928725759861283127598100642190687841821462207
9442488021025765737312841144338796872502789214059423717985756751693146
2183719512847756696894766716668303629952110774910392873647006234903754
4759088510572469525434073989527098644233994719807347977872489451350624
8770418130378753506044691244362032231051900235540120577727890056084285
3146189319562606762163825208861513227042273459477918742614824406687316
6171383737697072139025347389609645686971793065986021313830388525612012
9349450845368323904534671962807687327264722974558731889683713429846064
7032485078686854620558256327774839206245092086278114631040074912410855
0563309737664599119791272121969267881290596476747309617064953196643381
1112722809932298383482145527729675244015447214819583829336454929185770
2481201854360814715410988710761427540618256048283949319578860534360688
2901149034460669138658253952072314784029205351046716475497223725174198
2983242277859793230131184710241570839689447139458863786583737862483101
4012292112929371181128515763366279185671852430099959465152207093530208
2403393609541479095175236122273073492707123613531116111582160550964069
5181714157416004543897376187175463485595794392158231776299835094738719
9034110055952861383721893588059712271547362613528031645256018189043419
9379185515144386211729986118943411926808063368939495408447334637934952
0825110031484159791077470598419642867166365581098687193491586455646333
8816987219048777334552831528055473820228747930074933998498229790888067
9119605898621736079853643973597762113774796079679533469663038708342053
0558350817133793305643618101233390613570998389611365627554094492565375
6918863759639928264309688166381588032495852244590047274008747939805797
1639718726425304793036622228478677829439274923222598443207201450499481
7497803991301509262059601369504935498199436701699812972892333927349181
5451019648104821144875186693477808394199597188735514129861118044133224
6516797647949111639111412155488260177772322272235788463012678205183106
2696491231731964183434059053786011722803897706944722455098364381676376
3460687311874047725225105018029727628210738133947021294789998116122522
5884614237903498734099524851668715262054698043562299797283418121850880
7919353716197605859592496541901219693263686592411521586803222369287155
6750992756992190785104273857494715323015124097178753375339990734826318
8740790915348162964033811098906721775909920619007813533531794260336251
6993489606851518735094586851367667140604584394150122031759987757823799
3874241817885171600768831780740420871243968532657452887994741364320846
3851827515263032083776316657942689961739181733375456720841451198962641
3332413489450809960577614551303964115764140521871311879815123640679798
2348373142496194209374395283290902967504696147092569052496862503973512
4335569936441986207379905504915539161397556175118458730538286331446054
1609809239827172678713099076533179000985431371082358397268921391798375
6402097462591774200595346111106902912955569256910484337556574235251185
0381565923392689319469047182975989813305718694450176846204408136165091
1597435168254421005782864181215007268768459110072064224973005067855877
9917488159152771875150351471160848985475614309075493061816612350210116
3722224057048711144260558592657936026057016075049276301787921019063151
5756379468223838667168282984662907548055173748832036531941599030653048
7122385280772465057018503443751343587994317326482937410876041185595739
7211671545733795887626707224903256500689787233716982111822086870180938
5110423865266811730912417908050634946810324181461753913075585482558160
7644845495919638649888374718525784439472804647856940910146237348381927
3145027106504076333334486396317218990154062739800999026907458761291658
9097325314907188171919698359426423923553447108472557238699290829798204
9479351356423397495465687330190726059522838196827860877255096690012041
4198029890587330832398674938461615582918959276930564998337889900691209
1178955592775067892446318626742460455322028510058179539866478451547330
3869884770321204598117741691789416023198516135875938298620225386667236
5043611147035217010378496871585146756504872077077683389050360373167681
8823808299632667419155347168333381958589184833203255537483175960554927
4967604598644077905836391942284984565145510180762187471366446586913801
7859248287292847894224354185037984626431536575019222210400223257391652
1150028677368046837790129277745200091677931085470328577375831641104373
2264186838462484830019982542353897888110258592010368375261930543003296
5646420933401809464603322114294781072396357706188562829791764723360420
5626171416451698592359251826980674079322609516046200795034658892688952
9087014018968319448692153729926050732788732030354821625020848422875383
2634300629724599915954696909357649673632754953197084251237781101520794
7857040016881091144620533585532239264106976095276853981465176857792839
5720369437662665326357735838036345601727740431380173020558444706846133
7647020103419442365144632376712544789695912115375592343134862052869670
4799289256718818858423163010326815171386687283455654997224028433363050
0542700152912707298578596746410759102505245413663683008295010502706832
8899473931214608153104261659649107616535166712642621025583599149623524
0218864303189066355585174828579225435317160958451982377813776457765933
8883804360694541012211050067220829079163692091909814929280964771024425
0550342012532408741117785513405893668351661171527739863761347020754919
1419209648388986107476770381808673634616788178490086897594188581503886
7289220552404808926193812576252573606807398252730365763863399886101198
9759604386775465875701998938665086309124205520306154020475572004083715
0195310696676613634806178724581891854624297971045441573636184745158824
3790677729892094986832046315784503324056678568697479924080734240507921
9588781359102391285693223825759440345615985850471730054324371407974264
9478937723594426849859233438426723618016438078151185539176069114894944
5516118570026025371852315043346470292240780647351985203665560219304046
