89 7
3322489
5118274
8338231
5509373
9990542
7618556
5222795
2571758
5025652
6208738
2884059
8459716
6873822
2210968
8542850
2323343
0968035
7388143
7584884
2798754
7001392
8555413
9783908
4155439
2029537
4940759
0682504
8215032
7071147
5941323
4992457
5698705
0603768
0318648
4350721
0906439
2736552
2119991
0273214
0833378
6830720
4848704
3820295
9881202
0553914
4480551
7986351
3200074
5476249
0078788
7410369
4103131
0541227
4525981
7868607
0451389
4379948
1556085
7956531
3962021
0459211
5584697
2386457
2123929
2952572
4935251
6832363
4598456
3507466
2489312
2944512
3846798
9964050
2921639
9003313
2295048
5565009
6951708
5969045
7864755
7022539
4709950
8106087
7689254
0385546
3091133
5221744
0083371
9321932
