82 69
592373949579539310751375129545172642192479576579217518707456181283656
278782449387301515464307008377714754643581894455070444889523433716164
629990765239242048650330516900659700678493250253264105125824686013988
636738042978493763199429346554151390079707814803632737199609518335974
240221359590646872997242609413681878360490640699099237994612122533114
308468305114747640126516042237370080650695612132897202414890938819069
725798175802163295585171942638268004542430574158851495559234990440207
746234556091687702071621965746213022681549472146958970965970597074899
426928225383485337675925561298661795450265777669283251096466774416656
559255781548363095886016143532898499194011140475308154852669253566055
177493495507036964093482488304325333172767544092599759399930220866900
609276479008965550936389372431869555646209915892593034843888320523970
679324499862137484443369917259185643647399944251875941105232216227447
159404446423485440033768253969314618928713867645740870351620174215256
333698012187603708885438918815453450025598097020983615923822743362517
315859852133944428794244427127644947513871962236689320493219963915855
608298655261860922922360559944111971933905224856321250631253095267346
692096481895449213656444961488443439193017051814895952259767189146426
137358311571590951898684049017300965242051362344416696409741942288946
104061647013265735914368684455310390210372730631892025657420194552075
654464374365825551007155840451918109410460801933685974719212753626098
220019888666255441998039507948476144624363357270655120675287572449835
554113049966413101850070996877238977090979423502729505001968398129912
168278252476687067102376388479692597896973790946801330907402845859297
398073708983093042221317905337032199096473350702239630867835364590639
605703336511167755207886589544302158845683030293997674125580969412920
190003891767559733768477518054296551642652426514968632780760794781940
381403020691426643051044673424436290225778422700835814540063458637156
375300322137777515035264661264636434889227780973453349148149588658232
993011855238803036366996589168385806644749992455003942683238134108165
828113785313720982249607401780385678663215962698850707401544016487584
702742336027953372389209605434360491450457188399872510744260454275408
361487832395989490234238460779774689771103265982680460829248970375188
406548162101988003075499642746809559729279322010152741317730650772566
797432043725143302965706483104473010759458013543811984740042387095852
830098533057571931267412974725403613608605756765656343010600334008194
525072473585153721323149907473772648406616745735187870582749551445360
135489417632204182067463460857801233318365528553373438733616244653908
256516981422050654779033865091180790685291651187908939736094625396491
415421897444934559609643204197426815491139892421496308203540842681563
851603151089270681655746942851634861246575274364838292556400941011828
727880357871612682945482277109730435411634438179867019678166493874000
560460209310561449449202706680007143203657194422986044686271473494461
714645253558816851339439700760953184275032105113669876213717390732637
541731711027648626558690272014574567013953015130800276130801304101630
286308519180601656012491591113568111609263011636144482265542753163829
507273883017927736321347436493922909277613633579128832026319933695440
291567916794660537645680251175947904196137280199264782726913360250493
624740434634246329464842507318684606905233887299361938735780562377933
880831526248194202268291430962594603945465877534146242192721315975679
550922194852073188787990217897223220412662974791964304051700950817750
454480241723160935187085295157599865737186361726418592203373575942952
382246861499640758583432781036038232482729897265489698978906021797562
834304194132310218827857121293618496772847265041732119968719288392336
707208671677244124879518633021017188550591475037490351870665035692159
227910220548912842869393498829664796963350324685991934636490021505835
686601092365526133985824324069061653619542905343562868632365613411634
581545437447651942660957960475835901363635034315704099700959082318783
368112814613930928253699810147230202274925660601211428047130211046195
018837042711677128312539173140056370145463275975986644865965259128030
682347050181979944178512688747730413636064740644408613900063244185283
655763460921690459036452497613204719437553810716733611100245397999220
131939126789671995917250111236831947744644188716545249972322031671662
762702219837233425417725443696372425638413437682096772639611155934621
240680355108594211543004912148399065223824035165634569183997357315534
038456897489190617308182897094944744606788425287212831498921381564256
808560354730978836373005735197519443856184498895509203799640066934335
721792716838144414149146423574145857521532365691580911754248058299202
351149115669741077823236294088388563979220319130158572027909637207239
913759157785986135465344446105700099347106341021559732688125898683593
592865795262718542364886722961560520298591536514791555289182617151706
278196880780460618338831173381025220824446993096684399899723857511011
062111083611869475486675576323751108874794443909641995172558231114561
517462926251780767065628319747649669210841877165039388841272152973234
088084272957529380887380782208054787290319221750331559101182825011161
248685554901303203750778267008343535719315408208356539580651507976670
127518802255546184777011842881243050509695720042725045425099041882740
617904559170618066257404328448375540575708674252942412603035013088781
378169286016372194118756853840795380229542064301788374070330860925948
486618356014839469918456072081446424335874136266993384551630194141236
842590332200646401463833174686257347777234403820536886968479516975950
139881880746253364621479404484129821873063146167727509380554787153975
