81 24
925864577363172650504338
238208283222010884283140
191995149405353205513947
699382219725039711853206
291348988508233219365610
788181135916583993507347
863652593744233373182680
262065729170997548272548
752883162267466291746279
127418462968014717514791
655289485758984630031611
395845104216308481215381
467367106654844010567203
613853993155899690955553
874913338864177343585706
055649758326963437835566
441848403583541685454328
149496254427258207834141
520332073728009099729130
491083345597497445093628
370013464068159460870795
715617612290751706589462
407552061073313807335647
288294131197298207025794
542206175125392611332839
882183241136989478055470
963081819888358976739303
049550897679956793121301
807426855203371970016281
216795638247796291268112
467762172341301032002166
083487629147967646783095
636407336603865203534059
775085830423973958813583
671539133410288694297658
465473273663861085795293
036054318983728388018578
587693465722394042507082
667244304328168806869404
871934618405714742649361
727726943094467223327073
504770117658649243717731
845824544073944634381977
847286595761147468320012
273710593013752705472581
059111790163220114369438
687125679852477741351947
030994405377662549675878
039745768950828397648635
660500411762493807583748
483380416472369521627662
435406057312289392637643
292556399610479108930401
671261859111356376873403
336052232063905144994545
740273408984190750053024
879753010213787415466753
164954240328218645353831
245017366816518269456193
959569406070128215705506
383968529398861083240473
483684387271444768870127
400976298455291588540784
006471397778329980931790
198703551462612040108549
156446268181960761535602
901472042707827897922091
818828989594706179329791
053103129256805971735485
810040649526773456241040
706182289777040006027090
996624216100880790175365
171546996768931758769748
964832211741150402941971
651425724487201167605435
594206926867789936711100
463338806420092272537399
111846304466973579723872
446412232725624978839627
629850160311069931171877
066492331219642640112943
