31 65
00000000000000000000000000000000000000000000000000000000000000000
11111111111111111111111111110111111111111111111111111111111111111
22222222222222222222222222220222222222222222222222222222222222222
22222222222222222222222222220222222222222222222222222222222222222
33333333333333333333333333330333333333333333333333333333333333333
33333333333333333333333333330333333333333333333333333333333333333
33333333333333333333333333330333333333333333333333333333333333333
44444444444444444444444444440444444444444444444444444444444444444
44444444444444444444444444440444444444444444444444444444444444444
44444444444444444444444444440444444444444444444444444444444444444
44444444444444444444444444440444444444444444444444444444444444444
55555555555555555555555555550555555555555555555555555555555555555
55555555555555555555555555550555555555555555555555555555555555555
55555555555555555555555555550555555555555555555555555555555555555
55555555555555555555555555550555555555555555555555555555555555555
55555555555555555555555555550555555555555555555555555555555555555
66666666666666666666666666660666666666666666666666666666666666666
66666666666666666666666666660666666666666666666666666666666666666
66666666666666666666666666660666666666666666666666666666666666666
66666666666666666666666666660666666666666666666666666666666666666
66666666666666666666666666660666666666666666666666666666666666666
66666666666666666666666666660666666666666666666666666666666666666
66666666666666666666666666660677777777777777777777777777777777777
66666666666666666666666666660677777777777777777777777777777777777
66666666666666666666666666660677777777777777777777777777777777777
66666666666666666666666666660677777777777777777777777777777777777
66666666666666666666666666660677777777777777777777777777777777777
66666666666666666666666666660677777777777777777777777777777777777
66666666666666666666666666660677777777777777777777777777777777777
66666666666666666666666666660677888888888888888888888888888888888
00000000000000000000000000000112223333444445555556666666777777778
